4.517150760486077221e-02
1.193887822651468755e-01
1.581860136449194376e-01
1.883931710150243688e-01
2.146429668954398240e-01
2.371368814793214652e-01
2.584773945460744349e-01
2.785328090439911364e-01
2.984237332492299943e-01
3.172493562044432780e-01
3.353292005297930367e-01
3.523306505700871671e-01
3.696011877610525520e-01
3.857524962639329313e-01
4.024560339599757564e-01
4.180035460235404510e-01
4.344325153374233306e-01
4.507094312626684363e-01
4.661786090357518675e-01
4.807803544197297163e-01
4.952075357369102315e-01
5.098565145288052047e-01
5.239553477145874050e-01
5.382854074881172624e-01
5.522472003043686906e-01
5.663415309051917923e-01
5.802600686292216370e-01
5.936372395292162096e-01
6.076791034469151143e-01
6.214753221092496061e-01
6.385857798562397658e-01
6.538015683600408856e-01
6.672447379674062429e-01
6.811482348254742636e-01
6.951295986622073597e-01
7.090375329236171531e-01
7.219700017240388012e-01
7.362411025291534239e-01
7.520735549411688980e-01
7.681213902464030241e-01
7.840543700672317762e-01
7.992229504336564316e-01
8.160821941071579877e-01
8.339553979658486105e-01
8.499137435307647648e-01
8.688534349327300399e-01
8.903583302548947476e-01
9.170804369414101709e-01
9.447261663286004030e-01
1.000000000000000000e+00
