2.125779241323471069e-01
-7.757093906402587891e-01
-1.407100439071655273e+00
9.300512671470642090e-01
-7.808043956756591797e-01
-7.727285027503967285e-01
1.625506728887557983e-01
2.111090660095214844e+00
-1.227686524391174316e+00
1.894596338272094727e+00
4.715376347303390503e-02
7.577131390571594238e-01
2.912463843822479248e-01
-4.023678135126829147e-03
-5.851654410362243652e-01
1.037313342094421387e+00
-1.633104562759399414e+00
-3.863637521862983704e-02
-6.620035171508789062e-01
-8.476316332817077637e-01
9.960288405418395996e-01
1.775050163269042969e+00
9.994406104087829590e-01
-3.876494169235229492e-01
1.810130000114440918e+00
-7.161712050437927246e-01
1.237378835678100586e+00
-2.524698972702026367e+00
1.815351843833923340e-01
-4.659518003463745117e-01
