-7.863259315490722656e-01 -1.209818601608276367e+00
-8.691652417182922363e-01 -4.397175014019012451e-01
-8.658394813537597656e-01 -1.355328798294067383e+00
3.308347612619400024e-02 -3.122700154781341553e-01
-8.897840976715087891e-01 -4.547295868396759033e-01
7.335813641548156738e-01 1.028549194335937500e+00
8.504614830017089844e-01 4.941356182098388672e-01
1.190227344632148743e-01 4.353999197483062744e-01
-4.962472021579742432e-01 -8.412344753742218018e-02
-1.276026368141174316e+00 -9.710189700126647949e-01
-1.667674034833908081e-01 -4.763622581958770752e-01
-7.996001094579696655e-02 2.764841318130493164e-01
-1.132230162620544434e+00 -1.479201555252075195e+00
2.605995535850524902e-01 -7.833870500326156616e-02
3.694513067603111267e-02 -2.844659984111785889e-01
1.296045422554016113e+00 8.993508219718933105e-01
-1.041606664657592773e+00 -1.503509283065795898e+00
1.135267972946166992e+00 6.060990095138549805e-01
2.624120414257049561e-01 -4.482408240437507629e-02
8.719877600669860840e-01 4.261939823627471924e-01
-6.747086644172668457e-01 -1.622895598411560059e-01
2.459982186555862427e-01 -1.391258835792541504e-01
9.048508405685424805e-01 5.848003625869750977e-01
4.919902086257934570e-01 9.426035881042480469e-01
-4.084389805793762207e-01 -5.476634204387664795e-02
4.825526475906372070e-02 -3.242878317832946777e-01
8.642546087503433228e-02 4.969483315944671631e-01
-2.671460807323455811e-01 -5.571629405021667480e-01
-6.207195110619068146e-03 3.900393545627593994e-01
7.921935319900512695e-01 1.118130683898925781e+00
3.410525619983673096e-01 -1.683220826089382172e-02
-1.502446651458740234e+00 -1.095391511917114258e+00
-8.499133586883544922e-01 -5.260331630706787109e-01
7.971292138099670410e-01 4.930985867977142334e-01
1.190623164176940918e+00 7.640094161033630371e-01
-3.236409649252891541e-02 -4.320046603679656982e-01
-1.752115339040756226e-01 3.478220403194427490e-01
4.071270823478698730e-01 -6.173159927129745483e-03
3.570210635662078857e-01 7.307614088058471680e-01
-1.713967800140380859e+00 -1.266527533531188965e+00
-1.401477903127670288e-01 -3.996852040290832520e-01
-7.853308916091918945e-01 -2.995852231979370117e-01
-2.601675987243652344e-01 -5.870940685272216797e-01
-9.336102604866027832e-01 -5.895221233367919922e-01
4.014239907264709473e-01 1.039185598492622375e-01
1.187158077955245972e-01 4.892944693565368652e-01
-8.132902979850769043e-01 -4.663286805152893066e-01
7.748909592628479004e-01 4.568783342838287354e-01
-5.034226775169372559e-01 -1.905967444181442261e-01
-8.543491959571838379e-01 -1.304306507110595703e+00
-1.166005712002515793e-02 3.775212168693542480e-01
9.144712686538696289e-01 6.176286339759826660e-01
8.385584354400634766e-01 4.836835563182830811e-01
9.342366456985473633e-02 -2.634868025779724121e-01
7.712314128875732422e-01 1.059423685073852539e+00
1.282063424587249756e-01 5.223366618156433105e-01
2.986302971839904785e-01 6.302432417869567871e-01
-1.972779929637908936e-01 -6.043790578842163086e-01
-1.892239600419998169e-01 -5.109819173812866211e-01
-2.582377381622791290e-02 -3.575683534145355225e-01
-4.089446961879730225e-01 -5.228280276060104370e-02
1.224777102470397949e-01 -1.903670281171798706e-01
-4.317095875740051270e-01 -7.823141217231750488e-01
-2.429094165563583374e-01 7.888448983430862427e-02
8.980679512023925781e-01 1.272329330444335938e+00
-3.067692220211029053e-01 4.575034976005554199e-02
-1.241127729415893555e+00 -9.062659740447998047e-01
2.702572941780090332e-01 -2.809883467853069305e-02
-1.686211824417114258e-01 -5.851470232009887695e-01
-1.856076419353485107e-01 -6.106966733932495117e-01
-1.327658593654632568e-01 -4.548997581005096436e-01
-3.479313850402832031e-01 -6.820808053016662598e-01
1.468616724014282227e-01 4.352849423885345459e-01
-9.002771377563476562e-01 -4.448171257972717285e-01
4.242492914199829102e-01 8.509706705808639526e-02
-1.910935491323471069e-01 1.412476897239685059e-01
4.318632483482360840e-01 8.374531269073486328e-01
4.463115632534027100e-01 7.314463853836059570e-01
8.737316820770502090e-04 -3.020520210266113281e-01
1.017128348350524902e+00 6.226789951324462891e-01
