1.338670969009399414e+00 1.033653259277343750e+00
2.764319777488708496e-01 -1.237014383077621460e-01
-1.053221225738525391e+00 -6.814415454864501953e-01
9.059097617864608765e-02 5.518237352371215820e-01
-3.362461328506469727e-01 1.791193336248397827e-01
-1.050588011741638184e+00 -6.140221953392028809e-01
-1.380611896514892578e+00 -1.017862677574157715e+00
4.390938878059387207e-01 7.668472528457641602e-01
-4.607610404491424561e-01 2.028224468231201172e-01
4.718126654624938965e-01 9.560052305459976196e-02
3.962806239724159241e-02 3.668558597564697266e-01
-6.872135996818542480e-01 -1.089694142341613770e+00
5.801822543144226074e-01 1.529316883534193039e-02
-1.207927107810974121e+00 -7.713435292243957520e-01
-3.830985426902770996e-01 -9.475672841072082520e-01
-1.001676082611083984e+00 -1.453376054763793945e+00
8.267776370048522949e-01 1.250307559967041016e+00
6.462457031011581421e-02 4.661413729190826416e-01
5.307370424270629883e-01 -7.700724899768829346e-02
-1.835278868675231934e-01 2.608042955398559570e-01
-8.813017606735229492e-01 -4.843654334545135498e-01
1.080949783325195312e+00 1.557627797126770020e+00
6.002461910247802734e-01 1.085250139236450195e+00
-1.396362304687500000e+00 -1.002188086509704590e+00
4.360458627343177795e-02 -4.877819120883941650e-01
5.294032692909240723e-01 1.290355175733566284e-01
-4.851204901933670044e-02 3.154390156269073486e-01
4.817190468311309814e-01 5.734587088227272034e-02
-3.862928152084350586e-01 -7.681018114089965820e-01
1.118430018424987793e+00 8.129819035530090332e-01
9.296519756317138672e-01 5.079532861709594727e-01
-5.238507390022277832e-01 -8.942521810531616211e-01
2.032533437013626099e-01 5.610903501510620117e-01
1.112014129757881165e-01 4.407792687416076660e-01
4.397064447402954102e-02 4.575565159320831299e-01
2.629129402339458466e-02 -3.422244787216186523e-01
-2.705965042114257812e-01 -7.291904687881469727e-01
4.154815673828125000e-01 8.230750560760498047e-01
1.117932572960853577e-01 -2.533732652664184570e-01
1.135267257690429688e+00 7.752744555473327637e-01
