1.083255186676979065e-02 -3.692869246006011963e-01
4.833130836486816406e-01 9.035344123840332031e-01
-3.800465166568756104e-01 -7.994551658630371094e-01
1.848557591438293457e-02 3.525615334510803223e-01
4.053854346275329590e-01 5.936535000801086426e-01
-5.188472867012023926e-01 -8.215441107749938965e-01
2.674557454884052277e-02 -5.048977732658386230e-01
-3.796054422855377197e-01 -2.684031147509813309e-03
4.543087780475616455e-01 9.598882198333740234e-01
5.344395041465759277e-01 2.426083758473396301e-02
6.854637265205383301e-01 9.140070676803588867e-01
5.442111492156982422e-01 1.297760456800460815e-01
-3.550932705402374268e-01 -6.795350462198257446e-03
1.103913486003875732e-01 4.457203149795532227e-01
-7.037593126296997070e-01 -3.017613589763641357e-01
6.736882925033569336e-01 8.709202408790588379e-01
1.407576918601989746e+00 1.112808465957641602e+00
-5.021606087684631348e-01 -8.634914755821228027e-01
-9.830294251441955566e-01 -1.336987257003784180e+00
1.320099472999572754e+00 7.419800758361816406e-01
-1.510873883962631226e-01 1.924181580543518066e-01
2.214663624763488770e-01 6.230856180191040039e-01
2.648632228374481201e-01 6.340901255607604980e-01
1.080714821815490723e+00 7.553494572639465332e-01
-7.233058214187622070e-01 -1.232512950897216797e+00
-2.044119685888290405e-01 -8.781086802482604980e-01
1.065009474754333496e+00 6.677904725074768066e-01
6.496990919113159180e-01 9.977693557739257812e-01
1.074233651161193848e+00 8.180099129676818848e-01
5.457751154899597168e-01 9.860626459121704102e-01
