0.37109375 0.3626452386379242 1578.0 16064.0 8035.0 831.0
0.88671875 0.8823373913764954 729.0 1439.0 22660.0 1680.0
0.9130859375 0.9021804928779602 764.0 948.0 23151.0 1645.0
0.8994140625 0.9038026332855225 856.0 997.0 23102.0 1553.0
0.912109375 0.9018032550811768 960.0 1154.0 22945.0 1449.0
0.9169921875 0.9042176008224487 944.0 1074.0 23025.0 1465.0
0.9091796875 0.9015014171600342 1020.0 1222.0 22877.0 1389.0
0.9208984375 0.9004451632499695 1070.0 1300.0 22799.0 1339.0
0.9189453125 0.9037649035453796 1069.0 1211.0 22888.0 1340.0
0.9033203125 0.9037649035453796 1082.0 1224.0 22875.0 1327.0
0.9140625 0.9016523361206055 1134.0 1332.0 22767.0 1275.0
0.896484375 0.9013128280639648 1163.0 1370.0 22729.0 1246.0
0.912109375 0.8987852931022644 1215.0 1489.0 22610.0 1194.0
0.908203125 0.8995397686958313 1201.0 1455.0 22644.0 1208.0
0.9150390625 0.9038780927658081 1210.0 1349.0 22750.0 1199.0
0.9130859375 0.9061415195465088 1166.0 1245.0 22854.0 1243.0
0.90234375 0.9017655253410339 1250.0 1445.0 22654.0 1159.0
0.9208984375 0.9050475358963013 1234.0 1342.0 22757.0 1175.0
0.9033203125 0.9026331901550293 1261.0 1433.0 22666.0 1148.0
0.8994140625 0.9031612873077393 1295.0 1453.0 22646.0 1114.0
0.9140625 0.9044816493988037 1315.0 1438.0 22661.0 1094.0
0.9169921875 0.9057265520095825 1302.0 1392.0 22707.0 1107.0
0.8994140625 0.9035385251045227 1338.0 1486.0 22613.0 1071.0
0.919921875 0.9078391194343567 1281.0 1315.0 22784.0 1128.0
0.912109375 0.9064810872077942 1362.0 1432.0 22667.0 1047.0
0.8994140625 0.9076128005981445 1317.0 1357.0 22742.0 1092.0
0.90234375 0.9079523086547852 1345.0 1376.0 22723.0 1064.0
0.9296875 0.9090463519096375 1351.0 1353.0 22746.0 1058.0
0.9091796875 0.9076882600784302 1360.0 1398.0 22701.0 1049.0
0.904296875 0.90489661693573 1418.0 1530.0 22569.0 991.0
0.9111328125 0.9044061899185181 1395.0 1520.0 22579.0 1014.0
0.896484375 0.9068960547447205 1387.0 1446.0 22653.0 1022.0
0.921875 0.9093858599662781 1405.0 1398.0 22701.0 1004.0
0.9052734375 0.9105553030967712 1389.0 1351.0 22748.0 1020.0
0.9150390625 0.9101780652999878 1400.0 1372.0 22727.0 1009.0
0.927734375 0.9086690545082092 1390.0 1402.0 22697.0 1019.0
0.919921875 0.9124415516853333 1416.0 1328.0 22771.0 993.0
0.9111328125 0.9103289842605591 1401.0 1369.0 22730.0 1008.0
0.8994140625 0.9127810597419739 1382.0 1285.0 22814.0 1027.0
0.9052734375 0.9092349410057068 1439.0 1436.0 22663.0 970.0
0.927734375 0.906103789806366 1463.0 1543.0 22556.0 946.0
0.9189453125 0.9099894165992737 1407.0 1384.0 22715.0 1002.0
0.91796875 0.9098385572433472 1427.0 1408.0 22691.0 982.0
0.921875 0.9096876382827759 1430.0 1415.0 22684.0 979.0
0.91015625 0.9099516868591309 1450.0 1428.0 22671.0 959.0
0.90234375 0.9078013896942139 1458.0 1493.0 22606.0 951.0
0.9052734375 0.9051229953765869 1483.0 1589.0 22510.0 926.0
0.8994140625 0.908706784248352 1487.0 1498.0 22601.0 922.0
0.9140625 0.9095367193222046 1453.0 1442.0 22657.0 956.0
0.9267578125 0.9097253680229187 1485.0 1469.0 22630.0 924.0
0.921875 0.9108948111534119 1466.0 1419.0 22680.0 943.0
0.9169921875 0.9070846438407898 1494.0 1548.0 22551.0 915.0
0.9169921875 0.9116870164871216 1427.0 1359.0 22740.0 982.0
0.9150390625 0.9113852381706238 1441.0 1381.0 22718.0 968.0
0.8876953125 0.9096876382827759 1469.0 1454.0 22645.0 940.0
0.9208984375 0.9131582975387573 1441.0 1334.0 22765.0 968.0
0.896484375 0.9102912545204163 1471.0 1440.0 22659.0 938.0
0.9140625 0.9114984273910522 1478.0 1415.0 22684.0 931.0
0.923828125 0.9094989895820618 1518.0 1508.0 22591.0 891.0
0.9130859375 0.9113852381706238 1461.0 1401.0 22698.0 948.0
0.919921875 0.9099140167236328 1464.0 1443.0 22656.0 945.0
0.9033203125 0.9094989895820618 1488.0 1478.0 22621.0 921.0
0.9296875 0.9155349135398865 1415.0 1245.0 22854.0 994.0
0.9287109375 0.9117624759674072 1473.0 1403.0 22696.0 936.0
0.9248046875 0.9107439517974854 1490.0 1447.0 22652.0 919.0
0.9208984375 0.9113097786903381 1468.0 1410.0 22689.0 941.0
0.9169921875 0.9129696488380432 1478.0 1376.0 22723.0 931.0
0.9345703125 0.9109325408935547 1464.0 1416.0 22683.0 945.0
0.9130859375 0.914893627166748 1433.0 1280.0 22819.0 976.0
0.9345703125 0.9121019840240479 1463.0 1384.0 22715.0 946.0
0.9228515625 0.9136864542961121 1459.0 1338.0 22761.0 950.0
0.9208984375 0.9105553030967712 1501.0 1463.0 22636.0 908.0
0.9130859375 0.911347508430481 1497.0 1438.0 22661.0 912.0
0.912109375 0.9102535247802734 1545.0 1515.0 22584.0 864.0
0.9189453125 0.9094235897064209 1534.0 1526.0 22573.0 875.0
0.908203125 0.9114606976509094 1486.0 1424.0 22675.0 923.0
0.9296875 0.9110457301139832 1521.0 1470.0 22629.0 888.0
0.912109375 0.913007378578186 1475.0 1372.0 22727.0 934.0
0.9248046875 0.9143654704093933 1462.0 1323.0 22776.0 947.0
0.91796875 0.9124792218208313 1476.0 1387.0 22712.0 933.0
0.9326171875 0.9113097786903381 1490.0 1432.0 22667.0 919.0
0.931640625 0.9082918167114258 1529.0 1551.0 22548.0 880.0
0.916015625 0.9095744490623474 1501.0 1489.0 22610.0 908.0
0.931640625 0.9149313569068909 1468.0 1314.0 22785.0 941.0
0.9287109375 0.9104798436164856 1492.0 1456.0 22643.0 917.0
0.919921875 0.913497805595398 1495.0 1379.0 22720.0 914.0
0.9326171875 0.9104421138763428 1514.0 1479.0 22620.0 895.0
0.916015625 0.9094613194465637 1500.0 1491.0 22608.0 909.0
0.9267578125 0.911347508430481 1516.0 1457.0 22642.0 893.0
0.8994140625 0.9105930328369141 1532.0 1493.0 22606.0 877.0
0.9169921875 0.9123283624649048 1508.0 1423.0 22676.0 901.0
0.9208984375 0.9162139892578125 1492.0 1304.0 22795.0 917.0
0.9248046875 0.9150822162628174 1517.0 1359.0 22740.0 892.0
0.919921875 0.9125546813011169 1531.0 1440.0 22659.0 878.0
0.923828125 0.9118756651878357 1540.0 1467.0 22632.0 869.0
0.9150390625 0.9133092164993286 1520.0 1409.0 22690.0 889.0
0.9228515625 0.9149313569068909 1496.0 1342.0 22757.0 913.0
0.9033203125 0.915157675743103 1488.0 1328.0 22771.0 921.0
0.9208984375 0.9152331352233887 1494.0 1332.0 22767.0 915.0
0.9052734375 0.913497805595398 1517.0 1401.0 22698.0 892.0
0.9228515625 0.9138373136520386 1517.0 1392.0 22707.0 892.0
0.9228515625 0.914440929889679 1533.0 1392.0 22707.0 876.0
0.93359375 0.9124792218208313 1514.0 1425.0 22674.0 895.0
0.931640625 0.9126301407814026 1515.0 1422.0 22677.0 894.0
0.9248046875 0.9125546813011169 1516.0 1425.0 22674.0 893.0
0.9228515625 0.9140259623527527 1500.0 1370.0 22729.0 909.0
0.9140625 0.9124792218208313 1523.0 1434.0 22665.0 886.0
0.9228515625 0.9130828380584717 1525.0 1420.0 22679.0 884.0
0.9296875 0.9164403080940247 1467.0 1273.0 22826.0 942.0
0.908203125 0.9131960272789001 1503.0 1395.0 22704.0 906.0
0.9326171875 0.9158744812011719 1468.0 1289.0 22810.0 941.0
0.9248046875 0.9123660922050476 1518.0 1432.0 22667.0 891.0
0.9306640625 0.9110080003738403 1524.0 1474.0 22625.0 885.0
0.9208984375 0.9124038219451904 1526.0 1439.0 22660.0 883.0
0.9169921875 0.9125924110412598 1524.0 1432.0 22667.0 885.0
0.9345703125 0.9141391515731812 1518.0 1385.0 22714.0 891.0
0.916015625 0.9145918488502502 1492.0 1347.0 22752.0 917.0
0.9248046875 0.9117624759674072 1529.0 1459.0 22640.0 880.0
0.9287109375 0.9127810597419739 1529.0 1432.0 22667.0 880.0
0.9052734375 0.9150822162628174 1504.0 1346.0 22753.0 905.0
0.9169921875 0.912026584148407 1537.0 1460.0 22639.0 872.0
0.9306640625 0.9140259623527527 1521.0 1391.0 22708.0 888.0
0.931640625 0.9138373136520386 1528.0 1403.0 22696.0 881.0
0.8974609375 0.912064254283905 1570.0 1492.0 22607.0 839.0
0.9091796875 0.9131960272789001 1526.0 1418.0 22681.0 883.0
0.927734375 0.9118756651878357 1538.0 1465.0 22634.0 871.0
0.931640625 0.913497805595398 1524.0 1408.0 22691.0 885.0
0.8935546875 0.9122151732444763 1556.0 1474.0 22625.0 853.0
0.92578125 0.9147804379463196 1530.0 1380.0 22719.0 879.0
0.9404296875 0.9135732650756836 1546.0 1428.0 22671.0 863.0
0.919921875 0.9125924110412598 1545.0 1453.0 22646.0 864.0
0.9267578125 0.9158744812011719 1538.0 1359.0 22740.0 871.0
0.92578125 0.9150068163871765 1526.0 1370.0 22729.0 883.0
0.9208984375 0.9122151732444763 1544.0 1462.0 22637.0 865.0
0.9296875 0.9132714867591858 1544.0 1434.0 22665.0 865.0
0.923828125 0.9146295189857483 1541.0 1395.0 22704.0 868.0
0.919921875 0.9156858325004578 1509.0 1335.0 22764.0 900.0
0.9169921875 0.9130451083183289 1538.0 1434.0 22665.0 871.0
0.927734375 0.9148558974266052 1563.0 1411.0 22688.0 846.0
0.9091796875 0.9149313569068909 1549.0 1395.0 22704.0 860.0
0.9189453125 0.9159876108169556 1484.0 1302.0 22797.0 925.0
0.9296875 0.9144032001495361 1502.0 1362.0 22737.0 907.0
0.935546875 0.9151199460029602 1502.0 1343.0 22756.0 907.0
0.912109375 0.91538405418396 1530.0 1364.0 22735.0 879.0
0.931640625 0.9153085947036743 1537.0 1373.0 22726.0 872.0
0.9140625 0.9119511246681213 1548.0 1473.0 22626.0 861.0
0.9013671875 0.9144032001495361 1539.0 1399.0 22700.0 870.0
0.921875 0.9121019840240479 1548.0 1469.0 22630.0 861.0
0.9228515625 0.9135355353355408 1545.0 1428.0 22671.0 864.0
0.91796875 0.9172702431678772 1481.0 1265.0 22834.0 928.0
0.919921875 0.9154595136642456 1484.0 1316.0 22783.0 925.0
0.919921875 0.9134223461151123 1508.0 1394.0 22705.0 901.0
0.9248046875 0.9164025783538818 1481.0 1288.0 22811.0 928.0
0.93359375 0.9149690866470337 1551.0 1396.0 22703.0 858.0
0.9169921875 0.912290632724762 1548.0 1464.0 22635.0 861.0
0.9365234375 0.9117247462272644 1555.0 1486.0 22613.0 854.0
0.919921875 0.9134600758552551 1565.0 1450.0 22649.0 844.0
0.921875 0.9156103730201721 1542.0 1370.0 22729.0 867.0
0.9111328125 0.9109702706336975 1542.0 1493.0 22606.0 867.0
0.916015625 0.9139127731323242 1531.0 1404.0 22695.0 878.0
0.9287109375 0.9130451083183289 1518.0 1414.0 22685.0 891.0
0.9248046875 0.9136109948158264 1529.0 1410.0 22689.0 880.0
0.9150390625 0.9166289567947388 1509.0 1310.0 22789.0 900.0
0.9248046875 0.9140259623527527 1530.0 1400.0 22699.0 879.0
0.935546875 0.913950502872467 1502.0 1374.0 22725.0 907.0
0.923828125 0.9128942489624023 1504.0 1404.0 22695.0 905.0
0.9189453125 0.9174211621284485 1470.0 1250.0 22849.0 939.0
0.9111328125 0.9149690866470337 1508.0 1353.0 22746.0 901.0
0.923828125 0.9107062220573425 1584.0 1542.0 22557.0 825.0
0.919921875 0.9177983999252319 1498.0 1268.0 22831.0 911.0
0.921875 0.9135355353355408 1531.0 1414.0 22685.0 878.0
0.9169921875 0.9129319190979004 1551.0 1450.0 22649.0 858.0
0.9326171875 0.9131582975387573 1539.0 1432.0 22667.0 870.0
0.931640625 0.9140636920928955 1525.0 1394.0 22705.0 884.0
0.931640625 0.9154595136642456 1519.0 1351.0 22748.0 890.0
0.9169921875 0.9133846163749695 1546.0 1433.0 22666.0 863.0
0.9326171875 0.9171193838119507 1507.0 1295.0 22804.0 902.0
0.9072265625 0.9144032001495361 1544.0 1404.0 22695.0 865.0
0.9365234375 0.913950502872467 1535.0 1407.0 22692.0 874.0
0.9296875 0.9121774435043335 1546.0 1465.0 22634.0 863.0
0.9228515625 0.9123660922050476 1558.0 1472.0 22627.0 851.0
0.9169921875 0.9159121513366699 1541.0 1361.0 22738.0 868.0
0.9306640625 0.9148181676864624 1531.0 1380.0 22719.0 878.0
0.921875 0.9135355353355408 1570.0 1453.0 22646.0 839.0
0.9326171875 0.9149690866470337 1520.0 1365.0 22734.0 889.0
0.9306640625 0.9160253405570984 1514.0 1331.0 22768.0 895.0
0.9267578125 0.9155726432800293 1526.0 1355.0 22744.0 883.0
0.92578125 0.9119888544082642 1551.0 1475.0 22624.0 858.0
0.9111328125 0.9125924110412598 1538.0 1446.0 22653.0 871.0
0.912109375 0.9142522811889648 1537.0 1401.0 22698.0 872.0
0.9365234375 0.9141391515731812 1555.0 1422.0 22677.0 854.0
0.919921875 0.9135732650756836 1532.0 1414.0 22685.0 877.0
0.9326171875 0.9137241840362549 1551.0 1429.0 22670.0 858.0
0.92578125 0.9147804379463196 1519.0 1369.0 22730.0 890.0
0.9287109375 0.9159121513366699 1533.0 1353.0 22746.0 876.0
0.9169921875 0.9114229679107666 1572.0 1511.0 22588.0 837.0
0.919921875 0.9157235622406006 1502.0 1327.0 22772.0 907.0
0.93359375 0.9135732650756836 1540.0 1422.0 22677.0 869.0
0.9326171875 0.9112720489501953 1540.0 1483.0 22616.0 869.0
0.921875 0.916364848613739 1505.0 1313.0 22786.0 904.0
0.921875 0.9137995839118958 1544.0 1420.0 22679.0 865.0
0.919921875 0.9105553030967712 1567.0 1529.0 22570.0 842.0
0.921875 0.9142522811889648 1522.0 1386.0 22713.0 887.0
0.923828125 0.9154595136642456 1529.0 1361.0 22738.0 880.0
0.931640625 0.913950502872467 1508.0 1380.0 22719.0 901.0
0.919921875 0.9161385297775269 1508.0 1322.0 22777.0 901.0
0.9306640625 0.913233757019043 1526.0 1417.0 22682.0 883.0
0.9189453125 0.9136487245559692 1529.0 1409.0 22690.0 880.0
0.9345703125 0.9167420864105225 1524.0 1322.0 22777.0 885.0
0.9150390625 0.9148181676864624 1524.0 1373.0 22726.0 885.0
0.94140625 0.9172702431678772 1532.0 1316.0 22783.0 877.0
0.93359375 0.9151199460029602 1529.0 1370.0 22729.0 880.0
0.9287109375 0.9131582975387573 1525.0 1418.0 22681.0 884.0
0.9267578125 0.9138373136520386 1531.0 1406.0 22693.0 878.0
0.91015625 0.9142522811889648 1531.0 1395.0 22704.0 878.0
0.9228515625 0.913007378578186 1546.0 1443.0 22656.0 863.0
0.931640625 0.9144032001495361 1543.0 1403.0 22696.0 866.0
0.9267578125 0.9117624759674072 1559.0 1489.0 22610.0 850.0
0.9208984375 0.9132714867591858 1551.0 1441.0 22658.0 858.0
0.919921875 0.913007378578186 1550.0 1447.0 22652.0 859.0
0.9296875 0.9132714867591858 1532.0 1422.0 22677.0 877.0
0.9306640625 0.916364848613739 1510.0 1318.0 22781.0 899.0
0.9443359375 0.9147049784660339 1519.0 1371.0 22728.0 890.0
0.935546875 0.9136487245559692 1552.0 1432.0 22667.0 857.0
0.921875 0.9129696488380432 1553.0 1451.0 22648.0 856.0
0.8984375 0.9133846163749695 1556.0 1443.0 22656.0 853.0
0.9130859375 0.9129319190979004 1560.0 1459.0 22640.0 849.0
0.9326171875 0.9112720489501953 1594.0 1537.0 22562.0 815.0
0.921875 0.914440929889679 1518.0 1377.0 22722.0 891.0
0.919921875 0.9145163893699646 1521.0 1378.0 22721.0 888.0
0.9228515625 0.9140636920928955 1535.0 1404.0 22695.0 874.0
0.92578125 0.9116870164871216 1570.0 1502.0 22597.0 839.0
0.9384765625 0.9139882326126099 1550.0 1421.0 22678.0 859.0
0.9384765625 0.9129696488380432 1563.0 1461.0 22638.0 846.0
0.92578125 0.9138373136520386 1545.0 1420.0 22679.0 864.0
0.923828125 0.9157612919807434 1533.0 1357.0 22742.0 876.0
0.9208984375 0.9169307351112366 1522.0 1315.0 22784.0 887.0
0.9091796875 0.9142522811889648 1560.0 1424.0 22675.0 849.0
0.9169921875 0.9152708649635315 1527.0 1364.0 22735.0 882.0
0.9208984375 0.9143277406692505 1542.0 1404.0 22695.0 867.0
0.9365234375 0.9165157675743103 1522.0 1326.0 22773.0 887.0
0.9296875 0.9159498810768127 1542.0 1361.0 22738.0 867.0
0.9150390625 0.9132714867591858 1548.0 1438.0 22661.0 861.0
0.9208984375 0.9153085947036743 1538.0 1374.0 22725.0 871.0
0.923828125 0.91538405418396 1519.0 1353.0 22746.0 890.0
0.9130859375 0.9159498810768127 1535.0 1354.0 22745.0 874.0
0.921875 0.913950502872467 1548.0 1420.0 22679.0 861.0
0.92578125 0.9193450808525085 1504.0 1233.0 22866.0 905.0
0.94140625 0.9162894487380981 1514.0 1324.0 22775.0 895.0
0.91796875 0.9162139892578125 1513.0 1325.0 22774.0 896.0
0.9189453125 0.9139127731323242 1549.0 1422.0 22677.0 860.0
0.9404296875 0.9139127731323242 1540.0 1413.0 22686.0 869.0
0.9326171875 0.9158744812011719 1528.0 1349.0 22750.0 881.0
0.9306640625 0.9134600758552551 1533.0 1418.0 22681.0 876.0
0.919921875 0.9131205677986145 1539.0 1433.0 22666.0 870.0
0.935546875 0.914440929889679 1531.0 1390.0 22709.0 878.0
0.919921875 0.9149690866470337 1531.0 1376.0 22723.0 878.0
0.9189453125 0.9131205677986145 1554.0 1448.0 22651.0 855.0
0.9404296875 0.9115361571311951 1555.0 1491.0 22608.0 854.0
0.912109375 0.9128187894821167 1549.0 1451.0 22648.0 860.0
0.9208984375 0.9131582975387573 1523.0 1416.0 22683.0 886.0
0.9326171875 0.91538405418396 1521.0 1355.0 22744.0 888.0
0.927734375 0.9148181676864624 1526.0 1375.0 22724.0 883.0
0.923828125 0.9143277406692505 1544.0 1406.0 22693.0 865.0
0.9375 0.9156858325004578 1549.0 1375.0 22724.0 860.0
0.9365234375 0.9166666865348816 1504.0 1304.0 22795.0 905.0
0.9287109375 0.9139882326126099 1528.0 1399.0 22700.0 881.0
0.9306640625 0.9157612919807434 1508.0 1332.0 22767.0 901.0
0.92578125 0.914893627166748 1540.0 1387.0 22712.0 869.0
0.943359375 0.9150822162628174 1528.0 1370.0 22729.0 881.0
0.9248046875 0.9149313569068909 1536.0 1382.0 22717.0 873.0
0.9248046875 0.9169684648513794 1546.0 1338.0 22761.0 863.0
0.92578125 0.9149313569068909 1519.0 1365.0 22734.0 890.0
0.9189453125 0.9133846163749695 1556.0 1443.0 22656.0 853.0
0.921875 0.9150822162628174 1508.0 1350.0 22749.0 901.0
0.921875 0.9157612919807434 1536.0 1360.0 22739.0 873.0
0.9287109375 0.9162894487380981 1547.0 1357.0 22742.0 862.0
0.9287109375 0.9134223461151123 1571.0 1457.0 22642.0 838.0
0.931640625 0.9121774435043335 1565.0 1484.0 22615.0 844.0
0.919921875 0.9156481027603149 1529.0 1356.0 22743.0 880.0
0.9130859375 0.9130828380584717 1557.0 1452.0 22647.0 852.0
0.9267578125 0.9156103730201721 1514.0 1342.0 22757.0 895.0
0.927734375 0.9145541191101074 1546.0 1402.0 22697.0 863.0
0.9326171875 0.9134600758552551 1553.0 1438.0 22661.0 856.0
0.9140625 0.9126678705215454 1580.0 1486.0 22613.0 829.0
0.9228515625 0.9155349135398865 1535.0 1365.0 22734.0 874.0
0.9189453125 0.9159876108169556 1529.0 1347.0 22752.0 880.0
0.921875 0.9141014218330383 1515.0 1383.0 22716.0 894.0
0.9267578125 0.9179493188858032 1522.0 1288.0 22811.0 887.0
0.931640625 0.9127810597419739 1568.0 1471.0 22628.0 841.0
0.9306640625 0.9170061945915222 1500.0 1291.0 22808.0 909.0
0.9365234375 0.90987628698349 1574.0 1554.0 22545.0 835.0
0.939453125 0.9143654704093933 1516.0 1377.0 22722.0 893.0
0.921875 0.9137618541717529 1543.0 1420.0 22679.0 866.0
0.9345703125 0.9164780378341675 1540.0 1345.0 22754.0 869.0
0.921875 0.9149313569068909 1516.0 1362.0 22737.0 893.0
0.9208984375 0.9133092164993286 1557.0 1446.0 22653.0 852.0
0.9384765625 0.9154971837997437 1538.0 1369.0 22730.0 871.0
0.919921875 0.9143277406692505 1510.0 1372.0 22727.0 899.0
0.9375 0.9167420864105225 1517.0 1315.0 22784.0 892.0
0.931640625 0.9162139892578125 1489.0 1301.0 22798.0 920.0
0.908203125 0.9145918488502502 1541.0 1396.0 22703.0 868.0
0.931640625 0.9152708649635315 1561.0 1398.0 22701.0 848.0
0.91015625 0.9156481027603149 1502.0 1329.0 22770.0 907.0
0.923828125 0.9142522811889648 1523.0 1387.0 22712.0 886.0
0.92578125 0.9142522811889648 1540.0 1404.0 22695.0 869.0
0.9267578125 0.9144786596298218 1529.0 1387.0 22712.0 880.0
0.93359375 0.9153085947036743 1540.0 1376.0 22723.0 869.0
0.919921875 0.9129696488380432 1548.0 1446.0 22653.0 861.0
0.935546875 0.9143654704093933 1540.0 1401.0 22698.0 869.0
0.9248046875 0.9138750433921814 1549.0 1423.0 22676.0 860.0
0.9248046875 0.9148558974266052 1538.0 1386.0 22713.0 871.0
0.935546875 0.9150822162628174 1547.0 1389.0 22710.0 862.0
0.9326171875 0.9142900109291077 1543.0 1406.0 22693.0 866.0
0.9287109375 0.9144786596298218 1532.0 1390.0 22709.0 877.0
0.923828125 0.9133846163749695 1542.0 1429.0 22670.0 867.0
0.923828125 0.916364848613739 1511.0 1319.0 22780.0 898.0
0.9345703125 0.9165534973144531 1515.0 1318.0 22781.0 894.0
0.9248046875 0.915836751461029 1526.0 1348.0 22751.0 883.0
0.9296875 0.9141391515731812 1535.0 1402.0 22697.0 874.0
0.9228515625 0.9135732650756836 1556.0 1438.0 22661.0 853.0
0.93359375 0.9148558974266052 1532.0 1380.0 22719.0 877.0
0.9365234375 0.918251097202301 1513.0 1271.0 22828.0 896.0
0.9208984375 0.9157612919807434 1518.0 1342.0 22757.0 891.0
0.9208984375 0.9144786596298218 1530.0 1388.0 22711.0 879.0
0.919921875 0.913007378578186 1578.0 1475.0 22624.0 831.0
0.943359375 0.9147049784660339 1552.0 1404.0 22695.0 857.0
0.9287109375 0.9163271188735962 1533.0 1342.0 22757.0 876.0
0.92578125 0.9181756377220154 1512.0 1272.0 22827.0 897.0
0.9267578125 0.9196469187736511 1516.0 1237.0 22862.0 893.0
0.9140625 0.9185528755187988 1507.0 1257.0 22842.0 902.0
0.921875 0.9177983999252319 1531.0 1301.0 22798.0 878.0
0.9248046875 0.9168175458908081 1528.0 1324.0 22775.0 881.0
0.927734375 0.9169684648513794 1517.0 1309.0 22790.0 892.0
0.9228515625 0.9144786596298218 1551.0 1409.0 22690.0 858.0
0.92578125 0.9150444865226746 1542.0 1385.0 22714.0 867.0
0.919921875 0.9171947836875916 1525.0 1311.0 22788.0 884.0
0.9248046875 0.9154217839241028 1536.0 1369.0 22730.0 873.0
0.921875 0.9154217839241028 1518.0 1351.0 22748.0 891.0
0.92578125 0.9125169515609741 1536.0 1446.0 22653.0 873.0
0.9423828125 0.9152331352233887 1535.0 1373.0 22726.0 874.0
0.9326171875 0.9148558974266052 1526.0 1374.0 22725.0 883.0
0.9306640625 0.9144032001495361 1527.0 1387.0 22712.0 882.0
0.92578125 0.91538405418396 1518.0 1352.0 22747.0 891.0
0.9296875 0.9153085947036743 1541.0 1377.0 22722.0 868.0
0.9287109375 0.9128942489624023 1569.0 1469.0 22630.0 840.0
0.921875 0.9155349135398865 1537.0 1367.0 22732.0 872.0
0.9287109375 0.9166666865348816 1524.0 1324.0 22775.0 885.0
0.9130859375 0.9141014218330383 1574.0 1442.0 22657.0 835.0
0.9248046875 0.9177606701850891 1515.0 1286.0 22813.0 894.0
0.9326171875 0.91730797290802 1503.0 1286.0 22813.0 906.0
0.912109375 0.9170061945915222 1507.0 1298.0 22801.0 902.0
0.9267578125 0.9141391515731812 1554.0 1421.0 22678.0 855.0
0.9365234375 0.9188169836997986 1531.0 1274.0 22825.0 878.0
0.916015625 0.9132714867591858 1554.0 1444.0 22655.0 855.0
0.92578125 0.918515145778656 1485.0 1236.0 22863.0 924.0
0.9189453125 0.9168175458908081 1496.0 1292.0 22807.0 913.0
0.927734375 0.9143654704093933 1530.0 1391.0 22708.0 879.0
0.935546875 0.9157612919807434 1525.0 1349.0 22750.0 884.0
0.91796875 0.913950502872467 1554.0 1426.0 22673.0 855.0
0.9228515625 0.9142900109291077 1517.0 1380.0 22719.0 892.0
0.939453125 0.9162139892578125 1529.0 1341.0 22758.0 880.0
0.9423828125 0.9150068163871765 1544.0 1388.0 22711.0 865.0
0.921875 0.9147804379463196 1553.0 1403.0 22696.0 856.0
0.9384765625 0.9139882326126099 1548.0 1419.0 22680.0 861.0
0.935546875 0.9134600758552551 1562.0 1447.0 22652.0 847.0
0.9169921875 0.916364848613739 1524.0 1332.0 22767.0 885.0
0.923828125 0.9159876108169556 1514.0 1332.0 22767.0 895.0
0.9267578125 0.9152708649635315 1555.0 1392.0 22707.0 854.0
0.9267578125 0.9144032001495361 1536.0 1396.0 22703.0 873.0
0.9208984375 0.9181001782417297 1519.0 1281.0 22818.0 890.0
0.93359375 0.9133092164993286 1535.0 1424.0 22675.0 874.0
0.9384765625 0.916364848613739 1515.0 1323.0 22776.0 894.0
0.935546875 0.9157990217208862 1522.0 1345.0 22754.0 887.0
0.92578125 0.9144032001495361 1505.0 1365.0 22734.0 904.0
0.935546875 0.9186283349990845 1481.0 1229.0 22870.0 928.0
0.9287109375 0.9155726432800293 1519.0 1348.0 22751.0 890.0
0.9365234375 0.9145541191101074 1525.0 1381.0 22718.0 884.0
0.9345703125 0.913950502872467 1533.0 1405.0 22694.0 876.0
0.9228515625 0.9138750433921814 1535.0 1409.0 22690.0 874.0
0.921875 0.9138750433921814 1539.0 1413.0 22686.0 870.0
0.9189453125 0.9182133674621582 1521.0 1280.0 22819.0 888.0
0.9453125 0.9138750433921814 1565.0 1439.0 22660.0 844.0
0.939453125 0.9167044162750244 1526.0 1325.0 22774.0 883.0
0.9296875 0.915157675743103 1549.0 1389.0 22710.0 860.0
0.9208984375 0.9133846163749695 1551.0 1438.0 22661.0 858.0
0.92578125 0.9151954054832458 1544.0 1383.0 22716.0 865.0
0.9306640625 0.9175720810890198 1509.0 1285.0 22814.0 900.0
0.9345703125 0.9155349135398865 1536.0 1366.0 22733.0 873.0
0.9306640625 0.9145918488502502 1534.0 1389.0 22710.0 875.0
0.9296875 0.9149313569068909 1531.0 1377.0 22722.0 878.0
0.9189453125 0.9147804379463196 1541.0 1391.0 22708.0 868.0
0.931640625 0.9161385297775269 1532.0 1346.0 22753.0 877.0
0.935546875 0.9154217839241028 1545.0 1378.0 22721.0 864.0
0.9296875 0.917987048625946 1496.0 1261.0 22838.0 913.0
0.9248046875 0.9152331352233887 1537.0 1375.0 22724.0 872.0
0.9306640625 0.9150822162628174 1543.0 1385.0 22714.0 866.0
0.9111328125 0.9156103730201721 1498.0 1326.0 22773.0 911.0
0.9384765625 0.9155726432800293 1534.0 1363.0 22736.0 875.0
0.9208984375 0.916364848613739 1537.0 1345.0 22754.0 872.0
0.927734375 0.916591227054596 1543.0 1345.0 22754.0 866.0
0.9326171875 0.917534351348877 1499.0 1276.0 22823.0 910.0
0.939453125 0.9172702431678772 1480.0 1264.0 22835.0 929.0
0.919921875 0.9157612919807434 1540.0 1364.0 22735.0 869.0
0.9228515625 0.9160630702972412 1514.0 1330.0 22769.0 895.0
0.935546875 0.917043924331665 1536.0 1326.0 22773.0 873.0
0.91796875 0.9145541191101074 1539.0 1395.0 22704.0 870.0
0.91015625 0.9143654704093933 1525.0 1386.0 22713.0 884.0
0.947265625 0.9150822162628174 1505.0 1347.0 22752.0 904.0
0.9208984375 0.9168175458908081 1520.0 1316.0 22783.0 889.0
0.9404296875 0.9126678705215454 1561.0 1467.0 22632.0 848.0
0.92578125 0.9145918488502502 1511.0 1366.0 22733.0 898.0
0.9248046875 0.9152708649635315 1542.0 1379.0 22720.0 867.0
0.927734375 0.9166289567947388 1533.0 1334.0 22765.0 876.0
0.935546875 0.9156103730201721 1520.0 1348.0 22751.0 889.0
0.927734375 0.9167420864105225 1519.0 1317.0 22782.0 890.0
0.9150390625 0.9134600758552551 1554.0 1439.0 22660.0 855.0
0.935546875 0.9164780378341675 1560.0 1365.0 22734.0 849.0
0.919921875 0.9144786596298218 1550.0 1408.0 22691.0 859.0
0.916015625 0.9141014218330383 1516.0 1384.0 22715.0 893.0
0.9423828125 0.9127056002616882 1565.0 1470.0 22629.0 844.0
0.923828125 0.9145918488502502 1537.0 1392.0 22707.0 872.0
0.927734375 0.9145918488502502 1550.0 1405.0 22694.0 859.0
0.919921875 0.9145541191101074 1546.0 1402.0 22697.0 863.0
0.9208984375 0.9149313569068909 1538.0 1384.0 22715.0 871.0
0.9384765625 0.9133092164993286 1568.0 1457.0 22642.0 841.0
0.9228515625 0.9135732650756836 1529.0 1411.0 22688.0 880.0
0.9228515625 0.9143654704093933 1531.0 1392.0 22707.0 878.0
0.9404296875 0.9151954054832458 1557.0 1396.0 22703.0 852.0
0.921875 0.9156103730201721 1529.0 1357.0 22742.0 880.0
0.92578125 0.9139127731323242 1548.0 1421.0 22678.0 861.0
0.9228515625 0.9165157675743103 1494.0 1298.0 22801.0 915.0
0.919921875 0.9149690866470337 1540.0 1385.0 22714.0 869.0
0.919921875 0.9157612919807434 1527.0 1351.0 22748.0 882.0
0.923828125 0.9162139892578125 1508.0 1320.0 22779.0 901.0
0.9228515625 0.9156481027603149 1528.0 1355.0 22744.0 881.0
0.93359375 0.9130828380584717 1539.0 1434.0 22665.0 870.0
0.9423828125 0.9147427082061768 1533.0 1384.0 22715.0 876.0
0.9287109375 0.914176881313324 1555.0 1421.0 22678.0 854.0
0.9267578125 0.9182888269424438 1520.0 1277.0 22822.0 889.0
0.931640625 0.9163271188735962 1519.0 1328.0 22771.0 890.0
0.919921875 0.9162139892578125 1519.0 1331.0 22768.0 890.0
0.931640625 0.9167044162750244 1509.0 1308.0 22791.0 900.0
0.9365234375 0.913950502872467 1570.0 1442.0 22657.0 839.0
0.93359375 0.9156481027603149 1521.0 1348.0 22751.0 888.0
0.923828125 0.9111966490745544 1594.0 1539.0 22560.0 815.0
0.919921875 0.9131205677986145 1543.0 1437.0 22662.0 866.0
0.912109375 0.9140259623527527 1555.0 1425.0 22674.0 854.0
0.9111328125 0.9146295189857483 1544.0 1398.0 22701.0 865.0
0.9375 0.9177606701850891 1482.0 1253.0 22846.0 927.0
0.9228515625 0.9157235622406006 1526.0 1351.0 22748.0 883.0
0.9248046875 0.9140636920928955 1538.0 1407.0 22692.0 871.0
0.9248046875 0.914893627166748 1545.0 1392.0 22707.0 864.0
0.931640625 0.9125924110412598 1561.0 1469.0 22630.0 848.0
0.923828125 0.9168175458908081 1527.0 1323.0 22776.0 882.0
0.9306640625 0.9142900109291077 1545.0 1408.0 22691.0 864.0
0.935546875 0.9136864542961121 1539.0 1418.0 22681.0 870.0
0.93359375 0.9137995839118958 1546.0 1422.0 22677.0 863.0
0.9189453125 0.914214551448822 1511.0 1376.0 22723.0 898.0
0.9365234375 0.9131582975387573 1551.0 1444.0 22655.0 858.0
0.9208984375 0.9133846163749695 1546.0 1433.0 22666.0 863.0
0.9306640625 0.9161762595176697 1545.0 1358.0 22741.0 864.0
0.927734375 0.9146295189857483 1536.0 1390.0 22709.0 873.0
0.9296875 0.914440929889679 1525.0 1384.0 22715.0 884.0
0.9228515625 0.9150822162628174 1535.0 1377.0 22722.0 874.0
0.92578125 0.9126678705215454 1558.0 1464.0 22635.0 851.0
0.92578125 0.9135732650756836 1559.0 1441.0 22658.0 850.0
0.9248046875 0.9156858325004578 1512.0 1338.0 22761.0 897.0
0.9326171875 0.9153085947036743 1519.0 1355.0 22744.0 890.0
0.9384765625 0.9173457026481628 1515.0 1297.0 22802.0 894.0
0.9208984375 0.9131582975387573 1562.0 1455.0 22644.0 847.0
0.92578125 0.9178738594055176 1506.0 1274.0 22825.0 903.0
0.92578125 0.916364848613739 1521.0 1329.0 22770.0 888.0
0.9208984375 0.914176881313324 1524.0 1390.0 22709.0 885.0
0.912109375 0.91538405418396 1529.0 1363.0 22736.0 880.0
0.9326171875 0.9133468866348267 1545.0 1433.0 22666.0 864.0
0.9140625 0.91538405418396 1510.0 1344.0 22755.0 899.0
0.935546875 0.9154217839241028 1484.0 1317.0 22782.0 925.0
0.927734375 0.9152708649635315 1523.0 1360.0 22739.0 886.0
0.9423828125 0.9170816540718079 1513.0 1302.0 22797.0 896.0
0.9326171875 0.9121397137641907 1547.0 1467.0 22632.0 862.0
0.9306640625 0.9133468866348267 1559.0 1447.0 22652.0 850.0
0.9345703125 0.9141014218330383 1554.0 1422.0 22677.0 855.0
0.9296875 0.9150068163871765 1526.0 1370.0 22729.0 883.0
0.919921875 0.9128942489624023 1535.0 1435.0 22664.0 874.0
0.931640625 0.9167044162750244 1506.0 1305.0 22794.0 903.0
0.9345703125 0.9138373136520386 1509.0 1384.0 22715.0 900.0
0.9228515625 0.910857081413269 1568.0 1522.0 22577.0 841.0
0.935546875 0.91538405418396 1531.0 1365.0 22734.0 878.0
0.927734375 0.9126678705215454 1538.0 1444.0 22655.0 871.0
0.9052734375 0.9148558974266052 1535.0 1383.0 22716.0 874.0
0.9296875 0.9147427082061768 1525.0 1376.0 22723.0 884.0
0.943359375 0.9151954054832458 1500.0 1339.0 22760.0 909.0
0.9462890625 0.9184774160385132 1502.0 1254.0 22845.0 907.0
0.91796875 0.9136487245559692 1565.0 1445.0 22654.0 844.0
0.9375 0.9142522811889648 1530.0 1394.0 22705.0 879.0
0.9248046875 0.9153463244438171 1535.0 1370.0 22729.0 874.0
0.919921875 0.9147049784660339 1560.0 1412.0 22687.0 849.0
0.9326171875 0.9154217839241028 1525.0 1358.0 22741.0 884.0
0.9228515625 0.9126301407814026 1541.0 1448.0 22651.0 868.0
0.931640625 0.913233757019043 1534.0 1425.0 22674.0 875.0
0.927734375 0.9136864542961121 1538.0 1417.0 22682.0 871.0
0.9189453125 0.9143654704093933 1527.0 1388.0 22711.0 882.0
0.9345703125 0.9143277406692505 1523.0 1385.0 22714.0 886.0
0.9287109375 0.9140259623527527 1539.0 1409.0 22690.0 870.0
0.9169921875 0.9162139892578125 1527.0 1339.0 22760.0 882.0
0.9267578125 0.912026584148407 1565.0 1488.0 22611.0 844.0
0.927734375 0.9142522811889648 1521.0 1385.0 22714.0 888.0
0.9326171875 0.9116492867469788 1571.0 1504.0 22595.0 838.0
0.931640625 0.9172702431678772 1517.0 1301.0 22798.0 892.0
0.9130859375 0.9145541191101074 1552.0 1408.0 22691.0 857.0
0.9326171875 0.9156858325004578 1519.0 1345.0 22754.0 890.0
0.9404296875 0.9169307351112366 1514.0 1307.0 22792.0 895.0
0.916015625 0.9139127731323242 1548.0 1421.0 22678.0 861.0
0.919921875 0.9139882326126099 1545.0 1416.0 22683.0 864.0
0.931640625 0.913950502872467 1562.0 1434.0 22665.0 847.0
0.9267578125 0.9149313569068909 1538.0 1384.0 22715.0 871.0
0.92578125 0.9149313569068909 1561.0 1407.0 22692.0 848.0
0.9208984375 0.912743330001831 1542.0 1446.0 22653.0 867.0
0.9306640625 0.9158744812011719 1539.0 1360.0 22739.0 870.0
0.9326171875 0.9163271188735962 1495.0 1304.0 22795.0 914.0
0.9326171875 0.9141391515731812 1538.0 1405.0 22694.0 871.0
0.9287109375 0.9159876108169556 1526.0 1344.0 22755.0 883.0
0.9189453125 0.9149313569068909 1558.0 1404.0 22695.0 851.0
0.9296875 0.913497805595398 1557.0 1441.0 22658.0 852.0
0.9326171875 0.9145918488502502 1531.0 1386.0 22713.0 878.0
0.9365234375 0.9141014218330383 1557.0 1425.0 22674.0 852.0
0.93359375 0.9112720489501953 1540.0 1483.0 22616.0 869.0
0.9267578125 0.9159121513366699 1526.0 1346.0 22753.0 883.0
0.9150390625 0.9113097786903381 1568.0 1510.0 22589.0 841.0
0.9423828125 0.914893627166748 1502.0 1349.0 22750.0 907.0
0.9267578125 0.9129319190979004 1524.0 1423.0 22676.0 885.0
0.9072265625 0.9156481027603149 1513.0 1340.0 22759.0 896.0
0.935546875 0.9113852381706238 1570.0 1510.0 22589.0 839.0
0.9345703125 0.9144032001495361 1512.0 1372.0 22727.0 897.0
0.93359375 0.9149690866470337 1525.0 1370.0 22729.0 884.0
0.9365234375 0.9170816540718079 1543.0 1332.0 22767.0 866.0
0.9326171875 0.9129319190979004 1560.0 1459.0 22640.0 849.0
0.9287109375 0.9128565192222595 1568.0 1469.0 22630.0 841.0
0.9404296875 0.9156481027603149 1534.0 1361.0 22738.0 875.0
0.919921875 0.9159876108169556 1518.0 1336.0 22763.0 891.0
0.931640625 0.9145541191101074 1533.0 1389.0 22710.0 876.0
0.92578125 0.9170816540718079 1526.0 1315.0 22784.0 883.0
0.9267578125 0.916100800037384 1542.0 1357.0 22742.0 867.0
0.919921875 0.9154971837997437 1551.0 1382.0 22717.0 858.0
0.9345703125 0.9159876108169556 1543.0 1361.0 22738.0 866.0
0.9287109375 0.914440929889679 1569.0 1428.0 22671.0 840.0
0.927734375 0.9141014218330383 1547.0 1415.0 22684.0 862.0
0.93359375 0.9166666865348816 1515.0 1315.0 22784.0 894.0
0.919921875 0.9142900109291077 1572.0 1435.0 22664.0 837.0
0.9453125 0.9145163893699646 1535.0 1392.0 22707.0 874.0
0.9287109375 0.9143654704093933 1550.0 1411.0 22688.0 859.0
0.9404296875 0.914893627166748 1539.0 1386.0 22713.0 870.0
0.935546875 0.9153463244438171 1525.0 1360.0 22739.0 884.0
0.9228515625 0.915157675743103 1531.0 1371.0 22728.0 878.0
0.9228515625 0.9155726432800293 1528.0 1357.0 22742.0 881.0
0.9306640625 0.9137241840362549 1574.0 1452.0 22647.0 835.0
0.93359375 0.9150444865226746 1529.0 1372.0 22727.0 880.0
0.912109375 0.9142900109291077 1566.0 1429.0 22670.0 843.0
0.91796875 0.9167798161506653 1554.0 1351.0 22748.0 855.0
0.9296875 0.9128565192222595 1553.0 1454.0 22645.0 856.0
0.939453125 0.9178738594055176 1508.0 1276.0 22823.0 901.0
0.9462890625 0.9147427082061768 1540.0 1391.0 22708.0 869.0
0.9375 0.9167044162750244 1524.0 1323.0 22776.0 885.0
0.9296875 0.9159121513366699 1560.0 1380.0 22719.0 849.0
0.9365234375 0.9167420864105225 1550.0 1348.0 22751.0 859.0
0.923828125 0.9169684648513794 1529.0 1321.0 22778.0 880.0
0.9267578125 0.916591227054596 1546.0 1348.0 22751.0 863.0
0.9228515625 0.9149690866470337 1542.0 1387.0 22712.0 867.0
0.919921875 0.9122151732444763 1557.0 1475.0 22624.0 852.0
0.9140625 0.9188923835754395 1523.0 1264.0 22835.0 886.0
