0.513671875 0.5041119456291199 1200.0 11936.0 12163.0 1209.0
0.865234375 0.8607967495918274 916.0 2197.0 21902.0 1493.0
0.90625 0.8947110176086426 826.0 1208.0 22891.0 1583.0
0.8984375 0.900331974029541 825.0 1058.0 23041.0 1584.0
0.908203125 0.8994643092155457 856.0 1112.0 22987.0 1553.0
0.9140625 0.8979553580284119 983.0 1279.0 22820.0 1426.0
0.8828125 0.8997283577919006 984.0 1233.0 22866.0 1425.0
0.90625 0.9019541144371033 989.0 1179.0 22920.0 1420.0
0.908203125 0.8977289795875549 1033.0 1335.0 22764.0 1376.0
0.8984375 0.8988606929779053 1055.0 1327.0 22772.0 1354.0
0.916015625 0.8996529579162598 1090.0 1341.0 22758.0 1319.0
0.892578125 0.9020673036575317 1094.0 1281.0 22818.0 1315.0
0.919921875 0.9005206227302551 1120.0 1348.0 22751.0 1289.0
0.904296875 0.8988984227180481 1173.0 1444.0 22655.0 1236.0
0.904296875 0.9007092118263245 1153.0 1376.0 22723.0 1256.0
0.908203125 0.9021804928779602 1177.0 1361.0 22738.0 1232.0
0.900390625 0.9007846713066101 1213.0 1434.0 22665.0 1196.0
0.89453125 0.9028217792510986 1180.0 1347.0 22752.0 1229.0
0.908203125 0.8982571363449097 1254.0 1542.0 22557.0 1155.0
0.912109375 0.9025200009346008 1215.0 1390.0 22709.0 1194.0
0.91796875 0.8994265794754028 1244.0 1501.0 22598.0 1165.0
0.919921875 0.8987098336219788 1279.0 1555.0 22544.0 1130.0
0.904296875 0.9029726982116699 1216.0 1379.0 22720.0 1193.0
0.904296875 0.9024445414543152 1274.0 1451.0 22648.0 1135.0
0.93359375 0.9038026332855225 1261.0 1402.0 22697.0 1148.0
0.896484375 0.9012373685836792 1312.0 1521.0 22578.0 1097.0
0.89453125 0.9028217792510986 1305.0 1472.0 22627.0 1104.0
0.90625 0.9005582928657532 1332.0 1559.0 22540.0 1077.0
0.89453125 0.905575692653656 1246.0 1340.0 22759.0 1163.0
0.90625 0.9025200009346008 1297.0 1472.0 22627.0 1112.0
0.892578125 0.904632568359375 1265.0 1384.0 22715.0 1144.0
0.931640625 0.904632568359375 1254.0 1373.0 22726.0 1155.0
0.90625 0.9042553305625916 1320.0 1449.0 22650.0 1089.0
0.904296875 0.9039912223815918 1337.0 1473.0 22626.0 1072.0
0.912109375 0.907725989818573 1284.0 1321.0 22778.0 1125.0
0.90234375 0.9029349684715271 1313.0 1477.0 22622.0 1096.0
0.912109375 0.9041421413421631 1321.0 1453.0 22646.0 1088.0
0.90234375 0.9033876657485962 1337.0 1489.0 22610.0 1072.0
0.9140625 0.9080654978752136 1322.0 1350.0 22749.0 1087.0
0.91015625 0.9053115844726562 1334.0 1435.0 22664.0 1075.0
0.923828125 0.9021804928779602 1383.0 1567.0 22532.0 1026.0
0.916015625 0.9073864221572876 1327.0 1373.0 22726.0 1082.0
0.916015625 0.9059529304504395 1380.0 1464.0 22635.0 1029.0
0.939453125 0.908706784248352 1296.0 1307.0 22792.0 1113.0
0.91015625 0.9067451357841492 1346.0 1409.0 22690.0 1063.0
0.912109375 0.9073864221572876 1349.0 1395.0 22704.0 1060.0
0.90625 0.9045571088790894 1410.0 1531.0 22568.0 999.0
0.92578125 0.9050475358963013 1399.0 1507.0 22592.0 1010.0
0.916015625 0.9061792492866516 1385.0 1463.0 22636.0 1024.0
0.880859375 0.9038403630256653 1438.0 1578.0 22521.0 971.0
0.908203125 0.9076882600784302 1377.0 1415.0 22684.0 1032.0
0.9140625 0.9087822437286377 1382.0 1391.0 22708.0 1027.0
0.9296875 0.9058774709701538 1395.0 1481.0 22618.0 1014.0
0.923828125 0.9105175733566284 1376.0 1339.0 22760.0 1033.0
0.919921875 0.9094235897064209 1387.0 1379.0 22720.0 1022.0
0.91796875 0.9075750708580017 1420.0 1461.0 22638.0 989.0
0.931640625 0.9060661196708679 1417.0 1498.0 22601.0 992.0
0.92578125 0.9056888222694397 1448.0 1539.0 22560.0 961.0
0.916015625 0.9035762548446655 1448.0 1595.0 22504.0 961.0
0.91015625 0.9103666543960571 1430.0 1397.0 22702.0 979.0
0.92578125 0.9129319190979004 1360.0 1259.0 22840.0 1049.0
0.908203125 0.9116492867469788 1376.0 1309.0 22790.0 1033.0
0.90625 0.9116492867469788 1414.0 1347.0 22752.0 995.0
0.92578125 0.9082918167114258 1441.0 1463.0 22636.0 968.0
0.935546875 0.9123660922050476 1414.0 1328.0 22771.0 995.0
0.91015625 0.9104421138763428 1414.0 1379.0 22720.0 995.0
0.904296875 0.9105930328369141 1397.0 1358.0 22741.0 1012.0
0.93359375 0.913007378578186 1398.0 1295.0 22804.0 1011.0
0.93359375 0.9065564870834351 1491.0 1559.0 22540.0 918.0
0.92578125 0.9083295464515686 1454.0 1475.0 22624.0 955.0
0.916015625 0.9124038219451904 1432.0 1345.0 22754.0 977.0
0.91796875 0.9124038219451904 1474.0 1387.0 22712.0 935.0
0.9140625 0.9118756651878357 1455.0 1382.0 22717.0 954.0
0.916015625 0.9049343466758728 1524.0 1635.0 22464.0 885.0
0.919921875 0.9130828380584717 1441.0 1336.0 22763.0 968.0
0.9296875 0.9128942489624023 1465.0 1365.0 22734.0 944.0
0.91796875 0.9121019840240479 1447.0 1368.0 22731.0 962.0
0.939453125 0.9109702706336975 1443.0 1394.0 22705.0 966.0
0.9140625 0.9088954329490662 1486.0 1492.0 22607.0 923.0
0.9375 0.907046914100647 1500.0 1555.0 22544.0 909.0
0.91796875 0.9122529029846191 1473.0 1390.0 22709.0 936.0
0.916015625 0.9084804654121399 1462.0 1479.0 22620.0 947.0
0.931640625 0.9095744490623474 1466.0 1454.0 22645.0 943.0
0.92578125 0.9102157950401306 1491.0 1462.0 22637.0 918.0
0.9140625 0.9090086221694946 1497.0 1500.0 22599.0 912.0
0.92578125 0.9084427356719971 1496.0 1514.0 22585.0 913.0
0.92578125 0.9105930328369141 1461.0 1422.0 22677.0 948.0
0.9140625 0.9115738868713379 1449.0 1384.0 22715.0 960.0
0.91796875 0.9121397137641907 1450.0 1370.0 22729.0 959.0
0.912109375 0.9118756651878357 1470.0 1397.0 22702.0 939.0
0.916015625 0.9108948111534119 1508.0 1461.0 22638.0 901.0
0.92578125 0.912026584148407 1447.0 1370.0 22729.0 962.0
0.9375 0.9112720489501953 1472.0 1415.0 22684.0 937.0
0.927734375 0.9119511246681213 1462.0 1387.0 22712.0 947.0
0.9140625 0.9095367193222046 1468.0 1457.0 22642.0 941.0
0.90625 0.9072355628013611 1500.0 1550.0 22549.0 909.0
0.916015625 0.908706784248352 1495.0 1506.0 22593.0 914.0
0.916015625 0.9112343192100525 1484.0 1428.0 22671.0 925.0
0.9140625 0.9098385572433472 1490.0 1471.0 22628.0 919.0
0.921875 0.9141391515731812 1437.0 1304.0 22795.0 972.0
0.93359375 0.912743330001831 1473.0 1377.0 22722.0 936.0
0.927734375 0.9128565192222595 1449.0 1350.0 22749.0 960.0
0.939453125 0.9145918488502502 1456.0 1311.0 22788.0 953.0
0.91015625 0.9143654704093933 1442.0 1303.0 22796.0 967.0
0.91796875 0.913233757019043 1475.0 1366.0 22733.0 934.0
0.927734375 0.9123660922050476 1478.0 1392.0 22707.0 931.0
0.94921875 0.913233757019043 1476.0 1367.0 22732.0 933.0
0.923828125 0.9162517189979553 1429.0 1240.0 22859.0 980.0
0.9140625 0.9137618541717529 1469.0 1346.0 22753.0 940.0
0.908203125 0.9090463519096375 1524.0 1526.0 22573.0 885.0
0.939453125 0.9138373136520386 1464.0 1339.0 22760.0 945.0
0.896484375 0.9114606976509094 1475.0 1413.0 22686.0 934.0
0.9140625 0.914176881313324 1467.0 1333.0 22766.0 942.0
0.931640625 0.912026584148407 1492.0 1415.0 22684.0 917.0
0.916015625 0.9121397137641907 1492.0 1412.0 22687.0 917.0
0.927734375 0.90987628698349 1506.0 1486.0 22613.0 903.0
0.92578125 0.9139882326126099 1471.0 1342.0 22757.0 938.0
0.921875 0.9149313569068909 1479.0 1325.0 22774.0 930.0
0.908203125 0.9094235897064209 1517.0 1509.0 22590.0 892.0
0.91796875 0.9145918488502502 1496.0 1351.0 22748.0 913.0
0.916015625 0.9140259623527527 1477.0 1347.0 22752.0 932.0
0.9296875 0.9157990217208862 1450.0 1273.0 22826.0 959.0
0.92578125 0.9137241840362549 1501.0 1379.0 22720.0 908.0
0.923828125 0.9137618541717529 1498.0 1375.0 22724.0 911.0
0.919921875 0.9157612919807434 1500.0 1324.0 22775.0 909.0
0.912109375 0.9154217839241028 1482.0 1315.0 22784.0 927.0
0.92578125 0.9148181676864624 1520.0 1369.0 22730.0 889.0
0.94921875 0.9160630702972412 1493.0 1309.0 22790.0 916.0
0.91796875 0.912064254283905 1562.0 1484.0 22615.0 847.0
0.931640625 0.9136109948158264 1497.0 1378.0 22721.0 912.0
0.93359375 0.9135355353355408 1493.0 1376.0 22723.0 916.0
0.9140625 0.9146295189857483 1520.0 1374.0 22725.0 889.0
0.91015625 0.9099516868591309 1545.0 1523.0 22576.0 864.0
0.9453125 0.9153085947036743 1485.0 1321.0 22778.0 924.0
0.91015625 0.9144786596298218 1508.0 1366.0 22733.0 901.0
0.92578125 0.9124415516853333 1518.0 1430.0 22669.0 891.0
0.921875 0.9154217839241028 1542.0 1375.0 22724.0 867.0
0.919921875 0.9152331352233887 1499.0 1337.0 22762.0 910.0
0.9296875 0.9155349135398865 1507.0 1337.0 22762.0 902.0
0.91015625 0.9147427082061768 1525.0 1376.0 22723.0 884.0
0.919921875 0.914214551448822 1491.0 1356.0 22743.0 918.0
0.912109375 0.9135732650756836 1529.0 1411.0 22688.0 880.0
0.912109375 0.9124792218208313 1539.0 1450.0 22649.0 870.0
0.943359375 0.9146295189857483 1534.0 1388.0 22711.0 875.0
0.91015625 0.9124038219451904 1559.0 1472.0 22627.0 850.0
0.91796875 0.913233757019043 1512.0 1403.0 22696.0 897.0
0.91015625 0.912064254283905 1571.0 1493.0 22606.0 838.0
0.908203125 0.9146672487258911 1490.0 1343.0 22756.0 919.0
0.904296875 0.9137241840362549 1545.0 1423.0 22676.0 864.0
0.90625 0.9148181676864624 1469.0 1318.0 22781.0 940.0
0.90625 0.9133092164993286 1556.0 1445.0 22654.0 853.0
0.927734375 0.9098008275032043 1552.0 1534.0 22565.0 857.0
0.8984375 0.9131205677986145 1507.0 1401.0 22698.0 902.0
0.9375 0.9137995839118958 1530.0 1406.0 22693.0 879.0
0.935546875 0.914893627166748 1519.0 1366.0 22733.0 890.0
0.935546875 0.9115738868713379 1516.0 1451.0 22648.0 893.0
0.94921875 0.9191564917564392 1465.0 1199.0 22900.0 944.0
0.923828125 0.9136487245559692 1552.0 1432.0 22667.0 857.0
0.9140625 0.9153085947036743 1556.0 1392.0 22707.0 853.0
0.921875 0.9137618541717529 1507.0 1384.0 22715.0 902.0
0.9453125 0.9153085947036743 1519.0 1355.0 22744.0 890.0
0.923828125 0.9150068163871765 1511.0 1355.0 22744.0 898.0
0.904296875 0.9117624759674072 1532.0 1462.0 22637.0 877.0
0.923828125 0.9154217839241028 1519.0 1352.0 22747.0 890.0
0.91796875 0.9162139892578125 1505.0 1317.0 22782.0 904.0
0.9453125 0.9170061945915222 1508.0 1299.0 22800.0 901.0
0.95703125 0.9151954054832458 1519.0 1358.0 22741.0 890.0
0.919921875 0.9147804379463196 1554.0 1404.0 22695.0 855.0
0.927734375 0.9114984273910522 1553.0 1490.0 22609.0 856.0
0.94140625 0.9135732650756836 1557.0 1439.0 22660.0 852.0
0.9375 0.914176881313324 1528.0 1394.0 22705.0 881.0
0.927734375 0.9169307351112366 1498.0 1291.0 22808.0 911.0
0.916015625 0.9165157675743103 1530.0 1334.0 22765.0 879.0
0.89453125 0.9147427082061768 1556.0 1407.0 22692.0 853.0
0.921875 0.9178361296653748 1509.0 1278.0 22821.0 900.0
0.916015625 0.912290632724762 1549.0 1465.0 22634.0 860.0
0.9296875 0.9157990217208862 1537.0 1360.0 22739.0 872.0
0.921875 0.9144032001495361 1548.0 1408.0 22691.0 861.0
0.931640625 0.9171193838119507 1485.0 1273.0 22826.0 924.0
0.94921875 0.9139127731323242 1551.0 1424.0 22675.0 858.0
0.91796875 0.9164025783538818 1506.0 1313.0 22786.0 903.0
0.92578125 0.9128942489624023 1574.0 1474.0 22625.0 835.0
0.9140625 0.9145541191101074 1544.0 1400.0 22699.0 865.0
0.916015625 0.9182888269424438 1518.0 1275.0 22824.0 891.0
0.931640625 0.914176881313324 1565.0 1431.0 22668.0 844.0
0.923828125 0.9144032001495361 1547.0 1407.0 22692.0 862.0
0.923828125 0.9174966216087341 1503.0 1281.0 22818.0 906.0
0.90625 0.9166289567947388 1518.0 1319.0 22780.0 891.0
0.916015625 0.915157675743103 1547.0 1387.0 22712.0 862.0
0.94140625 0.9128565192222595 1571.0 1472.0 22627.0 838.0
0.916015625 0.9186283349990845 1493.0 1241.0 22858.0 916.0
0.92578125 0.9156103730201721 1535.0 1363.0 22736.0 874.0
0.931640625 0.9170061945915222 1557.0 1348.0 22751.0 852.0
0.923828125 0.9157235622406006 1550.0 1375.0 22724.0 859.0
0.923828125 0.9166289567947388 1544.0 1345.0 22754.0 865.0
0.9375 0.9166666865348816 1544.0 1344.0 22755.0 865.0
0.92578125 0.9146295189857483 1543.0 1397.0 22702.0 866.0
0.931640625 0.9168930053710938 1506.0 1300.0 22799.0 903.0
0.923828125 0.9161385297775269 1554.0 1368.0 22731.0 855.0
0.923828125 0.9075373411178589 1596.0 1638.0 22461.0 813.0
0.919921875 0.9139127731323242 1542.0 1415.0 22684.0 867.0
0.94921875 0.9161385297775269 1541.0 1355.0 22744.0 868.0
0.921875 0.915836751461029 1514.0 1336.0 22763.0 895.0
0.9375 0.9187792539596558 1520.0 1264.0 22835.0 889.0
0.92578125 0.9156103730201721 1557.0 1385.0 22714.0 852.0
0.9140625 0.9159498810768127 1571.0 1390.0 22709.0 838.0
0.931640625 0.9152708649635315 1534.0 1371.0 22728.0 875.0
0.931640625 0.917534351348877 1532.0 1309.0 22790.0 877.0
0.947265625 0.9188169836997986 1540.0 1283.0 22816.0 869.0
0.931640625 0.9144786596298218 1545.0 1403.0 22696.0 864.0
0.919921875 0.9181379079818726 1531.0 1292.0 22807.0 878.0
0.927734375 0.9157235622406006 1543.0 1368.0 22731.0 866.0
0.931640625 0.9170816540718079 1536.0 1325.0 22774.0 873.0
0.9296875 0.9146295189857483 1553.0 1407.0 22692.0 856.0
0.919921875 0.9171571135520935 1509.0 1296.0 22803.0 900.0
0.9453125 0.9172325134277344 1532.0 1317.0 22782.0 877.0
0.921875 0.9152708649635315 1573.0 1410.0 22689.0 836.0
0.935546875 0.9186283349990845 1519.0 1267.0 22832.0 890.0
0.9375 0.9182888269424438 1509.0 1266.0 22833.0 900.0
0.9296875 0.9183642864227295 1517.0 1272.0 22827.0 892.0
0.935546875 0.9164025783538818 1562.0 1369.0 22730.0 847.0
0.904296875 0.9157235622406006 1540.0 1365.0 22734.0 869.0
0.931640625 0.9132714867591858 1548.0 1438.0 22661.0 861.0
0.912109375 0.915157675743103 1581.0 1421.0 22678.0 828.0
0.912109375 0.9174588918685913 1541.0 1320.0 22779.0 868.0
0.916015625 0.9141014218330383 1537.0 1405.0 22694.0 872.0
0.93359375 0.9182888269424438 1545.0 1302.0 22797.0 864.0
0.9375 0.9149313569068909 1531.0 1377.0 22722.0 878.0
0.93359375 0.9157990217208862 1541.0 1364.0 22735.0 868.0
0.923828125 0.9157990217208862 1526.0 1349.0 22750.0 883.0
0.921875 0.9174588918685913 1520.0 1299.0 22800.0 889.0
0.9375 0.9179115891456604 1541.0 1308.0 22791.0 868.0
0.91796875 0.9176474809646606 1546.0 1320.0 22779.0 863.0
0.931640625 0.9183265566825867 1547.0 1303.0 22796.0 862.0
0.931640625 0.9172702431678772 1523.0 1307.0 22792.0 886.0
0.92578125 0.915157675743103 1529.0 1369.0 22730.0 880.0
0.939453125 0.917534351348877 1519.0 1296.0 22803.0 890.0
0.9296875 0.9159876108169556 1564.0 1382.0 22717.0 845.0
0.939453125 0.916364848613739 1531.0 1339.0 22760.0 878.0
0.91796875 0.9156103730201721 1539.0 1367.0 22732.0 870.0
0.9296875 0.9161762595176697 1541.0 1354.0 22745.0 868.0
0.919921875 0.9169307351112366 1536.0 1329.0 22770.0 873.0
0.916015625 0.9174588918685913 1527.0 1306.0 22793.0 882.0
0.921875 0.9181756377220154 1523.0 1283.0 22816.0 886.0
0.92578125 0.917987048625946 1507.0 1272.0 22827.0 902.0
0.935546875 0.914214551448822 1565.0 1430.0 22669.0 844.0
0.9296875 0.9147049784660339 1545.0 1397.0 22702.0 864.0
0.939453125 0.9177606701850891 1533.0 1304.0 22795.0 876.0
0.9375 0.9169684648513794 1541.0 1333.0 22766.0 868.0
0.94140625 0.9160630702972412 1550.0 1366.0 22733.0 859.0
0.923828125 0.9200618863105774 1495.0 1205.0 22894.0 914.0
0.921875 0.9170816540718079 1525.0 1314.0 22785.0 884.0
0.927734375 0.915836751461029 1548.0 1370.0 22729.0 861.0
0.92578125 0.913950502872467 1561.0 1433.0 22666.0 848.0
0.91796875 0.9169684648513794 1526.0 1318.0 22781.0 883.0
0.92578125 0.9169307351112366 1504.0 1297.0 22802.0 905.0
0.912109375 0.9155349135398865 1542.0 1372.0 22727.0 867.0
0.931640625 0.9149690866470337 1547.0 1392.0 22707.0 862.0
0.92578125 0.919194221496582 1517.0 1250.0 22849.0 892.0
0.91796875 0.9202504754066467 1505.0 1210.0 22889.0 904.0
0.9140625 0.9169684648513794 1506.0 1298.0 22801.0 903.0
0.921875 0.9165157675743103 1554.0 1358.0 22741.0 855.0
0.912109375 0.9152708649635315 1554.0 1391.0 22708.0 855.0
0.919921875 0.9174966216087341 1563.0 1341.0 22758.0 846.0
0.9453125 0.9178738594055176 1544.0 1312.0 22787.0 865.0
0.91796875 0.9166666865348816 1520.0 1320.0 22779.0 889.0
0.916015625 0.916364848613739 1550.0 1358.0 22741.0 859.0
0.923828125 0.9169307351112366 1535.0 1328.0 22771.0 874.0
0.9140625 0.9154595136642456 1562.0 1394.0 22705.0 847.0
0.9375 0.9169307351112366 1511.0 1304.0 22795.0 898.0
0.947265625 0.9177606701850891 1519.0 1290.0 22809.0 890.0
0.91796875 0.9180247187614441 1537.0 1301.0 22798.0 872.0
0.9453125 0.91730797290802 1534.0 1317.0 22782.0 875.0
0.92578125 0.9147049784660339 1565.0 1417.0 22682.0 844.0
0.923828125 0.9148181676864624 1550.0 1399.0 22700.0 859.0
0.91015625 0.9194959998130798 1481.0 1206.0 22893.0 928.0
0.923828125 0.9192319512367249 1513.0 1245.0 22854.0 896.0
0.9140625 0.918515145778656 1534.0 1285.0 22814.0 875.0
0.92578125 0.9190433025360107 1506.0 1243.0 22856.0 903.0
0.923828125 0.9173457026481628 1542.0 1324.0 22775.0 867.0
0.9296875 0.9182133674621582 1518.0 1277.0 22822.0 891.0
0.94140625 0.9181756377220154 1532.0 1292.0 22807.0 877.0
0.921875 0.9198355078697205 1496.0 1212.0 22887.0 913.0
0.919921875 0.9177229404449463 1519.0 1291.0 22808.0 890.0
0.935546875 0.9193828105926514 1494.0 1222.0 22877.0 915.0
0.93359375 0.9140636920928955 1582.0 1451.0 22648.0 827.0
0.94140625 0.9181379079818726 1543.0 1304.0 22795.0 866.0
0.9296875 0.9203636646270752 1537.0 1239.0 22860.0 872.0
0.931640625 0.9173834323883057 1533.0 1314.0 22785.0 876.0
0.921875 0.919722318649292 1529.0 1248.0 22851.0 880.0
0.91015625 0.91538405418396 1548.0 1382.0 22717.0 861.0
0.94921875 0.9172325134277344 1513.0 1298.0 22801.0 896.0
0.931640625 0.9152331352233887 1533.0 1371.0 22728.0 876.0
0.927734375 0.9187037944793701 1550.0 1296.0 22803.0 859.0
0.919921875 0.9167044162750244 1545.0 1344.0 22755.0 864.0
0.92578125 0.9169684648513794 1559.0 1351.0 22748.0 850.0
0.93359375 0.9170061945915222 1557.0 1348.0 22751.0 852.0
0.939453125 0.9200618863105774 1461.0 1171.0 22928.0 948.0
0.921875 0.913007378578186 1591.0 1488.0 22611.0 818.0
0.916015625 0.91730797290802 1575.0 1358.0 22741.0 834.0
0.94140625 0.9156858325004578 1556.0 1382.0 22717.0 853.0
0.927734375 0.9184020161628723 1517.0 1271.0 22828.0 892.0
0.916015625 0.9207409024238586 1554.0 1246.0 22853.0 855.0
0.931640625 0.9207031726837158 1503.0 1196.0 22903.0 906.0
0.927734375 0.9207031726837158 1522.0 1215.0 22884.0 887.0
0.939453125 0.9187792539596558 1560.0 1304.0 22795.0 849.0
0.93359375 0.9187415242195129 1556.0 1301.0 22798.0 853.0
0.9296875 0.9155726432800293 1565.0 1394.0 22705.0 844.0
0.943359375 0.9155349135398865 1557.0 1387.0 22712.0 852.0
0.9296875 0.9167798161506653 1560.0 1357.0 22742.0 849.0
0.931640625 0.9202504754066467 1520.0 1225.0 22874.0 889.0
0.91796875 0.9220989942550659 1514.0 1170.0 22929.0 895.0
0.93359375 0.9164780378341675 1524.0 1329.0 22770.0 885.0
0.912109375 0.9190433025360107 1526.0 1263.0 22836.0 883.0
0.93359375 0.9165157675743103 1558.0 1362.0 22737.0 851.0
0.9453125 0.916591227054596 1576.0 1378.0 22721.0 833.0
0.943359375 0.9168930053710938 1531.0 1325.0 22774.0 878.0
0.921875 0.9165534973144531 1562.0 1365.0 22734.0 847.0
0.935546875 0.9174211621284485 1530.0 1310.0 22789.0 879.0
0.921875 0.9174211621284485 1545.0 1325.0 22774.0 864.0
0.939453125 0.9168552756309509 1530.0 1325.0 22774.0 879.0
0.904296875 0.9162517189979553 1577.0 1388.0 22711.0 832.0
0.931640625 0.9190810322761536 1545.0 1281.0 22818.0 864.0
0.94140625 0.9180247187614441 1531.0 1295.0 22804.0 878.0
0.947265625 0.9163271188735962 1542.0 1351.0 22748.0 867.0
0.9375 0.9177606701850891 1540.0 1311.0 22788.0 869.0
0.9453125 0.9170061945915222 1555.0 1346.0 22753.0 854.0
0.90625 0.9151199460029602 1566.0 1407.0 22692.0 843.0
0.931640625 0.9182888269424438 1542.0 1299.0 22800.0 867.0
0.923828125 0.9195337295532227 1544.0 1268.0 22831.0 865.0
0.9296875 0.9181001782417297 1503.0 1265.0 22834.0 906.0
0.935546875 0.9189301133155823 1539.0 1279.0 22820.0 870.0
0.94140625 0.9166289567947388 1537.0 1338.0 22761.0 872.0
0.900390625 0.915157675743103 1568.0 1408.0 22691.0 841.0
0.9375 0.918251097202301 1568.0 1326.0 22773.0 841.0
0.931640625 0.9160630702972412 1556.0 1372.0 22727.0 853.0
0.916015625 0.9178738594055176 1555.0 1323.0 22776.0 854.0
0.923828125 0.9181379079818726 1527.0 1288.0 22811.0 882.0
0.90234375 0.9158744812011719 1554.0 1375.0 22724.0 855.0
0.92578125 0.9164403080940247 1546.0 1352.0 22747.0 863.0
0.92578125 0.9198732376098633 1522.0 1237.0 22862.0 887.0
0.9375 0.9177229404449463 1531.0 1303.0 22796.0 878.0
0.935546875 0.9187037944793701 1550.0 1296.0 22803.0 859.0
0.919921875 0.9188169836997986 1540.0 1283.0 22816.0 869.0
0.94921875 0.9184774160385132 1535.0 1287.0 22812.0 874.0
0.921875 0.9188169836997986 1517.0 1260.0 22839.0 892.0
0.923828125 0.920401394367218 1502.0 1203.0 22896.0 907.0
0.923828125 0.9168552756309509 1569.0 1364.0 22735.0 840.0
0.919921875 0.920137345790863 1526.0 1234.0 22865.0 883.0
0.943359375 0.9172325134277344 1531.0 1316.0 22783.0 878.0
0.93359375 0.9152331352233887 1566.0 1404.0 22695.0 843.0
0.9296875 0.920401394367218 1491.0 1192.0 22907.0 918.0
0.9375 0.9171571135520935 1555.0 1342.0 22757.0 854.0
0.93359375 0.9181001782417297 1536.0 1298.0 22801.0 873.0
0.947265625 0.9156858325004578 1536.0 1362.0 22737.0 873.0
0.9296875 0.9178361296653748 1562.0 1331.0 22768.0 847.0
0.931640625 0.9177229404449463 1541.0 1313.0 22786.0 868.0
0.9453125 0.9159876108169556 1554.0 1372.0 22727.0 855.0
0.927734375 0.916591227054596 1523.0 1325.0 22774.0 886.0
0.91796875 0.9213067889213562 1499.0 1176.0 22923.0 910.0
0.9296875 0.9166666865348816 1547.0 1347.0 22752.0 862.0
0.93359375 0.9179493188858032 1508.0 1274.0 22825.0 901.0
0.8984375 0.9187415242195129 1533.0 1278.0 22821.0 876.0
0.919921875 0.9178361296653748 1546.0 1315.0 22784.0 863.0
0.92578125 0.9180624485015869 1538.0 1301.0 22798.0 871.0
0.94921875 0.9221744537353516 1493.0 1147.0 22952.0 916.0
0.931640625 0.919194221496582 1517.0 1250.0 22849.0 892.0
0.931640625 0.919458270072937 1510.0 1236.0 22863.0 899.0
0.92578125 0.9166289567947388 1578.0 1379.0 22720.0 831.0
0.9296875 0.9190433025360107 1528.0 1265.0 22834.0 881.0
0.9375 0.9159121513366699 1561.0 1381.0 22718.0 848.0
0.947265625 0.9174211621284485 1557.0 1337.0 22762.0 852.0
0.927734375 0.9172325134277344 1551.0 1336.0 22763.0 858.0
0.935546875 0.916100800037384 1572.0 1387.0 22712.0 837.0
0.939453125 0.9176852107048035 1549.0 1322.0 22777.0 860.0
0.93359375 0.9189301133155823 1530.0 1270.0 22829.0 879.0
0.94140625 0.9170061945915222 1554.0 1345.0 22754.0 855.0
0.939453125 0.9187792539596558 1534.0 1278.0 22821.0 875.0
0.927734375 0.9198732376098633 1528.0 1243.0 22856.0 881.0
0.9296875 0.9200618863105774 1508.0 1218.0 22881.0 901.0
0.92578125 0.9195714592933655 1490.0 1213.0 22886.0 919.0
0.927734375 0.9154595136642456 1551.0 1383.0 22716.0 858.0
0.92578125 0.9167420864105225 1564.0 1362.0 22737.0 845.0
0.9140625 0.9171193838119507 1557.0 1345.0 22754.0 852.0
0.9296875 0.9180247187614441 1533.0 1297.0 22802.0 876.0
0.94140625 0.918515145778656 1524.0 1275.0 22824.0 885.0
0.931640625 0.9159121513366699 1563.0 1383.0 22716.0 846.0
0.927734375 0.9201750159263611 1541.0 1248.0 22851.0 868.0
0.92578125 0.91730797290802 1551.0 1334.0 22765.0 858.0
0.927734375 0.9168552756309509 1573.0 1368.0 22731.0 836.0
0.9296875 0.9202127456665039 1529.0 1235.0 22864.0 880.0
0.935546875 0.9190433025360107 1544.0 1281.0 22818.0 865.0
0.927734375 0.9190810322761536 1527.0 1263.0 22836.0 882.0
0.94140625 0.9200996160507202 1528.0 1237.0 22862.0 881.0
0.919921875 0.9194959998130798 1531.0 1256.0 22843.0 878.0
0.94140625 0.9180247187614441 1496.0 1260.0 22839.0 913.0
0.939453125 0.9187415242195129 1512.0 1257.0 22842.0 897.0
0.92578125 0.919194221496582 1512.0 1245.0 22854.0 897.0
0.919921875 0.9156481027603149 1563.0 1390.0 22709.0 846.0
0.943359375 0.9191187620162964 1544.0 1279.0 22820.0 865.0
0.912109375 0.9177229404449463 1549.0 1321.0 22778.0 860.0
0.916015625 0.9169307351112366 1533.0 1326.0 22773.0 876.0
0.9375 0.917987048625946 1547.0 1312.0 22787.0 862.0
0.91796875 0.9182133674621582 1557.0 1316.0 22783.0 852.0
0.92578125 0.919722318649292 1506.0 1225.0 22874.0 903.0
0.919921875 0.9141391515731812 1614.0 1481.0 22618.0 795.0
0.9453125 0.9192319512367249 1516.0 1248.0 22851.0 893.0
0.919921875 0.9157612919807434 1563.0 1387.0 22712.0 846.0
0.927734375 0.9179493188858032 1553.0 1319.0 22780.0 856.0
0.947265625 0.9207409024238586 1539.0 1231.0 22868.0 870.0
0.919921875 0.9184397459030151 1561.0 1314.0 22785.0 848.0
0.939453125 0.9176097512245178 1553.0 1328.0 22771.0 856.0
0.91796875 0.9160253405570984 1550.0 1367.0 22732.0 859.0
0.9375 0.9178738594055176 1575.0 1343.0 22756.0 834.0
0.92578125 0.9185528755187988 1525.0 1275.0 22824.0 884.0
0.921875 0.9195337295532227 1556.0 1280.0 22819.0 853.0
0.927734375 0.9187415242195129 1535.0 1280.0 22819.0 874.0
0.947265625 0.9206277132034302 1545.0 1240.0 22859.0 864.0
0.93359375 0.9205899834632874 1538.0 1234.0 22865.0 871.0
0.916015625 0.9169307351112366 1558.0 1351.0 22748.0 851.0
0.95703125 0.9177983999252319 1549.0 1319.0 22780.0 860.0
0.923828125 0.9193073511123657 1562.0 1292.0 22807.0 847.0
0.92578125 0.921344518661499 1527.0 1203.0 22896.0 882.0
0.923828125 0.9176097512245178 1552.0 1327.0 22772.0 857.0
0.91796875 0.9162894487380981 1581.0 1391.0 22708.0 828.0
0.935546875 0.9183265566825867 1586.0 1342.0 22757.0 823.0
0.923828125 0.9167420864105225 1577.0 1375.0 22724.0 832.0
0.927734375 0.920401394367218 1529.0 1230.0 22869.0 880.0
0.923828125 0.9161762595176697 1580.0 1393.0 22706.0 829.0
0.919921875 0.9200241565704346 1528.0 1239.0 22860.0 881.0
0.935546875 0.917043924331665 1555.0 1345.0 22754.0 854.0
0.935546875 0.9200996160507202 1531.0 1240.0 22859.0 878.0
0.939453125 0.9222499132156372 1519.0 1171.0 22928.0 890.0
0.9140625 0.9183642864227295 1556.0 1311.0 22788.0 853.0
0.92578125 0.9173834323883057 1565.0 1346.0 22753.0 844.0
0.92578125 0.9202504754066467 1562.0 1267.0 22832.0 847.0
0.93359375 0.919722318649292 1525.0 1244.0 22855.0 884.0
0.921875 0.919684648513794 1542.0 1262.0 22837.0 867.0
0.931640625 0.9189678430557251 1561.0 1300.0 22799.0 848.0
0.9375 0.9199486970901489 1540.0 1253.0 22846.0 869.0
0.93359375 0.9207409024238586 1563.0 1255.0 22844.0 846.0
0.908203125 0.9180247187614441 1559.0 1323.0 22776.0 850.0
0.931640625 0.9200996160507202 1586.0 1295.0 22804.0 823.0
0.91015625 0.9185906052589417 1566.0 1315.0 22784.0 843.0
0.927734375 0.919194221496582 1565.0 1298.0 22801.0 844.0
0.943359375 0.9156103730201721 1589.0 1417.0 22682.0 820.0
0.927734375 0.9188169836997986 1559.0 1302.0 22797.0 850.0
0.931640625 0.9189301133155823 1553.0 1293.0 22806.0 856.0
0.9375 0.919194221496582 1579.0 1312.0 22787.0 830.0
0.921875 0.9200241565704346 1543.0 1254.0 22845.0 866.0
0.955078125 0.91730797290802 1572.0 1355.0 22744.0 837.0
0.9375 0.9205899834632874 1544.0 1240.0 22859.0 865.0
0.923828125 0.9176852107048035 1579.0 1352.0 22747.0 830.0
0.939453125 0.9179115891456604 1571.0 1338.0 22761.0 838.0
0.927734375 0.9164025783538818 1578.0 1385.0 22714.0 831.0
0.923828125 0.9168930053710938 1572.0 1366.0 22733.0 837.0
0.94140625 0.919194221496582 1539.0 1272.0 22827.0 870.0
0.923828125 0.9182133674621582 1568.0 1327.0 22772.0 841.0
0.923828125 0.919684648513794 1565.0 1285.0 22814.0 844.0
0.9453125 0.9184397459030151 1577.0 1330.0 22769.0 832.0
0.939453125 0.919458270072937 1538.0 1264.0 22835.0 871.0
0.94140625 0.9157990217208862 1610.0 1433.0 22666.0 799.0
0.916015625 0.9205899834632874 1550.0 1246.0 22853.0 859.0
0.923828125 0.9192319512367249 1549.0 1281.0 22818.0 860.0
0.923828125 0.9184020161628723 1548.0 1302.0 22797.0 861.0
0.9375 0.9191564917564392 1564.0 1298.0 22801.0 845.0
0.91796875 0.9182888269424438 1588.0 1345.0 22754.0 821.0
0.931640625 0.9213067889213562 1527.0 1204.0 22895.0 882.0
0.939453125 0.9194205403327942 1541.0 1268.0 22831.0 868.0
0.921875 0.9200618863105774 1552.0 1262.0 22837.0 857.0
0.935546875 0.9168930053710938 1558.0 1352.0 22747.0 851.0
0.91015625 0.9193073511123657 1530.0 1260.0 22839.0 879.0
0.9375 0.9198732376098633 1551.0 1266.0 22833.0 858.0
0.9375 0.9193828105926514 1551.0 1279.0 22820.0 858.0
0.947265625 0.918251097202301 1568.0 1326.0 22773.0 841.0
0.93359375 0.9195337295532227 1533.0 1257.0 22842.0 876.0
0.931640625 0.9179493188858032 1586.0 1352.0 22747.0 823.0
0.921875 0.9186283349990845 1576.0 1324.0 22775.0 833.0
0.92578125 0.9223630428314209 1564.0 1213.0 22886.0 845.0
0.935546875 0.9192319512367249 1577.0 1309.0 22790.0 832.0
0.931640625 0.9170816540718079 1589.0 1378.0 22721.0 820.0
0.92578125 0.9210804104804993 1536.0 1219.0 22880.0 873.0
0.923828125 0.920137345790863 1584.0 1292.0 22807.0 825.0
0.921875 0.9186283349990845 1568.0 1316.0 22783.0 841.0
0.9375 0.919684648513794 1544.0 1264.0 22835.0 865.0
0.9296875 0.9147427082061768 1619.0 1470.0 22629.0 790.0
0.94140625 0.9193073511123657 1584.0 1314.0 22785.0 825.0
0.919921875 0.920401394367218 1542.0 1243.0 22856.0 867.0
0.92578125 0.9188169836997986 1588.0 1331.0 22768.0 821.0
0.939453125 0.9197600483894348 1576.0 1294.0 22805.0 833.0
0.9296875 0.9191187620162964 1536.0 1271.0 22828.0 873.0
0.92578125 0.9198732376098633 1572.0 1287.0 22812.0 837.0
0.927734375 0.9191564917564392 1580.0 1314.0 22785.0 829.0
0.9296875 0.9186660647392273 1542.0 1289.0 22810.0 867.0
0.935546875 0.9205523133277893 1566.0 1263.0 22836.0 843.0
0.912109375 0.9170061945915222 1598.0 1389.0 22710.0 811.0
0.921875 0.917043924331665 1564.0 1354.0 22745.0 845.0
0.931640625 0.9207786321640015 1575.0 1266.0 22833.0 834.0
0.927734375 0.9200241565704346 1579.0 1290.0 22809.0 830.0
0.916015625 0.9176852107048035 1579.0 1352.0 22747.0 830.0
0.908203125 0.9202882051467896 1563.0 1267.0 22832.0 846.0
0.912109375 0.9190055727958679 1574.0 1312.0 22787.0 835.0
0.904296875 0.9204391241073608 1561.0 1261.0 22838.0 848.0
0.927734375 0.9187037944793701 1555.0 1301.0 22798.0 854.0
0.93359375 0.9168175458908081 1600.0 1396.0 22703.0 809.0
0.9296875 0.9172325134277344 1559.0 1344.0 22755.0 850.0
0.927734375 0.9211558699607849 1536.0 1217.0 22882.0 873.0
0.9140625 0.9200618863105774 1581.0 1291.0 22808.0 828.0
0.923828125 0.9196091890335083 1562.0 1284.0 22815.0 847.0
0.9375 0.9187792539596558 1557.0 1301.0 22798.0 852.0
0.9296875 0.9192319512367249 1565.0 1297.0 22802.0 844.0
0.919921875 0.9194205403327942 1547.0 1274.0 22825.0 862.0
0.93359375 0.9202882051467896 1559.0 1263.0 22836.0 850.0
0.931640625 0.9184397459030151 1556.0 1309.0 22790.0 853.0
0.94140625 0.9200241565704346 1573.0 1284.0 22815.0 836.0
0.912109375 0.9190810322761536 1586.0 1322.0 22777.0 823.0
0.939453125 0.9206277132034302 1562.0 1257.0 22842.0 847.0
0.904296875 0.9187415242195129 1563.0 1308.0 22791.0 846.0
0.9453125 0.9201750159263611 1560.0 1267.0 22832.0 849.0
0.9296875 0.9206277132034302 1555.0 1250.0 22849.0 854.0
0.912109375 0.921344518661499 1568.0 1244.0 22855.0 841.0
0.90625 0.9184020161628723 1562.0 1316.0 22783.0 847.0
0.9453125 0.920401394367218 1543.0 1244.0 22855.0 866.0
0.9296875 0.9213822484016418 1548.0 1223.0 22876.0 861.0
0.921875 0.9199864268302917 1545.0 1257.0 22842.0 864.0
0.931640625 0.9217217564582825 1557.0 1223.0 22876.0 852.0
0.9296875 0.9172325134277344 1569.0 1354.0 22745.0 840.0
0.927734375 0.9189301133155823 1560.0 1300.0 22799.0 849.0
0.931640625 0.9185906052589417 1571.0 1320.0 22779.0 838.0
0.927734375 0.9187037944793701 1560.0 1306.0 22793.0 849.0
0.921875 0.9201750159263611 1552.0 1259.0 22840.0 857.0
0.931640625 0.9214576482772827 1555.0 1228.0 22871.0 854.0
0.921875 0.9193828105926514 1552.0 1280.0 22819.0 857.0
0.953125 0.9220235347747803 1564.0 1222.0 22877.0 845.0
0.91796875 0.917534351348877 1605.0 1382.0 22717.0 804.0
0.927734375 0.9214576482772827 1534.0 1207.0 22892.0 875.0
0.916015625 0.920401394367218 1570.0 1271.0 22828.0 839.0
0.939453125 0.9204768538475037 1549.0 1248.0 22851.0 860.0
0.92578125 0.9215708374977112 1563.0 1233.0 22866.0 846.0
0.9296875 0.920665442943573 1569.0 1263.0 22836.0 840.0
0.919921875 0.9208918213844299 1549.0 1237.0 22862.0 860.0
0.935546875 0.9219480752944946 1561.0 1221.0 22878.0 848.0
0.939453125 0.9219480752944946 1548.0 1208.0 22891.0 861.0
0.935546875 0.9186660647392273 1562.0 1309.0 22790.0 847.0
0.931640625 0.9198355078697205 1574.0 1290.0 22809.0 835.0
0.9453125 0.9213822484016418 1551.0 1226.0 22873.0 858.0
0.919921875 0.920665442943573 1548.0 1242.0 22857.0 861.0
0.908203125 0.9173834323883057 1571.0 1352.0 22747.0 838.0
0.912109375 0.9176097512245178 1567.0 1342.0 22757.0 842.0
0.94921875 0.9191564917564392 1551.0 1285.0 22814.0 858.0
0.931640625 0.9207409024238586 1565.0 1257.0 22842.0 844.0
0.9296875 0.9182888269424438 1594.0 1351.0 22748.0 815.0
0.923828125 0.921608567237854 1551.0 1220.0 22879.0 858.0
0.9296875 0.9210804104804993 1552.0 1235.0 22864.0 857.0
0.921875 0.9219480752944946 1551.0 1211.0 22888.0 858.0
0.93359375 0.9172702431678772 1580.0 1364.0 22735.0 829.0
0.927734375 0.918251097202301 1570.0 1328.0 22771.0 839.0
0.931640625 0.9197977781295776 1572.0 1289.0 22810.0 837.0
0.94140625 0.919722318649292 1565.0 1284.0 22815.0 844.0
0.919921875 0.9244002103805542 1524.0 1119.0 22980.0 885.0
0.919921875 0.9190810322761536 1571.0 1307.0 22792.0 838.0
0.9296875 0.9190810322761536 1567.0 1303.0 22796.0 842.0
0.92578125 0.9207786321640015 1555.0 1246.0 22853.0 854.0
0.921875 0.9205899834632874 1548.0 1244.0 22855.0 861.0
0.939453125 0.923758864402771 1533.0 1145.0 22954.0 876.0
0.923828125 0.9187037944793701 1559.0 1305.0 22794.0 850.0
0.947265625 0.9193828105926514 1561.0 1289.0 22810.0 848.0
0.92578125 0.9180247187614441 1591.0 1355.0 22744.0 818.0
0.927734375 0.920401394367218 1566.0 1267.0 22832.0 843.0
0.9375 0.9214199781417847 1535.0 1209.0 22890.0 874.0
0.943359375 0.9196469187736511 1581.0 1302.0 22797.0 828.0
0.9375 0.9211935997009277 1530.0 1210.0 22889.0 879.0
0.916015625 0.9186660647392273 1582.0 1329.0 22770.0 827.0
0.92578125 0.9205145835876465 1566.0 1264.0 22835.0 843.0
0.921875 0.9197600483894348 1554.0 1272.0 22827.0 855.0
0.935546875 0.919194221496582 1555.0 1288.0 22811.0 854.0
0.94140625 0.919194221496582 1578.0 1311.0 22788.0 831.0
0.92578125 0.9229666590690613 1557.0 1190.0 22909.0 852.0
0.943359375 0.9194205403327942 1574.0 1301.0 22798.0 835.0
0.9140625 0.9200996160507202 1559.0 1268.0 22831.0 850.0
0.953125 0.920665442943573 1572.0 1266.0 22833.0 837.0
0.94140625 0.9168175458908081 1594.0 1390.0 22709.0 815.0
0.919921875 0.9229289293289185 1533.0 1167.0 22932.0 876.0
0.92578125 0.920401394367218 1577.0 1278.0 22821.0 832.0
0.91796875 0.9222121834754944 1558.0 1211.0 22888.0 851.0
0.923828125 0.9186660647392273 1568.0 1315.0 22784.0 841.0
0.9375 0.9177229404449463 1585.0 1357.0 22742.0 824.0
0.921875 0.9185528755187988 1602.0 1352.0 22747.0 807.0
0.931640625 0.9196469187736511 1532.0 1253.0 22846.0 877.0
0.931640625 0.9217594861984253 1559.0 1224.0 22875.0 850.0
0.9375 0.9217217564582825 1563.0 1229.0 22870.0 846.0
0.91796875 0.9187792539596558 1581.0 1325.0 22774.0 828.0
0.94140625 0.9215331077575684 1542.0 1213.0 22886.0 867.0
0.91796875 0.9184774160385132 1550.0 1302.0 22797.0 859.0
0.939453125 0.9204768538475037 1556.0 1255.0 22844.0 853.0
0.923828125 0.9216462969779968 1547.0 1215.0 22884.0 862.0
0.912109375 0.9216462969779968 1571.0 1239.0 22860.0 838.0
0.95703125 0.9207031726837158 1548.0 1241.0 22858.0 861.0
0.923828125 0.9207031726837158 1587.0 1280.0 22819.0 822.0
0.9375 0.9224007725715637 1517.0 1165.0 22934.0 892.0
0.9140625 0.9205899834632874 1554.0 1250.0 22849.0 855.0
0.94921875 0.9172702431678772 1617.0 1401.0 22698.0 792.0
0.935546875 0.9217217564582825 1552.0 1218.0 22881.0 857.0
0.943359375 0.9193450808525085 1574.0 1303.0 22796.0 835.0
0.935546875 0.9211558699607849 1568.0 1249.0 22850.0 841.0
0.93359375 0.9205523133277893 1592.0 1289.0 22810.0 817.0
0.93359375 0.9214953780174255 1541.0 1213.0 22886.0 868.0
0.927734375 0.9199109673500061 1591.0 1305.0 22794.0 818.0
0.94921875 0.9196091890335083 1586.0 1308.0 22791.0 823.0
0.935546875 0.9202127456665039 1598.0 1304.0 22795.0 811.0
0.916015625 0.9201750159263611 1568.0 1275.0 22824.0 841.0
0.90625 0.9199486970901489 1566.0 1279.0 22820.0 843.0
0.931640625 0.9159876108169556 1566.0 1384.0 22715.0 843.0
0.951171875 0.9182133674621582 1580.0 1339.0 22760.0 829.0
0.9296875 0.9180247187614441 1552.0 1316.0 22783.0 857.0
0.939453125 0.9198355078697205 1552.0 1268.0 22831.0 857.0
0.94140625 0.9202504754066467 1590.0 1295.0 22804.0 819.0
0.92578125 0.9196469187736511 1556.0 1277.0 22822.0 853.0
0.921875 0.9198732376098633 1569.0 1284.0 22815.0 840.0
0.921875 0.9196469187736511 1593.0 1314.0 22785.0 816.0
0.931640625 0.9219480752944946 1536.0 1196.0 22903.0 873.0
0.927734375 0.9203636646270752 1558.0 1260.0 22839.0 851.0
0.9375 0.9213822484016418 1579.0 1254.0 22845.0 830.0
0.9296875 0.9212690591812134 1560.0 1238.0 22861.0 849.0
0.92578125 0.9217217564582825 1562.0 1228.0 22871.0 847.0
0.931640625 0.9200241565704346 1562.0 1273.0 22826.0 847.0
0.91015625 0.9229666590690613 1566.0 1199.0 22900.0 843.0
0.94140625 0.9200618863105774 1550.0 1260.0 22839.0 859.0
0.9140625 0.9212313294410706 1565.0 1244.0 22855.0 844.0
0.927734375 0.9210049510002136 1571.0 1256.0 22843.0 838.0
0.92578125 0.9190810322761536 1551.0 1287.0 22812.0 858.0
0.939453125 0.919722318649292 1571.0 1290.0 22809.0 838.0
0.927734375 0.9177229404449463 1585.0 1357.0 22742.0 824.0
0.921875 0.9169684648513794 1578.0 1370.0 22729.0 831.0
0.931640625 0.9225139617919922 1549.0 1194.0 22905.0 860.0
0.931640625 0.9189301133155823 1596.0 1336.0 22763.0 813.0
0.92578125 0.9205523133277893 1531.0 1228.0 22871.0 878.0
0.9140625 0.9177229404449463 1563.0 1335.0 22764.0 846.0
0.931640625 0.9187792539596558 1592.0 1336.0 22763.0 817.0
0.947265625 0.9191564917564392 1565.0 1299.0 22800.0 844.0
0.943359375 0.9203636646270752 1586.0 1288.0 22811.0 823.0
0.93359375 0.9216840267181396 1525.0 1192.0 22907.0 884.0
0.951171875 0.9221367239952087 1571.0 1226.0 22873.0 838.0
0.9375 0.9168552756309509 1590.0 1385.0 22714.0 819.0
0.94921875 0.9222121834754944 1538.0 1191.0 22908.0 871.0
0.9140625 0.9208163619041443 1593.0 1283.0 22816.0 816.0
0.935546875 0.9229666590690613 1559.0 1192.0 22907.0 850.0
0.923828125 0.9209295511245728 1553.0 1240.0 22859.0 856.0
0.923828125 0.9221367239952087 1570.0 1225.0 22874.0 839.0
0.931640625 0.9232684373855591 1543.0 1168.0 22931.0 866.0
0.943359375 0.9209672808647156 1568.0 1254.0 22845.0 841.0
0.94140625 0.921344518661499 1552.0 1228.0 22871.0 857.0
0.9375 0.9195714592933655 1533.0 1256.0 22843.0 876.0
0.939453125 0.9202504754066467 1581.0 1286.0 22813.0 828.0
0.9296875 0.9233061671257019 1536.0 1160.0 22939.0 873.0
0.91015625 0.9203636646270752 1572.0 1274.0 22825.0 837.0
0.9453125 0.920401394367218 1563.0 1264.0 22835.0 846.0
0.927734375 0.9217972159385681 1562.0 1226.0 22873.0 847.0
0.923828125 0.9173834323883057 1588.0 1369.0 22730.0 821.0
0.91796875 0.921344518661499 1557.0 1233.0 22866.0 852.0
0.923828125 0.9221367239952087 1555.0 1210.0 22889.0 854.0
0.939453125 0.919684648513794 1597.0 1317.0 22782.0 812.0
0.927734375 0.9179493188858032 1576.0 1342.0 22757.0 833.0
0.931640625 0.9235702157020569 1559.0 1176.0 22923.0 850.0
0.931640625 0.9209672808647156 1593.0 1279.0 22820.0 816.0
0.916015625 0.9186660647392273 1590.0 1337.0 22762.0 819.0
0.947265625 0.9232307076454163 1543.0 1169.0 22930.0 866.0
0.927734375 0.9208918213844299 1570.0 1258.0 22841.0 839.0
0.921875 0.9208540916442871 1556.0 1245.0 22854.0 853.0
0.939453125 0.9179493188858032 1608.0 1374.0 22725.0 801.0
0.94140625 0.9234193563461304 1565.0 1185.0 22913.0 844.0
0.9296875 0.9209295511245728 1569.0 1256.0 22843.0 840.0
0.91796875 0.9235702157020569 1528.0 1145.0 22954.0 881.0
0.927734375 0.9227025508880615 1535.0 1175.0 22924.0 874.0
0.935546875 0.9175720810890198 1598.0 1374.0 22725.0 811.0
0.9453125 0.9188547134399414 1604.0 1346.0 22753.0 805.0
0.923828125 0.9208918213844299 1578.0 1266.0 22833.0 831.0
0.900390625 0.9208163619041443 1565.0 1255.0 22844.0 844.0
0.916015625 0.9186660647392273 1582.0 1329.0 22770.0 827.0
0.947265625 0.9201750159263611 1578.0 1285.0 22814.0 831.0
0.921875 0.9215331077575684 1554.0 1225.0 22874.0 855.0
0.9375 0.9219480752944946 1564.0 1224.0 22875.0 845.0
0.9140625 0.9187415242195129 1604.0 1349.0 22750.0 805.0
0.93359375 0.9204768538475037 1591.0 1290.0 22809.0 818.0
0.919921875 0.9222875833511353 1558.0 1209.0 22890.0 851.0
0.91796875 0.9181001782417297 1590.0 1352.0 22747.0 819.0
0.92578125 0.9236079454421997 1546.0 1162.0 22937.0 863.0
0.923828125 0.9216462969779968 1555.0 1223.0 22876.0 854.0
