0.474609375 0.4757809042930603 934.0 12421.0 11678.0 1475.0
0.7451171875 0.7433227896690369 720.0 5115.0 18984.0 1689.0
0.783203125 0.801871120929718 751.0 3594.0 20505.0 1658.0
0.828125 0.820469319820404 773.0 3123.0 20976.0 1636.0
0.8232421875 0.8311452865600586 812.0 2879.0 21220.0 1597.0
0.85546875 0.8434435129165649 784.0 2525.0 21574.0 1625.0
0.86328125 0.8534027338027954 812.0 2289.0 21810.0 1597.0
0.8642578125 0.8635883331298828 799.0 2006.0 22093.0 1610.0
0.87109375 0.8707937002182007 834.0 1850.0 22249.0 1575.0
0.8876953125 0.8818469643592834 807.0 1530.0 22569.0 1602.0
0.8955078125 0.8883733153343201 787.0 1337.0 22762.0 1622.0
0.8974609375 0.8930511474609375 775.0 1201.0 22898.0 1634.0
0.9072265625 0.8965595364570618 754.0 1087.0 23012.0 1655.0
0.900390625 0.89938884973526 750.0 1008.0 23091.0 1659.0
0.890625 0.9013505578041077 761.0 967.0 23132.0 1648.0
0.9150390625 0.9037649035453796 720.0 862.0 23237.0 1689.0
0.912109375 0.9042553305625916 733.0 862.0 23237.0 1676.0
0.9111328125 0.9046702980995178 749.0 867.0 23232.0 1660.0
0.91015625 0.9056134223937988 765.0 858.0 23241.0 1644.0
0.9150390625 0.9050098061561584 767.0 876.0 23223.0 1642.0
0.9150390625 0.9050098061561584 776.0 885.0 23214.0 1633.0
0.92578125 0.9050852656364441 789.0 896.0 23203.0 1620.0
0.8974609375 0.9068583250045776 777.0 837.0 23262.0 1632.0
0.900390625 0.9048588871955872 800.0 913.0 23186.0 1609.0
0.904296875 0.9056888222694397 795.0 886.0 23213.0 1614.0
0.90234375 0.9054625034332275 820.0 917.0 23182.0 1589.0
0.912109375 0.905575692653656 804.0 898.0 23201.0 1605.0
0.904296875 0.9059152007102966 804.0 889.0 23210.0 1605.0
0.8984375 0.9062547087669373 820.0 896.0 23203.0 1589.0
0.90234375 0.9054625034332275 821.0 918.0 23181.0 1588.0
0.890625 0.906103789806366 826.0 906.0 23193.0 1583.0
0.90625 0.9049720764160156 831.0 941.0 23158.0 1578.0
0.89453125 0.9056134223937988 837.0 930.0 23169.0 1572.0
0.9130859375 0.9045948386192322 861.0 981.0 23118.0 1548.0
0.9091796875 0.9051607251167297 848.0 953.0 23146.0 1561.0
0.9111328125 0.9045571088790894 862.0 983.0 23116.0 1547.0
0.904296875 0.9045948386192322 861.0 981.0 23118.0 1548.0
0.912109375 0.9055002331733704 872.0 968.0 23131.0 1537.0
0.9140625 0.9050852656364441 877.0 984.0 23115.0 1532.0
0.91015625 0.9060661196708679 877.0 958.0 23141.0 1532.0
0.921875 0.905839741230011 880.0 967.0 23132.0 1529.0
0.9033203125 0.90489661693573 878.0 990.0 23109.0 1531.0
0.9111328125 0.90489661693573 896.0 1008.0 23091.0 1513.0
0.9052734375 0.9042930603027344 910.0 1038.0 23061.0 1499.0
0.912109375 0.9049343466758728 908.0 1019.0 23080.0 1501.0
0.912109375 0.9050475358963013 926.0 1034.0 23065.0 1483.0
0.9111328125 0.9058020114898682 903.0 991.0 23108.0 1506.0
0.9150390625 0.9046702980995178 909.0 1027.0 23072.0 1500.0
0.9072265625 0.9051229953765869 919.0 1025.0 23074.0 1490.0
0.9013671875 0.9060661196708679 914.0 995.0 23104.0 1495.0
0.892578125 0.9059152007102966 915.0 1000.0 23099.0 1494.0
0.8994140625 0.9056134223937988 944.0 1037.0 23062.0 1465.0
0.908203125 0.9058020114898682 928.0 1016.0 23083.0 1481.0
0.90625 0.906103789806366 920.0 1000.0 23099.0 1489.0
0.9130859375 0.9048211574554443 950.0 1064.0 23035.0 1459.0
0.908203125 0.9062924385070801 935.0 1010.0 23089.0 1474.0
0.9033203125 0.9057265520095825 956.0 1046.0 23053.0 1453.0
0.9140625 0.9051607251167297 957.0 1062.0 23037.0 1452.0
0.916015625 0.9059906601905823 967.0 1050.0 23049.0 1442.0
0.91796875 0.906103789806366 949.0 1029.0 23070.0 1460.0
0.9033203125 0.9066319465637207 954.0 1020.0 23079.0 1455.0
0.908203125 0.9047080278396606 986.0 1103.0 22996.0 1423.0
0.896484375 0.9062547087669373 994.0 1070.0 23029.0 1415.0
0.916015625 0.9061415195465088 966.0 1045.0 23054.0 1443.0
0.9111328125 0.9051607251167297 981.0 1086.0 23013.0 1428.0
0.9208984375 0.9058020114898682 984.0 1072.0 23027.0 1425.0
0.912109375 0.9062169790267944 968.0 1045.0 23054.0 1441.0
0.912109375 0.9063301682472229 978.0 1052.0 23047.0 1431.0
0.9091796875 0.9057642817497253 977.0 1066.0 23033.0 1432.0
0.9091796875 0.9065564870834351 984.0 1052.0 23047.0 1425.0
0.9248046875 0.9060661196708679 1002.0 1083.0 23016.0 1407.0
0.9091796875 0.9065187573432922 981.0 1050.0 23049.0 1428.0
0.9091796875 0.905575692653656 1010.0 1104.0 22995.0 1399.0
0.90625 0.9059906601905823 1006.0 1089.0 23010.0 1403.0
0.912109375 0.9055379629135132 1006.0 1101.0 22998.0 1403.0
0.8955078125 0.9054247736930847 1029.0 1127.0 22972.0 1380.0
0.921875 0.9062169790267944 1011.0 1088.0 23011.0 1398.0
0.9150390625 0.9048588871955872 1027.0 1140.0 22959.0 1382.0
0.91796875 0.9060283899307251 1024.0 1106.0 22993.0 1385.0
0.91015625 0.9068205952644348 1027.0 1088.0 23011.0 1382.0
0.91796875 0.9064810872077942 1027.0 1097.0 23002.0 1382.0
0.91015625 0.905575692653656 1040.0 1134.0 22965.0 1369.0
0.9189453125 0.905575692653656 1041.0 1135.0 22964.0 1368.0
0.9169921875 0.9066319465637207 1030.0 1096.0 23003.0 1379.0
0.923828125 0.9070846438407898 1024.0 1078.0 23021.0 1385.0
0.91796875 0.9062547087669373 1029.0 1105.0 22994.0 1380.0
0.908203125 0.9067451357841492 1036.0 1099.0 23000.0 1373.0
0.9296875 0.9063678979873657 1045.0 1118.0 22981.0 1364.0
0.9130859375 0.9060283899307251 1037.0 1119.0 22980.0 1372.0
0.9033203125 0.9064433574676514 1024.0 1095.0 23004.0 1385.0
0.916015625 0.9068205952644348 1031.0 1092.0 23007.0 1378.0
0.90625 0.905839741230011 1063.0 1150.0 22949.0 1346.0
0.9169921875 0.9070846438407898 1044.0 1098.0 23001.0 1365.0
0.9189453125 0.9078013896942139 1038.0 1073.0 23026.0 1371.0
0.91015625 0.9074996113777161 1048.0 1091.0 23008.0 1361.0
0.9111328125 0.9060661196708679 1052.0 1133.0 22966.0 1357.0
0.9189453125 0.9061415195465088 1036.0 1115.0 22984.0 1373.0
0.9130859375 0.9067451357841492 1027.0 1090.0 23009.0 1382.0
0.9130859375 0.9069337844848633 1054.0 1112.0 22987.0 1355.0
0.9228515625 0.9059529304504395 1055.0 1139.0 22960.0 1354.0
0.9130859375 0.9066319465637207 1079.0 1145.0 22954.0 1330.0
0.9189453125 0.9073864221572876 1046.0 1092.0 23007.0 1363.0
0.9091796875 0.907046914100647 1048.0 1103.0 22996.0 1361.0
0.916015625 0.9063678979873657 1073.0 1146.0 22953.0 1336.0
0.8974609375 0.9068960547447205 1068.0 1127.0 22972.0 1341.0
0.9306640625 0.9068205952644348 1072.0 1133.0 22966.0 1337.0
0.9140625 0.9068960547447205 1066.0 1125.0 22974.0 1343.0
0.912109375 0.9075750708580017 1055.0 1096.0 23003.0 1354.0
0.9189453125 0.9066696763038635 1077.0 1142.0 22957.0 1332.0
0.9169921875 0.9069337844848633 1059.0 1117.0 22982.0 1350.0
0.91015625 0.9080654978752136 1053.0 1081.0 23018.0 1356.0
0.9052734375 0.9068583250045776 1083.0 1143.0 22956.0 1326.0
0.9150390625 0.9080654978752136 1062.0 1090.0 23009.0 1347.0
0.90625 0.9069714546203613 1084.0 1141.0 22958.0 1325.0
0.90625 0.9064056277275085 1096.0 1168.0 22931.0 1313.0
0.900390625 0.9077637195587158 1092.0 1128.0 22971.0 1317.0
0.9130859375 0.9081786870956421 1074.0 1099.0 23000.0 1335.0
0.91796875 0.9080654978752136 1085.0 1113.0 22986.0 1324.0
0.9091796875 0.9073110222816467 1088.0 1136.0 22963.0 1321.0
0.9052734375 0.9085936546325684 1093.0 1107.0 22992.0 1316.0
0.91015625 0.9071601033210754 1093.0 1145.0 22954.0 1316.0
0.9150390625 0.9085181951522827 1096.0 1112.0 22987.0 1313.0
0.9150390625 0.9079523086547852 1086.0 1117.0 22982.0 1323.0
0.9140625 0.9078013896942139 1102.0 1137.0 22962.0 1307.0
0.9150390625 0.9084804654121399 1092.0 1109.0 22990.0 1317.0
0.904296875 0.908254086971283 1110.0 1133.0 22966.0 1299.0
0.9052734375 0.9085936546325684 1097.0 1111.0 22988.0 1312.0
0.8984375 0.9080277681350708 1100.0 1129.0 22970.0 1309.0
0.9189453125 0.9080277681350708 1120.0 1149.0 22950.0 1289.0
0.90234375 0.9084050059318542 1104.0 1123.0 22976.0 1305.0
0.908203125 0.9094613194465637 1099.0 1090.0 23009.0 1310.0
0.8935546875 0.9095367193222046 1099.0 1088.0 23011.0 1310.0
0.900390625 0.908254086971283 1108.0 1131.0 22968.0 1301.0
0.9033203125 0.9090840220451355 1107.0 1108.0 22991.0 1302.0
0.916015625 0.9078768491744995 1124.0 1157.0 22942.0 1285.0
0.9072265625 0.9091594815254211 1107.0 1106.0 22993.0 1302.0
0.9130859375 0.9086690545082092 1123.0 1135.0 22964.0 1286.0
0.9072265625 0.9085559248924255 1128.0 1143.0 22956.0 1281.0
0.90625 0.9090086221694946 1122.0 1125.0 22974.0 1287.0
0.9267578125 0.9081409573554993 1129.0 1155.0 22944.0 1280.0
0.9169921875 0.9084427356719971 1119.0 1137.0 22962.0 1290.0
0.921875 0.9090086221694946 1132.0 1135.0 22964.0 1277.0
0.9130859375 0.90987628698349 1120.0 1100.0 22999.0 1289.0
0.9208984375 0.9094613194465637 1139.0 1130.0 22969.0 1270.0
0.92578125 0.9093858599662781 1120.0 1113.0 22986.0 1289.0
0.9130859375 0.9085936546325684 1133.0 1147.0 22952.0 1276.0
0.9052734375 0.9087822437286377 1136.0 1145.0 22954.0 1273.0
0.9091796875 0.909197211265564 1135.0 1133.0 22966.0 1274.0
0.912109375 0.9090086221694946 1135.0 1138.0 22961.0 1274.0
0.916015625 0.908254086971283 1148.0 1171.0 22928.0 1261.0
0.9111328125 0.9084050059318542 1144.0 1163.0 22936.0 1265.0
0.91796875 0.9094989895820618 1141.0 1131.0 22968.0 1268.0
0.9169921875 0.9095367193222046 1146.0 1135.0 22964.0 1263.0
0.896484375 0.9086313843727112 1139.0 1152.0 22947.0 1270.0
0.916015625 0.9091217517852783 1139.0 1139.0 22960.0 1270.0
0.9150390625 0.9091217517852783 1136.0 1136.0 22963.0 1273.0
0.916015625 0.9084050059318542 1168.0 1187.0 22912.0 1241.0
0.912109375 0.9088954329490662 1156.0 1162.0 22937.0 1253.0
0.9169921875 0.9101780652999878 1127.0 1099.0 23000.0 1282.0
0.912109375 0.9095744490623474 1149.0 1137.0 22962.0 1260.0
0.921875 0.9095744490623474 1165.0 1153.0 22946.0 1244.0
0.92578125 0.9098008275032043 1156.0 1138.0 22961.0 1253.0
0.9189453125 0.9098008275032043 1172.0 1154.0 22945.0 1237.0
0.9091796875 0.90987628698349 1165.0 1145.0 22954.0 1244.0
0.9052734375 0.90987628698349 1155.0 1135.0 22964.0 1254.0
0.92578125 0.9106307625770569 1156.0 1116.0 22983.0 1253.0
0.9140625 0.9105175733566284 1144.0 1107.0 22992.0 1265.0
0.916015625 0.9098008275032043 1174.0 1156.0 22943.0 1235.0
0.91015625 0.9099140167236328 1199.0 1178.0 22921.0 1210.0
0.923828125 0.9112343192100525 1177.0 1121.0 22978.0 1232.0
0.9072265625 0.9097630977630615 1186.0 1169.0 22930.0 1223.0
0.9130859375 0.9106307625770569 1175.0 1135.0 22964.0 1234.0
0.9130859375 0.9106684923171997 1176.0 1135.0 22964.0 1233.0
0.9091796875 0.9105553030967712 1168.0 1130.0 22969.0 1241.0
0.9169921875 0.9109702706336975 1175.0 1126.0 22973.0 1234.0
0.904296875 0.9105175733566284 1194.0 1157.0 22942.0 1215.0
0.921875 0.9099894165992737 1186.0 1163.0 22936.0 1223.0
0.9052734375 0.9110080003738403 1175.0 1125.0 22974.0 1234.0
0.9091796875 0.9107816219329834 1190.0 1146.0 22953.0 1219.0
0.9150390625 0.9096876382827759 1192.0 1177.0 22922.0 1217.0
0.9130859375 0.911083459854126 1190.0 1138.0 22961.0 1219.0
0.904296875 0.9115361571311951 1194.0 1130.0 22969.0 1215.0
0.8984375 0.9104798436164856 1211.0 1175.0 22924.0 1198.0
0.916015625 0.9107816219329834 1210.0 1166.0 22933.0 1199.0
0.9140625 0.9107816219329834 1203.0 1159.0 22940.0 1206.0
0.9208984375 0.911347508430481 1201.0 1142.0 22957.0 1208.0
0.9140625 0.9104798436164856 1195.0 1159.0 22940.0 1214.0
0.9189453125 0.9106307625770569 1202.0 1162.0 22937.0 1207.0
0.9052734375 0.9111966490745544 1212.0 1157.0 22942.0 1197.0
0.931640625 0.9100271463394165 1201.0 1177.0 22922.0 1208.0
0.9130859375 0.910140335559845 1207.0 1180.0 22919.0 1202.0
0.9296875 0.9115361571311951 1210.0 1146.0 22953.0 1199.0
0.927734375 0.9100648760795593 1224.0 1199.0 22900.0 1185.0
0.923828125 0.9099516868591309 1205.0 1183.0 22916.0 1204.0
0.912109375 0.9106684923171997 1205.0 1164.0 22935.0 1204.0
0.9228515625 0.9103666543960571 1204.0 1171.0 22928.0 1205.0
0.9130859375 0.9113852381706238 1200.0 1140.0 22959.0 1209.0
0.91796875 0.9109325408935547 1208.0 1160.0 22939.0 1201.0
0.921875 0.911347508430481 1211.0 1152.0 22947.0 1198.0
0.9140625 0.9124415516853333 1216.0 1128.0 22971.0 1193.0
0.91796875 0.911083459854126 1214.0 1162.0 22937.0 1195.0
0.923828125 0.9125169515609741 1229.0 1139.0 22960.0 1180.0
0.908203125 0.9119511246681213 1215.0 1140.0 22959.0 1194.0
0.8984375 0.9106307625770569 1225.0 1185.0 22914.0 1184.0
0.92578125 0.9111211895942688 1226.0 1173.0 22926.0 1183.0
0.9130859375 0.9113852381706238 1219.0 1159.0 22940.0 1190.0
0.91015625 0.9116870164871216 1212.0 1144.0 22955.0 1197.0
0.9091796875 0.9117247462272644 1232.0 1163.0 22936.0 1177.0
0.9248046875 0.9111211895942688 1221.0 1168.0 22931.0 1188.0
0.9140625 0.9110080003738403 1247.0 1197.0 22902.0 1162.0
0.91796875 0.9119133949279785 1222.0 1148.0 22951.0 1187.0
0.9052734375 0.9114606976509094 1218.0 1156.0 22943.0 1191.0
0.916015625 0.9104798436164856 1236.0 1200.0 22899.0 1173.0
0.9169921875 0.9119133949279785 1215.0 1141.0 22958.0 1194.0
0.9072265625 0.9101780652999878 1231.0 1203.0 22896.0 1178.0
0.9228515625 0.9111589193344116 1222.0 1168.0 22931.0 1187.0
0.9228515625 0.9112720489501953 1232.0 1175.0 22924.0 1177.0
0.9130859375 0.9116870164871216 1216.0 1148.0 22951.0 1193.0
0.9130859375 0.9115738868713379 1234.0 1169.0 22930.0 1175.0
0.916015625 0.9112343192100525 1244.0 1188.0 22911.0 1165.0
0.91796875 0.9112343192100525 1238.0 1182.0 22917.0 1171.0
0.9189453125 0.9119888544082642 1243.0 1167.0 22932.0 1166.0
0.912109375 0.9123660922050476 1240.0 1154.0 22945.0 1169.0
0.9296875 0.9114229679107666 1254.0 1193.0 22906.0 1155.0
0.92578125 0.912026584148407 1232.0 1155.0 22944.0 1177.0
0.91796875 0.9114984273910522 1266.0 1203.0 22896.0 1143.0
0.9326171875 0.9125546813011169 1236.0 1145.0 22954.0 1173.0
0.93359375 0.9122529029846191 1248.0 1165.0 22934.0 1161.0
0.9208984375 0.9119133949279785 1235.0 1161.0 22938.0 1174.0
0.931640625 0.91180020570755 1251.0 1180.0 22919.0 1158.0
0.9248046875 0.9122151732444763 1248.0 1166.0 22933.0 1161.0
0.9189453125 0.9119888544082642 1263.0 1187.0 22912.0 1146.0
0.9287109375 0.9116116166114807 1256.0 1190.0 22909.0 1153.0
0.8984375 0.9121774435043335 1251.0 1170.0 22929.0 1158.0
0.9072265625 0.9128942489624023 1247.0 1147.0 22952.0 1162.0
0.9150390625 0.9122151732444763 1239.0 1157.0 22942.0 1170.0
0.9169921875 0.9124415516853333 1240.0 1152.0 22947.0 1169.0
0.9150390625 0.9131205677986145 1242.0 1136.0 22963.0 1167.0
0.92578125 0.9119511246681213 1258.0 1183.0 22916.0 1151.0
0.9248046875 0.9121774435043335 1272.0 1191.0 22908.0 1137.0
0.90625 0.9121397137641907 1252.0 1172.0 22927.0 1157.0
0.92578125 0.9121774435043335 1248.0 1167.0 22932.0 1161.0
0.9287109375 0.9122151732444763 1266.0 1184.0 22915.0 1143.0
0.927734375 0.9116492867469788 1256.0 1189.0 22910.0 1153.0
0.9169921875 0.9124415516853333 1243.0 1155.0 22944.0 1166.0
0.9140625 0.9126301407814026 1267.0 1174.0 22925.0 1142.0
0.94140625 0.9123283624649048 1282.0 1197.0 22902.0 1127.0
0.923828125 0.9124792218208313 1255.0 1166.0 22933.0 1154.0
0.919921875 0.9116492867469788 1267.0 1200.0 22899.0 1142.0
0.9033203125 0.912290632724762 1256.0 1172.0 22927.0 1153.0
0.9130859375 0.9134600758552551 1269.0 1154.0 22945.0 1140.0
0.9091796875 0.9127810597419739 1275.0 1178.0 22921.0 1134.0
0.912109375 0.912743330001831 1263.0 1167.0 22932.0 1146.0
0.921875 0.9121397137641907 1283.0 1203.0 22896.0 1126.0
0.9208984375 0.9128942489624023 1270.0 1170.0 22929.0 1139.0
0.9091796875 0.9139127731323242 1279.0 1152.0 22947.0 1130.0
0.9248046875 0.9130828380584717 1285.0 1180.0 22919.0 1124.0
0.90625 0.9131205677986145 1269.0 1163.0 22936.0 1140.0
0.921875 0.9146672487258911 1277.0 1130.0 22969.0 1132.0
0.92578125 0.9131205677986145 1287.0 1181.0 22918.0 1122.0
0.9130859375 0.9137241840362549 1275.0 1153.0 22946.0 1134.0
0.9111328125 0.9136487245559692 1285.0 1165.0 22934.0 1124.0
0.912109375 0.9133846163749695 1293.0 1180.0 22919.0 1116.0
0.91015625 0.9138750433921814 1279.0 1153.0 22946.0 1130.0
0.9150390625 0.9131205677986145 1298.0 1192.0 22907.0 1111.0
0.9326171875 0.9138373136520386 1297.0 1172.0 22927.0 1112.0
0.91796875 0.9145163893699646 1285.0 1142.0 22957.0 1124.0
0.923828125 0.9142900109291077 1309.0 1172.0 22927.0 1100.0
0.904296875 0.9138750433921814 1306.0 1180.0 22919.0 1103.0
0.923828125 0.9140259623527527 1299.0 1169.0 22930.0 1110.0
0.921875 0.9134600758552551 1283.0 1168.0 22931.0 1126.0
0.927734375 0.914214551448822 1310.0 1175.0 22924.0 1099.0
0.9228515625 0.914176881313324 1291.0 1157.0 22942.0 1118.0
0.9228515625 0.9147427082061768 1302.0 1153.0 22946.0 1107.0
0.931640625 0.9148181676864624 1280.0 1129.0 22970.0 1129.0
0.912109375 0.9151199460029602 1285.0 1126.0 22973.0 1124.0
0.90625 0.9142522811889648 1294.0 1158.0 22941.0 1115.0
0.9130859375 0.9145918488502502 1296.0 1151.0 22948.0 1113.0
0.9140625 0.9129696488380432 1328.0 1226.0 22873.0 1081.0
0.9189453125 0.9146672487258911 1298.0 1151.0 22948.0 1111.0
0.921875 0.9144786596298218 1289.0 1147.0 22952.0 1120.0
0.919921875 0.9142900109291077 1298.0 1161.0 22938.0 1111.0
0.9130859375 0.9143277406692505 1309.0 1171.0 22928.0 1100.0
0.9248046875 0.9147427082061768 1289.0 1140.0 22959.0 1120.0
0.9287109375 0.9151199460029602 1318.0 1159.0 22940.0 1091.0
0.92578125 0.9137618541717529 1322.0 1199.0 22900.0 1087.0
0.9150390625 0.9136487245559692 1332.0 1212.0 22887.0 1077.0
0.9208984375 0.9139127731323242 1320.0 1193.0 22906.0 1089.0
0.927734375 0.9136487245559692 1317.0 1197.0 22902.0 1092.0
0.919921875 0.9146672487258911 1295.0 1148.0 22951.0 1114.0
0.9130859375 0.9137241840362549 1322.0 1200.0 22899.0 1087.0
0.927734375 0.9146295189857483 1315.0 1169.0 22930.0 1094.0
0.91796875 0.914176881313324 1301.0 1167.0 22932.0 1108.0
0.921875 0.9147427082061768 1304.0 1155.0 22944.0 1105.0
0.9228515625 0.9138373136520386 1315.0 1190.0 22909.0 1094.0
0.939453125 0.9140636920928955 1302.0 1171.0 22928.0 1107.0
0.927734375 0.9138750433921814 1305.0 1179.0 22920.0 1104.0
0.9228515625 0.9133846163749695 1317.0 1204.0 22895.0 1092.0
0.92578125 0.9134600758552551 1308.0 1193.0 22906.0 1101.0
0.92578125 0.9132714867591858 1301.0 1191.0 22908.0 1108.0
0.9296875 0.9131582975387573 1313.0 1206.0 22893.0 1096.0
0.9140625 0.913233757019043 1288.0 1179.0 22920.0 1121.0
0.9169921875 0.9125546813011169 1306.0 1215.0 22884.0 1103.0
0.912109375 0.9140259623527527 1310.0 1180.0 22919.0 1099.0
0.9140625 0.9137618541717529 1317.0 1194.0 22905.0 1092.0
0.93359375 0.914214551448822 1321.0 1186.0 22913.0 1088.0
0.9150390625 0.914214551448822 1316.0 1181.0 22918.0 1093.0
0.921875 0.9136109948158264 1320.0 1201.0 22898.0 1089.0
0.91796875 0.9147427082061768 1305.0 1156.0 22943.0 1104.0
0.9169921875 0.9147804379463196 1318.0 1168.0 22931.0 1091.0
0.9072265625 0.914176881313324 1320.0 1186.0 22913.0 1089.0
0.9248046875 0.9136864542961121 1314.0 1193.0 22906.0 1095.0
0.9326171875 0.9146672487258911 1312.0 1165.0 22934.0 1097.0
0.919921875 0.9145918488502502 1303.0 1158.0 22941.0 1106.0
0.9296875 0.9141014218330383 1309.0 1177.0 22922.0 1100.0
0.931640625 0.9133092164993286 1309.0 1198.0 22901.0 1100.0
0.908203125 0.9130828380584717 1321.0 1216.0 22883.0 1088.0
0.9365234375 0.9128187894821167 1337.0 1239.0 22860.0 1072.0
0.9248046875 0.9133092164993286 1323.0 1212.0 22887.0 1086.0
0.9287109375 0.9130828380584717 1338.0 1233.0 22866.0 1071.0
0.9306640625 0.9138750433921814 1325.0 1199.0 22900.0 1084.0
0.9208984375 0.9135732650756836 1332.0 1214.0 22885.0 1077.0
0.9248046875 0.9141391515731812 1322.0 1189.0 22910.0 1087.0
0.923828125 0.9137995839118958 1316.0 1192.0 22907.0 1093.0
0.9150390625 0.9134600758552551 1346.0 1231.0 22868.0 1063.0
0.91015625 0.9140636920928955 1324.0 1193.0 22906.0 1085.0
0.900390625 0.914440929889679 1307.0 1166.0 22933.0 1102.0
0.919921875 0.9142522811889648 1320.0 1184.0 22915.0 1089.0
0.919921875 0.9144786596298218 1326.0 1184.0 22915.0 1083.0
0.927734375 0.9144032001495361 1321.0 1181.0 22918.0 1088.0
0.9267578125 0.9151954054832458 1323.0 1162.0 22937.0 1086.0
0.9208984375 0.9147049784660339 1322.0 1174.0 22925.0 1087.0
0.919921875 0.9137995839118958 1337.0 1213.0 22886.0 1072.0
0.923828125 0.914214551448822 1341.0 1206.0 22893.0 1068.0
0.92578125 0.9145541191101074 1350.0 1206.0 22893.0 1059.0
0.92578125 0.9154971837997437 1326.0 1157.0 22942.0 1083.0
0.9228515625 0.9152708649635315 1330.0 1167.0 22932.0 1079.0
0.9150390625 0.9147427082061768 1315.0 1166.0 22933.0 1094.0
0.9169921875 0.9134223461151123 1333.0 1219.0 22880.0 1076.0
0.927734375 0.9140259623527527 1338.0 1208.0 22891.0 1071.0
0.923828125 0.9138373136520386 1338.0 1213.0 22886.0 1071.0
0.919921875 0.9140259623527527 1330.0 1200.0 22899.0 1079.0
0.935546875 0.9133468866348267 1349.0 1237.0 22862.0 1060.0
0.904296875 0.9149690866470337 1318.0 1163.0 22936.0 1091.0
0.921875 0.915157675743103 1343.0 1183.0 22916.0 1066.0
0.9150390625 0.9152331352233887 1340.0 1178.0 22921.0 1069.0
0.931640625 0.9147427082061768 1332.0 1183.0 22916.0 1077.0
0.919921875 0.9159121513366699 1330.0 1150.0 22949.0 1079.0
0.9296875 0.9148181676864624 1341.0 1190.0 22909.0 1068.0
0.921875 0.9150444865226746 1334.0 1177.0 22922.0 1075.0
0.9169921875 0.914440929889679 1342.0 1201.0 22898.0 1067.0
0.9189453125 0.914893627166748 1324.0 1171.0 22928.0 1085.0
0.91796875 0.9139882326126099 1329.0 1200.0 22899.0 1080.0
0.919921875 0.9147804379463196 1349.0 1199.0 22900.0 1060.0
0.923828125 0.9134223461151123 1350.0 1236.0 22863.0 1059.0
0.9287109375 0.9136487245559692 1337.0 1217.0 22882.0 1072.0
0.9208984375 0.914440929889679 1324.0 1183.0 22916.0 1085.0
0.923828125 0.9132714867591858 1327.0 1217.0 22882.0 1082.0
0.9296875 0.9143277406692505 1336.0 1198.0 22901.0 1073.0
0.919921875 0.9141391515731812 1340.0 1207.0 22892.0 1069.0
0.9091796875 0.914440929889679 1336.0 1195.0 22904.0 1073.0
0.9326171875 0.9138373136520386 1346.0 1221.0 22878.0 1063.0
0.9287109375 0.9156103730201721 1334.0 1162.0 22937.0 1075.0
0.927734375 0.914893627166748 1339.0 1186.0 22913.0 1070.0
0.9296875 0.9156481027603149 1330.0 1157.0 22942.0 1079.0
0.9228515625 0.914893627166748 1349.0 1196.0 22903.0 1060.0
0.9228515625 0.9144786596298218 1357.0 1215.0 22884.0 1052.0
0.9248046875 0.9156858325004578 1332.0 1157.0 22941.0 1077.0
0.91015625 0.9147427082061768 1343.0 1194.0 22905.0 1066.0
0.9248046875 0.9139882326126099 1349.0 1220.0 22879.0 1060.0
0.931640625 0.9139882326126099 1344.0 1215.0 22884.0 1065.0
0.92578125 0.9154217839241028 1321.0 1154.0 22945.0 1088.0
0.92578125 0.9144032001495361 1340.0 1200.0 22899.0 1069.0
0.9345703125 0.9160630702972412 1318.0 1134.0 22965.0 1091.0
0.9140625 0.9151199460029602 1356.0 1197.0 22902.0 1053.0
0.92578125 0.9144786596298218 1337.0 1195.0 22904.0 1072.0
0.9150390625 0.914176881313324 1363.0 1229.0 22870.0 1046.0
0.927734375 0.9142900109291077 1350.0 1213.0 22886.0 1059.0
0.9169921875 0.9156103730201721 1355.0 1183.0 22916.0 1054.0
0.9248046875 0.9145541191101074 1351.0 1207.0 22892.0 1058.0
0.9345703125 0.9143654704093933 1348.0 1209.0 22890.0 1061.0
0.931640625 0.9159121513366699 1349.0 1169.0 22930.0 1060.0
0.9208984375 0.9142900109291077 1350.0 1213.0 22886.0 1059.0
0.912109375 0.914214551448822 1325.0 1190.0 22909.0 1084.0
0.912109375 0.9141391515731812 1371.0 1238.0 22861.0 1038.0
0.91796875 0.9146295189857483 1361.0 1215.0 22884.0 1048.0
0.9248046875 0.9147049784660339 1342.0 1194.0 22905.0 1067.0
0.923828125 0.9142522811889648 1377.0 1241.0 22858.0 1032.0
0.9189453125 0.9148181676864624 1344.0 1193.0 22906.0 1065.0
0.931640625 0.9157612919807434 1348.0 1172.0 22927.0 1061.0
0.9130859375 0.9152331352233887 1345.0 1183.0 22916.0 1064.0
0.921875 0.9145541191101074 1359.0 1215.0 22884.0 1050.0
0.919921875 0.9149690866470337 1356.0 1201.0 22898.0 1053.0
0.9306640625 0.9148558974266052 1353.0 1201.0 22898.0 1056.0
0.9267578125 0.9155349135398865 1349.0 1179.0 22920.0 1060.0
0.927734375 0.9159876108169556 1310.0 1128.0 22971.0 1099.0
0.9228515625 0.9144786596298218 1342.0 1200.0 22899.0 1067.0
0.921875 0.9148558974266052 1337.0 1185.0 22914.0 1072.0
0.9169921875 0.9157235622406006 1337.0 1162.0 22937.0 1072.0
0.8994140625 0.9162139892578125 1356.0 1168.0 22931.0 1053.0
0.9267578125 0.9147427082061768 1358.0 1209.0 22890.0 1051.0
0.9306640625 0.9148181676864624 1363.0 1212.0 22887.0 1046.0
0.9228515625 0.9156481027603149 1347.0 1174.0 22925.0 1062.0
0.9296875 0.915836751461029 1353.0 1175.0 22924.0 1056.0
0.91796875 0.9157235622406006 1359.0 1184.0 22915.0 1050.0
0.916015625 0.9150444865226746 1362.0 1205.0 22894.0 1047.0
0.9375 0.9152708649635315 1344.0 1181.0 22918.0 1065.0
0.9228515625 0.914440929889679 1366.0 1225.0 22874.0 1043.0
0.9189453125 0.9149313569068909 1375.0 1221.0 22878.0 1034.0
0.9140625 0.9154595136642456 1357.0 1189.0 22910.0 1052.0
0.92578125 0.9154971837997437 1351.0 1182.0 22917.0 1058.0
0.9072265625 0.9164025783538818 1357.0 1164.0 22935.0 1052.0
0.908203125 0.9155726432800293 1368.0 1197.0 22902.0 1041.0
0.92578125 0.9166666865348816 1352.0 1152.0 22947.0 1057.0
0.9267578125 0.9161385297775269 1362.0 1176.0 22923.0 1047.0
0.919921875 0.9161385297775269 1366.0 1180.0 22919.0 1043.0
0.9267578125 0.9160630702972412 1352.0 1168.0 22931.0 1057.0
0.9384765625 0.9159876108169556 1367.0 1185.0 22914.0 1042.0
0.91796875 0.9159498810768127 1364.0 1183.0 22916.0 1045.0
0.9248046875 0.9157612919807434 1375.0 1199.0 22900.0 1034.0
0.91796875 0.9161762595176697 1356.0 1169.0 22930.0 1053.0
0.9267578125 0.9164025783538818 1344.0 1151.0 22948.0 1065.0
0.94140625 0.9156858325004578 1359.0 1185.0 22914.0 1050.0
0.9248046875 0.91538405418396 1370.0 1204.0 22895.0 1039.0
0.912109375 0.916100800037384 1365.0 1180.0 22919.0 1044.0
0.9287109375 0.9162139892578125 1368.0 1180.0 22919.0 1041.0
0.9208984375 0.9162517189979553 1361.0 1172.0 22927.0 1048.0
0.9326171875 0.916100800037384 1378.0 1193.0 22906.0 1031.0
0.9248046875 0.9152331352233887 1365.0 1203.0 22896.0 1044.0
0.9287109375 0.917043924331665 1352.0 1142.0 22957.0 1057.0
0.9248046875 0.9165534973144531 1378.0 1181.0 22918.0 1031.0
0.923828125 0.9162894487380981 1370.0 1180.0 22919.0 1039.0
0.9140625 0.9156481027603149 1369.0 1196.0 22903.0 1040.0
0.9326171875 0.9162139892578125 1346.0 1158.0 22941.0 1063.0
0.91796875 0.9160253405570984 1356.0 1173.0 22926.0 1053.0
0.9033203125 0.9157990217208862 1361.0 1184.0 22915.0 1048.0
0.9189453125 0.9159498810768127 1373.0 1192.0 22907.0 1036.0
0.9189453125 0.916591227054596 1375.0 1177.0 22922.0 1034.0
0.927734375 0.916591227054596 1380.0 1182.0 22917.0 1029.0
0.92578125 0.916591227054596 1376.0 1178.0 22921.0 1033.0
0.9130859375 0.9176852107048035 1371.0 1144.0 22955.0 1038.0
0.9267578125 0.9167420864105225 1374.0 1172.0 22927.0 1035.0
0.9306640625 0.9168175458908081 1356.0 1152.0 22947.0 1053.0
0.9345703125 0.9176474809646606 1359.0 1133.0 22966.0 1050.0
0.92578125 0.9166666865348816 1368.0 1168.0 22931.0 1041.0
0.9287109375 0.9168930053710938 1362.0 1156.0 22943.0 1047.0
0.9375 0.9157990217208862 1366.0 1189.0 22910.0 1043.0
0.919921875 0.9159498810768127 1377.0 1196.0 22903.0 1032.0
0.9296875 0.9167420864105225 1382.0 1180.0 22919.0 1027.0
0.931640625 0.9168930053710938 1361.0 1155.0 22944.0 1048.0
0.9248046875 0.9174211621284485 1381.0 1161.0 22938.0 1028.0
0.9287109375 0.9160630702972412 1383.0 1199.0 22900.0 1026.0
0.9365234375 0.9169684648513794 1389.0 1181.0 22918.0 1020.0
0.9287109375 0.9173457026481628 1376.0 1158.0 22941.0 1033.0
0.9462890625 0.9168175458908081 1395.0 1191.0 22908.0 1014.0
0.9375 0.9158744812011719 1392.0 1213.0 22886.0 1017.0
0.921875 0.916591227054596 1390.0 1192.0 22907.0 1019.0
0.9189453125 0.9162139892578125 1383.0 1195.0 22904.0 1026.0
0.923828125 0.9158744812011719 1380.0 1201.0 22898.0 1029.0
0.9248046875 0.9166666865348816 1396.0 1196.0 22903.0 1013.0
0.923828125 0.9168930053710938 1386.0 1180.0 22919.0 1023.0
0.919921875 0.9167044162750244 1377.0 1176.0 22923.0 1032.0
0.9287109375 0.9168552756309509 1377.0 1172.0 22927.0 1032.0
0.9326171875 0.9168175458908081 1382.0 1178.0 22921.0 1027.0
0.9228515625 0.9173834323883057 1388.0 1169.0 22930.0 1021.0
0.935546875 0.9168930053710938 1381.0 1175.0 22924.0 1028.0
0.91796875 0.9174966216087341 1363.0 1141.0 22958.0 1046.0
0.91015625 0.9181756377220154 1379.0 1139.0 22960.0 1030.0
0.9189453125 0.9174588918685913 1385.0 1164.0 22935.0 1024.0
0.9169921875 0.9166289567947388 1379.0 1180.0 22919.0 1030.0
0.931640625 0.9176097512245178 1380.0 1155.0 22944.0 1029.0
0.935546875 0.9169307351112366 1394.0 1187.0 22912.0 1015.0
0.92578125 0.9163271188735962 1401.0 1210.0 22889.0 1008.0
0.9169921875 0.9168552756309509 1391.0 1186.0 22913.0 1018.0
0.91796875 0.9176097512245178 1388.0 1163.0 22936.0 1021.0
0.91796875 0.9169684648513794 1396.0 1188.0 22911.0 1013.0
0.91015625 0.9182888269424438 1388.0 1145.0 22954.0 1021.0
0.9150390625 0.9177983999252319 1385.0 1155.0 22944.0 1024.0
0.921875 0.9178738594055176 1372.0 1140.0 22959.0 1037.0
0.9228515625 0.9158744812011719 1387.0 1208.0 22891.0 1022.0
0.9306640625 0.9165534973144531 1390.0 1193.0 22906.0 1019.0
0.9150390625 0.9164780378341675 1417.0 1222.0 22877.0 992.0
0.923828125 0.9183265566825867 1389.0 1145.0 22954.0 1020.0
0.9072265625 0.9173457026481628 1403.0 1185.0 22914.0 1006.0
0.9306640625 0.9173457026481628 1391.0 1173.0 22926.0 1018.0
0.9130859375 0.9172702431678772 1371.0 1155.0 22944.0 1038.0
0.9169921875 0.9172702431678772 1388.0 1172.0 22927.0 1021.0
0.919921875 0.917534351348877 1381.0 1158.0 22941.0 1028.0
0.9267578125 0.9170816540718079 1391.0 1180.0 22919.0 1018.0
0.9296875 0.9169684648513794 1401.0 1193.0 22906.0 1008.0
0.9296875 0.9174588918685913 1406.0 1185.0 22914.0 1003.0
0.9287109375 0.9179493188858032 1402.0 1168.0 22931.0 1007.0
0.9345703125 0.9177229404449463 1380.0 1152.0 22947.0 1029.0
0.9189453125 0.9176097512245178 1382.0 1157.0 22942.0 1027.0
0.921875 0.9178361296653748 1377.0 1146.0 22953.0 1032.0
0.9287109375 0.9168552756309509 1387.0 1182.0 22917.0 1022.0
0.92578125 0.91730797290802 1409.0 1192.0 22907.0 1000.0
0.9208984375 0.9177983999252319 1401.0 1171.0 22928.0 1008.0
0.9208984375 0.918251097202301 1388.0 1146.0 22953.0 1021.0
0.927734375 0.9167798161506653 1392.0 1189.0 22910.0 1017.0
0.92578125 0.9173457026481628 1382.0 1164.0 22935.0 1027.0
0.9384765625 0.9183265566825867 1378.0 1134.0 22965.0 1031.0
0.9306640625 0.9174211621284485 1401.0 1181.0 22918.0 1008.0
0.9287109375 0.917043924331665 1393.0 1183.0 22916.0 1016.0
0.923828125 0.9168552756309509 1397.0 1192.0 22907.0 1012.0
0.9228515625 0.9172702431678772 1379.0 1163.0 22936.0 1030.0
0.9296875 0.9176097512245178 1393.0 1168.0 22931.0 1016.0
0.9228515625 0.9176474809646606 1396.0 1170.0 22929.0 1013.0
0.9208984375 0.9168930053710938 1407.0 1201.0 22898.0 1002.0
0.9267578125 0.9174588918685913 1398.0 1177.0 22922.0 1011.0
0.9248046875 0.9177606701850891 1400.0 1171.0 22928.0 1009.0
0.9287109375 0.9172702431678772 1403.0 1187.0 22912.0 1006.0
0.9287109375 0.9180247187614441 1386.0 1150.0 22949.0 1023.0
0.9326171875 0.9169684648513794 1390.0 1182.0 22917.0 1019.0
0.9169921875 0.9177983999252319 1386.0 1156.0 22943.0 1023.0
0.9267578125 0.9180247187614441 1395.0 1159.0 22940.0 1014.0
0.923828125 0.9173457026481628 1373.0 1155.0 22944.0 1036.0
0.9345703125 0.9189678430557251 1365.0 1104.0 22995.0 1044.0
0.92578125 0.9171571135520935 1394.0 1181.0 22918.0 1015.0
0.9189453125 0.9172702431678772 1378.0 1162.0 22937.0 1031.0
0.9189453125 0.9179115891456604 1372.0 1139.0 22960.0 1037.0
0.9267578125 0.9170061945915222 1419.0 1210.0 22889.0 990.0
0.921875 0.9186283349990845 1381.0 1129.0 22970.0 1028.0
0.9111328125 0.9170061945915222 1394.0 1185.0 22914.0 1015.0
0.927734375 0.9171193838119507 1391.0 1179.0 22920.0 1018.0
0.921875 0.9175720810890198 1389.0 1165.0 22934.0 1020.0
0.9248046875 0.9173834323883057 1410.0 1191.0 22908.0 999.0
0.9130859375 0.9186660647392273 1388.0 1135.0 22964.0 1021.0
0.9423828125 0.9183642864227295 1368.0 1123.0 22976.0 1041.0
0.9287109375 0.916591227054596 1380.0 1182.0 22917.0 1029.0
0.9326171875 0.9181379079818726 1371.0 1132.0 22967.0 1038.0
0.9228515625 0.9177606701850891 1401.0 1172.0 22927.0 1008.0
0.9287109375 0.917987048625946 1402.0 1167.0 22932.0 1007.0
0.9140625 0.91730797290802 1379.0 1162.0 22937.0 1030.0
0.9140625 0.917534351348877 1406.0 1183.0 22916.0 1003.0
0.9150390625 0.917987048625946 1400.0 1165.0 22934.0 1009.0
0.9375 0.9184774160385132 1409.0 1161.0 22938.0 1000.0
0.9013671875 0.9177606701850891 1375.0 1146.0 22953.0 1034.0
0.9306640625 0.918251097202301 1401.0 1159.0 22940.0 1008.0
0.9326171875 0.9187415242195129 1388.0 1133.0 22966.0 1021.0
0.92578125 0.917534351348877 1392.0 1169.0 22930.0 1017.0
0.931640625 0.9177983999252319 1405.0 1175.0 22924.0 1004.0
0.916015625 0.9182133674621582 1411.0 1170.0 22929.0 998.0
0.919921875 0.9176474809646606 1416.0 1190.0 22909.0 993.0
0.9130859375 0.9185528755187988 1408.0 1158.0 22941.0 1001.0
0.9208984375 0.9174211621284485 1414.0 1194.0 22905.0 995.0
0.921875 0.9177229404449463 1400.0 1172.0 22927.0 1009.0
0.931640625 0.9181756377220154 1403.0 1163.0 22936.0 1006.0
0.9130859375 0.9188169836997986 1383.0 1126.0 22973.0 1026.0
