-5.410024642944335938e+00
-8.687421679496765137e-03
-1.039080023765563965e+00
7.528761029243469238e-01
-2.123697757720947266e+00
2.531168937683105469e+00
4.379609823226928711e-01
1.971410274505615234e+00
-2.415216922760009766e+00
1.575996756553649902e+00
3.267774105072021484e+00
2.043941497802734375e+00
-4.242098033428192139e-01
2.611041963100433350e-01
4.402092933654785156e+00
3.205535888671875000e+00
-1.586622357368469238e+00
-1.706723809242248535e+00
-1.257775783538818359e+00
8.382320404052734375e-01
3.170723319053649902e-01
-1.191246062517166138e-01
-7.611091136932373047e-01
-1.779636025428771973e+00
1.725805521011352539e+00
-1.473839402198791504e+00
-1.406832933425903320e+00
3.676241338253021240e-01
-7.461751997470855713e-02
-9.334858655929565430e-01
1.727703332901000977e+00
6.090107560157775879e-01
-2.517950057983398438e+00
3.982023239135742188e+00
-6.887856125831604004e-01
7.726854085922241211e-01
1.047892212867736816e+00
1.776122927665710449e+00
4.182057678699493408e-01
2.551887989044189453e+00
1.874742627143859863e+00
8.137234449386596680e-01
4.146804213523864746e-01
-1.652906298637390137e+00
-5.475202202796936035e-01
7.229711413383483887e-01
-1.145412921905517578e+00
3.066310286521911621e-01
-5.174877047538757324e-01
2.787117958068847656e+00
-6.418998241424560547e-01
9.688705205917358398e-01
-1.819270610809326172e+00
-1.364532828330993652e+00
7.910762429237365723e-01
-2.437250375747680664e+00
-2.693945884704589844e+00
-1.711142182350158691e+00
-3.413078784942626953e-01
-6.843729615211486816e-01
