2.807222902774810791e-01
-2.652714729309082031e+00
-1.944194078445434570e+00
1.847773939371109009e-01
1.010763525962829590e+00
-3.117188453674316406e+00
-1.817091584205627441e+00
2.040412187576293945e+00
4.391680717468261719e+00
-2.191257238388061523e+00
9.438521265983581543e-01
-6.769663095474243164e-01
-8.213564753532409668e-01
2.194966822862625122e-01
-2.336114168167114258e+00
7.187038660049438477e-01
4.012752056121826172e+00
1.729790568351745605e+00
4.619187355041503906e+00
-4.057228863239288330e-01
7.642842531204223633e-01
3.528778553009033203e+00
6.184775233268737793e-01
7.135801911354064941e-01
7.029768228530883789e-01
9.093676805496215820e-01
1.573210358619689941e+00
2.384276151657104492e+00
2.347476959228515625e+00
-1.394934356212615967e-01
-3.136563539505004883e+00
-5.517714619636535645e-01
-2.540288567543029785e-01
-1.581067442893981934e+00
-5.938111543655395508e-01
-1.107868075370788574e+00
-2.738752663135528564e-01
3.067665576934814453e+00
-2.396905183792114258e+00
-1.437618494033813477e+00
-3.122278690338134766e+00
-3.778050899505615234e+00
-6.269332170486450195e-01
-2.008497953414916992e+00
-1.418676376342773438e+00
2.885016441345214844e+00
2.692104339599609375e+00
-1.391814649105072021e-01
1.498926997184753418e+00
7.297922968864440918e-01
3.795822143554687500e+00
-1.067812919616699219e+00
2.351825475692749023e+00
-3.005229949951171875e+00
-1.523106575012207031e+00
-5.883055180311203003e-02
1.105359435081481934e+00
6.485984474420547485e-02
-1.100717544555664062e+00
-2.012025594711303711e+00
