-8.009191602468490601e-02 -2.555281817913055420e-01
-5.660133957862854004e-01 -2.399863898754119873e-01
-8.024762570858001709e-02 -4.687765538692474365e-01
2.466382235288619995e-01 6.117697060108184814e-02
-8.007992058992385864e-02 2.320416718721389771e-01
9.475533366203308105e-01 1.300436496734619141e+00
-6.105652451515197754e-01 -8.971551656723022461e-01
-3.999984264373779297e-02 -4.665725827217102051e-01
-1.213406398892402649e-02 -4.115813970565795898e-01
-1.053158566355705261e-01 2.718825042247772217e-01
9.911971092224121094e-01 6.079792976379394531e-01
-6.075536012649536133e-01 -2.220211923122406006e-01
1.165966689586639404e-01 5.395888686180114746e-01
-2.949865162372589111e-01 7.146810181438922882e-03
-3.230008482933044434e-01 -1.165922265499830246e-02
6.834935545921325684e-01 1.054443120956420898e+00
8.656995296478271484e-01 1.324619889259338379e+00
5.238763689994812012e-01 2.101765573024749756e-01
6.958554387092590332e-01 4.307613372802734375e-01
-7.543839812278747559e-01 -2.029255777597427368e-01
-1.864800751209259033e-01 -5.057947635650634766e-01
-1.341615676879882812e+00 -9.784165024757385254e-01
-9.752271175384521484e-01 -1.331264495849609375e+00
4.629743993282318115e-01 1.176043599843978882e-01
-1.041062116622924805e+00 -6.122443675994873047e-01
-2.510513067245483398e-01 2.340808883309364319e-02
1.360540270805358887e+00 7.810066342353820801e-01
-4.955479800701141357e-01 -1.858934760093688965e-01
1.142602324485778809e+00 9.463472366333007812e-01
-5.477334856986999512e-01 -3.201125562191009521e-01
