2.330257147550582886e-01 6.075705885887145996e-01
-1.553232502192258835e-02 -3.672091960906982422e-01
-1.523637622594833374e-01 -4.926379024982452393e-01
-3.917069733142852783e-01 6.692416220903396606e-02
5.691944360733032227e-01 1.050230339169502258e-01
-2.770454287528991699e-01 -9.621242880821228027e-01
3.507605493068695068e-01 7.360745072364807129e-01
4.381230175495147705e-01 -1.634053736925125122e-01
-3.132477402687072754e-01 3.128011524677276611e-02
-3.910333216190338135e-01 -3.035891056060791016e-02
-3.648892939090728760e-01 3.707498311996459961e-02
-5.366999506950378418e-01 -1.056298971176147461e+00
8.896479606628417969e-01 4.538993537425994873e-01
-8.115220069885253906e-02 -4.194112420082092285e-01
9.190594553947448730e-01 1.202403187751770020e+00
6.981354951858520508e-01 2.129128575325012207e-01
-1.923790425062179565e-01 2.902238965034484863e-01
3.926286101341247559e-01 -1.040714606642723083e-01
-2.386444360017776489e-01 1.126123443245887756e-01
-3.762192726135253906e-01 4.607476666569709778e-02
2.529931068420410156e-01 -9.625119715929031372e-02
1.490863800048828125e+00 9.711141586303710938e-01
2.786355614662170410e-01 6.132029294967651367e-01
4.826498031616210938e-01 1.039505675435066223e-01
-8.551663905382156372e-02 -3.809768259525299072e-01
-8.736718446016311646e-02 -4.304592311382293701e-01
-9.010187387466430664e-01 -5.453367829322814941e-01
-6.411436200141906738e-01 -5.697814747691154480e-02
9.448912143707275391e-01 6.325763463973999023e-01
-1.483768820762634277e+00 -1.126841664314270020e+00
