0.673828125 0.6414232850074768 866.0 12283.0 23866.0 1543.0
0.9296875 0.9232325553894043 702.0 1253.0 34896.0 1707.0
0.900390625 0.9154001474380493 924.0 1777.0 34372.0 1485.0
0.908203125 0.9101872444152832 1037.0 2091.0 34058.0 1372.0
0.919921875 0.9159448146820068 1015.0 1847.0 34302.0 1394.0
0.912109375 0.9124695062637329 1076.0 2042.0 34107.0 1333.0
0.919921875 0.9142590165138245 1118.0 2015.0 34134.0 1291.0
0.923828125 0.9129104018211365 1174.0 2123.0 34026.0 1235.0
0.9296875 0.914803683757782 1161.0 2037.0 34112.0 1248.0
0.927734375 0.9079827666282654 1277.0 2416.0 33733.0 1132.0
0.921875 0.9167488217353821 1295.0 2096.0 34053.0 1114.0
0.912109375 0.915867030620575 1217.0 2052.0 34097.0 1192.0
0.90234375 0.9066341519355774 1381.0 2572.0 33577.0 1028.0
0.923828125 0.918071448802948 1302.0 2052.0 34097.0 1107.0
0.9296875 0.9228435158729553 1281.0 1847.0 34302.0 1128.0
0.921875 0.9104465842247009 1433.0 2477.0 33672.0 976.0
0.91015625 0.9165672659873962 1396.0 2204.0 33945.0 1013.0
0.916015625 0.9121842384338379 1465.0 2442.0 33707.0 944.0
0.923828125 0.9193163514137268 1401.0 2103.0 34046.0 1008.0
0.9453125 0.9225322604179382 1366.0 1944.0 34205.0 1043.0
0.93359375 0.9184864163398743 1434.0 2168.0 33981.0 975.0
0.908203125 0.9194979071617126 1420.0 2115.0 34034.0 989.0
0.9140625 0.9151148796081543 1500.0 2364.0 33785.0 909.0
0.9140625 0.9242699146270752 1407.0 1918.0 34231.0 1002.0
0.931640625 0.91615229845047 1468.0 2292.0 33857.0 941.0
0.919921875 0.9160745143890381 1475.0 2302.0 33847.0 934.0
0.9375 0.926863431930542 1432.0 1843.0 34306.0 977.0
0.92578125 0.9253073334693909 1429.0 1900.0 34249.0 980.0
0.9140625 0.9280045628547668 1437.0 1804.0 34345.0 972.0
0.931640625 0.9243996143341064 1475.0 1981.0 34168.0 934.0
0.94921875 0.9253332614898682 1467.0 1937.0 34212.0 942.0
0.9375 0.9217542409896851 1475.0 2083.0 34066.0 934.0
0.935546875 0.9250479936599731 1470.0 1951.0 34198.0 939.0
0.923828125 0.9278489351272583 1445.0 1818.0 34331.0 964.0
0.919921875 0.9275636672973633 1460.0 1844.0 34305.0 949.0
0.9296875 0.9219617247581482 1486.0 2086.0 34063.0 923.0
0.90625 0.9203537702560425 1519.0 2181.0 33968.0 890.0
0.921875 0.9236734509468079 1510.0 2044.0 34105.0 899.0
0.916015625 0.9286529421806335 1473.0 1815.0 34334.0 936.0
0.939453125 0.9182789325714111 1582.0 2324.0 33825.0 827.0
0.927734375 0.9297162890434265 1467.0 1768.0 34381.0 942.0
0.904296875 0.9229731559753418 1542.0 2103.0 34046.0 867.0
0.9375 0.9246070981025696 1524.0 2022.0 34127.0 885.0
0.912109375 0.9228953719139099 1532.0 2096.0 34053.0 877.0
0.916015625 0.9306758642196655 1470.0 1734.0 34415.0 939.0
0.9375 0.9229731559753418 1558.0 2119.0 34030.0 851.0
0.904296875 0.925229549407959 1522.0 1996.0 34153.0 887.0
0.9140625 0.9232844114303589 1536.0 2085.0 34064.0 873.0
0.919921875 0.9250220656394958 1526.0 2008.0 34141.0 883.0
0.921875 0.9227138161659241 1569.0 2140.0 34009.0 840.0
0.955078125 0.9266559481620789 1517.0 1936.0 34213.0 892.0
0.93359375 0.9276414513587952 1548.0 1929.0 34220.0 861.0
0.92578125 0.9294050335884094 1523.0 1836.0 34313.0 886.0
0.921875 0.9310130476951599 1493.0 1744.0 34405.0 916.0
0.94140625 0.9221692085266113 1548.0 2140.0 34009.0 861.0
0.921875 0.9278489351272583 1472.0 1845.0 34304.0 937.0
0.923828125 0.9258260130882263 1559.0 2010.0 34139.0 850.0
0.958984375 0.9241402745246887 1579.0 2095.0 34054.0 830.0
0.935546875 0.924736738204956 1572.0 2065.0 34084.0 837.0
0.919921875 0.925903856754303 1550.0 1998.0 34151.0 859.0
0.955078125 0.9290679097175598 1506.0 1832.0 34317.0 903.0
0.9296875 0.9299497008323669 1521.0 1813.0 34336.0 888.0
0.94140625 0.9270190596580505 1494.0 1899.0 34250.0 915.0
0.9296875 0.9297162890434265 1508.0 1809.0 34340.0 901.0
0.916015625 0.9197313189506531 1593.0 2279.0 33870.0 816.0
0.927734375 0.919809103012085 1645.0 2328.0 33821.0 764.0
0.904296875 0.9312464594841003 1519.0 1761.0 34388.0 890.0
0.94921875 0.9282639026641846 1520.0 1877.0 34272.0 889.0
0.919921875 0.9214949011802673 1610.0 2228.0 33921.0 799.0
0.91796875 0.9288344979286194 1585.0 1920.0 34229.0 824.0
0.95703125 0.9339436888694763 1502.0 1640.0 34509.0 907.0
0.9296875 0.9258519411087036 1558.0 2008.0 34141.0 851.0
0.923828125 0.9288344979286194 1572.0 1907.0 34242.0 837.0
0.927734375 0.9322060346603394 1532.0 1737.0 34412.0 877.0
0.916015625 0.9289900660514832 1575.0 1904.0 34245.0 834.0
0.94921875 0.935836911201477 1473.0 1538.0 34611.0 936.0
0.931640625 0.9351107478141785 1509.0 1602.0 34547.0 900.0
0.931640625 0.9306758642196655 1516.0 1780.0 34369.0 893.0
0.939453125 0.9308314919471741 1529.0 1787.0 34362.0 880.0
0.939453125 0.9233881235122681 1613.0 2158.0 33991.0 796.0
0.947265625 0.9250479936599731 1593.0 2074.0 34075.0 816.0
0.919921875 0.9240883588790894 1593.0 2111.0 34038.0 816.0
0.9296875 0.9255666732788086 1604.0 2065.0 34084.0 805.0
0.935546875 0.9260594248771667 1585.0 2027.0 34122.0 824.0
0.912109375 0.9275636672973633 1571.0 1955.0 34194.0 838.0
0.958984375 0.9294050335884094 1586.0 1899.0 34250.0 823.0
0.9140625 0.9243736863136292 1628.0 2135.0 34014.0 781.0
0.92578125 0.9282379746437073 1608.0 1966.0 34183.0 801.0
0.947265625 0.9271227717399597 1586.0 1987.0 34162.0 823.0
0.94140625 0.9268375039100647 1611.0 2023.0 34126.0 798.0
0.9140625 0.9258519411087036 1626.0 2076.0 34073.0 783.0
0.9296875 0.9279008507728577 1605.0 1976.0 34173.0 804.0
0.916015625 0.9266818761825562 1624.0 2042.0 34107.0 785.0
0.93359375 0.9280564188957214 1583.0 1948.0 34201.0 826.0
0.923828125 0.9316613674163818 1565.0 1791.0 34358.0 844.0
0.9453125 0.9307795763015747 1600.0 1860.0 34289.0 809.0
0.94140625 0.9331656098365784 1579.0 1747.0 34402.0 830.0
0.951171875 0.9310649037361145 1545.0 1794.0 34355.0 864.0
0.958984375 0.9335805773735046 1594.0 1746.0 34403.0 815.0
0.947265625 0.9318947792053223 1554.0 1771.0 34378.0 855.0
0.923828125 0.9234659671783447 1706.0 2248.0 33901.0 703.0
0.927734375 0.9230769276618958 1656.0 2213.0 33936.0 753.0
0.953125 0.9336583614349365 1553.0 1702.0 34447.0 856.0
0.919921875 0.9310908317565918 1600.0 1848.0 34301.0 809.0
0.939453125 0.9293272495269775 1646.0 1962.0 34187.0 763.0
0.92578125 0.9323875904083252 1567.0 1765.0 34384.0 842.0
0.927734375 0.9307536482810974 1614.0 1875.0 34274.0 795.0
0.923828125 0.9246070981025696 1634.0 2132.0 34017.0 775.0
0.94140625 0.9302868247032166 1570.0 1849.0 34300.0 839.0
0.939453125 0.9285491704940796 1595.0 1941.0 34208.0 814.0
0.939453125 0.929560661315918 1605.0 1912.0 34237.0 804.0
0.931640625 0.9297681450843811 1585.0 1884.0 34265.0 824.0
0.931640625 0.9328284859657288 1551.0 1732.0 34417.0 858.0
0.931640625 0.9328284859657288 1577.0 1758.0 34391.0 832.0
0.94140625 0.9317132830619812 1579.0 1803.0 34346.0 830.0
0.95703125 0.9341771006584167 1569.0 1698.0 34451.0 840.0
0.939453125 0.9357591271400452 1509.0 1577.0 34572.0 900.0
0.927734375 0.9365890622138977 1549.0 1585.0 34564.0 860.0
0.923828125 0.9243996143341064 1652.0 2158.0 33991.0 757.0
0.92578125 0.9312204718589783 1570.0 1813.0 34336.0 839.0
0.935546875 0.926085352897644 1642.0 2083.0 34066.0 767.0
0.951171875 0.9307017922401428 1590.0 1853.0 34296.0 819.0
0.923828125 0.9320763349533081 1599.0 1809.0 34340.0 810.0
0.92578125 0.929845929145813 1649.0 1945.0 34204.0 760.0
0.9375 0.9317910671234131 1577.0 1798.0 34351.0 832.0
0.935546875 0.9361481666564941 1530.0 1583.0 34566.0 879.0
0.955078125 0.9377042651176453 1493.0 1486.0 34663.0 916.0
0.94921875 0.9334249496459961 1573.0 1731.0 34418.0 836.0
0.93359375 0.9290160536766052 1609.0 1937.0 34212.0 800.0
0.927734375 0.9308574199676514 1578.0 1835.0 34314.0 831.0
0.939453125 0.9264484643936157 1635.0 2062.0 34087.0 774.0
0.9453125 0.9295347332954407 1622.0 1930.0 34219.0 787.0
0.9453125 0.9296903610229492 1584.0 1886.0 34263.0 825.0
0.93359375 0.9403495788574219 1481.0 1372.0 34777.0 928.0
0.9296875 0.9314798712730408 1608.0 1841.0 34308.0 801.0
0.943359375 0.9336065053939819 1573.0 1724.0 34425.0 836.0
0.921875 0.9308574199676514 1597.0 1854.0 34295.0 812.0
0.939453125 0.9301571846008301 1612.0 1896.0 34253.0 797.0
0.947265625 0.9393900036811829 1454.0 1382.0 34767.0 955.0
0.921875 0.9265522360801697 1654.0 2077.0 34072.0 755.0
0.923828125 0.9282379746437073 1627.0 1985.0 34164.0 782.0
0.923828125 0.9315057992935181 1587.0 1819.0 34330.0 822.0
0.931640625 0.9261631965637207 1663.0 2101.0 34048.0 746.0
0.931640625 0.9353700876235962 1537.0 1620.0 34529.0 872.0
0.916015625 0.9310649037361145 1598.0 1847.0 34302.0 811.0
0.943359375 0.9317392110824585 1614.0 1837.0 34312.0 795.0
0.91796875 0.9323097467422485 1600.0 1801.0 34348.0 809.0
0.9609375 0.9352923035621643 1565.0 1651.0 34498.0 844.0
0.939453125 0.9311686158180237 1587.0 1832.0 34317.0 822.0
0.9375 0.9290938377380371 1643.0 1968.0 34181.0 766.0
0.939453125 0.9307536482810974 1618.0 1879.0 34270.0 791.0
0.91015625 0.9297940731048584 1622.0 1920.0 34229.0 787.0
0.943359375 0.9319207668304443 1614.0 1830.0 34319.0 795.0
0.94921875 0.930234968662262 1607.0 1888.0 34261.0 802.0
0.9296875 0.9300793409347534 1609.0 1896.0 34253.0 800.0
0.939453125 0.9316873550415039 1656.0 1881.0 34268.0 753.0
0.9453125 0.93352872133255 1611.0 1765.0 34384.0 798.0
0.939453125 0.9320244789123535 1606.0 1818.0 34331.0 803.0
0.93359375 0.9301052689552307 1628.0 1914.0 34235.0 781.0
0.92578125 0.930234968662262 1643.0 1924.0 34225.0 766.0
0.943359375 0.9306240081787109 1635.0 1901.0 34248.0 774.0
0.9296875 0.9353960156440735 1563.0 1645.0 34504.0 846.0
0.951171875 0.9364334344863892 1574.0 1616.0 34533.0 835.0
0.9296875 0.9337102770805359 1649.0 1796.0 34353.0 760.0
0.931640625 0.9291197657585144 1642.0 1966.0 34183.0 767.0
0.94140625 0.9407386183738708 1505.0 1381.0 34768.0 904.0
0.919921875 0.9240624308586121 1681.0 2200.0 33949.0 728.0
0.931640625 0.9282379746437073 1668.0 2026.0 34123.0 741.0
0.91796875 0.933243453502655 1607.0 1772.0 34377.0 802.0
0.958984375 0.9378857612609863 1565.0 1551.0 34598.0 844.0
0.927734375 0.9327247142791748 1606.0 1791.0 34358.0 803.0
0.931640625 0.9300015568733215 1641.0 1931.0 34218.0 768.0
0.947265625 0.9376004934310913 1564.0 1561.0 34588.0 845.0
0.93359375 0.9252814054489136 1636.0 2108.0 34041.0 773.0
0.94140625 0.9298200011253357 1630.0 1927.0 34222.0 779.0
0.939453125 0.9331137537956238 1623.0 1793.0 34356.0 786.0
0.943359375 0.9365371465682983 1577.0 1615.0 34534.0 832.0
0.93359375 0.9350069761276245 1566.0 1663.0 34486.0 843.0
0.939453125 0.9306499361991882 1589.0 1854.0 34295.0 820.0
0.91796875 0.9260334968566895 1644.0 2087.0 34062.0 765.0
0.94140625 0.9357072710990906 1518.0 1588.0 34561.0 891.0
0.939453125 0.9305980801582336 1631.0 1898.0 34251.0 778.0
0.94140625 0.9342289566993713 1563.0 1690.0 34459.0 846.0
0.94140625 0.9308055639266968 1630.0 1889.0 34260.0 779.0
0.94921875 0.9323616623878479 1591.0 1790.0 34359.0 818.0
0.93359375 0.9291456937789917 1652.0 1975.0 34174.0 757.0
0.92578125 0.9367446303367615 1558.0 1588.0 34561.0 851.0
0.9296875 0.926085352897644 1664.0 2105.0 34044.0 745.0
0.92578125 0.9336324334144592 1608.0 1758.0 34391.0 801.0
0.921875 0.9331656098365784 1606.0 1774.0 34375.0 803.0
0.935546875 0.9327247142791748 1628.0 1813.0 34336.0 781.0
0.9375 0.9338658452033997 1640.0 1781.0 34368.0 769.0
0.94140625 0.9349032640457153 1587.0 1688.0 34461.0 822.0
0.91796875 0.9284713864326477 1626.0 1975.0 34174.0 783.0
0.921875 0.9319207668304443 1655.0 1871.0 34278.0 754.0
0.92578125 0.9351107478141785 1590.0 1683.0 34466.0 819.0
0.951171875 0.9343586564064026 1627.0 1749.0 34400.0 782.0
0.943359375 0.9325950741767883 1611.0 1801.0 34348.0 798.0
0.935546875 0.9337621331214905 1605.0 1750.0 34399.0 804.0
0.9296875 0.9330618977546692 1585.0 1757.0 34392.0 824.0
0.923828125 0.929171621799469 1643.0 1965.0 34184.0 766.0
0.927734375 0.9317392110824585 1660.0 1883.0 34266.0 749.0
0.923828125 0.9250998497009277 1672.0 2151.0 33998.0 737.0
0.9140625 0.9229991436004639 1706.0 2266.0 33883.0 703.0
0.923828125 0.9328025579452515 1615.0 1797.0 34352.0 794.0
0.935546875 0.9338139891624451 1615.0 1758.0 34391.0 794.0
0.935546875 0.9393640756607056 1519.0 1448.0 34701.0 890.0
0.94140625 0.9311167597770691 1608.0 1855.0 34294.0 801.0
0.9375 0.9327247142791748 1637.0 1822.0 34327.0 772.0
0.9375 0.933243453502655 1604.0 1769.0 34380.0 805.0
0.93359375 0.9284454584121704 1649.0 1999.0 34150.0 760.0
0.916015625 0.9338139891624451 1628.0 1771.0 34378.0 781.0
0.931640625 0.9322060346603394 1687.0 1892.0 34257.0 722.0
0.9296875 0.9307277202606201 1687.0 1949.0 34200.0 722.0
0.921875 0.9346179962158203 1617.0 1729.0 34420.0 792.0
0.947265625 0.9344882965087891 1653.0 1770.0 34379.0 756.0
0.94921875 0.9343067407608032 1594.0 1718.0 34431.0 815.0
0.9375 0.9360962510108948 1611.0 1666.0 34483.0 798.0
0.95703125 0.9357331991195679 1600.0 1669.0 34480.0 809.0
0.943359375 0.9341771006584167 1635.0 1764.0 34385.0 774.0
0.931640625 0.9349032640457153 1589.0 1690.0 34459.0 820.0
0.927734375 0.9384304285049438 1541.0 1506.0 34643.0 868.0
0.9453125 0.9303646683692932 1673.0 1949.0 34200.0 736.0
0.947265625 0.9353441596031189 1584.0 1668.0 34481.0 825.0
0.9453125 0.9335805773735046 1618.0 1770.0 34379.0 791.0
0.923828125 0.932257890701294 1642.0 1845.0 34304.0 767.0
0.919921875 0.9346179962158203 1610.0 1722.0 34427.0 799.0
0.92578125 0.9310908317565918 1640.0 1888.0 34261.0 769.0
0.943359375 0.928886353969574 1656.0 1989.0 34160.0 753.0
0.931640625 0.9341771006584167 1572.0 1701.0 34448.0 837.0
0.943359375 0.9290160536766052 1660.0 1988.0 34161.0 749.0
0.935546875 0.9356294274330139 1603.0 1676.0 34473.0 806.0
0.9296875 0.9366927742958069 1609.0 1641.0 34508.0 800.0
0.955078125 0.9301831126213074 1683.0 1966.0 34183.0 726.0
0.947265625 0.9318947792053223 1673.0 1890.0 34259.0 736.0
0.94921875 0.934592068195343 1621.0 1734.0 34415.0 788.0
0.92578125 0.9335546493530273 1605.0 1758.0 34391.0 804.0
0.947265625 0.9356812834739685 1609.0 1680.0 34469.0 800.0
0.9296875 0.9349291920661926 1591.0 1691.0 34458.0 818.0
0.94140625 0.9274080395698547 1690.0 2080.0 34069.0 719.0
0.951171875 0.9311426877975464 1639.0 1885.0 34264.0 770.0
0.93359375 0.9340214729309082 1629.0 1764.0 34385.0 780.0
0.935546875 0.9345401525497437 1631.0 1746.0 34403.0 778.0
0.939453125 0.9324653744697571 1597.0 1792.0 34357.0 812.0
0.966796875 0.9351885318756104 1608.0 1698.0 34451.0 801.0
0.9296875 0.92821204662323 1674.0 2033.0 34116.0 735.0
0.9453125 0.9348514080047607 1626.0 1729.0 34420.0 783.0
0.951171875 0.9369261860847473 1605.0 1628.0 34521.0 804.0
0.939453125 0.9311167597770691 1643.0 1890.0 34259.0 766.0
0.935546875 0.9333212375640869 1652.0 1814.0 34335.0 757.0
0.943359375 0.9311426877975464 1691.0 1937.0 34212.0 718.0
0.9453125 0.9326469302177429 1652.0 1840.0 34309.0 757.0
0.94140625 0.9359147548675537 1605.0 1667.0 34482.0 804.0
0.951171875 0.9329840540885925 1676.0 1851.0 34298.0 733.0
0.92578125 0.9333990216255188 1623.0 1782.0 34367.0 786.0
0.9375 0.9287307262420654 1714.0 2053.0 34096.0 695.0
0.912109375 0.9372373819351196 1616.0 1627.0 34522.0 793.0
0.912109375 0.9265003204345703 1703.0 2128.0 34021.0 706.0
0.953125 0.9371077418327332 1617.0 1633.0 34516.0 792.0
0.9296875 0.9333212375640869 1656.0 1818.0 34331.0 753.0
0.9375 0.93158358335495 1652.0 1881.0 34268.0 757.0
0.92578125 0.9286529421806335 1708.0 2050.0 34099.0 701.0
0.939453125 0.9346439242362976 1634.0 1745.0 34404.0 775.0
0.953125 0.9372114539146423 1598.0 1610.0 34539.0 811.0
0.9296875 0.9261631965637207 1703.0 2141.0 34008.0 706.0
0.943359375 0.9390268921852112 1559.0 1501.0 34648.0 850.0
0.953125 0.9378079771995544 1574.0 1563.0 34586.0 835.0
0.935546875 0.9333730936050415 1655.0 1815.0 34334.0 754.0
0.927734375 0.9384304285049438 1597.0 1562.0 34587.0 812.0
0.94140625 0.9318947792053223 1647.0 1864.0 34285.0 762.0
0.923828125 0.929171621799469 1693.0 2015.0 34134.0 716.0
0.95703125 0.9346957802772522 1641.0 1750.0 34399.0 768.0
0.9375 0.9331396818161011 1669.0 1838.0 34311.0 740.0
0.9375 0.9335027933120728 1661.0 1816.0 34333.0 748.0
0.9453125 0.9387156963348389 1608.0 1562.0 34587.0 801.0
0.935546875 0.9307795763015747 1679.0 1939.0 34210.0 730.0
0.947265625 0.9351626038551331 1625.0 1716.0 34433.0 784.0
0.927734375 0.92821204662323 1703.0 2062.0 34087.0 706.0
0.94140625 0.9347735643386841 1636.0 1742.0 34407.0 773.0
0.93359375 0.9367446303367615 1642.0 1672.0 34477.0 767.0
0.9453125 0.9351626038551331 1612.0 1703.0 34446.0 797.0
0.93359375 0.9369521141052246 1612.0 1634.0 34515.0 797.0
0.939453125 0.9350588917732239 1633.0 1728.0 34421.0 776.0
0.943359375 0.9320244789123535 1633.0 1845.0 34304.0 776.0
0.92578125 0.9310389757156372 1634.0 1884.0 34265.0 775.0
0.939453125 0.9354219436645508 1608.0 1689.0 34460.0 801.0
0.935546875 0.9337362051010132 1631.0 1777.0 34372.0 778.0
0.91015625 0.9241921305656433 1726.0 2240.0 33909.0 683.0
0.93359375 0.9303127527236938 1647.0 1925.0 34224.0 762.0
0.939453125 0.9348254799842834 1593.0 1697.0 34452.0 816.0
0.947265625 0.9314539432525635 1655.0 1889.0 34260.0 754.0
0.94921875 0.9378339052200317 1615.0 1603.0 34546.0 794.0
0.9453125 0.9285232424736023 1663.0 2010.0 34139.0 746.0
0.9375 0.9330359697341919 1624.0 1797.0 34352.0 785.0
0.953125 0.9388453960418701 1565.0 1514.0 34635.0 844.0
0.935546875 0.9341511726379395 1594.0 1724.0 34425.0 815.0
0.927734375 0.9322319626808167 1671.0 1875.0 34274.0 738.0
0.93359375 0.9336324334144592 1652.0 1802.0 34347.0 757.0
0.9453125 0.9377042651176453 1590.0 1583.0 34566.0 819.0
0.939453125 0.9347217082977295 1666.0 1774.0 34375.0 743.0
0.935546875 0.939208447933197 1581.0 1516.0 34633.0 828.0
0.943359375 0.9383266568183899 1603.0 1572.0 34577.0 806.0
0.9609375 0.9381451606750488 1564.0 1540.0 34609.0 845.0
0.931640625 0.9273302555084229 1752.0 2145.0 34004.0 657.0
0.935546875 0.9328803420066833 1659.0 1838.0 34311.0 750.0
0.931640625 0.9341251850128174 1630.0 1761.0 34388.0 779.0
0.927734375 0.930520236492157 1647.0 1917.0 34232.0 762.0
0.94140625 0.9346439242362976 1616.0 1727.0 34422.0 793.0
0.955078125 0.9314798712730408 1653.0 1886.0 34263.0 756.0
0.935546875 0.9360443949699402 1631.0 1688.0 34461.0 778.0
0.947265625 0.9397271871566772 1579.0 1494.0 34655.0 830.0
0.939453125 0.9325950741767883 1666.0 1856.0 34293.0 743.0
0.939453125 0.9373930096626282 1589.0 1594.0 34555.0 820.0
0.94921875 0.9308055639266968 1647.0 1906.0 34243.0 762.0
0.955078125 0.9338658452033997 1665.0 1806.0 34343.0 744.0
0.921875 0.9368484020233154 1611.0 1637.0 34512.0 798.0
0.9296875 0.9336065053939819 1659.0 1810.0 34339.0 750.0
0.931640625 0.9355775713920593 1635.0 1710.0 34439.0 774.0
0.943359375 0.9263187646865845 1713.0 2145.0 34004.0 696.0
0.94140625 0.9309870600700378 1703.0 1955.0 34194.0 706.0
0.94140625 0.933243453502655 1643.0 1808.0 34341.0 766.0
0.93359375 0.9339436888694763 1635.0 1773.0 34376.0 774.0
0.947265625 0.9319207668304443 1710.0 1926.0 34223.0 699.0
0.939453125 0.9394418597221375 1556.0 1482.0 34667.0 853.0
0.94140625 0.9376782774925232 1632.0 1626.0 34523.0 777.0
0.943359375 0.9410498738288879 1562.0 1426.0 34723.0 847.0
0.94921875 0.9388453960418701 1593.0 1542.0 34607.0 816.0
0.9609375 0.9347735643386841 1678.0 1784.0 34365.0 731.0
0.935546875 0.9328284859657288 1688.0 1869.0 34280.0 721.0
0.923828125 0.9270968437194824 1692.0 2094.0 34055.0 717.0
0.9375 0.934877336025238 1611.0 1713.0 34436.0 798.0
0.939453125 0.9350848197937012 1640.0 1734.0 34415.0 769.0
0.931640625 0.9314020276069641 1673.0 1909.0 34240.0 736.0
0.939453125 0.9350588917732239 1628.0 1723.0 34426.0 781.0
0.9375 0.9367446303367615 1600.0 1630.0 34519.0 809.0
0.935546875 0.9369521141052246 1613.0 1635.0 34514.0 796.0
0.93359375 0.9329840540885925 1651.0 1826.0 34323.0 758.0
0.93359375 0.9409201741218567 1578.0 1447.0 34702.0 831.0
0.9453125 0.9395197033882141 1585.0 1508.0 34641.0 824.0
0.947265625 0.9325950741767883 1692.0 1882.0 34267.0 717.0
0.9296875 0.9366668462753296 1575.0 1608.0 34541.0 834.0
0.955078125 0.9414647817611694 1579.0 1427.0 34722.0 830.0
0.921875 0.9358109831809998 1637.0 1703.0 34446.0 772.0
0.939453125 0.9307795763015747 1664.0 1924.0 34225.0 745.0
0.951171875 0.9292234778404236 1680.0 2000.0 34149.0 729.0
0.9296875 0.9365890622138977 1625.0 1661.0 34488.0 784.0
0.919921875 0.929845929145813 1695.0 1991.0 34158.0 714.0
0.9375 0.9368743300437927 1648.0 1673.0 34476.0 761.0
0.94921875 0.9349291920661926 1643.0 1743.0 34406.0 766.0
0.943359375 0.9349291920661926 1640.0 1740.0 34409.0 769.0
0.947265625 0.9310649037361145 1660.0 1909.0 34240.0 749.0
0.951171875 0.9302608966827393 1678.0 1958.0 34191.0 731.0
0.947265625 0.9395456314086914 1585.0 1507.0 34642.0 824.0
0.931640625 0.9384822845458984 1587.0 1550.0 34599.0 822.0
0.953125 0.9329321980476379 1648.0 1825.0 34324.0 761.0
0.9375 0.9338399171829224 1659.0 1801.0 34348.0 750.0
0.9375 0.9280304908752441 1674.0 2040.0 34109.0 735.0
0.927734375 0.9333471655845642 1640.0 1801.0 34348.0 769.0
0.931640625 0.9335546493530273 1667.0 1820.0 34329.0 742.0
0.91796875 0.9364593625068665 1633.0 1674.0 34475.0 776.0
0.939453125 0.9336843490600586 1654.0 1802.0 34347.0 755.0
0.93359375 0.9336843490600586 1645.0 1793.0 34356.0 764.0
0.93359375 0.9381191730499268 1599.0 1576.0 34573.0 810.0
0.958984375 0.935940682888031 1652.0 1713.0 34436.0 757.0
0.916015625 0.9293013215065002 1718.0 2035.0 34114.0 691.0
0.9453125 0.9407386183738708 1551.0 1427.0 34722.0 858.0
0.947265625 0.93352872133255 1641.0 1795.0 34354.0 768.0
0.939453125 0.9372373819351196 1605.0 1616.0 34533.0 804.0
0.962890625 0.9389750361442566 1602.0 1546.0 34603.0 807.0
0.921875 0.9298978447914124 1695.0 1989.0 34160.0 714.0
0.935546875 0.9297681450843811 1691.0 1990.0 34159.0 718.0
0.919921875 0.928601086139679 1708.0 2052.0 34097.0 701.0
0.9375 0.9319466948509216 1637.0 1852.0 34297.0 772.0
0.9296875 0.9376004934310913 1595.0 1592.0 34557.0 814.0
0.919921875 0.9390268921852112 1617.0 1559.0 34590.0 792.0
0.91015625 0.9308055639266968 1692.0 1951.0 34198.0 717.0
0.951171875 0.9302608966827393 1723.0 2003.0 34146.0 686.0
0.9453125 0.9355775713920593 1649.0 1724.0 34425.0 760.0
0.94140625 0.9359925389289856 1659.0 1718.0 34431.0 750.0
0.958984375 0.9383785724639893 1618.0 1585.0 34564.0 791.0
0.927734375 0.932569146156311 1697.0 1888.0 34261.0 712.0
0.92578125 0.9326210021972656 1706.0 1895.0 34254.0 703.0
0.931640625 0.9297162890434265 1682.0 1983.0 34166.0 727.0
0.9296875 0.9333990216255188 1655.0 1814.0 34335.0 754.0
0.955078125 0.9296125173568726 1707.0 2012.0 34137.0 702.0
0.94921875 0.9400643110275269 1581.0 1483.0 34666.0 828.0
0.943359375 0.9387416243553162 1632.0 1585.0 34564.0 777.0
0.92578125 0.9347995519638062 1666.0 1771.0 34378.0 743.0
0.943359375 0.9311686158180237 1691.0 1936.0 34213.0 718.0
0.9375 0.93690025806427 1647.0 1671.0 34478.0 762.0
0.939453125 0.9377042651176453 1613.0 1606.0 34543.0 796.0
0.921875 0.9287826418876648 1718.0 2055.0 34094.0 691.0
0.931640625 0.9347735643386841 1614.0 1720.0 34429.0 795.0
0.9453125 0.9359925389289856 1595.0 1654.0 34495.0 814.0
0.923828125 0.9329321980476379 1646.0 1823.0 34326.0 763.0
0.9453125 0.9369261860847473 1641.0 1664.0 34485.0 768.0
0.9375 0.9366668462753296 1617.0 1650.0 34499.0 792.0
0.939453125 0.9309611320495605 1707.0 1960.0 34189.0 702.0
0.9609375 0.9306758642196655 1696.0 1960.0 34189.0 713.0
0.9296875 0.9403236508369446 1622.0 1514.0 34635.0 787.0
0.9453125 0.9345401525497437 1642.0 1757.0 34392.0 767.0
0.9296875 0.9254110455513 1706.0 2173.0 33976.0 703.0
0.931640625 0.9334508776664734 1664.0 1821.0 34328.0 745.0
0.947265625 0.9412832856178284 1641.0 1496.0 34653.0 768.0
0.94140625 0.9350069761276245 1664.0 1761.0 34388.0 745.0
0.955078125 0.9366409182548523 1657.0 1691.0 34458.0 752.0
0.9296875 0.9317651391029358 1669.0 1891.0 34258.0 740.0
0.93359375 0.9359666109085083 1629.0 1689.0 34460.0 780.0
0.955078125 0.9370299577713013 1619.0 1638.0 34511.0 790.0
0.94140625 0.9373930096626282 1624.0 1629.0 34520.0 785.0
0.939453125 0.9339955449104309 1694.0 1830.0 34319.0 715.0
0.935546875 0.937185525894165 1612.0 1625.0 34524.0 797.0
0.9296875 0.9287047982215881 1704.0 2044.0 34105.0 705.0
0.919921875 0.9321541786193848 1632.0 1839.0 34310.0 777.0
0.958984375 0.9362778067588806 1637.0 1685.0 34464.0 772.0
0.919921875 0.929845929145813 1679.0 1975.0 34174.0 730.0
0.939453125 0.9328803420066833 1668.0 1847.0 34302.0 741.0
0.921875 0.9339696168899536 1653.0 1790.0 34359.0 756.0
0.9375 0.933917760848999 1687.0 1826.0 34323.0 722.0
0.95703125 0.9390788078308105 1581.0 1521.0 34628.0 828.0
0.951171875 0.9374707937240601 1650.0 1652.0 34497.0 759.0
0.94921875 0.9368224740028381 1653.0 1680.0 34469.0 756.0
0.947265625 0.9319726228713989 1685.0 1899.0 34250.0 724.0
0.92578125 0.932569146156311 1656.0 1847.0 34302.0 753.0
0.9296875 0.9330618977546692 1637.0 1809.0 34340.0 772.0
0.919921875 0.9321541786193848 1671.0 1878.0 34271.0 738.0
0.947265625 0.9336583614349365 1711.0 1860.0 34289.0 698.0
0.93359375 0.9320244789123535 1721.0 1933.0 34216.0 688.0
0.947265625 0.9368224740028381 1610.0 1637.0 34512.0 799.0
0.931640625 0.9334768652915955 1684.0 1840.0 34309.0 725.0
0.92578125 0.936511218547821 1647.0 1686.0 34463.0 762.0
0.921875 0.9362778067588806 1658.0 1706.0 34443.0 751.0
0.93359375 0.9314539432525635 1708.0 1942.0 34207.0 701.0
0.93359375 0.9372114539146423 1652.0 1664.0 34485.0 757.0
0.951171875 0.9404533505439758 1620.0 1507.0 34642.0 789.0
0.93359375 0.9363555908203125 1634.0 1679.0 34470.0 775.0
0.927734375 0.9392343759536743 1657.0 1591.0 34558.0 752.0
0.9296875 0.9351626038551331 1659.0 1750.0 34399.0 750.0
0.9375 0.9384822845458984 1628.0 1591.0 34558.0 781.0
0.921875 0.9300793409347534 1696.0 1983.0 34166.0 713.0
0.93359375 0.9390009641647339 1625.0 1568.0 34581.0 784.0
0.93359375 0.9319466948509216 1682.0 1897.0 34252.0 727.0
0.943359375 0.9395197033882141 1614.0 1537.0 34612.0 795.0
0.951171875 0.9361221790313721 1626.0 1680.0 34469.0 783.0
0.9453125 0.9370818138122559 1647.0 1664.0 34485.0 762.0
0.9453125 0.9422687888145447 1584.0 1401.0 34748.0 825.0
0.923828125 0.9307795763015747 1725.0 1985.0 34164.0 684.0
0.931640625 0.9306499361991882 1684.0 1949.0 34200.0 725.0
0.931640625 0.9412054419517517 1617.0 1475.0 34674.0 792.0
0.931640625 0.9349291920661926 1669.0 1769.0 34380.0 740.0
0.951171875 0.9409201741218567 1581.0 1450.0 34699.0 828.0
0.953125 0.9372633695602417 1605.0 1615.0 34534.0 804.0
0.9453125 0.9378857612609863 1632.0 1618.0 34531.0 777.0
0.95703125 0.936511218547821 1583.0 1622.0 34527.0 826.0
0.943359375 0.938637912273407 1574.0 1531.0 34618.0 835.0
0.953125 0.9407645463943481 1634.0 1509.0 34640.0 775.0
0.9296875 0.9268893599510193 1735.0 2145.0 34004.0 674.0
0.939453125 0.9303386807441711 1675.0 1952.0 34197.0 734.0
0.947265625 0.9345142245292664 1646.0 1762.0 34387.0 763.0
0.93359375 0.9310908317565918 1692.0 1940.0 34209.0 717.0
0.951171875 0.9344882965087891 1636.0 1753.0 34396.0 773.0
0.939453125 0.9343067407608032 1630.0 1754.0 34395.0 779.0
0.923828125 0.9280823469161987 1759.0 2123.0 34026.0 650.0
0.9453125 0.939882755279541 1599.0 1508.0 34641.0 810.0
0.96875 0.9421910047531128 1558.0 1378.0 34771.0 851.0
0.9453125 0.935266375541687 1618.0 1705.0 34444.0 791.0
0.955078125 0.9376523494720459 1617.0 1612.0 34537.0 792.0
0.94921875 0.9298978447914124 1664.0 1958.0 34191.0 745.0
0.9296875 0.9342808127403259 1695.0 1820.0 34329.0 714.0
0.935546875 0.9398568272590637 1620.0 1530.0 34619.0 789.0
0.9453125 0.9317651391029358 1687.0 1909.0 34240.0 722.0
0.94140625 0.9412832856178284 1607.0 1462.0 34687.0 802.0
0.94140625 0.9353960156440735 1656.0 1738.0 34411.0 753.0
0.94921875 0.9363555908203125 1672.0 1717.0 34432.0 737.0
0.939453125 0.9375227093696594 1608.0 1608.0 34541.0 801.0
0.9296875 0.9282379746437073 1717.0 2075.0 34074.0 692.0
0.927734375 0.9312723875045776 1697.0 1938.0 34211.0 712.0
0.947265625 0.9293013215065002 1724.0 2041.0 34108.0 685.0
0.958984375 0.9294309616088867 1692.0 2004.0 34145.0 717.0
0.943359375 0.9360184669494629 1632.0 1690.0 34459.0 777.0
0.95703125 0.9316354393959045 1699.0 1926.0 34223.0 710.0
0.94140625 0.932257890701294 1722.0 1925.0 34224.0 687.0
0.9375 0.939882755279541 1582.0 1491.0 34658.0 827.0
0.939453125 0.9368484020233154 1639.0 1665.0 34484.0 770.0
0.951171875 0.9353441596031189 1644.0 1728.0 34421.0 765.0
0.943359375 0.9382229447364807 1636.0 1609.0 34540.0 773.0
0.927734375 0.9343586564064026 1680.0 1802.0 34347.0 729.0
0.931640625 0.9406089782714844 1613.0 1494.0 34655.0 796.0
0.935546875 0.9366668462753296 1628.0 1661.0 34488.0 781.0
0.921875 0.927823007106781 1739.0 2113.0 34036.0 670.0
0.951171875 0.9400383830070496 1591.0 1494.0 34655.0 818.0
0.953125 0.9367446303367615 1628.0 1658.0 34491.0 781.0
0.9375 0.9326987862586975 1707.0 1893.0 34256.0 702.0
0.91015625 0.9342548847198486 1644.0 1770.0 34379.0 765.0
0.93359375 0.939597487449646 1627.0 1547.0 34602.0 782.0
0.9296875 0.9333471655845642 1647.0 1808.0 34341.0 762.0
0.939453125 0.9331656098365784 1709.0 1877.0 34272.0 700.0
0.935546875 0.9381970167160034 1617.0 1591.0 34558.0 792.0
0.9453125 0.9353182315826416 1697.0 1782.0 34367.0 712.0
0.912109375 0.9322838187217712 1696.0 1898.0 34251.0 713.0
0.923828125 0.9327765703201294 1706.0 1889.0 34260.0 703.0
0.94140625 0.9335027933120728 1716.0 1871.0 34278.0 693.0
0.943359375 0.9352144598960876 1656.0 1745.0 34404.0 753.0
0.939453125 0.936225950717926 1679.0 1729.0 34420.0 730.0
0.927734375 0.9328025579452515 1691.0 1873.0 34276.0 718.0
0.939453125 0.9383525848388672 1610.0 1578.0 34571.0 799.0
0.94140625 0.9389491081237793 1644.0 1589.0 34560.0 765.0
0.939453125 0.9351626038551331 1651.0 1742.0 34407.0 758.0
0.93359375 0.9331915378570557 1692.0 1859.0 34290.0 717.0
0.9375 0.9364593625068665 1665.0 1706.0 34443.0 744.0
0.92578125 0.9386638402938843 1605.0 1561.0 34588.0 804.0
0.939453125 0.9363296627998352 1645.0 1691.0 34458.0 764.0
0.939453125 0.934877336025238 1648.0 1750.0 34399.0 761.0
0.92578125 0.9339696168899536 1680.0 1817.0 34332.0 729.0
0.94921875 0.9360962510108948 1686.0 1741.0 34408.0 723.0
0.931640625 0.9361221790313721 1673.0 1727.0 34422.0 736.0
0.943359375 0.9360443949699402 1672.0 1729.0 34420.0 737.0
0.9609375 0.9363555908203125 1660.0 1705.0 34444.0 749.0
0.931640625 0.934566080570221 1669.0 1783.0 34366.0 740.0
0.921875 0.9379895329475403 1631.0 1613.0 34536.0 778.0
0.9609375 0.9400124549865723 1603.0 1507.0 34642.0 806.0
0.9296875 0.9304165244102478 1688.0 1962.0 34187.0 721.0
0.951171875 0.9390268921852112 1591.0 1533.0 34616.0 818.0
0.9453125 0.9279008507728577 1730.0 2101.0 34048.0 679.0
0.931640625 0.9312723875045776 1704.0 1945.0 34204.0 705.0
0.955078125 0.9408683180809021 1539.0 1410.0 34739.0 870.0
0.9375 0.933243453502655 1690.0 1855.0 34294.0 719.0
0.9296875 0.939208447933197 1570.0 1505.0 34644.0 839.0
0.955078125 0.9365890622138977 1670.0 1706.0 34443.0 739.0
0.923828125 0.9349032640457153 1683.0 1784.0 34365.0 726.0
0.943359375 0.9375227093696594 1638.0 1638.0 34511.0 771.0
0.93359375 0.935551643371582 1680.0 1756.0 34393.0 729.0
0.951171875 0.9408942461013794 1589.0 1459.0 34690.0 820.0
0.9453125 0.9348254799842834 1639.0 1743.0 34406.0 770.0
0.9609375 0.9367964863777161 1684.0 1712.0 34437.0 725.0
0.958984375 0.9354738593101501 1655.0 1734.0 34415.0 754.0
0.951171875 0.9321282505989075 1705.0 1913.0 34236.0 704.0
0.935546875 0.935940682888031 1659.0 1720.0 34429.0 750.0
0.94921875 0.938248872756958 1639.0 1611.0 34538.0 770.0
0.943359375 0.9363555908203125 1691.0 1736.0 34413.0 718.0
0.94921875 0.9402458667755127 1618.0 1513.0 34636.0 791.0
0.9453125 0.936614990234375 1662.0 1697.0 34452.0 747.0
0.919921875 0.9369521141052246 1645.0 1667.0 34482.0 764.0
0.943359375 0.9352403879165649 1663.0 1751.0 34398.0 746.0
0.9453125 0.936511218547821 1639.0 1678.0 34471.0 770.0
0.9453125 0.9343586564064026 1695.0 1817.0 34332.0 714.0
0.955078125 0.940375566482544 1621.0 1511.0 34638.0 788.0
0.94140625 0.937963604927063 1623.0 1606.0 34543.0 786.0
0.939453125 0.942009449005127 1620.0 1447.0 34702.0 789.0
0.93359375 0.9353700876235962 1670.0 1753.0 34396.0 739.0
0.935546875 0.9364075064659119 1663.0 1706.0 34443.0 746.0
0.9375 0.939882755279541 1573.0 1482.0 34667.0 836.0
0.951171875 0.9370558857917786 1658.0 1676.0 34473.0 751.0
0.939453125 0.9374189376831055 1625.0 1629.0 34520.0 784.0
0.94921875 0.9356034994125366 1661.0 1735.0 34414.0 748.0
0.916015625 0.9356294274330139 1663.0 1736.0 34413.0 746.0
0.947265625 0.9342289566993713 1701.0 1828.0 34321.0 708.0
0.951171875 0.9414388537406921 1609.0 1458.0 34691.0 800.0
0.931640625 0.9402199387550354 1612.0 1508.0 34641.0 797.0
0.947265625 0.9344364404678345 1620.0 1739.0 34410.0 789.0
0.953125 0.9383525848388672 1669.0 1637.0 34512.0 740.0
0.939453125 0.9285491704940796 1714.0 2060.0 34089.0 695.0
0.939453125 0.9362778067588806 1637.0 1685.0 34464.0 772.0
0.94140625 0.9436174035072327 1574.0 1339.0 34810.0 835.0
0.921875 0.9383525848388672 1632.0 1600.0 34549.0 777.0
0.931640625 0.9379116892814636 1670.0 1655.0 34494.0 739.0
0.95703125 0.9396234154701233 1574.0 1493.0 34656.0 835.0
0.943359375 0.9337362051010132 1650.0 1796.0 34353.0 759.0
0.94140625 0.937859833240509 1616.0 1603.0 34546.0 793.0
0.9296875 0.9391565918922424 1641.0 1578.0 34571.0 768.0
0.939453125 0.9336583614349365 1670.0 1819.0 34330.0 739.0
0.9296875 0.9375486373901367 1594.0 1593.0 34556.0 815.0
0.9375 0.9391306638717651 1602.0 1540.0 34609.0 807.0
0.943359375 0.9343067407608032 1647.0 1771.0 34378.0 762.0
0.951171875 0.9312723875045776 1684.0 1925.0 34224.0 725.0
0.9453125 0.9378079771995544 1636.0 1625.0 34524.0 773.0
0.947265625 0.9304165244102478 1708.0 1982.0 34167.0 701.0
0.93359375 0.9321282505989075 1669.0 1877.0 34272.0 740.0
0.927734375 0.9317392110824585 1675.0 1898.0 34251.0 734.0
0.943359375 0.9378079771995544 1654.0 1643.0 34506.0 755.0
0.927734375 0.9327506422996521 1692.0 1876.0 34273.0 717.0
0.927734375 0.9333990216255188 1654.0 1813.0 34336.0 755.0
0.9296875 0.9367187023162842 1645.0 1676.0 34473.0 764.0
0.9296875 0.9381970167160034 1628.0 1602.0 34547.0 781.0
0.931640625 0.9339696168899536 1626.0 1763.0 34386.0 783.0
0.947265625 0.9341771006584167 1642.0 1771.0 34378.0 767.0
0.9375 0.9360443949699402 1659.0 1716.0 34433.0 750.0
0.94140625 0.938248872756958 1596.0 1568.0 34581.0 813.0
0.931640625 0.9367705583572388 1646.0 1675.0 34474.0 763.0
0.943359375 0.9334768652915955 1704.0 1860.0 34289.0 705.0
0.923828125 0.9272265434265137 1733.0 2130.0 34019.0 676.0
0.939453125 0.9379376769065857 1629.0 1613.0 34536.0 780.0
0.9453125 0.935836911201477 1634.0 1699.0 34450.0 775.0
0.939453125 0.9327247142791748 1669.0 1854.0 34295.0 740.0
0.9453125 0.9368224740028381 1593.0 1620.0 34529.0 816.0
0.921875 0.9312723875045776 1707.0 1948.0 34201.0 702.0
0.9375 0.9361740946769714 1630.0 1682.0 34467.0 779.0
0.96484375 0.9374967813491821 1633.0 1634.0 34515.0 776.0
0.947265625 0.9310649037361145 1704.0 1953.0 34196.0 705.0
0.9375 0.9323616623878479 1694.0 1893.0 34256.0 715.0
0.939453125 0.9362778067588806 1647.0 1695.0 34454.0 762.0
0.9453125 0.9358109831809998 1659.0 1725.0 34424.0 750.0
0.927734375 0.9336065053939819 1675.0 1826.0 34323.0 734.0
0.921875 0.9350588917732239 1662.0 1757.0 34392.0 747.0
0.955078125 0.9380413889884949 1604.0 1584.0 34565.0 805.0
0.927734375 0.9359666109085083 1661.0 1721.0 34428.0 748.0
0.943359375 0.934592068195343 1657.0 1770.0 34379.0 752.0
0.923828125 0.9329321980476379 1667.0 1844.0 34305.0 742.0
0.947265625 0.9386638402938843 1601.0 1557.0 34592.0 808.0
0.947265625 0.9393640756607056 1590.0 1519.0 34630.0 819.0
0.9296875 0.9312983155250549 1664.0 1904.0 34245.0 745.0
0.939453125 0.936225950717926 1631.0 1681.0 34468.0 778.0
0.95703125 0.9406089782714844 1573.0 1454.0 34695.0 836.0
0.919921875 0.9347735643386841 1633.0 1739.0 34410.0 776.0
0.947265625 0.9307795763015747 1711.0 1971.0 34178.0 698.0
0.9453125 0.9368743300437927 1632.0 1657.0 34492.0 777.0
0.931640625 0.9311686158180237 1693.0 1938.0 34211.0 716.0
0.931640625 0.9314020276069641 1707.0 1943.0 34206.0 702.0
0.955078125 0.9369261860847473 1619.0 1642.0 34507.0 790.0
0.94921875 0.9296903610229492 1709.0 2011.0 34138.0 700.0
0.93359375 0.9395197033882141 1623.0 1546.0 34603.0 786.0
0.939453125 0.9397531151771545 1604.0 1518.0 34631.0 805.0
0.955078125 0.9354997873306274 1609.0 1687.0 34462.0 800.0
0.916015625 0.9303127527236938 1716.0 1994.0 34155.0 693.0
0.92578125 0.9362778067588806 1662.0 1710.0 34439.0 747.0
0.927734375 0.936511218547821 1606.0 1645.0 34504.0 803.0
0.939453125 0.9361740946769714 1627.0 1679.0 34470.0 782.0
0.916015625 0.9395715594291687 1650.0 1571.0 34578.0 759.0
0.9453125 0.939882755279541 1621.0 1530.0 34619.0 788.0
0.931640625 0.9404792785644531 1662.0 1548.0 34601.0 747.0
0.9375 0.9240883588790894 1787.0 2305.0 33844.0 622.0
0.939453125 0.9305461645126343 1732.0 2001.0 34148.0 677.0
0.9296875 0.934592068195343 1715.0 1828.0 34321.0 694.0
0.943359375 0.9408423900604248 1658.0 1530.0 34619.0 751.0
0.943359375 0.9391047358512878 1655.0 1594.0 34555.0 754.0
0.955078125 0.9390528798103333 1648.0 1589.0 34560.0 761.0
0.92578125 0.9367705583572388 1675.0 1704.0 34445.0 734.0
0.9375 0.933917760848999 1716.0 1855.0 34294.0 693.0
