2.556918382644653320e+00
1.986039042472839355e+00
1.043138742446899414e+00
-1.391103029251098633e+00
-1.418657779693603516e+00
-9.387098550796508789e-01
3.037801504135131836e+00
1.921636343002319336e+00
-1.748692989349365234e+00
-8.297382593154907227e-01
2.186004370450973511e-01
-3.015767812728881836e+00
-2.155629634857177734e+00
-2.335817337036132812e+00
-1.027965068817138672e+00
2.336919546127319336e+00
-1.914209365844726562e+00
-4.670377373695373535e-01
1.998785734176635742e-01
1.403490304946899414e+00
-1.622377157211303711e+00
1.171236276626586914e+00
-5.682960152626037598e-01
1.997005939483642578e+00
1.384999990463256836e+00
-2.809954643249511719e+00
1.916385531425476074e+00
-9.865295886993408203e-01
1.307591319084167480e+00
-1.331785321235656738e+00
-5.844649299979209900e-02
-2.123087167739868164e+00
-2.185020744800567627e-01
4.663063287734985352e-01
1.954258561134338379e+00
-1.899123311042785645e+00
-1.933384895324707031e+00
2.255093306303024292e-01
2.156977653503417969e+00
2.021854162216186523e+00
4.814499914646148682e-01
4.782549381256103516e+00
-7.659174799919128418e-01
-1.312766075134277344e+00
-1.635156631469726562e+00
-1.661364078521728516e+00
2.668475627899169922e+00
-2.346874475479125977e-01
2.964555263519287109e+00
-7.342839986085891724e-02
