1.642414569854736328e+00
-3.038887739181518555e+00
-3.211585044860839844e+00
3.364605188369750977e+00
9.043442010879516602e-01
2.641918361186981201e-01
7.305874228477478027e-01
-1.263899087905883789e+00
4.326694965362548828e+00
3.118786811828613281e+00
-4.323918819427490234e+00
-1.381211161613464355e+00
4.441569328308105469e+00
-7.261084318161010742e-01
-3.906060755252838135e-01
3.457958221435546875e+00
2.993548393249511719e+00
-2.168615818023681641e+00
2.012094020843505859e+00
-3.462396860122680664e+00
1.458305358886718750e+00
4.342883586883544922e+00
-6.781383156776428223e-01
-9.499938040971755981e-02
-7.999399662017822266e+00
-2.593826293945312500e+00
-5.078616619110107422e+00
-2.924487352371215820e+00
-4.853824138641357422e+00
7.709962129592895508e-01
-3.101964712142944336e+00
-7.445099353790283203e-01
2.959020435810089111e-01
-1.972107768058776855e+00
3.534571170806884766e+00
-5.325353145599365234e-01
-2.694159984588623047e+00
2.281210660934448242e+00
1.999915480613708496e+00
2.625576019287109375e+00
-9.868385195732116699e-01
1.300105571746826172e+00
3.613742887973785400e-01
-5.936256408691406250e+00
-2.319436073303222656e+00
-2.653708934783935547e+00
-4.023371696472167969e+00
7.254130840301513672e-01
2.731352329254150391e+00
-2.142187833786010742e+00
-5.788049101829528809e-01
-3.272687196731567383e+00
1.342847347259521484e+00
6.789608001708984375e+00
-3.134711265563964844e+00
-8.285470008850097656e-01
4.580409526824951172e+00
-3.275245189666748047e+00
-1.469497680664062500e+00
4.079868316650390625e+00
-2.622046470642089844e-01
3.130995750427246094e+00
-2.058633089065551758e+00
-3.737251460552215576e-01
-2.267300367355346680e+00
4.259059727191925049e-01
-6.952744722366333008e-01
-9.661690592765808105e-01
-3.903696537017822266e+00
-2.589308738708496094e+00
3.995379447937011719e+00
-1.464358925819396973e+00
-1.487185359001159668e+00
3.937306165695190430e+00
-2.275462627410888672e+00
1.128646612167358398e+00
-1.174315094947814941e+00
-1.311616420745849609e+00
-1.135032057762145996e+00
1.826640963554382324e+00
