-1.196527242660522461e+00
6.935421466827392578e+00
-2.772848367691040039e+00
-7.769608020782470703e+00
3.369154214859008789e+00
-3.711435079574584961e+00
1.298870891332626343e-01
-7.418153762817382812e+00
-3.197345495223999023e+00
1.000983905792236328e+01
1.978079080581665039e+00
-5.047375559806823730e-01
-8.859804153442382812e+00
-1.016924190521240234e+01
3.900953531265258789e+00
8.801172256469726562e+00
-1.821290969848632812e+00
-4.911798000335693359e+00
-3.959781646728515625e+00
1.811754989624023438e+01
3.287964344024658203e+00
-3.062035083770751953e+00
2.080166101455688477e+00
1.133363056182861328e+01
-7.114859819412231445e-01
5.215371608734130859e+00
6.140945434570312500e+00
6.490607261657714844e+00
-1.379569244384765625e+01
4.299305915832519531e+00
