-3.465272903442382812e+00
6.263473510742187500e+00
2.931408643722534180e+00
-5.357785701751708984e+00
-2.645785808563232422e+00
-7.844606637954711914e-01
1.659258365631103516e+00
-4.162787497043609619e-01
5.170800685882568359e+00
-3.097079992294311523e+00
3.455794334411621094e+00
-5.293186664581298828e+00
3.423692226409912109e+00
3.688732385635375977e+00
3.806647300720214844e+00
4.010376453399658203e+00
6.309033393859863281e+00
-3.748188257217407227e+00
-3.657926559448242188e+00
-2.276856422424316406e+00
1.381371170282363892e-01
-3.822279214859008789e+00
-5.477007031440734863e-01
3.223171234130859375e+00
6.377180814743041992e-01
-6.287571907043457031e+00
5.248954296112060547e-01
2.538254737854003906e+00
-5.731917023658752441e-01
3.561904191970825195e+00
3.019203662872314453e+00
7.375523090362548828e+00
5.723853781819343567e-02
4.139592170715332031e+00
9.453753829002380371e-01
1.921916365623474121e+00
-1.466289639472961426e+00
8.490185737609863281e-01
-4.692407131195068359e+00
-2.228619813919067383e+00
2.403211593627929688e+00
1.499983966350555420e-01
6.219490170478820801e-01
-1.296809434890747070e+00
2.068654060363769531e+00
2.830323278903961182e-01
-2.219844609498977661e-01
3.397761106491088867e+00
-3.576909303665161133e+00
-1.041133046150207520e+00
-4.720427036285400391e+00
5.837302207946777344e-01
1.251358032226562500e+00
-5.724719762802124023e-01
-4.062281608581542969e+00
-1.206538677215576172e+00
-1.675692796707153320e+00
4.300254821777343750e+00
3.615468025207519531e+00
3.454062342643737793e-01
-1.837877988815307617e+00
-5.176554679870605469e+00
-1.123693808913230896e-01
3.389330387115478516e+00
8.733904957771301270e-01
7.419904470443725586e-01
-5.019215583801269531e+00
7.002762705087661743e-02
-7.027344703674316406e-01
3.306429147720336914e+00
4.633759856224060059e-01
4.085926055908203125e+00
4.563950061798095703e+00
4.336085796356201172e+00
3.035040378570556641e+00
-2.934748411178588867e+00
3.135687351226806641e+00
-4.051268100738525391e+00
5.872999668121337891e+00
3.978926837444305420e-01
