0.4111328125 0.4165859818458557 1764.0 7790.0 4259.0 645.0
0.7529296875 0.7510720491409302 1373.0 2563.0 9486.0 1036.0
0.7998046875 0.7917416095733643 1365.0 1967.0 10082.0 1044.0
0.80859375 0.8014248013496399 1424.0 1886.0 10163.0 985.0
0.837890625 0.8059897422790527 1485.0 1881.0 10168.0 924.0
0.8271484375 0.8107622265815735 1542.0 1869.0 10180.0 867.0
0.8330078125 0.8082722425460815 1569.0 1932.0 10117.0 840.0
0.8017578125 0.8092405796051025 1607.0 1956.0 10093.0 802.0
0.8388671875 0.8129755258560181 1602.0 1897.0 10152.0 807.0
0.8427734375 0.8085489273071289 1679.0 2038.0 10011.0 730.0
0.833984375 0.8127680420875549 1678.0 1976.0 10073.0 731.0
0.8291015625 0.8075805902481079 1702.0 2075.0 9974.0 707.0
0.8310546875 0.810278058052063 1705.0 2039.0 10010.0 704.0
0.80859375 0.8140130043029785 1692.0 1972.0 10077.0 717.0
0.84375 0.8129755258560181 1697.0 1992.0 10057.0 712.0
0.8232421875 0.8179554343223572 1689.0 1912.0 10137.0 720.0
0.798828125 0.8138055205345154 1712.0 1995.0 10054.0 697.0
0.826171875 0.8134596943855286 1703.0 1991.0 10058.0 706.0
0.8271484375 0.81601881980896 1721.0 1972.0 10077.0 688.0
0.8330078125 0.8197537660598755 1707.0 1904.0 10145.0 702.0
0.8349609375 0.8161571621894836 1728.0 1977.0 10072.0 681.0
0.85546875 0.8209295868873596 1736.0 1916.0 10133.0 673.0
0.8173828125 0.820237934589386 1745.0 1935.0 10114.0 664.0
0.8046875 0.8215520977973938 1763.0 1934.0 10115.0 646.0
0.849609375 0.8199612498283386 1762.0 1956.0 10093.0 647.0
0.8447265625 0.8230045437812805 1762.0 1912.0 10137.0 647.0
0.8388671875 0.8222437500953674 1753.0 1914.0 10135.0 656.0
0.8359375 0.8268086910247803 1748.0 1843.0 10206.0 661.0
0.845703125 0.825010359287262 1734.0 1855.0 10194.0 675.0
0.8271484375 0.8265320062637329 1769.0 1868.0 10181.0 640.0
0.8447265625 0.8214828968048096 1771.0 1943.0 10106.0 638.0
0.83203125 0.8274312019348145 1772.0 1858.0 10191.0 637.0
0.8603515625 0.8297136425971985 1762.0 1815.0 10234.0 647.0
0.833984375 0.821206271648407 1797.0 1973.0 10076.0 612.0
0.8212890625 0.8275694847106934 1768.0 1852.0 10197.0 641.0
0.8505859375 0.8268086910247803 1776.0 1871.0 10178.0 633.0
0.83984375 0.8241803646087646 1798.0 1931.0 10118.0 611.0
0.84375 0.8308894634246826 1774.0 1810.0 10239.0 635.0
0.873046875 0.8291603326797485 1766.0 1827.0 10222.0 643.0
0.8369140625 0.8314427733421326 1778.0 1806.0 10243.0 631.0
0.84375 0.8300594687461853 1768.0 1816.0 10233.0 641.0
0.84375 0.8236270546913147 1807.0 1948.0 10101.0 602.0
0.84765625 0.8349010944366455 1765.0 1743.0 10306.0 644.0
0.857421875 0.8362152576446533 1763.0 1722.0 10327.0 646.0
0.83984375 0.8333103060722351 1763.0 1764.0 10285.0 646.0
0.8466796875 0.8343477845191956 1766.0 1752.0 10297.0 643.0
0.86328125 0.83116614818573 1794.0 1826.0 10223.0 615.0
0.8564453125 0.8309586644172668 1813.0 1848.0 10201.0 596.0
0.8427734375 0.8338636159896851 1760.0 1753.0 10296.0 649.0
0.8544921875 0.8315811157226562 1797.0 1823.0 10226.0 612.0
0.8544921875 0.833448588848114 1792.0 1791.0 10258.0 617.0
0.861328125 0.8356618881225586 1769.0 1736.0 10313.0 640.0
0.8564453125 0.8314427733421326 1808.0 1836.0 10213.0 601.0
0.8583984375 0.8351777791976929 1795.0 1769.0 10280.0 614.0
0.83984375 0.8365610837936401 1800.0 1754.0 10295.0 609.0
0.8583984375 0.8338636159896851 1816.0 1809.0 10240.0 593.0
0.8583984375 0.8291603326797485 1796.0 1857.0 10192.0 613.0
0.859375 0.8308894634246826 1810.0 1846.0 10203.0 599.0
0.849609375 0.833448588848114 1787.0 1786.0 10263.0 622.0
0.86328125 0.8391202092170715 1810.0 1727.0 10322.0 599.0
0.8515625 0.8377369046211243 1778.0 1715.0 10334.0 631.0
0.83203125 0.8319961428642273 1826.0 1846.0 10203.0 583.0
0.8740234375 0.8354544043540955 1814.0 1784.0 10265.0 595.0
0.8447265625 0.837875247001648 1796.0 1731.0 10318.0 613.0
0.8671875 0.8344861268997192 1806.0 1790.0 10259.0 603.0
0.861328125 0.8375294208526611 1813.0 1753.0 10296.0 596.0
0.8544921875 0.8317194581031799 1829.0 1853.0 10196.0 580.0
0.8564453125 0.8430626392364502 1817.0 1677.0 10372.0 592.0
0.8701171875 0.8389818668365479 1800.0 1719.0 10330.0 609.0
0.845703125 0.8358002305030823 1818.0 1783.0 10266.0 591.0
0.865234375 0.8355236053466797 1813.0 1782.0 10267.0 596.0
0.8515625 0.8360077738761902 1820.0 1782.0 10267.0 589.0
0.8466796875 0.8411951661109924 1812.0 1699.0 10350.0 597.0
0.859375 0.8331719636917114 1855.0 1858.0 10191.0 554.0
0.849609375 0.8366994261741638 1828.0 1780.0 10269.0 581.0
0.86328125 0.8373218774795532 1848.0 1791.0 10258.0 561.0
0.8505859375 0.8396735191345215 1802.0 1711.0 10338.0 607.0
0.869140625 0.8377369046211243 1820.0 1757.0 10292.0 589.0
0.837890625 0.8346244096755981 1836.0 1818.0 10231.0 573.0
0.857421875 0.8397427201271057 1837.0 1745.0 10304.0 572.0
0.845703125 0.8427168130874634 1816.0 1681.0 10368.0 593.0
0.8564453125 0.8402960300445557 1829.0 1729.0 10320.0 580.0
0.8505859375 0.8389127254486084 1828.0 1748.0 10301.0 581.0
0.86328125 0.8353160619735718 1848.0 1820.0 10229.0 561.0
0.8525390625 0.8395351767539978 1814.0 1725.0 10324.0 595.0
0.8505859375 0.8396735191345215 1803.0 1712.0 10337.0 606.0
0.875 0.8407801985740662 1827.0 1720.0 10329.0 582.0
0.84765625 0.8343477845191956 1838.0 1824.0 10225.0 571.0
0.8564453125 0.8404343724250793 1807.0 1705.0 10344.0 602.0
0.8603515625 0.8405035138130188 1842.0 1739.0 10310.0 567.0
0.8701171875 0.8414027094841003 1814.0 1698.0 10351.0 595.0
0.861328125 0.8399502038955688 1829.0 1734.0 10315.0 580.0
0.8564453125 0.8387743830680847 1829.0 1751.0 10298.0 580.0
0.849609375 0.8384285569190979 1831.0 1758.0 10291.0 578.0
0.8603515625 0.8390510678291321 1848.0 1766.0 10283.0 561.0
0.8681640625 0.8406418561935425 1799.0 1694.0 10355.0 610.0
0.86328125 0.8388435244560242 1813.0 1734.0 10315.0 596.0
0.86328125 0.837875247001648 1841.0 1776.0 10273.0 568.0
0.8583984375 0.8378060460090637 1837.0 1773.0 10276.0 572.0
0.8701171875 0.8367685675621033 1831.0 1782.0 10267.0 578.0
0.86328125 0.8411951661109924 1840.0 1727.0 10322.0 569.0
0.859375 0.8347627520561218 1866.0 1846.0 10203.0 543.0
0.85546875 0.8385668992996216 1859.0 1784.0 10265.0 550.0
0.853515625 0.837875247001648 1837.0 1772.0 10277.0 572.0
0.8603515625 0.8409876823425293 1847.0 1737.0 10312.0 562.0
0.8681640625 0.8368377089500427 1856.0 1806.0 10243.0 553.0
0.8603515625 0.8418176770210266 1828.0 1706.0 10343.0 581.0
0.8564453125 0.8425093293190002 1801.0 1669.0 10380.0 608.0
0.84765625 0.8397427201271057 1868.0 1776.0 10273.0 541.0
0.8525390625 0.8421635031700134 1827.0 1700.0 10349.0 582.0
0.873046875 0.8412643671035767 1847.0 1733.0 10316.0 562.0
0.849609375 0.8411951661109924 1834.0 1721.0 10328.0 575.0
0.853515625 0.8389127254486084 1820.0 1740.0 10309.0 589.0
0.861328125 0.8403651714324951 1829.0 1728.0 10321.0 580.0
0.853515625 0.8389127254486084 1846.0 1766.0 10283.0 563.0
0.8623046875 0.8349010944366455 1866.0 1844.0 10205.0 543.0
0.880859375 0.8420251607894897 1840.0 1715.0 10334.0 569.0
0.8583984375 0.8390510678291321 1843.0 1761.0 10288.0 566.0
0.859375 0.840572714805603 1847.0 1743.0 10306.0 562.0
0.8662109375 0.8414027094841003 1826.0 1710.0 10339.0 583.0
0.869140625 0.8416101932525635 1838.0 1719.0 10330.0 571.0
0.8642578125 0.841126024723053 1853.0 1741.0 10308.0 556.0
0.8447265625 0.8424401879310608 1847.0 1716.0 10333.0 562.0
0.8662109375 0.8427168130874634 1830.0 1695.0 10354.0 579.0
0.86328125 0.8426476716995239 1842.0 1708.0 10341.0 567.0
0.85546875 0.8424401879310608 1849.0 1718.0 10331.0 560.0
0.8662109375 0.8461751341819763 1828.0 1643.0 10406.0 581.0
0.8544921875 0.8411951661109924 1855.0 1742.0 10307.0 554.0
0.8759765625 0.8444460034370422 1834.0 1674.0 10375.0 575.0
0.849609375 0.8366994261741638 1854.0 1806.0 10243.0 555.0
0.8681640625 0.8402268886566162 1853.0 1754.0 10295.0 556.0
0.8681640625 0.8437543511390686 1825.0 1675.0 10374.0 584.0
0.85546875 0.8463134765625 1828.0 1641.0 10408.0 581.0
0.86328125 0.8437543511390686 1854.0 1704.0 10345.0 555.0
0.849609375 0.8460367918014526 1836.0 1653.0 10396.0 573.0
0.8583984375 0.8384976983070374 1868.0 1794.0 10255.0 541.0
0.8671875 0.8485267758369446 1811.0 1592.0 10457.0 598.0
0.8515625 0.8402960300445557 1870.0 1770.0 10279.0 539.0
0.853515625 0.8402960300445557 1832.0 1732.0 10317.0 577.0
0.8525390625 0.8358694314956665 1882.0 1846.0 10203.0 527.0
0.853515625 0.8427168130874634 1846.0 1711.0 10338.0 563.0
0.861328125 0.8449301719665527 1839.0 1672.0 10377.0 570.0
0.8603515625 0.8431318402290344 1845.0 1704.0 10345.0 564.0
0.8525390625 0.8432009816169739 1853.0 1711.0 10338.0 556.0
0.8564453125 0.8439618349075317 1854.0 1701.0 10348.0 555.0
0.8857421875 0.8454834818840027 1828.0 1653.0 10396.0 581.0
0.853515625 0.8434776663780212 1869.0 1723.0 10326.0 540.0
0.8583984375 0.8355236053466797 1875.0 1844.0 10205.0 534.0
0.8642578125 0.8428551554679871 1846.0 1709.0 10340.0 563.0
0.8759765625 0.8456909656524658 1846.0 1668.0 10381.0 563.0
0.8779296875 0.8463134765625 1852.0 1665.0 10384.0 557.0
0.8564453125 0.8429243564605713 1836.0 1698.0 10351.0 573.0
0.84765625 0.8439618349075317 1841.0 1688.0 10361.0 568.0
0.87109375 0.8450684547424316 1850.0 1681.0 10368.0 559.0
0.865234375 0.8429243564605713 1872.0 1734.0 10315.0 537.0
0.8525390625 0.8454834818840027 1847.0 1672.0 10377.0 562.0
0.873046875 0.8512242436408997 1821.0 1563.0 10486.0 588.0
0.8671875 0.8486651182174683 1835.0 1614.0 10435.0 574.0
0.87890625 0.8486651182174683 1823.0 1602.0 10447.0 586.0
0.8720703125 0.8422326445579529 1841.0 1713.0 10336.0 568.0
0.888671875 0.8432009816169739 1873.0 1731.0 10318.0 536.0
0.8583984375 0.8419560194015503 1885.0 1761.0 10288.0 524.0
0.869140625 0.844376802444458 1847.0 1688.0 10361.0 562.0
0.8671875 0.8479042649269104 1811.0 1601.0 10448.0 598.0
0.884765625 0.843408465385437 1856.0 1711.0 10338.0 553.0
0.8515625 0.84686678647995 1833.0 1638.0 10411.0 576.0
0.875 0.8490800857543945 1844.0 1617.0 10432.0 565.0
0.8623046875 0.8445151448249817 1847.0 1686.0 10363.0 562.0
0.85546875 0.8465209603309631 1839.0 1649.0 10400.0 570.0
0.8740234375 0.8447226285934448 1848.0 1684.0 10365.0 561.0
0.8701171875 0.8472817540168762 1843.0 1642.0 10407.0 566.0
0.8740234375 0.847835123538971 1833.0 1624.0 10425.0 576.0
0.8466796875 0.8444460034370422 1826.0 1666.0 10383.0 583.0
0.859375 0.8459676504135132 1821.0 1639.0 10410.0 588.0
0.8671875 0.849564254283905 1843.0 1609.0 10440.0 566.0
0.8505859375 0.8423018455505371 1864.0 1735.0 10314.0 545.0
0.8876953125 0.8422326445579529 1841.0 1713.0 10336.0 568.0
0.85546875 0.8458293080329895 1834.0 1654.0 10395.0 575.0
0.853515625 0.8488034009933472 1839.0 1616.0 10433.0 570.0
0.86328125 0.8425785303115845 1845.0 1712.0 10337.0 564.0
0.859375 0.8427168130874634 1860.0 1725.0 10324.0 549.0
0.8603515625 0.8480426073074341 1815.0 1603.0 10446.0 594.0
0.869140625 0.8457601070404053 1831.0 1652.0 10397.0 578.0
0.8671875 0.8486651182174683 1802.0 1581.0 10468.0 607.0
0.8623046875 0.8449993133544922 1848.0 1680.0 10369.0 561.0
0.869140625 0.8490109443664551 1816.0 1590.0 10459.0 593.0
0.873046875 0.851085901260376 1822.0 1566.0 10483.0 587.0
0.8740234375 0.8436851501464844 1852.0 1703.0 10346.0 557.0
0.85546875 0.8479042649269104 1847.0 1637.0 10412.0 562.0
0.875 0.8461059331893921 1846.0 1662.0 10387.0 563.0
0.841796875 0.8437543511390686 1854.0 1704.0 10345.0 555.0
0.8720703125 0.8442384600639343 1851.0 1694.0 10355.0 558.0
0.8603515625 0.8438926339149475 1851.0 1699.0 10350.0 558.0
0.8662109375 0.8451376557350159 1854.0 1684.0 10365.0 555.0
0.87890625 0.8443076610565186 1866.0 1708.0 10341.0 543.0
0.87109375 0.8475584387779236 1821.0 1616.0 10433.0 588.0
0.8740234375 0.8473509550094604 1855.0 1653.0 10396.0 554.0
0.849609375 0.8398118615150452 1891.0 1798.0 10251.0 518.0
0.859375 0.8449993133544922 1836.0 1668.0 10381.0 573.0
0.8583984375 0.8445842862129211 1848.0 1686.0 10363.0 561.0
0.8779296875 0.844376802444458 1839.0 1680.0 10369.0 570.0
0.875 0.8475584387779236 1835.0 1630.0 10419.0 574.0
0.8623046875 0.8434776663780212 1841.0 1695.0 10354.0 568.0
0.880859375 0.8469359278678894 1827.0 1631.0 10418.0 582.0
0.875 0.8447226285934448 1857.0 1693.0 10356.0 552.0
0.857421875 0.8407801985740662 1848.0 1741.0 10308.0 561.0
0.861328125 0.8428551554679871 1880.0 1743.0 10306.0 529.0
0.8759765625 0.8454142808914185 1871.0 1697.0 10352.0 538.0
0.86328125 0.8452759981155396 1858.0 1686.0 10363.0 551.0
0.861328125 0.8492184281349182 1853.0 1624.0 10425.0 556.0
0.8681640625 0.8446534872055054 1862.0 1699.0 10350.0 547.0
0.8798828125 0.8467284440994263 1825.0 1632.0 10417.0 584.0
0.865234375 0.8399502038955688 1869.0 1774.0 10275.0 540.0
0.8662109375 0.8454834818840027 1839.0 1664.0 10385.0 570.0
0.873046875 0.8463826179504395 1849.0 1661.0 10388.0 560.0
0.8701171875 0.8463134765625 1861.0 1674.0 10375.0 548.0
0.8759765625 0.8424401879310608 1871.0 1740.0 10309.0 538.0
0.8544921875 0.8451376557350159 1877.0 1707.0 10342.0 532.0
0.8525390625 0.8430626392364502 1839.0 1699.0 10350.0 570.0
0.8623046875 0.8482500910758972 1834.0 1619.0 10430.0 575.0
0.861328125 0.8441693186759949 1840.0 1684.0 10365.0 569.0
0.8720703125 0.8486651182174683 1850.0 1629.0 10420.0 559.0
0.8759765625 0.8475584387779236 1867.0 1662.0 10387.0 542.0
0.8671875 0.8439618349075317 1844.0 1691.0 10358.0 565.0
0.869140625 0.8483192920684814 1834.0 1618.0 10431.0 575.0
0.873046875 0.8452067971229553 1850.0 1679.0 10370.0 559.0
0.8779296875 0.8449301719665527 1867.0 1700.0 10349.0 542.0
0.859375 0.8455526232719421 1845.0 1669.0 10380.0 564.0
0.873046875 0.8481117486953735 1838.0 1625.0 10424.0 571.0
0.859375 0.8432009816169739 1858.0 1716.0 10333.0 551.0
0.8623046875 0.8499792218208313 1829.0 1589.0 10460.0 580.0
0.86328125 0.8470051288604736 1836.0 1639.0 10410.0 573.0
0.8759765625 0.8441001772880554 1856.0 1701.0 10348.0 553.0
0.859375 0.8494259119033813 1838.0 1606.0 10443.0 571.0
0.8583984375 0.8469359278678894 1834.0 1638.0 10411.0 575.0
0.857421875 0.8423709869384766 1840.0 1710.0 10339.0 569.0
0.86328125 0.8475584387779236 1844.0 1639.0 10410.0 565.0
0.8671875 0.8477659225463867 1841.0 1633.0 10416.0 568.0
0.873046875 0.8456218242645264 1850.0 1673.0 10376.0 559.0
0.8681640625 0.8449301719665527 1834.0 1667.0 10382.0 575.0
0.876953125 0.8462442755699158 1850.0 1664.0 10385.0 559.0
0.875 0.8421635031700134 1863.0 1736.0 10313.0 546.0
0.87890625 0.8504633903503418 1805.0 1558.0 10491.0 604.0
0.8701171875 0.8448609709739685 1852.0 1686.0 10363.0 557.0
0.8779296875 0.8461059331893921 1837.0 1653.0 10396.0 572.0
0.8828125 0.8440309762954712 1851.0 1697.0 10352.0 558.0
0.8681640625 0.8485267758369446 1821.0 1602.0 10447.0 588.0
0.8681640625 0.8471434712409973 1826.0 1627.0 10422.0 583.0
0.869140625 0.8434776663780212 1862.0 1716.0 10333.0 547.0
0.8544921875 0.8426476716995239 1841.0 1707.0 10342.0 568.0
0.88671875 0.8476967811584473 1823.0 1616.0 10433.0 586.0
0.8857421875 0.8526075482368469 1810.0 1532.0 10517.0 599.0
0.8583984375 0.8432701826095581 1842.0 1699.0 10350.0 567.0
0.869140625 0.8494951128959656 1801.0 1568.0 10481.0 608.0
0.86328125 0.8449301719665527 1839.0 1672.0 10377.0 570.0
0.87890625 0.8454834818840027 1828.0 1653.0 10396.0 581.0
0.8662109375 0.8448609709739685 1852.0 1686.0 10363.0 557.0
0.8515625 0.844376802444458 1817.0 1658.0 10391.0 592.0
0.8828125 0.8488726019859314 1846.0 1622.0 10427.0 563.0
0.873046875 0.844376802444458 1826.0 1667.0 10382.0 583.0
0.884765625 0.8435468077659607 1833.0 1686.0 10363.0 576.0
0.8662109375 0.8476276397705078 1830.0 1624.0 10425.0 579.0
0.84375 0.8452759981155396 1826.0 1654.0 10395.0 583.0
0.8837890625 0.8454142808914185 1844.0 1670.0 10379.0 565.0
0.8701171875 0.8503251075744629 1825.0 1580.0 10469.0 584.0
0.87890625 0.8414718508720398 1820.0 1703.0 10346.0 589.0
0.8662109375 0.8430626392364502 1835.0 1695.0 10354.0 574.0
0.87890625 0.8485267758369446 1834.0 1615.0 10434.0 575.0
0.876953125 0.8465901017189026 1816.0 1625.0 10424.0 593.0
0.865234375 0.8449993133544922 1845.0 1677.0 10372.0 564.0
0.8671875 0.8447226285934448 1832.0 1668.0 10381.0 577.0
0.873046875 0.8407109975814819 1834.0 1728.0 10321.0 575.0
0.8720703125 0.8421635031700134 1841.0 1714.0 10335.0 568.0
0.8671875 0.8457601070404053 1828.0 1649.0 10400.0 581.0
0.8837890625 0.8521233797073364 1800.0 1529.0 10520.0 609.0
0.869140625 0.8424401879310608 1821.0 1690.0 10359.0 588.0
0.880859375 0.8409876823425293 1862.0 1752.0 10297.0 547.0
0.8740234375 0.8490800857543945 1827.0 1600.0 10449.0 582.0
0.865234375 0.8441693186759949 1833.0 1677.0 10372.0 576.0
0.880859375 0.8449993133544922 1846.0 1678.0 10371.0 563.0
0.88671875 0.8444460034370422 1819.0 1659.0 10390.0 590.0
0.8603515625 0.8445842862129211 1848.0 1686.0 10363.0 561.0
0.8486328125 0.8451376557350159 1842.0 1672.0 10377.0 567.0
0.87109375 0.8466593027114868 1841.0 1649.0 10400.0 568.0
0.84765625 0.8462442755699158 1824.0 1638.0 10411.0 585.0
0.873046875 0.8433393239974976 1852.0 1708.0 10341.0 557.0
0.873046875 0.8458293080329895 1832.0 1652.0 10397.0 577.0
0.880859375 0.8444460034370422 1851.0 1691.0 10358.0 558.0
0.8828125 0.8474892973899841 1842.0 1638.0 10411.0 567.0
0.8671875 0.8484575748443604 1840.0 1622.0 10427.0 569.0
0.87890625 0.8441693186759949 1835.0 1679.0 10370.0 574.0
0.875 0.847835123538971 1818.0 1609.0 10440.0 591.0
0.8623046875 0.844791829586029 1849.0 1684.0 10365.0 560.0
0.87109375 0.8500484228134155 1862.0 1621.0 10428.0 547.0
0.865234375 0.8432009816169739 1864.0 1722.0 10327.0 545.0
0.857421875 0.8473509550094604 1839.0 1637.0 10412.0 570.0
0.8779296875 0.8421635031700134 1862.0 1735.0 10314.0 547.0
0.86328125 0.8485267758369446 1844.0 1625.0 10424.0 565.0
0.8828125 0.8488726019859314 1847.0 1623.0 10426.0 562.0
0.875 0.8508092164993286 1826.0 1574.0 10475.0 583.0
0.87109375 0.850117564201355 1840.0 1598.0 10451.0 569.0
0.884765625 0.8473509550094604 1825.0 1623.0 10426.0 584.0
0.8798828125 0.8519158959388733 1811.0 1543.0 10506.0 598.0
0.8740234375 0.8496333956718445 1815.0 1580.0 10469.0 594.0
0.845703125 0.8475584387779236 1838.0 1633.0 10416.0 571.0
0.8564453125 0.8472126126289368 1840.0 1640.0 10409.0 569.0
0.865234375 0.8494259119033813 1824.0 1592.0 10457.0 585.0
0.857421875 0.845345139503479 1827.0 1654.0 10395.0 582.0
0.849609375 0.8462442755699158 1815.0 1629.0 10420.0 594.0
0.859375 0.8422326445579529 1866.0 1738.0 10311.0 543.0
0.8701171875 0.8458293080329895 1848.0 1668.0 10381.0 561.0
0.8603515625 0.843408465385437 1832.0 1687.0 10362.0 577.0
0.8603515625 0.849564254283905 1838.0 1604.0 10445.0 571.0
0.8564453125 0.8494951128959656 1853.0 1620.0 10429.0 556.0
0.8876953125 0.8436160087585449 1843.0 1695.0 10354.0 566.0
0.873046875 0.8474200963973999 1848.0 1645.0 10404.0 561.0
0.8564453125 0.8433393239974976 1837.0 1693.0 10356.0 572.0
0.888671875 0.8503942489624023 1851.0 1605.0 10444.0 558.0
0.8603515625 0.8486651182174683 1825.0 1604.0 10445.0 584.0
0.8837890625 0.8500484228134155 1821.0 1580.0 10469.0 588.0
0.8623046875 0.8531608581542969 1814.0 1528.0 10521.0 595.0
0.8515625 0.8485267758369446 1839.0 1620.0 10429.0 570.0
0.869140625 0.8508784174919128 1838.0 1585.0 10464.0 571.0
0.875 0.8470742702484131 1835.0 1637.0 10412.0 574.0
0.8623046875 0.8485267758369446 1831.0 1612.0 10437.0 578.0
0.8642578125 0.8493567705154419 1835.0 1604.0 10445.0 574.0
0.8876953125 0.8455526232719421 1820.0 1644.0 10405.0 589.0
0.8740234375 0.8510167598724365 1838.0 1583.0 10466.0 571.0
0.8662109375 0.8512242436408997 1815.0 1557.0 10492.0 594.0
0.8662109375 0.8533684015274048 1837.0 1548.0 10501.0 572.0
0.880859375 0.8469359278678894 1824.0 1628.0 10421.0 585.0
0.8701171875 0.8475584387779236 1842.0 1637.0 10412.0 567.0
0.8544921875 0.8504633903503418 1836.0 1589.0 10460.0 573.0
0.87890625 0.8450684547424316 1825.0 1656.0 10393.0 584.0
0.8876953125 0.8452067971229553 1840.0 1669.0 10380.0 569.0
0.859375 0.8462442755699158 1884.0 1698.0 10351.0 525.0
0.865234375 0.8471434712409973 1857.0 1658.0 10391.0 552.0
0.861328125 0.8452759981155396 1841.0 1669.0 10380.0 568.0
0.8701171875 0.8516392111778259 1847.0 1583.0 10466.0 562.0
0.8662109375 0.8517084121704102 1833.0 1568.0 10481.0 576.0
0.8681640625 0.8480426073074341 1837.0 1625.0 10424.0 572.0
0.8779296875 0.8498409390449524 1852.0 1614.0 10435.0 557.0
0.8759765625 0.8492184281349182 1837.0 1608.0 10441.0 572.0
0.873046875 0.8476967811584473 1858.0 1651.0 10398.0 551.0
0.8779296875 0.8475584387779236 1846.0 1641.0 10408.0 563.0
0.8544921875 0.8458293080329895 1868.0 1688.0 10361.0 541.0
0.8544921875 0.8508092164993286 1825.0 1573.0 10476.0 584.0
0.865234375 0.8470051288604736 1837.0 1640.0 10409.0 572.0
0.8671875 0.8494259119033813 1832.0 1600.0 10449.0 577.0
0.8671875 0.8436851501464844 1844.0 1695.0 10354.0 565.0
0.8779296875 0.8480426073074341 1854.0 1642.0 10407.0 555.0
0.8837890625 0.8544750213623047 1818.0 1513.0 10536.0 591.0
0.8779296875 0.8489417433738708 1833.0 1608.0 10441.0 576.0
0.8701171875 0.8544750213623047 1827.0 1522.0 10527.0 582.0
0.875 0.8485267758369446 1857.0 1638.0 10411.0 552.0
0.8759765625 0.8433393239974976 1852.0 1708.0 10341.0 557.0
0.884765625 0.8481117486953735 1830.0 1617.0 10432.0 579.0
0.873046875 0.8512242436408997 1831.0 1573.0 10476.0 578.0
0.8818359375 0.8480426073074341 1848.0 1636.0 10413.0 561.0
0.8544921875 0.8443076610565186 1846.0 1688.0 10361.0 563.0
0.8642578125 0.8483192920684814 1845.0 1629.0 10420.0 564.0
0.876953125 0.8494259119033813 1835.0 1603.0 10446.0 574.0
0.8583984375 0.8479042649269104 1844.0 1634.0 10415.0 565.0
0.8896484375 0.8490109443664551 1844.0 1618.0 10431.0 565.0
0.8720703125 0.8526766896247864 1836.0 1557.0 10492.0 573.0
0.859375 0.8511550426483154 1813.0 1556.0 10493.0 596.0
0.8828125 0.8503251075744629 1826.0 1581.0 10468.0 583.0
0.8642578125 0.8498409390449524 1838.0 1600.0 10449.0 571.0
0.8544921875 0.852054238319397 1820.0 1550.0 10499.0 589.0
0.8740234375 0.8423709869384766 1879.0 1749.0 10300.0 530.0
0.8671875 0.8469359278678894 1851.0 1655.0 10394.0 558.0
0.8818359375 0.8472126126289368 1818.0 1618.0 10431.0 591.0
0.86328125 0.8470742702484131 1859.0 1661.0 10388.0 550.0
0.8818359375 0.8507400751113892 1833.0 1582.0 10467.0 576.0
0.875 0.8450684547424316 1831.0 1662.0 10387.0 578.0
0.8857421875 0.8524692058563232 1828.0 1552.0 10497.0 581.0
0.87890625 0.8493567705154419 1839.0 1608.0 10441.0 570.0
0.8837890625 0.8498409390449524 1825.0 1587.0 10462.0 584.0
0.8662109375 0.8465209603309631 1845.0 1655.0 10394.0 564.0
0.841796875 0.8462442755699158 1870.0 1684.0 10365.0 539.0
0.86328125 0.8523308634757996 1830.0 1556.0 10493.0 579.0
0.8759765625 0.8515700697898865 1815.0 1552.0 10497.0 594.0
0.8798828125 0.8519158959388733 1818.0 1550.0 10499.0 591.0
0.8759765625 0.8436160087585449 1876.0 1728.0 10321.0 533.0
0.8828125 0.8525384068489075 1806.0 1529.0 10520.0 603.0
0.869140625 0.8521233797073364 1829.0 1558.0 10491.0 580.0
0.8857421875 0.8463826179504395 1849.0 1661.0 10388.0 560.0
0.8623046875 0.8439618349075317 1850.0 1697.0 10352.0 559.0
0.8642578125 0.8485267758369446 1845.0 1626.0 10423.0 564.0
0.869140625 0.853783369064331 1808.0 1513.0 10536.0 601.0
0.8671875 0.8494259119033813 1820.0 1588.0 10461.0 589.0
0.888671875 0.851085901260376 1854.0 1598.0 10451.0 555.0
0.8642578125 0.8562041521072388 1821.0 1491.0 10558.0 588.0
0.8681640625 0.8494951128959656 1832.0 1599.0 10450.0 577.0
0.8701171875 0.8435468077659607 1849.0 1702.0 10347.0 560.0
0.857421875 0.8489417433738708 1822.0 1597.0 10452.0 587.0
0.8662109375 0.8514317274093628 1808.0 1547.0 10502.0 601.0
0.8759765625 0.847835123538971 1848.0 1639.0 10410.0 561.0
0.8681640625 0.8429934978485107 1867.0 1728.0 10321.0 542.0
0.87890625 0.8492184281349182 1845.0 1616.0 10433.0 564.0
0.884765625 0.8544058799743652 1813.0 1509.0 10540.0 596.0
0.890625 0.8461751341819763 1859.0 1674.0 10375.0 550.0
0.8681640625 0.8504633903503418 1815.0 1568.0 10481.0 594.0
0.8798828125 0.8499792218208313 1823.0 1583.0 10466.0 586.0
0.8720703125 0.847835123538971 1841.0 1632.0 10417.0 568.0
0.87890625 0.84686678647995 1812.0 1617.0 10432.0 597.0
0.865234375 0.8431318402290344 1860.0 1719.0 10330.0 549.0
0.8779296875 0.8498409390449524 1824.0 1586.0 10463.0 585.0
0.87109375 0.8445842862129211 1847.0 1685.0 10364.0 562.0
0.87109375 0.8502559065818787 1822.0 1578.0 10471.0 587.0
0.8564453125 0.8484575748443604 1826.0 1608.0 10441.0 583.0
0.88671875 0.8454142808914185 1853.0 1679.0 10370.0 556.0
0.87890625 0.8497717380523682 1833.0 1596.0 10453.0 576.0
0.8974609375 0.848595917224884 1821.0 1601.0 10448.0 588.0
0.884765625 0.847835123538971 1833.0 1624.0 10425.0 576.0
0.8818359375 0.8446534872055054 1848.0 1685.0 10364.0 561.0
0.8779296875 0.8465209603309631 1843.0 1653.0 10396.0 566.0
0.8662109375 0.8438926339149475 1858.0 1706.0 10343.0 551.0
0.8720703125 0.8503251075744629 1832.0 1587.0 10462.0 577.0
0.875 0.8439618349075317 1857.0 1704.0 10345.0 552.0
0.8798828125 0.853022575378418 1836.0 1552.0 10497.0 573.0
0.87109375 0.844376802444458 1848.0 1689.0 10360.0 561.0
0.90234375 0.851085901260376 1831.0 1575.0 10474.0 578.0
0.8828125 0.8461059331893921 1824.0 1640.0 10409.0 585.0
0.87109375 0.8467284440994263 1854.0 1661.0 10388.0 555.0
0.87109375 0.8465209603309631 1866.0 1676.0 10373.0 543.0
0.8603515625 0.8499792218208313 1828.0 1588.0 10461.0 581.0
0.8779296875 0.8508784174919128 1844.0 1591.0 10458.0 565.0
0.8564453125 0.8490800857543945 1827.0 1600.0 10449.0 582.0
0.8974609375 0.8489417433738708 1844.0 1619.0 10430.0 565.0
0.8701171875 0.8501867651939392 1837.0 1594.0 10455.0 572.0
0.888671875 0.8462442755699158 1847.0 1661.0 10388.0 562.0
0.88671875 0.8476276397705078 1850.0 1644.0 10405.0 559.0
0.8583984375 0.8483884334564209 1836.0 1619.0 10430.0 573.0
0.8759765625 0.8514317274093628 1838.0 1577.0 10472.0 571.0
0.8681640625 0.850117564201355 1842.0 1600.0 10449.0 567.0
0.8759765625 0.8481809496879578 1844.0 1630.0 10419.0 565.0
0.880859375 0.8532992005348206 1809.0 1521.0 10528.0 600.0
0.87109375 0.8510167598724365 1806.0 1551.0 10498.0 603.0
0.884765625 0.8486651182174683 1867.0 1646.0 10403.0 542.0
0.873046875 0.8488726019859314 1830.0 1606.0 10443.0 579.0
0.890625 0.8506017327308655 1819.0 1570.0 10479.0 590.0
0.873046875 0.8499100804328918 1838.0 1599.0 10450.0 571.0
0.8798828125 0.8470051288604736 1841.0 1644.0 10405.0 568.0
0.8935546875 0.8521925806999207 1818.0 1546.0 10503.0 591.0
0.8896484375 0.8521925806999207 1811.0 1539.0 10510.0 598.0
0.8984375 0.8454142808914185 1856.0 1682.0 10367.0 553.0
0.865234375 0.8483192920684814 1829.0 1613.0 10436.0 580.0
0.8544921875 0.849564254283905 1838.0 1604.0 10445.0 571.0
0.8662109375 0.8454834818840027 1838.0 1663.0 10386.0 571.0
0.8759765625 0.8456909656524658 1864.0 1686.0 10363.0 545.0
0.876953125 0.848595917224884 1849.0 1629.0 10420.0 560.0
0.869140625 0.8493567705154419 1839.0 1608.0 10441.0 570.0
0.8681640625 0.8463134765625 1839.0 1652.0 10397.0 570.0
0.8857421875 0.8540600538253784 1799.0 1500.0 10549.0 610.0
0.8681640625 0.8506709337234497 1839.0 1589.0 10460.0 570.0
0.8564453125 0.8483192920684814 1834.0 1618.0 10431.0 575.0
0.890625 0.851085901260376 1849.0 1593.0 10456.0 560.0
0.880859375 0.8465209603309631 1862.0 1672.0 10377.0 547.0
0.8740234375 0.8497025966644287 1839.0 1603.0 10446.0 570.0
0.873046875 0.8564808368682861 1811.0 1477.0 10572.0 598.0
0.8623046875 0.8463134765625 1854.0 1667.0 10382.0 555.0
0.869140625 0.8479734659194946 1834.0 1623.0 10426.0 575.0
0.875 0.8503251075744629 1834.0 1589.0 10460.0 575.0
0.875 0.8474200963973999 1851.0 1648.0 10401.0 558.0
0.8720703125 0.8477659225463867 1833.0 1625.0 10424.0 576.0
0.8857421875 0.8506017327308655 1820.0 1571.0 10478.0 589.0
0.8779296875 0.8467976450920105 1820.0 1626.0 10423.0 589.0
0.8779296875 0.8452759981155396 1852.0 1680.0 10369.0 557.0
0.8837890625 0.8508092164993286 1842.0 1590.0 10459.0 567.0
0.8671875 0.850117564201355 1811.0 1569.0 10480.0 598.0
0.8828125 0.850117564201355 1831.0 1589.0 10460.0 578.0
0.86328125 0.8487342596054077 1842.0 1620.0 10429.0 567.0
0.89453125 0.8503942489624023 1824.0 1578.0 10471.0 585.0
0.8876953125 0.8559275269508362 1818.0 1492.0 10557.0 591.0
0.8671875 0.8491492867469788 1854.0 1626.0 10423.0 555.0
0.8603515625 0.8434776663780212 1842.0 1696.0 10353.0 567.0
0.865234375 0.8452067971229553 1886.0 1715.0 10334.0 523.0
0.875 0.845898449420929 1834.0 1653.0 10396.0 575.0
0.8720703125 0.8484575748443604 1849.0 1631.0 10418.0 560.0
0.8828125 0.8477659225463867 1832.0 1624.0 10425.0 577.0
0.873046875 0.8457601070404053 1859.0 1680.0 10369.0 550.0
0.8798828125 0.8509475588798523 1823.0 1569.0 10480.0 586.0
0.873046875 0.845898449420929 1846.0 1665.0 10384.0 563.0
0.861328125 0.8484575748443604 1819.0 1601.0 10448.0 590.0
0.88671875 0.84686678647995 1823.0 1628.0 10421.0 586.0
0.8720703125 0.8484575748443604 1845.0 1627.0 10422.0 564.0
0.890625 0.851085901260376 1823.0 1567.0 10482.0 586.0
0.849609375 0.8454834818840027 1872.0 1697.0 10352.0 537.0
0.8896484375 0.8491492867469788 1847.0 1619.0 10430.0 562.0
0.8720703125 0.8461751341819763 1855.0 1670.0 10379.0 554.0
0.873046875 0.8488034009933472 1856.0 1633.0 10416.0 553.0
0.8896484375 0.8504633903503418 1858.0 1611.0 10438.0 551.0
0.857421875 0.8452067971229553 1852.0 1681.0 10368.0 557.0
0.8857421875 0.8530917167663574 1832.0 1547.0 10502.0 577.0
0.9013671875 0.8488726019859314 1852.0 1628.0 10421.0 557.0
0.8681640625 0.8463134765625 1873.0 1686.0 10363.0 536.0
0.87109375 0.8517084121704102 1814.0 1549.0 10500.0 595.0
0.8515625 0.8483192920684814 1841.0 1625.0 10424.0 568.0
0.859375 0.8524000644683838 1839.0 1564.0 10485.0 570.0
0.861328125 0.8533684015274048 1839.0 1550.0 10499.0 570.0
0.8740234375 0.8511550426483154 1839.0 1582.0 10467.0 570.0
0.8759765625 0.8503251075744629 1835.0 1590.0 10459.0 574.0
