1.888939142227172852e+00
9.158725738525390625e-01
-1.278265476226806641e+00
6.640121936798095703e-01
-9.226540923118591309e-01
2.039882838726043701e-01
-1.245825648307800293e+00
-5.810119509696960449e-01
5.061271786689758301e-01
-1.754073053598403931e-01
1.974482774734497070e+00
-3.406730592250823975e-01
1.074763417243957520e+00
-1.378707289695739746e-01
7.613429427146911621e-01
4.493542015552520752e-01
-1.441166877746582031e+00
9.219626188278198242e-01
-2.640677690505981445e-01
-5.418667197227478027e-01
-1.058677554130554199e+00
3.522468805313110352e-01
-2.751359939575195312e-01
2.015362381935119629e-01
-1.135278820991516113e+00
-7.094259858131408691e-01
-6.517962813377380371e-01
1.533628821372985840e+00
-7.612179219722747803e-02
2.872291803359985352e-01
4.880676865577697754e-01
1.913214445114135742e+00
2.629144430160522461e+00
1.075219511985778809e+00
-2.401824295520782471e-01
6.664313673973083496e-01
2.430218219757080078e+00
-1.174520969390869141e+00
-1.399970650672912598e+00
-3.111228346824645996e-01
