-8.801105618476867676e-01
-2.313848972320556641e+00
1.516016960144042969e+00
-1.184084653854370117e+00
-1.852239131927490234e+00
-2.359352827072143555e+00
7.202020168304443359e+00
2.805628478527069092e-01
2.547578334808349609e+00
-5.027320861816406250e+00
-6.302753925323486328e+00
-5.200341343879699707e-02
-3.437494754791259766e+00
5.117264747619628906e+00
-3.371574640274047852e+00
-4.351517200469970703e+00
5.925407409667968750e+00
-1.171126937866210938e+01
2.149782180786132812e+00
7.893391251564025879e-01
2.019239366054534912e-01
-7.223965644836425781e+00
-1.445662260055541992e+00
-3.707953214645385742e+00
-3.245193883776664734e-02
-6.604973316192626953e+00
-6.966266155242919922e+00
-3.774320602416992188e+00
-6.211887001991271973e-01
1.561329722404479980e+00
5.491642951965332031e+00
5.308423995971679688e+00
4.097106933593750000e+00
-3.021615982055664062e+00
3.765178918838500977e+00
-1.256349563598632812e+01
-4.399273872375488281e+00
-2.916998624801635742e+00
-2.232074737548828125e+00
3.253381967544555664e+00
-2.959372520446777344e+00
-2.931292295455932617e+00
-5.401493072509765625e+00
3.469722986221313477e+00
-7.205291271209716797e+00
-9.431473731994628906e+00
-2.419403553009033203e+00
1.892785429954528809e+00
8.033307790756225586e-01
3.836004137992858887e-01
-6.162281632423400879e-01
-1.112042143940925598e-01
5.141952633857727051e-01
2.934341907501220703e+00
-1.443768262863159180e+00
-6.450664043426513672e+00
2.242206573486328125e+00
-8.004667162895202637e-01
-4.716280460357666016e+00
-2.573434352874755859e+00
