-1.219900369644165039e+00
1.251286149024963379e+00
1.392487585544586182e-01
1.091012716293334961e+00
-2.178036451339721680e+00
1.659584164619445801e+00
-2.719036579132080078e+00
1.689381957054138184e+00
2.402734160423278809e-01
-2.034002304077148438e+00
-1.772200703620910645e+00
2.558592855930328369e-01
-2.958578348159790039e+00
-1.503016829490661621e+00
1.540620088577270508e+00
-9.755365848541259766e-01
-3.201740384101867676e-01
2.225006341934204102e+00
-1.115401387214660645e+00
1.314523339271545410e+00
-3.297657668590545654e-01
-4.053052689414471388e-04
6.740999221801757812e-01
-1.861165046691894531e+00
-8.409255146980285645e-01
8.277772665023803711e-01
-3.743637725710868835e-02
1.270767569541931152e+00
2.933106660842895508e+00
-2.878557443618774414e+00
-1.162400543689727783e-01
4.279825687408447266e+00
-1.006930828094482422e+00
1.893591642379760742e+00
1.311872750520706177e-01
2.985829301178455353e-02
-1.239667892456054688e+00
-1.178150892257690430e+00
-2.766656456515192986e-03
-2.860179841518402100e-01
-8.913065791130065918e-01
8.028114438056945801e-01
9.104061126708984375e-01
-4.220083951950073242e-01
2.258994102478027344e+00
-1.715432107448577881e-01
3.010225534439086914e+00
-7.665361166000366211e-01
-1.653381586074829102e+00
7.403322458267211914e-01
-9.718285202980041504e-01
-1.499220252037048340e+00
-5.265458226203918457e-01
-3.154767990112304688e+00
1.214732080698013306e-01
-1.967952251434326172e+00
2.903639793395996094e+00
2.504955232143402100e-01
-1.465175032615661621e+00
5.367190361022949219e+00
