1.323327898979187012e+00
-5.670117139816284180e-01
5.633737444877624512e-01
8.569850027561187744e-02
1.304041147232055664e-01
7.529969215393066406e-01
-1.572142243385314941e+00
1.927233934402465820e+00
2.828335762023925781e-01
4.016077518463134766e-01
-5.146151185035705566e-01
-4.125300943851470947e-01
9.656307101249694824e-01
2.793847799301147461e+00
2.316238880157470703e+00
2.425485551357269287e-01
-1.884062528610229492e+00
2.036992609500885010e-01
1.104763507843017578e+00
-9.303022623062133789e-01
-1.571847915649414062e+00
-4.244539439678192139e-01
-2.012099266052246094e+00
1.807408928871154785e+00
-1.111800670623779297e+00
-3.302960470318794250e-02
3.865742087364196777e-01
-8.294184207916259766e-01
3.149501280859112740e-03
1.310339450836181641e+00
-8.467155098915100098e-01
-3.687257170677185059e-01
-7.391175627708435059e-01
8.257967233657836914e-01
1.529450058937072754e+00
2.547403812408447266e+00
1.698619842529296875e+00
-5.167830586433410645e-01
-1.782727122306823730e+00
-1.448397040367126465e+00
-8.543193936347961426e-01
4.862391352653503418e-01
-9.382413625717163086e-01
-7.261810302734375000e-01
1.221688985824584961e+00
-1.725778579711914062e+00
-8.719988465309143066e-01
6.192826032638549805e-01
1.717404484748840332e+00
3.130235671997070312e-01
-2.036014080047607422e+00
2.609292566776275635e-01
-5.027195811271667480e-02
1.231096625328063965e+00
1.638770580291748047e+00
-2.288244009017944336e+00
1.461773633956909180e+00
4.247488975524902344e-01
4.267430603504180908e-01
7.501022219657897949e-01
