-2.287527769804000854e-01 -6.094697117805480957e-01
1.228359222412109375e+00 7.517826557159423828e-01
-1.249303519725799561e-01 -5.351787209510803223e-01
-9.853183478116989136e-02 4.028261303901672363e-01
1.205391734838485718e-01 -2.539904713630676270e-01
3.564516007900238037e-01 6.395980715751647949e-01
9.604279994964599609e-01 1.309196710586547852e+00
-1.235385388135910034e-01 2.631946802139282227e-01
8.311138153076171875e-01 1.285249590873718262e+00
1.874697506427764893e-01 5.850865840911865234e-01
-2.060350775718688965e-01 -5.564774274826049805e-01
-6.292983293533325195e-01 -1.022472143173217773e+00
-8.181380033493041992e-01 -2.886998355388641357e-01
2.976994216442108154e-01 -1.635523736476898193e-01
-5.935832858085632324e-01 -2.327147722244262695e-01
1.156049743294715881e-01 -2.536496818065643311e-01
-8.158888220787048340e-01 -4.515873789787292480e-01
-1.101996526122093201e-01 2.469909042119979858e-01
-2.836823165416717529e-01 9.908497333526611328e-02
5.714807510375976562e-01 9.890564084053039551e-01
-4.334328472614288330e-01 1.089205872267484665e-02
1.858111023902893066e-01 5.801687240600585938e-01
-2.729549109935760498e-01 -7.017272114753723145e-01
-6.823268532752990723e-01 -1.498149335384368896e-01
1.255947232246398926e+00 8.620612025260925293e-01
-6.543439030647277832e-01 -2.267031967639923096e-01
8.668515682220458984e-01 1.234147429466247559e+00
4.121932089328765869e-01 8.181796073913574219e-01
9.811232686042785645e-01 5.089583396911621094e-01
-7.178833484649658203e-01 -2.681659758090972900e-01
1.943562328815460205e-01 6.193032860755920410e-01
9.390318393707275391e-01 6.193876862525939941e-01
3.919565677642822266e-01 9.192053079605102539e-01
-1.273338198661804199e+00 -1.800606369972229004e+00
-1.237051188945770264e-01 -5.265981554985046387e-01
3.475847542285919189e-01 7.249225378036499023e-01
8.385695219039916992e-01 4.907120764255523682e-01
1.508169248700141907e-02 -4.886702299118041992e-01
-3.957533240318298340e-01 -2.166364900767803192e-02
3.682233095169067383e-01 9.561824202537536621e-01
