0.578125 0.5746567249298096 839.0 9705.0 14394.0 1570.0
0.736328125 0.7502263188362122 739.0 4951.0 19148.0 1670.0
0.818359375 0.798060953617096 789.0 3733.0 20366.0 1620.0
0.8203125 0.8156028389930725 825.0 3304.0 20795.0 1584.0
0.82421875 0.8284291625022888 821.0 2960.0 21139.0 1588.0
0.837890625 0.8409913778305054 817.0 2623.0 21476.0 1592.0
0.880859375 0.8530632257461548 801.0 2287.0 21812.0 1608.0
0.880859375 0.8652482032775879 793.0 1956.0 22143.0 1616.0
0.884765625 0.8767918944358826 775.0 1632.0 22467.0 1634.0
0.90625 0.8885619640350342 736.0 1281.0 22818.0 1673.0
0.900390625 0.8977289795875549 693.0 995.0 23104.0 1716.0
0.90234375 0.9032744765281677 675.0 830.0 23269.0 1734.0
0.90234375 0.9064810872077942 696.0 766.0 23333.0 1713.0
0.91015625 0.9082164168357849 700.0 724.0 23375.0 1709.0
0.912109375 0.9090086221694946 735.0 738.0 23361.0 1674.0
0.89453125 0.9090463519096375 741.0 743.0 23356.0 1668.0
0.908203125 0.9100271463394165 740.0 716.0 23383.0 1669.0
0.91796875 0.9090463519096375 740.0 742.0 23357.0 1669.0
0.8984375 0.9098385572433472 742.0 723.0 23376.0 1667.0
0.888671875 0.9093104004859924 792.0 787.0 23312.0 1617.0
0.900390625 0.9095744490623474 761.0 749.0 23350.0 1648.0
0.912109375 0.9099516868591309 807.0 785.0 23314.0 1602.0
0.908203125 0.9093858599662781 823.0 816.0 23283.0 1586.0
0.908203125 0.9105930328369141 798.0 759.0 23340.0 1611.0
0.91796875 0.9109325408935547 812.0 764.0 23335.0 1597.0
0.90625 0.9094989895820618 843.0 833.0 23266.0 1566.0
0.896484375 0.9106307625770569 856.0 816.0 23283.0 1553.0
0.90625 0.9097253680229187 865.0 849.0 23250.0 1544.0
0.923828125 0.9102535247802734 848.0 818.0 23281.0 1561.0
0.91015625 0.9104421138763428 867.0 832.0 23267.0 1542.0
0.921875 0.9105553030967712 901.0 863.0 23236.0 1508.0
0.923828125 0.9118379354476929 862.0 790.0 23309.0 1547.0
0.9140625 0.9099516868591309 889.0 867.0 23232.0 1520.0
0.919921875 0.9107816219329834 877.0 833.0 23266.0 1532.0
0.90625 0.9106684923171997 904.0 863.0 23236.0 1505.0
0.904296875 0.910857081413269 891.0 845.0 23254.0 1518.0
0.892578125 0.9109325408935547 907.0 859.0 23240.0 1502.0
0.9140625 0.911083459854126 930.0 878.0 23221.0 1479.0
0.912109375 0.91180020570755 917.0 846.0 23253.0 1492.0
0.912109375 0.9117247462272644 924.0 855.0 23244.0 1485.0
0.90625 0.9110457301139832 922.0 871.0 23228.0 1487.0
0.92578125 0.9115738868713379 937.0 872.0 23227.0 1472.0
0.916015625 0.912064254283905 937.0 859.0 23240.0 1472.0
0.92578125 0.9115361571311951 939.0 875.0 23224.0 1470.0
0.900390625 0.9124038219451904 936.0 849.0 23250.0 1473.0
0.90625 0.9108193516731262 944.0 899.0 23200.0 1465.0
0.921875 0.9103666543960571 955.0 922.0 23177.0 1454.0
0.912109375 0.9114229679107666 959.0 898.0 23201.0 1450.0
0.9296875 0.9111589193344116 949.0 895.0 23204.0 1460.0
0.892578125 0.9118379354476929 964.0 892.0 23207.0 1445.0
0.923828125 0.911347508430481 975.0 916.0 23183.0 1434.0
0.919921875 0.9110457301139832 964.0 913.0 23186.0 1445.0
0.90234375 0.9112343192100525 968.0 912.0 23187.0 1441.0
0.908203125 0.912026584148407 985.0 908.0 23191.0 1424.0
0.92578125 0.9106684923171997 975.0 934.0 23165.0 1434.0
0.9140625 0.9110080003738403 964.0 914.0 23185.0 1445.0
0.916015625 0.911347508430481 996.0 937.0 23162.0 1413.0
0.93359375 0.9124792218208313 984.0 895.0 23204.0 1425.0
0.91796875 0.9123283624649048 997.0 912.0 23187.0 1412.0
0.91015625 0.9118756651878357 997.0 924.0 23175.0 1412.0
0.921875 0.9127810597419739 1003.0 906.0 23193.0 1406.0
0.91015625 0.9123283624649048 1001.0 916.0 23183.0 1408.0
0.90625 0.912743330001831 996.0 900.0 23199.0 1413.0
0.9140625 0.9125924110412598 1002.0 910.0 23189.0 1407.0
0.90234375 0.9123283624649048 995.0 910.0 23189.0 1414.0
0.91015625 0.9124038219451904 986.0 899.0 23200.0 1423.0
0.91015625 0.9128942489624023 1012.0 912.0 23187.0 1397.0
0.91015625 0.9124415516853333 1015.0 927.0 23172.0 1394.0
0.91796875 0.9125169515609741 1022.0 932.0 23167.0 1387.0
0.900390625 0.9115738868713379 1030.0 965.0 23134.0 1379.0
0.912109375 0.91180020570755 1022.0 951.0 23148.0 1387.0
0.8984375 0.9121019840240479 1030.0 951.0 23148.0 1379.0
0.91796875 0.9116116166114807 1029.0 963.0 23136.0 1380.0
0.9140625 0.9111589193344116 1030.0 976.0 23123.0 1379.0
0.9375 0.9123283624649048 1030.0 945.0 23154.0 1379.0
0.912109375 0.9113852381706238 1053.0 993.0 23106.0 1356.0
0.900390625 0.9125924110412598 1027.0 935.0 23164.0 1382.0
0.908203125 0.9112343192100525 1030.0 974.0 23125.0 1379.0
0.908203125 0.9110457301139832 1040.0 989.0 23110.0 1369.0
0.919921875 0.9125169515609741 1033.0 943.0 23156.0 1376.0
0.908203125 0.9113852381706238 1054.0 994.0 23105.0 1355.0
0.9140625 0.9122529029846191 1049.0 966.0 23133.0 1360.0
0.92578125 0.9113852381706238 1071.0 1011.0 23088.0 1338.0
0.919921875 0.9110457301139832 1072.0 1021.0 23078.0 1337.0
0.91796875 0.9117247462272644 1053.0 984.0 23115.0 1356.0
0.91015625 0.9128187894821167 1061.0 963.0 23136.0 1348.0
0.900390625 0.911347508430481 1066.0 1007.0 23092.0 1343.0
0.904296875 0.9116492867469788 1063.0 996.0 23103.0 1346.0
0.91015625 0.9111211895942688 1062.0 1009.0 23090.0 1347.0
0.912109375 0.9114984273910522 1061.0 998.0 23101.0 1348.0
0.90234375 0.9114229679107666 1062.0 1001.0 23098.0 1347.0
0.91015625 0.9115738868713379 1067.0 1002.0 23097.0 1342.0
0.93359375 0.9114229679107666 1057.0 996.0 23103.0 1352.0
0.91015625 0.911347508430481 1053.0 994.0 23105.0 1356.0
0.91796875 0.9106307625770569 1057.0 1017.0 23082.0 1352.0
0.91015625 0.9109702706336975 1066.0 1017.0 23082.0 1343.0
0.912109375 0.911347508430481 1052.0 993.0 23106.0 1357.0
0.9296875 0.9109702706336975 1070.0 1021.0 23078.0 1339.0
0.916015625 0.9117624759674072 1067.0 997.0 23102.0 1342.0
0.912109375 0.9108948111534119 1067.0 1020.0 23079.0 1342.0
0.91015625 0.9112343192100525 1067.0 1011.0 23088.0 1342.0
0.91015625 0.9108193516731262 1071.0 1026.0 23073.0 1338.0
0.888671875 0.9114606976509094 1071.0 1009.0 23090.0 1338.0
0.912109375 0.9118379354476929 1067.0 995.0 23104.0 1342.0
0.9140625 0.9114606976509094 1071.0 1009.0 23090.0 1338.0
0.91796875 0.9109702706336975 1081.0 1032.0 23067.0 1328.0
0.919921875 0.9109702706336975 1086.0 1037.0 23062.0 1323.0
0.9375 0.90987628698349 1083.0 1063.0 23036.0 1326.0
0.9140625 0.910140335559845 1082.0 1055.0 23044.0 1327.0
0.90625 0.9107439517974854 1074.0 1031.0 23068.0 1335.0
0.89453125 0.9104798436164856 1069.0 1033.0 23066.0 1340.0
0.908203125 0.9112343192100525 1071.0 1015.0 23084.0 1338.0
0.8984375 0.9113852381706238 1064.0 1004.0 23095.0 1345.0
0.91796875 0.9110457301139832 1079.0 1028.0 23071.0 1330.0
0.923828125 0.9114984273910522 1067.0 1004.0 23095.0 1342.0
0.931640625 0.911347508430481 1084.0 1025.0 23074.0 1325.0
0.908203125 0.9114229679107666 1084.0 1023.0 23076.0 1325.0
0.91796875 0.9114229679107666 1078.0 1017.0 23082.0 1331.0
0.91796875 0.9117624759674072 1087.0 1017.0 23082.0 1322.0
0.916015625 0.912290632724762 1089.0 1005.0 23094.0 1320.0
0.931640625 0.911347508430481 1096.0 1037.0 23062.0 1313.0
0.908203125 0.9104421138763428 1095.0 1060.0 23039.0 1314.0
0.927734375 0.9119888544082642 1090.0 1014.0 23085.0 1319.0
0.916015625 0.9110457301139832 1106.0 1055.0 23044.0 1303.0
0.91015625 0.9113852381706238 1095.0 1035.0 23064.0 1314.0
0.93359375 0.9114606976509094 1092.0 1030.0 23069.0 1317.0
0.921875 0.9108948111534119 1090.0 1043.0 23056.0 1319.0
0.921875 0.911347508430481 1088.0 1029.0 23070.0 1321.0
0.931640625 0.9111966490745544 1087.0 1032.0 23067.0 1322.0
0.919921875 0.9116870164871216 1079.0 1011.0 23088.0 1330.0
0.921875 0.912026584148407 1092.0 1015.0 23084.0 1317.0
0.892578125 0.9111966490745544 1079.0 1024.0 23075.0 1330.0
0.921875 0.9103289842605591 1084.0 1052.0 23047.0 1325.0
0.923828125 0.9113097786903381 1094.0 1036.0 23063.0 1315.0
0.919921875 0.9099894165992737 1100.0 1077.0 23022.0 1309.0
0.91015625 0.911083459854126 1091.0 1039.0 23060.0 1318.0
0.923828125 0.9115738868713379 1113.0 1048.0 23051.0 1296.0
0.90234375 0.9107439517974854 1111.0 1068.0 23031.0 1298.0
0.921875 0.9126678705215454 1103.0 1009.0 23090.0 1306.0
0.923828125 0.9119888544082642 1104.0 1028.0 23071.0 1305.0
0.908203125 0.9118756651878357 1099.0 1026.0 23073.0 1310.0
0.921875 0.9116116166114807 1100.0 1034.0 23065.0 1309.0
0.919921875 0.911083459854126 1099.0 1047.0 23052.0 1310.0
0.921875 0.9105175733566284 1119.0 1082.0 23017.0 1290.0
0.916015625 0.9104421138763428 1106.0 1071.0 23028.0 1303.0
0.9140625 0.9113852381706238 1105.0 1045.0 23054.0 1304.0
0.927734375 0.9100648760795593 1113.0 1088.0 23011.0 1296.0
0.90234375 0.91180020570755 1096.0 1025.0 23074.0 1313.0
0.916015625 0.9109702706336975 1122.0 1073.0 23026.0 1287.0
0.927734375 0.9114229679107666 1105.0 1044.0 23055.0 1304.0
0.931640625 0.9105930328369141 1116.0 1077.0 23022.0 1293.0
0.90234375 0.9102535247802734 1114.0 1084.0 23015.0 1295.0
0.90625 0.9108948111534119 1121.0 1074.0 23025.0 1288.0
0.912109375 0.9114606976509094 1116.0 1054.0 23045.0 1293.0
0.90625 0.91180020570755 1125.0 1054.0 23045.0 1284.0
0.919921875 0.9113852381706238 1120.0 1059.0 23039.0 1289.0
0.9296875 0.9107439517974854 1136.0 1093.0 23006.0 1273.0
0.94140625 0.9108193516731262 1112.0 1067.0 23032.0 1297.0
0.919921875 0.9121774435043335 1121.0 1040.0 23059.0 1288.0
0.93359375 0.9127810597419739 1123.0 1026.0 23073.0 1286.0
0.900390625 0.9108948111534119 1132.0 1085.0 23014.0 1277.0
0.919921875 0.9119133949279785 1115.0 1041.0 23058.0 1294.0
0.912109375 0.9109702706336975 1140.0 1091.0 23008.0 1269.0
0.908203125 0.9112343192100525 1132.0 1076.0 23023.0 1277.0
0.923828125 0.9108948111534119 1127.0 1080.0 23019.0 1282.0
0.91796875 0.9114606976509094 1121.0 1059.0 23040.0 1288.0
0.93359375 0.911347508430481 1127.0 1068.0 23031.0 1282.0
0.921875 0.9110080003738403 1131.0 1081.0 23018.0 1278.0
0.91796875 0.9106307625770569 1129.0 1089.0 23010.0 1280.0
0.904296875 0.9111589193344116 1143.0 1089.0 23010.0 1266.0
0.8984375 0.9119511246681213 1131.0 1056.0 23043.0 1278.0
0.939453125 0.9104043841362 1122.0 1088.0 23011.0 1287.0
0.93359375 0.9109702706336975 1129.0 1080.0 23019.0 1280.0
0.927734375 0.9104798436164856 1134.0 1098.0 23001.0 1275.0
0.931640625 0.9100271463394165 1132.0 1108.0 22991.0 1277.0
0.923828125 0.9110457301139832 1138.0 1087.0 23012.0 1271.0
0.908203125 0.9111589193344116 1125.0 1071.0 23028.0 1284.0
0.9140625 0.9108948111534119 1142.0 1095.0 23004.0 1267.0
0.927734375 0.9117624759674072 1142.0 1072.0 23027.0 1267.0
0.904296875 0.9111966490745544 1141.0 1086.0 23013.0 1268.0
0.919921875 0.9107439517974854 1137.0 1094.0 23005.0 1272.0
0.939453125 0.9113852381706238 1142.0 1082.0 23017.0 1267.0
0.923828125 0.9111211895942688 1132.0 1079.0 23020.0 1277.0
0.9296875 0.910140335559845 1147.0 1120.0 22979.0 1262.0
0.935546875 0.9102535247802734 1156.0 1126.0 22973.0 1253.0
0.912109375 0.9102535247802734 1145.0 1115.0 22984.0 1264.0
0.912109375 0.9112720489501953 1144.0 1087.0 23012.0 1265.0
0.9296875 0.9115738868713379 1151.0 1086.0 23013.0 1258.0
0.92578125 0.9111211895942688 1163.0 1110.0 22989.0 1246.0
0.9140625 0.9109325408935547 1148.0 1100.0 22999.0 1261.0
0.93359375 0.9115738868713379 1146.0 1081.0 23018.0 1263.0
0.9140625 0.9112720489501953 1140.0 1083.0 23016.0 1269.0
0.923828125 0.9103666543960571 1147.0 1114.0 22985.0 1262.0
0.923828125 0.9119888544082642 1137.0 1061.0 23038.0 1272.0
0.91796875 0.9107439517974854 1172.0 1129.0 22970.0 1237.0
0.927734375 0.9112343192100525 1157.0 1101.0 22998.0 1252.0
0.927734375 0.9100648760795593 1164.0 1139.0 22960.0 1245.0
0.91015625 0.9113097786903381 1159.0 1101.0 22998.0 1250.0
0.90234375 0.9113852381706238 1151.0 1091.0 23008.0 1258.0
0.91796875 0.9113097786903381 1144.0 1086.0 23013.0 1265.0
0.9140625 0.9106684923171997 1174.0 1133.0 22966.0 1235.0
0.931640625 0.9114984273910522 1147.0 1084.0 23015.0 1262.0
0.92578125 0.91180020570755 1143.0 1072.0 23027.0 1266.0
0.9296875 0.9113852381706238 1157.0 1097.0 23002.0 1252.0
0.919921875 0.9114984273910522 1159.0 1096.0 23003.0 1250.0
0.921875 0.9107439517974854 1157.0 1114.0 22985.0 1252.0
0.9296875 0.9113852381706238 1162.0 1102.0 22997.0 1247.0
0.912109375 0.9116116166114807 1164.0 1098.0 23001.0 1245.0
0.91796875 0.9119511246681213 1153.0 1078.0 23021.0 1256.0
0.92578125 0.9113852381706238 1163.0 1103.0 22996.0 1246.0
0.921875 0.911083459854126 1160.0 1108.0 22991.0 1249.0
0.93359375 0.9107062220573425 1162.0 1120.0 22979.0 1247.0
0.94140625 0.9108948111534119 1172.0 1125.0 22974.0 1237.0
0.923828125 0.912064254283905 1159.0 1081.0 23018.0 1250.0
0.91796875 0.9111966490745544 1179.0 1124.0 22975.0 1230.0
0.91796875 0.9128565192222595 1133.0 1034.0 23065.0 1276.0
0.912109375 0.9109325408935547 1159.0 1111.0 22988.0 1250.0
0.93359375 0.9104043841362 1150.0 1116.0 22983.0 1259.0
0.921875 0.9116870164871216 1151.0 1083.0 23016.0 1258.0
0.8984375 0.9104043841362 1166.0 1132.0 22967.0 1243.0
0.91015625 0.9116492867469788 1156.0 1089.0 23010.0 1253.0
0.923828125 0.9114229679107666 1143.0 1082.0 23017.0 1266.0
0.91796875 0.9101780652999878 1159.0 1131.0 22968.0 1250.0
0.92578125 0.9115738868713379 1168.0 1103.0 22996.0 1241.0
0.931640625 0.9109702706336975 1141.0 1092.0 23007.0 1268.0
0.91015625 0.9094235897064209 1155.0 1147.0 22952.0 1254.0
0.9375 0.9099140167236328 1165.0 1144.0 22955.0 1244.0
0.896484375 0.9104798436164856 1154.0 1118.0 22981.0 1255.0
0.93359375 0.9104798436164856 1154.0 1118.0 22981.0 1255.0
0.919921875 0.9104421138763428 1150.0 1115.0 22984.0 1259.0
0.921875 0.910140335559845 1160.0 1133.0 22966.0 1249.0
0.921875 0.9110457301139832 1151.0 1100.0 22999.0 1258.0
0.921875 0.9115738868713379 1146.0 1081.0 23018.0 1263.0
0.9375 0.9108193516731262 1163.0 1118.0 22981.0 1246.0
0.9296875 0.9111589193344116 1168.0 1114.0 22985.0 1241.0
0.8828125 0.9110457301139832 1161.0 1110.0 22989.0 1248.0
0.927734375 0.9102535247802734 1155.0 1125.0 22974.0 1254.0
0.916015625 0.9096876382827759 1164.0 1149.0 22950.0 1245.0
0.921875 0.9098385572433472 1181.0 1162.0 22937.0 1228.0
0.908203125 0.9114984273910522 1153.0 1090.0 23009.0 1256.0
0.90234375 0.9107439517974854 1151.0 1108.0 22991.0 1258.0
0.90234375 0.9115738868713379 1165.0 1100.0 22999.0 1244.0
0.94140625 0.910857081413269 1160.0 1114.0 22985.0 1249.0
0.916015625 0.9106307625770569 1158.0 1118.0 22981.0 1251.0
0.939453125 0.9105930328369141 1160.0 1121.0 22978.0 1249.0
0.9296875 0.9108948111534119 1166.0 1119.0 22980.0 1243.0
0.935546875 0.9104043841362 1167.0 1133.0 22966.0 1242.0
0.900390625 0.9105553030967712 1158.0 1120.0 22979.0 1251.0
0.90625 0.9105175733566284 1157.0 1120.0 22979.0 1252.0
0.904296875 0.9099140167236328 1158.0 1137.0 22962.0 1251.0
0.9296875 0.9095367193222046 1159.0 1148.0 22951.0 1250.0
0.919921875 0.910857081413269 1156.0 1110.0 22989.0 1253.0
0.9140625 0.9105175733566284 1161.0 1124.0 22975.0 1248.0
0.923828125 0.9088954329490662 1184.0 1190.0 22909.0 1225.0
0.91015625 0.9102535247802734 1177.0 1147.0 22952.0 1232.0
0.92578125 0.9107816219329834 1175.0 1131.0 22968.0 1234.0
0.923828125 0.9116116166114807 1172.0 1106.0 22993.0 1237.0
0.935546875 0.9094613194465637 1161.0 1152.0 22947.0 1248.0
0.919921875 0.910140335559845 1173.0 1146.0 22953.0 1236.0
0.931640625 0.9098008275032043 1152.0 1134.0 22965.0 1257.0
0.923828125 0.9094989895820618 1163.0 1153.0 22946.0 1246.0
0.919921875 0.9096876382827759 1169.0 1154.0 22945.0 1240.0
0.92578125 0.9099516868591309 1153.0 1131.0 22968.0 1256.0
0.923828125 0.9099894165992737 1158.0 1135.0 22964.0 1251.0
0.921875 0.9097630977630615 1159.0 1142.0 22957.0 1250.0
0.912109375 0.9098008275032043 1164.0 1146.0 22953.0 1245.0
0.91015625 0.9093858599662781 1174.0 1167.0 22932.0 1235.0
0.9140625 0.9095744490623474 1172.0 1160.0 22939.0 1237.0
0.919921875 0.910140335559845 1185.0 1158.0 22941.0 1224.0
0.90234375 0.9099894165992737 1156.0 1133.0 22966.0 1253.0
0.916015625 0.9095744490623474 1154.0 1142.0 22957.0 1255.0
0.919921875 0.910140335559845 1170.0 1143.0 22956.0 1239.0
0.91796875 0.9090086221694946 1172.0 1175.0 22924.0 1237.0
0.916015625 0.9093104004859924 1177.0 1172.0 22927.0 1232.0
0.923828125 0.9097253680229187 1165.0 1149.0 22950.0 1244.0
0.892578125 0.9108193516731262 1158.0 1113.0 22986.0 1251.0
0.919921875 0.9100648760795593 1168.0 1143.0 22956.0 1241.0
0.927734375 0.9096876382827759 1160.0 1145.0 22954.0 1249.0
0.923828125 0.9107816219329834 1170.0 1126.0 22973.0 1239.0
0.92578125 0.9103289842605591 1170.0 1138.0 22961.0 1239.0
0.9375 0.9091217517852783 1182.0 1182.0 22917.0 1227.0
0.93359375 0.9105553030967712 1173.0 1135.0 22964.0 1236.0
0.91796875 0.910857081413269 1147.0 1101.0 22998.0 1262.0
0.931640625 0.9110080003738403 1173.0 1123.0 22976.0 1236.0
0.91796875 0.9115738868713379 1173.0 1108.0 22991.0 1236.0
0.9140625 0.9110457301139832 1176.0 1125.0 22974.0 1233.0
0.900390625 0.9113852381706238 1178.0 1118.0 22981.0 1231.0
0.9296875 0.9111589193344116 1167.0 1113.0 22986.0 1242.0
0.904296875 0.9116492867469788 1182.0 1115.0 22984.0 1227.0
0.919921875 0.9115738868713379 1175.0 1110.0 22989.0 1234.0
0.921875 0.9116116166114807 1165.0 1099.0 23000.0 1244.0
0.9296875 0.9112720489501953 1180.0 1123.0 22976.0 1229.0
0.919921875 0.9112720489501953 1174.0 1117.0 22982.0 1235.0
0.900390625 0.9104043841362 1175.0 1141.0 22958.0 1234.0
0.91796875 0.9111211895942688 1179.0 1126.0 22973.0 1230.0
0.921875 0.9105175733566284 1168.0 1131.0 22968.0 1241.0
0.919921875 0.9102535247802734 1186.0 1156.0 22943.0 1223.0
0.916015625 0.9105553030967712 1203.0 1165.0 22934.0 1206.0
0.92578125 0.9113097786903381 1173.0 1115.0 22984.0 1236.0
0.93359375 0.9106684923171997 1183.0 1142.0 22957.0 1226.0
0.91015625 0.9104421138763428 1187.0 1152.0 22947.0 1222.0
0.9140625 0.9108193516731262 1185.0 1140.0 22959.0 1224.0
0.927734375 0.9122151732444763 1174.0 1092.0 23007.0 1235.0
0.91796875 0.9108193516731262 1187.0 1142.0 22957.0 1222.0
0.931640625 0.911083459854126 1186.0 1134.0 22965.0 1223.0
0.90625 0.9118379354476929 1179.0 1107.0 22992.0 1230.0
0.912109375 0.9109325408935547 1189.0 1141.0 22958.0 1220.0
0.931640625 0.9102912545204163 1187.0 1156.0 22943.0 1222.0
0.91015625 0.910857081413269 1170.0 1124.0 22975.0 1239.0
0.91796875 0.9107816219329834 1186.0 1142.0 22957.0 1223.0
0.9140625 0.9099894165992737 1191.0 1168.0 22931.0 1218.0
0.923828125 0.9108948111534119 1182.0 1135.0 22964.0 1227.0
0.90625 0.9113097786903381 1190.0 1132.0 22967.0 1219.0
0.943359375 0.910857081413269 1195.0 1149.0 22950.0 1214.0
0.931640625 0.9114229679107666 1191.0 1130.0 22969.0 1218.0
0.91015625 0.9117247462272644 1191.0 1122.0 22977.0 1218.0
0.91796875 0.9118756651878357 1172.0 1099.0 23000.0 1237.0
0.90625 0.9108948111534119 1194.0 1147.0 22952.0 1215.0
0.92578125 0.9108948111534119 1201.0 1154.0 22945.0 1208.0
0.927734375 0.9110457301139832 1195.0 1144.0 22955.0 1214.0
0.90234375 0.9114229679107666 1176.0 1115.0 22984.0 1233.0
0.9140625 0.9115361571311951 1181.0 1117.0 22982.0 1228.0
0.931640625 0.9112343192100525 1186.0 1130.0 22969.0 1223.0
0.927734375 0.9121397137641907 1184.0 1104.0 22995.0 1225.0
0.91796875 0.91180020570755 1188.0 1117.0 22982.0 1221.0
0.9140625 0.9110080003738403 1196.0 1146.0 22953.0 1213.0
0.927734375 0.9117624759674072 1191.0 1121.0 22978.0 1218.0
0.916015625 0.9119511246681213 1172.0 1097.0 23002.0 1237.0
0.916015625 0.9116116166114807 1197.0 1131.0 22968.0 1212.0
0.900390625 0.9116492867469788 1173.0 1106.0 22993.0 1236.0
0.912109375 0.9110457301139832 1185.0 1134.0 22965.0 1224.0
0.916015625 0.9119511246681213 1201.0 1126.0 22973.0 1208.0
0.916015625 0.912064254283905 1184.0 1106.0 22993.0 1225.0
0.931640625 0.9119133949279785 1193.0 1119.0 22980.0 1216.0
0.921875 0.9116870164871216 1193.0 1125.0 22974.0 1216.0
0.92578125 0.9111966490745544 1188.0 1133.0 22966.0 1221.0
0.921875 0.911083459854126 1196.0 1144.0 22955.0 1213.0
0.931640625 0.9116492867469788 1182.0 1115.0 22984.0 1227.0
0.921875 0.9108948111534119 1196.0 1149.0 22950.0 1213.0
0.935546875 0.9116870164871216 1185.0 1117.0 22982.0 1224.0
0.943359375 0.9113097786903381 1204.0 1146.0 22953.0 1205.0
0.931640625 0.9107816219329834 1210.0 1166.0 22933.0 1199.0
0.935546875 0.9110080003738403 1192.0 1142.0 22957.0 1217.0
0.91796875 0.9111589193344116 1175.0 1121.0 22978.0 1234.0
0.919921875 0.9114229679107666 1185.0 1124.0 22975.0 1224.0
0.90625 0.9105553030967712 1193.0 1155.0 22944.0 1216.0
0.91015625 0.9117624759674072 1203.0 1133.0 22966.0 1206.0
0.9296875 0.9122529029846191 1196.0 1113.0 22986.0 1213.0
0.92578125 0.9111966490745544 1201.0 1146.0 22953.0 1208.0
0.919921875 0.9114606976509094 1209.0 1147.0 22952.0 1200.0
0.908203125 0.9114984273910522 1195.0 1132.0 22967.0 1214.0
0.91796875 0.9112720489501953 1203.0 1146.0 22953.0 1206.0
0.935546875 0.9111211895942688 1195.0 1142.0 22957.0 1214.0
0.919921875 0.9114606976509094 1196.0 1134.0 22965.0 1213.0
0.9296875 0.9106307625770569 1200.0 1160.0 22939.0 1209.0
0.923828125 0.9108948111534119 1204.0 1157.0 22942.0 1205.0
0.9375 0.9110080003738403 1203.0 1153.0 22946.0 1206.0
0.92578125 0.9114229679107666 1189.0 1128.0 22971.0 1220.0
0.908203125 0.9111211895942688 1191.0 1138.0 22961.0 1218.0
0.8984375 0.9107062220573425 1188.0 1146.0 22953.0 1221.0
0.923828125 0.9105175733566284 1205.0 1168.0 22931.0 1204.0
0.921875 0.9108193516731262 1182.0 1137.0 22962.0 1227.0
0.91796875 0.9111966490745544 1190.0 1135.0 22964.0 1219.0
0.927734375 0.9111966490745544 1182.0 1127.0 22972.0 1227.0
0.931640625 0.9116492867469788 1202.0 1135.0 22964.0 1207.0
0.92578125 0.9116492867469788 1194.0 1127.0 22972.0 1215.0
0.92578125 0.9122529029846191 1198.0 1115.0 22984.0 1211.0
0.923828125 0.9116116166114807 1186.0 1120.0 22979.0 1223.0
0.91015625 0.9109702706336975 1182.0 1133.0 22966.0 1227.0
0.939453125 0.9111589193344116 1183.0 1129.0 22970.0 1226.0
0.921875 0.9112343192100525 1185.0 1129.0 22970.0 1224.0
0.927734375 0.9108193516731262 1206.0 1161.0 22938.0 1203.0
0.931640625 0.9093481302261353 1183.0 1177.0 22922.0 1226.0
0.908203125 0.9113097786903381 1183.0 1125.0 22974.0 1226.0
0.923828125 0.9112343192100525 1202.0 1146.0 22953.0 1207.0
0.921875 0.9116116166114807 1183.0 1117.0 22982.0 1226.0
0.9296875 0.9106307625770569 1208.0 1168.0 22931.0 1201.0
0.9140625 0.9107816219329834 1197.0 1153.0 22946.0 1212.0
0.9296875 0.9112720489501953 1190.0 1133.0 22966.0 1219.0
0.91015625 0.9107062220573425 1205.0 1163.0 22936.0 1204.0
0.896484375 0.9107439517974854 1194.0 1151.0 22948.0 1215.0
0.9296875 0.9111966490745544 1189.0 1134.0 22965.0 1220.0
0.9375 0.9111589193344116 1197.0 1143.0 22956.0 1212.0
0.92578125 0.9098385572433472 1201.0 1182.0 22917.0 1208.0
0.916015625 0.9106684923171997 1210.0 1169.0 22930.0 1199.0
0.919921875 0.9104421138763428 1187.0 1152.0 22947.0 1222.0
0.923828125 0.9101780652999878 1187.0 1159.0 22940.0 1222.0
0.904296875 0.9110080003738403 1190.0 1140.0 22959.0 1219.0
0.923828125 0.9107062220573425 1188.0 1146.0 22953.0 1221.0
0.923828125 0.9101780652999878 1205.0 1177.0 22922.0 1204.0
0.927734375 0.9096876382827759 1197.0 1182.0 22917.0 1212.0
0.927734375 0.9109325408935547 1200.0 1152.0 22947.0 1209.0
0.91796875 0.9110457301139832 1196.0 1145.0 22954.0 1213.0
0.921875 0.912743330001831 1173.0 1077.0 23022.0 1236.0
0.896484375 0.9110080003738403 1187.0 1137.0 22962.0 1222.0
0.91796875 0.9106307625770569 1194.0 1154.0 22945.0 1215.0
0.92578125 0.9107816219329834 1189.0 1145.0 22954.0 1220.0
0.91796875 0.9106307625770569 1198.0 1158.0 22941.0 1211.0
0.92578125 0.910857081413269 1193.0 1147.0 22952.0 1216.0
0.947265625 0.9111211895942688 1177.0 1124.0 22975.0 1232.0
0.921875 0.9092349410057068 1204.0 1201.0 22898.0 1205.0
0.9140625 0.9105930328369141 1191.0 1152.0 22947.0 1218.0
0.9375 0.9110457301139832 1190.0 1139.0 22960.0 1219.0
0.90625 0.9108948111534119 1186.0 1139.0 22960.0 1223.0
0.916015625 0.9093481302261353 1180.0 1174.0 22925.0 1229.0
0.912109375 0.9107062220573425 1195.0 1153.0 22946.0 1214.0
0.90625 0.9102535247802734 1199.0 1169.0 22930.0 1210.0
0.927734375 0.9103666543960571 1194.0 1161.0 22938.0 1215.0
0.9140625 0.9111211895942688 1184.0 1131.0 22968.0 1225.0
0.908203125 0.9095744490623474 1184.0 1172.0 22927.0 1225.0
0.91796875 0.9105175733566284 1191.0 1154.0 22945.0 1218.0
0.93359375 0.909197211265564 1195.0 1193.0 22906.0 1214.0
0.9296875 0.9099894165992737 1181.0 1158.0 22941.0 1228.0
0.9140625 0.9113097786903381 1176.0 1118.0 22981.0 1233.0
0.921875 0.9093481302261353 1195.0 1189.0 22910.0 1214.0
0.919921875 0.9115361571311951 1183.0 1119.0 22980.0 1226.0
0.931640625 0.9104798436164856 1183.0 1147.0 22952.0 1226.0
0.9453125 0.9103289842605591 1193.0 1161.0 22938.0 1216.0
0.91015625 0.9105553030967712 1191.0 1153.0 22946.0 1218.0
0.9296875 0.9114984273910522 1182.0 1119.0 22980.0 1227.0
0.92578125 0.9105175733566284 1186.0 1149.0 22950.0 1223.0
0.931640625 0.9091217517852783 1196.0 1196.0 22903.0 1213.0
0.919921875 0.9095744490623474 1203.0 1191.0 22908.0 1206.0
0.919921875 0.9102912545204163 1183.0 1152.0 22947.0 1226.0
0.92578125 0.9118379354476929 1190.0 1118.0 22981.0 1219.0
0.908203125 0.9105930328369141 1187.0 1148.0 22951.0 1222.0
0.921875 0.9106307625770569 1198.0 1158.0 22941.0 1211.0
0.9140625 0.9112343192100525 1176.0 1120.0 22979.0 1233.0
0.91796875 0.9111966490745544 1175.0 1120.0 22979.0 1234.0
0.9140625 0.9108193516731262 1172.0 1127.0 22972.0 1237.0
0.919921875 0.9099894165992737 1193.0 1170.0 22929.0 1216.0
0.927734375 0.9102912545204163 1185.0 1154.0 22945.0 1224.0
0.921875 0.9110457301139832 1175.0 1124.0 22975.0 1234.0
0.923828125 0.9109702706336975 1191.0 1142.0 22957.0 1218.0
0.9375 0.9112343192100525 1192.0 1136.0 22963.0 1217.0
0.9296875 0.9105930328369141 1203.0 1164.0 22935.0 1206.0
0.9296875 0.9110457301139832 1186.0 1135.0 22964.0 1223.0
0.93359375 0.9104421138763428 1176.0 1141.0 22958.0 1233.0
0.92578125 0.90987628698349 1193.0 1173.0 22926.0 1216.0
0.923828125 0.9106684923171997 1178.0 1137.0 22962.0 1231.0
0.93359375 0.9102535247802734 1183.0 1153.0 22946.0 1226.0
0.923828125 0.910140335559845 1184.0 1157.0 22942.0 1225.0
0.912109375 0.9107062220573425 1177.0 1135.0 22964.0 1232.0
0.935546875 0.9102535247802734 1161.0 1131.0 22968.0 1248.0
0.927734375 0.9103666543960571 1186.0 1153.0 22946.0 1223.0
0.92578125 0.9102912545204163 1205.0 1174.0 22925.0 1204.0
0.923828125 0.9104421138763428 1185.0 1150.0 22949.0 1224.0
0.90625 0.90987628698349 1187.0 1167.0 22932.0 1222.0
0.935546875 0.9104798436164856 1191.0 1155.0 22944.0 1218.0
0.919921875 0.910140335559845 1191.0 1164.0 22935.0 1218.0
0.90234375 0.9099894165992737 1193.0 1170.0 22929.0 1216.0
0.9453125 0.9107439517974854 1206.0 1163.0 22936.0 1203.0
0.919921875 0.9116116166114807 1191.0 1125.0 22974.0 1218.0
0.9375 0.9111211895942688 1184.0 1131.0 22968.0 1225.0
0.921875 0.9108948111534119 1207.0 1160.0 22939.0 1202.0
0.923828125 0.9104798436164856 1200.0 1164.0 22935.0 1209.0
0.9296875 0.9088954329490662 1202.0 1208.0 22891.0 1207.0
0.93359375 0.9100648760795593 1197.0 1172.0 22927.0 1212.0
0.919921875 0.9105930328369141 1178.0 1139.0 22960.0 1231.0
0.916015625 0.9097253680229187 1181.0 1165.0 22934.0 1228.0
0.935546875 0.9096121788024902 1195.0 1182.0 22917.0 1214.0
0.939453125 0.9106307625770569 1175.0 1135.0 22964.0 1234.0
0.923828125 0.9096876382827759 1209.0 1194.0 22905.0 1200.0
0.935546875 0.9099516868591309 1185.0 1163.0 22936.0 1224.0
0.923828125 0.9100271463394165 1195.0 1171.0 22928.0 1214.0
0.923828125 0.9109702706336975 1178.0 1129.0 22970.0 1231.0
0.908203125 0.9111211895942688 1193.0 1140.0 22959.0 1216.0
0.91015625 0.9104798436164856 1191.0 1155.0 22944.0 1218.0
0.923828125 0.9114984273910522 1184.0 1121.0 22978.0 1225.0
0.921875 0.9111966490745544 1183.0 1128.0 22971.0 1226.0
0.90625 0.9106684923171997 1190.0 1149.0 22950.0 1219.0
0.916015625 0.9111589193344116 1199.0 1145.0 22954.0 1210.0
0.9296875 0.9105553030967712 1198.0 1160.0 22939.0 1211.0
0.935546875 0.9105930328369141 1196.0 1157.0 22942.0 1213.0
0.9140625 0.9103666543960571 1199.0 1166.0 22933.0 1210.0
0.9296875 0.9108948111534119 1183.0 1136.0 22963.0 1226.0
0.951171875 0.90987628698349 1201.0 1181.0 22918.0 1208.0
0.923828125 0.9097253680229187 1196.0 1180.0 22919.0 1213.0
0.935546875 0.9106684923171997 1181.0 1140.0 22959.0 1228.0
0.912109375 0.9104798436164856 1179.0 1143.0 22956.0 1230.0
0.9296875 0.90987628698349 1179.0 1159.0 22940.0 1230.0
0.9296875 0.9107439517974854 1177.0 1134.0 22965.0 1232.0
0.916015625 0.9107062220573425 1209.0 1167.0 22932.0 1200.0
0.921875 0.9102912545204163 1199.0 1168.0 22931.0 1210.0
0.9140625 0.9097253680229187 1212.0 1196.0 22903.0 1197.0
0.931640625 0.9108193516731262 1200.0 1155.0 22944.0 1209.0
0.91015625 0.9102535247802734 1192.0 1162.0 22937.0 1217.0
0.935546875 0.9097253680229187 1189.0 1173.0 22926.0 1220.0
0.91796875 0.9107816219329834 1187.0 1143.0 22956.0 1222.0
0.939453125 0.9106307625770569 1182.0 1142.0 22957.0 1227.0
0.9140625 0.9100648760795593 1198.0 1173.0 22926.0 1211.0
0.927734375 0.9101780652999878 1189.0 1161.0 22938.0 1220.0
0.93359375 0.9104798436164856 1181.0 1145.0 22954.0 1228.0
0.91015625 0.9099140167236328 1188.0 1167.0 22932.0 1221.0
0.9375 0.9090840220451355 1195.0 1196.0 22903.0 1214.0
0.916015625 0.9091217517852783 1206.0 1206.0 22893.0 1203.0
0.921875 0.9104043841362 1190.0 1156.0 22943.0 1219.0
0.916015625 0.9099140167236328 1207.0 1186.0 22913.0 1202.0
0.923828125 0.911347508430481 1200.0 1141.0 22958.0 1209.0
0.919921875 0.9104798436164856 1185.0 1149.0 22950.0 1224.0
0.919921875 0.9102535247802734 1201.0 1171.0 22928.0 1208.0
0.935546875 0.9099140167236328 1188.0 1167.0 22932.0 1221.0
0.927734375 0.9096499085426331 1203.0 1189.0 22910.0 1206.0
0.91796875 0.9097253680229187 1188.0 1172.0 22927.0 1221.0
0.916015625 0.9101780652999878 1203.0 1175.0 22924.0 1206.0
0.93359375 0.9091217517852783 1195.0 1195.0 22904.0 1214.0
0.92578125 0.9102535247802734 1189.0 1159.0 22940.0 1220.0
0.90234375 0.9091594815254211 1187.0 1186.0 22913.0 1222.0
0.94921875 0.9096121788024902 1200.0 1187.0 22912.0 1209.0
0.921875 0.9099516868591309 1213.0 1191.0 22908.0 1196.0
0.93359375 0.9095744490623474 1209.0 1197.0 22902.0 1200.0
0.921875 0.9107439517974854 1185.0 1142.0 22957.0 1224.0
0.9140625 0.9099140167236328 1201.0 1180.0 22919.0 1208.0
0.923828125 0.9097253680229187 1201.0 1185.0 22914.0 1208.0
0.908203125 0.9103289842605591 1188.0 1156.0 22943.0 1221.0
0.912109375 0.9107062220573425 1191.0 1149.0 22950.0 1218.0
0.892578125 0.9099140167236328 1198.0 1177.0 22922.0 1211.0
0.904296875 0.9107062220573425 1204.0 1162.0 22937.0 1205.0
0.927734375 0.9100648760795593 1183.0 1158.0 22941.0 1226.0
0.90625 0.9097253680229187 1212.0 1196.0 22903.0 1197.0
0.91015625 0.9098385572433472 1203.0 1184.0 22915.0 1206.0
0.916015625 0.9106684923171997 1172.0 1131.0 22968.0 1237.0
0.9140625 0.9110080003738403 1202.0 1152.0 22947.0 1207.0
0.927734375 0.9110080003738403 1200.0 1150.0 22949.0 1209.0
0.921875 0.9096121788024902 1199.0 1186.0 22913.0 1210.0
0.92578125 0.9091217517852783 1198.0 1198.0 22901.0 1211.0
0.927734375 0.9093481302261353 1205.0 1199.0 22900.0 1204.0
0.939453125 0.9099516868591309 1197.0 1175.0 22924.0 1212.0
0.91796875 0.9097253680229187 1192.0 1176.0 22923.0 1217.0
0.91796875 0.90987628698349 1190.0 1170.0 22929.0 1219.0
0.9296875 0.90987628698349 1198.0 1178.0 22921.0 1211.0
0.931640625 0.9097630977630615 1221.0 1204.0 22895.0 1188.0
0.91796875 0.9100648760795593 1215.0 1190.0 22909.0 1194.0
0.8984375 0.9096121788024902 1205.0 1192.0 22907.0 1204.0
0.9375 0.9096121788024902 1192.0 1179.0 22920.0 1217.0
0.919921875 0.9094613194465637 1198.0 1189.0 22910.0 1211.0
0.9375 0.9095367193222046 1209.0 1198.0 22901.0 1200.0
0.908203125 0.9090086221694946 1207.0 1210.0 22889.0 1202.0
0.9296875 0.9094235897064209 1215.0 1207.0 22892.0 1194.0
0.91015625 0.9100648760795593 1205.0 1180.0 22919.0 1204.0
0.923828125 0.9090463519096375 1217.0 1219.0 22880.0 1192.0
0.923828125 0.9098008275032043 1205.0 1187.0 22912.0 1204.0
0.92578125 0.9100271463394165 1199.0 1175.0 22924.0 1210.0
0.916015625 0.9092726707458496 1197.0 1193.0 22906.0 1212.0
0.912109375 0.9089708924293518 1212.0 1216.0 22883.0 1197.0
0.916015625 0.909197211265564 1207.0 1205.0 22894.0 1202.0
0.919921875 0.9095367193222046 1216.0 1205.0 22894.0 1193.0
0.908203125 0.9101026058197021 1192.0 1166.0 22933.0 1217.0
0.943359375 0.9087822437286377 1216.0 1225.0 22874.0 1193.0
0.9375 0.9090463519096375 1210.0 1212.0 22887.0 1199.0
0.93359375 0.9091594815254211 1216.0 1215.0 22884.0 1193.0
0.9375 0.9089708924293518 1214.0 1218.0 22881.0 1195.0
0.935546875 0.9097253680229187 1205.0 1189.0 22910.0 1204.0
0.931640625 0.9096499085426331 1202.0 1188.0 22911.0 1207.0
0.912109375 0.9093858599662781 1203.0 1196.0 22903.0 1206.0
0.921875 0.9088577032089233 1194.0 1201.0 22898.0 1215.0
0.9375 0.9089708924293518 1215.0 1219.0 22880.0 1194.0
0.93359375 0.9096499085426331 1191.0 1177.0 22922.0 1218.0
0.93359375 0.9088199734687805 1206.0 1214.0 22885.0 1203.0
0.921875 0.9099516868591309 1222.0 1200.0 22899.0 1187.0
0.9296875 0.9095367193222046 1206.0 1195.0 22904.0 1203.0
0.947265625 0.9091594815254211 1205.0 1204.0 22895.0 1204.0
0.919921875 0.9090840220451355 1203.0 1204.0 22895.0 1206.0
0.921875 0.9101780652999878 1197.0 1169.0 22930.0 1212.0
0.91796875 0.9087445139884949 1193.0 1203.0 22896.0 1216.0
0.92578125 0.9088577032089233 1200.0 1207.0 22892.0 1209.0
0.912109375 0.90987628698349 1203.0 1183.0 22916.0 1206.0
0.9296875 0.9094235897064209 1220.0 1212.0 22887.0 1189.0
0.923828125 0.9084804654121399 1221.0 1238.0 22861.0 1188.0
0.9296875 0.9091594815254211 1190.0 1189.0 22910.0 1219.0
0.927734375 0.9093481302261353 1198.0 1192.0 22907.0 1211.0
0.939453125 0.9094613194465637 1200.0 1191.0 22908.0 1209.0
0.93359375 0.9084804654121399 1204.0 1221.0 22878.0 1205.0
0.9140625 0.9098385572433472 1218.0 1199.0 22900.0 1191.0
0.919921875 0.9093481302261353 1194.0 1188.0 22911.0 1215.0
0.93359375 0.9093481302261353 1191.0 1185.0 22914.0 1218.0
0.896484375 0.9085181951522827 1197.0 1213.0 22886.0 1212.0
0.9296875 0.9084427356719971 1211.0 1229.0 22870.0 1198.0
0.91015625 0.9081409573554993 1221.0 1247.0 22852.0 1188.0
0.916015625 0.9083295464515686 1200.0 1221.0 22878.0 1209.0
0.908203125 0.9087822437286377 1204.0 1213.0 22886.0 1205.0
0.923828125 0.9086313843727112 1200.0 1213.0 22886.0 1209.0
0.935546875 0.9095367193222046 1187.0 1176.0 22923.0 1222.0
0.921875 0.9081786870956421 1216.0 1241.0 22858.0 1193.0
0.927734375 0.908254086971283 1194.0 1217.0 22882.0 1215.0
0.921875 0.9077637195587158 1194.0 1230.0 22869.0 1215.0
0.908203125 0.9075750708580017 1226.0 1267.0 22832.0 1183.0
0.931640625 0.9094613194465637 1208.0 1199.0 22900.0 1201.0
0.92578125 0.9074241518974304 1223.0 1268.0 22831.0 1186.0
0.9140625 0.9081032276153564 1204.0 1231.0 22868.0 1205.0
0.9453125 0.9091217517852783 1210.0 1210.0 22889.0 1199.0
0.92578125 0.908254086971283 1212.0 1235.0 22864.0 1197.0
0.93359375 0.9086313843727112 1197.0 1210.0 22889.0 1212.0
0.908203125 0.9090840220451355 1200.0 1201.0 22898.0 1209.0
0.916015625 0.9100271463394165 1206.0 1182.0 22917.0 1203.0
0.900390625 0.9078013896942139 1212.0 1247.0 22852.0 1197.0
0.9296875 0.9082918167114258 1227.0 1249.0 22850.0 1182.0
0.927734375 0.909197211265564 1198.0 1196.0 22903.0 1211.0
0.916015625 0.9088199734687805 1233.0 1241.0 22858.0 1176.0
0.90625 0.9097630977630615 1213.0 1196.0 22903.0 1196.0
0.8984375 0.9088199734687805 1209.0 1217.0 22882.0 1200.0
0.93359375 0.9093858599662781 1203.0 1196.0 22903.0 1206.0
0.921875 0.9083672761917114 1219.0 1239.0 22860.0 1190.0
0.91796875 0.9091217517852783 1195.0 1195.0 22904.0 1214.0
0.921875 0.9078391194343567 1226.0 1260.0 22839.0 1183.0
0.921875 0.9094235897064209 1197.0 1189.0 22910.0 1212.0
0.921875 0.9096876382827759 1196.0 1181.0 22918.0 1213.0
0.91796875 0.9091217517852783 1207.0 1207.0 22892.0 1202.0
0.904296875 0.909197211265564 1203.0 1201.0 22898.0 1206.0
0.923828125 0.9085936546325684 1217.0 1231.0 22868.0 1192.0
0.90625 0.9090840220451355 1187.0 1188.0 22911.0 1222.0
0.9140625 0.9089708924293518 1189.0 1193.0 22906.0 1220.0
0.908203125 0.9092349410057068 1201.0 1198.0 22901.0 1208.0
0.912109375 0.9086313843727112 1211.0 1224.0 22875.0 1198.0
0.91796875 0.9088577032089233 1214.0 1221.0 22878.0 1195.0
0.9296875 0.9092726707458496 1197.0 1193.0 22906.0 1212.0
0.919921875 0.908933162689209 1195.0 1200.0 22899.0 1214.0
0.9296875 0.9091217517852783 1208.0 1208.0 22891.0 1201.0
0.927734375 0.9081786870956421 1220.0 1245.0 22854.0 1189.0
0.9296875 0.9085559248924255 1221.0 1236.0 22863.0 1188.0
0.90234375 0.9088954329490662 1201.0 1207.0 22892.0 1208.0
0.947265625 0.9091594815254211 1193.0 1192.0 22907.0 1216.0
0.931640625 0.9081786870956421 1194.0 1219.0 22880.0 1215.0
0.93359375 0.9078768491744995 1212.0 1245.0 22854.0 1197.0
0.92578125 0.9074996113777161 1212.0 1255.0 22844.0 1197.0
0.923828125 0.9078013896942139 1207.0 1242.0 22857.0 1202.0
0.916015625 0.9092349410057068 1195.0 1192.0 22907.0 1214.0
0.927734375 0.9096121788024902 1180.0 1167.0 22932.0 1229.0
0.890625 0.9097630977630615 1201.0 1184.0 22915.0 1208.0
0.904296875 0.9092349410057068 1212.0 1209.0 22890.0 1197.0
0.912109375 0.9103289842605591 1202.0 1170.0 22929.0 1207.0
0.912109375 0.9090086221694946 1204.0 1207.0 22892.0 1205.0
0.908203125 0.9091217517852783 1201.0 1201.0 22898.0 1208.0
0.923828125 0.907725989818573 1226.0 1263.0 22836.0 1183.0
0.927734375 0.9088954329490662 1211.0 1217.0 22882.0 1198.0
0.919921875 0.9084427356719971 1224.0 1242.0 22857.0 1185.0
0.9375 0.909197211265564 1202.0 1200.0 22899.0 1207.0
0.923828125 0.9087822437286377 1224.0 1233.0 22866.0 1185.0
