0.4658203125 0.45884260535240173 1471.0 13407.0 10692.0 938.0
0.841796875 0.8359740376472473 1059.0 2998.0 21101.0 1350.0
0.880859375 0.8842613697052002 986.0 1645.0 22454.0 1423.0
0.8740234375 0.8860721588134766 1073.0 1684.0 22415.0 1336.0
0.9072265625 0.8918817043304443 1117.0 1574.0 22525.0 1292.0
0.900390625 0.8935415744781494 1167.0 1580.0 22519.0 1242.0
0.908203125 0.8982948660850525 1161.0 1448.0 22651.0 1248.0
0.904296875 0.8952391743659973 1244.0 1612.0 22487.0 1165.0
0.9091796875 0.8947487473487854 1291.0 1672.0 22427.0 1118.0
0.9052734375 0.896295428276062 1263.0 1603.0 22496.0 1146.0
0.8984375 0.8975026607513428 1249.0 1557.0 22542.0 1160.0
0.8955078125 0.8936170339584351 1316.0 1727.0 22372.0 1093.0
0.896484375 0.8949751257896423 1320.0 1695.0 22404.0 1089.0
0.88671875 0.8949751257896423 1353.0 1728.0 22371.0 1056.0
0.8955078125 0.8970876932144165 1332.0 1651.0 22448.0 1077.0
0.9140625 0.8964086174964905 1375.0 1712.0 22387.0 1034.0
0.90625 0.8963331580162048 1356.0 1695.0 22404.0 1053.0
0.912109375 0.8976157903671265 1386.0 1691.0 22408.0 1023.0
0.9228515625 0.8991625308990479 1369.0 1633.0 22466.0 1040.0
0.8818359375 0.8992002606391907 1368.0 1631.0 22468.0 1041.0
0.9091796875 0.8958427906036377 1440.0 1792.0 22307.0 969.0
0.912109375 0.8975780606269836 1446.0 1752.0 22347.0 963.0
0.9013671875 0.8990116119384766 1431.0 1699.0 22400.0 978.0
0.9111328125 0.9006337523460388 1427.0 1652.0 22447.0 982.0
0.9169921875 0.900331974029541 1436.0 1669.0 22430.0 973.0
0.9130859375 0.9021804928779602 1451.0 1635.0 22464.0 958.0
0.9140625 0.9019163846969604 1425.0 1616.0 22483.0 984.0
0.900390625 0.9020673036575317 1473.0 1660.0 22439.0 936.0
0.9072265625 0.9031990170478821 1474.0 1631.0 22468.0 935.0
0.9169921875 0.9010487198829651 1452.0 1666.0 22433.0 957.0
0.9228515625 0.9042176008224487 1447.0 1577.0 22522.0 962.0
0.912109375 0.8997660875320435 1519.0 1767.0 22332.0 890.0
0.9248046875 0.905575692653656 1468.0 1562.0 22537.0 941.0
0.9072265625 0.9022559523582458 1481.0 1663.0 22436.0 928.0
0.90625 0.9030858874320984 1465.0 1625.0 22474.0 944.0
0.90625 0.9018786549568176 1503.0 1695.0 22404.0 906.0
0.9111328125 0.9048588871955872 1481.0 1594.0 22505.0 928.0
0.9033203125 0.902482271194458 1507.0 1683.0 22416.0 902.0
0.91796875 0.9034631252288818 1512.0 1662.0 22437.0 897.0
0.91796875 0.8990870714187622 1526.0 1792.0 22307.0 883.0
0.912109375 0.9073864221572876 1484.0 1530.0 22569.0 925.0
0.912109375 0.9040666818618774 1528.0 1662.0 22437.0 881.0
0.9169921875 0.9013882875442505 1521.0 1726.0 22373.0 888.0
0.9111328125 0.9038780927658081 1524.0 1663.0 22436.0 885.0
0.908203125 0.9028972387313843 1505.0 1670.0 22429.0 904.0
0.921875 0.9033122062683105 1520.0 1674.0 22425.0 889.0
0.9228515625 0.9033499360084534 1528.0 1681.0 22418.0 881.0
0.9140625 0.9057265520095825 1508.0 1598.0 22501.0 901.0
0.921875 0.9065942168235779 1492.0 1559.0 22540.0 917.0
0.9208984375 0.9060283899307251 1481.0 1563.0 22536.0 928.0
0.90625 0.9065564870834351 1514.0 1582.0 22517.0 895.0
0.919921875 0.9075750708580017 1525.0 1566.0 22533.0 884.0
0.904296875 0.9054247736930847 1500.0 1598.0 22501.0 909.0
0.908203125 0.9021804928779602 1554.0 1738.0 22361.0 855.0
0.923828125 0.9054625034332275 1534.0 1631.0 22468.0 875.0
0.9228515625 0.9059529304504395 1509.0 1593.0 22506.0 900.0
0.9130859375 0.9038403630256653 1528.0 1668.0 22431.0 881.0
0.908203125 0.9033122062683105 1558.0 1712.0 22387.0 851.0
0.90234375 0.9038780927658081 1535.0 1674.0 22425.0 874.0
0.9150390625 0.9056134223937988 1535.0 1628.0 22471.0 874.0
0.9267578125 0.9068583250045776 1521.0 1581.0 22518.0 888.0
0.9228515625 0.9035762548446655 1537.0 1684.0 22415.0 872.0
0.916015625 0.9065564870834351 1539.0 1607.0 22492.0 870.0
0.9150390625 0.9063301682472229 1520.0 1594.0 22505.0 889.0
0.9111328125 0.910857081413269 1508.0 1462.0 22637.0 901.0
0.9189453125 0.9037271738052368 1575.0 1718.0 22381.0 834.0
0.9140625 0.9018032550811768 1579.0 1773.0 22326.0 830.0
0.923828125 0.9052738547325134 1537.0 1639.0 22460.0 872.0
0.9169921875 0.906103789806366 1542.0 1622.0 22477.0 867.0
0.9208984375 0.9047834873199463 1519.0 1634.0 22465.0 890.0
0.916015625 0.9090463519096375 1521.0 1523.0 22576.0 888.0
0.9130859375 0.9066319465637207 1526.0 1592.0 22507.0 883.0
0.9052734375 0.9075373411178589 1514.0 1556.0 22543.0 895.0
0.9267578125 0.9063678979873657 1576.0 1649.0 22450.0 833.0
0.9208984375 0.9045948386192322 1555.0 1675.0 22424.0 854.0
0.9208984375 0.9041798710823059 1559.0 1690.0 22409.0 850.0
0.8955078125 0.9057265520095825 1550.0 1640.0 22459.0 859.0
0.9208984375 0.9040289521217346 1563.0 1698.0 22401.0 846.0
0.90234375 0.9068205952644348 1538.0 1599.0 22500.0 871.0
0.9189453125 0.9059906601905823 1530.0 1613.0 22486.0 879.0
0.9248046875 0.9061415195465088 1527.0 1606.0 22493.0 882.0
0.921875 0.9088199734687805 1487.0 1495.0 22604.0 922.0
0.9208984375 0.9067451357841492 1532.0 1595.0 22504.0 877.0
0.8955078125 0.9077637195587158 1536.0 1572.0 22527.0 873.0
0.9208984375 0.9068583250045776 1548.0 1608.0 22491.0 861.0
0.91015625 0.906103789806366 1534.0 1614.0 22485.0 875.0
0.9111328125 0.9028972387313843 1566.0 1731.0 22368.0 843.0
0.9150390625 0.9045948386192322 1518.0 1638.0 22461.0 891.0
0.921875 0.9064433574676514 1527.0 1598.0 22501.0 882.0
0.908203125 0.9076505303382874 1546.0 1585.0 22514.0 863.0
0.921875 0.90489661693573 1548.0 1660.0 22439.0 861.0
0.91796875 0.9056511521339417 1539.0 1631.0 22468.0 870.0
0.9140625 0.9049720764160156 1515.0 1625.0 22474.0 894.0
0.9169921875 0.9044439196586609 1534.0 1658.0 22441.0 875.0
0.91015625 0.9062924385070801 1532.0 1607.0 22492.0 877.0
0.919921875 0.9076128005981445 1514.0 1554.0 22545.0 895.0
0.9228515625 0.9052361845970154 1534.0 1637.0 22462.0 875.0
0.93359375 0.9028972387313843 1545.0 1710.0 22389.0 864.0
0.908203125 0.9058020114898682 1530.0 1618.0 22481.0 879.0
0.9091796875 0.9063301682472229 1534.0 1608.0 22491.0 875.0
0.9296875 0.9037649035453796 1558.0 1700.0 22399.0 851.0
0.9228515625 0.9011619091033936 1560.0 1771.0 22328.0 849.0
0.935546875 0.9051607251167297 1516.0 1621.0 22478.0 893.0
0.892578125 0.9053115844726562 1547.0 1648.0 22451.0 862.0
0.9140625 0.9099894165992737 1532.0 1509.0 22590.0 877.0
0.921875 0.9070091843605042 1533.0 1589.0 22510.0 876.0
0.9208984375 0.9064433574676514 1542.0 1613.0 22486.0 867.0
0.91796875 0.9065564870834351 1532.0 1600.0 22499.0 877.0
0.91796875 0.9031612873077393 1565.0 1723.0 22376.0 844.0
0.9228515625 0.9042930603027344 1567.0 1695.0 22404.0 842.0
0.9228515625 0.9074618816375732 1548.0 1592.0 22507.0 861.0
0.9052734375 0.9065187573432922 1543.0 1612.0 22487.0 866.0
0.916015625 0.9042930603027344 1559.0 1687.0 22412.0 850.0
0.921875 0.9040666818618774 1561.0 1695.0 22404.0 848.0
0.9169921875 0.9039158225059509 1559.0 1697.0 22402.0 850.0
0.92578125 0.9091594815254211 1533.0 1532.0 22567.0 876.0
0.93359375 0.9098008275032043 1493.0 1475.0 22624.0 916.0
0.92578125 0.9033876657485962 1585.0 1737.0 22362.0 824.0
0.92578125 0.9058020114898682 1529.0 1617.0 22482.0 880.0
0.9296875 0.9030481576919556 1549.0 1710.0 22389.0 860.0
0.9111328125 0.9093481302261353 1514.0 1508.0 22591.0 895.0
0.91015625 0.90489661693573 1568.0 1680.0 22419.0 841.0
0.923828125 0.9057642817497253 1560.0 1649.0 22450.0 849.0
0.9267578125 0.9074996113777161 1534.0 1577.0 22522.0 875.0
0.916015625 0.9087822437286377 1536.0 1545.0 22554.0 873.0
0.9072265625 0.9038780927658081 1574.0 1713.0 22386.0 835.0
0.9130859375 0.9013128280639648 1578.0 1785.0 22314.0 831.0
0.9208984375 0.9044061899185181 1602.0 1727.0 22372.0 807.0
0.927734375 0.9069714546203613 1560.0 1617.0 22482.0 849.0
0.9208984375 0.9032744765281677 1555.0 1710.0 22389.0 854.0
0.9267578125 0.9110457301139832 1519.0 1468.0 22631.0 890.0
0.90625 0.9036517143249512 1570.0 1715.0 22384.0 839.0
0.919921875 0.9076505303382874 1543.0 1582.0 22517.0 866.0
0.9267578125 0.9098008275032043 1535.0 1517.0 22582.0 874.0
0.923828125 0.9056134223937988 1578.0 1671.0 22428.0 831.0
0.91796875 0.9052738547325134 1560.0 1662.0 22437.0 849.0
0.921875 0.9079145789146423 1548.0 1580.0 22519.0 861.0
0.91796875 0.9047457575798035 1538.0 1654.0 22445.0 871.0
0.9248046875 0.9070846438407898 1559.0 1613.0 22486.0 850.0
0.91796875 0.9056134223937988 1582.0 1675.0 22424.0 827.0
0.9326171875 0.9060283899307251 1565.0 1647.0 22452.0 844.0
0.916015625 0.9066319465637207 1530.0 1596.0 22503.0 879.0
0.9111328125 0.9013882875442505 1578.0 1783.0 22316.0 831.0
0.9296875 0.9035008549690247 1579.0 1728.0 22371.0 830.0
0.9189453125 0.9019541144371033 1583.0 1773.0 22326.0 826.0
0.92578125 0.9051229953765869 1556.0 1662.0 22437.0 853.0
0.916015625 0.9039912223815918 1560.0 1696.0 22403.0 849.0
0.9306640625 0.9081032276153564 1523.0 1550.0 22549.0 886.0
0.9208984375 0.9032367467880249 1578.0 1734.0 22365.0 831.0
0.92578125 0.8999170064926147 1613.0 1857.0 22242.0 796.0
0.9111328125 0.9068960547447205 1579.0 1638.0 22461.0 830.0
0.91015625 0.906782865524292 1591.0 1653.0 22446.0 818.0
0.9111328125 0.9068583250045776 1566.0 1626.0 22473.0 843.0
0.912109375 0.9081786870956421 1564.0 1589.0 22510.0 845.0
0.9375 0.9027840495109558 1602.0 1770.0 22329.0 807.0
0.9140625 0.9065942168235779 1559.0 1626.0 22473.0 850.0
0.9248046875 0.9076882600784302 1558.0 1596.0 22503.0 851.0
0.9208984375 0.9019163846969604 1567.0 1758.0 22341.0 842.0
0.9140625 0.9041044116020203 1580.0 1713.0 22386.0 829.0
0.927734375 0.909197211265564 1566.0 1564.0 22535.0 843.0
0.9248046875 0.9045193791389465 1557.0 1679.0 22420.0 852.0
0.9140625 0.9024068117141724 1583.0 1761.0 22338.0 826.0
0.9169921875 0.9045948386192322 1603.0 1723.0 22376.0 806.0
0.904296875 0.9042553305625916 1605.0 1734.0 22365.0 804.0
0.9169921875 0.9048211574554443 1587.0 1701.0 22398.0 822.0
0.9248046875 0.904632568359375 1604.0 1723.0 22376.0 805.0
0.912109375 0.9074996113777161 1563.0 1606.0 22493.0 846.0
0.9306640625 0.9065942168235779 1589.0 1656.0 22443.0 820.0
0.923828125 0.9072732925415039 1558.0 1607.0 22492.0 851.0
0.9189453125 0.9053115844726562 1593.0 1694.0 22405.0 816.0
0.92578125 0.9083672761917114 1531.0 1551.0 22548.0 878.0
0.9228515625 0.9035008549690247 1628.0 1777.0 22322.0 781.0
0.916015625 0.9028217792510986 1608.0 1775.0 22324.0 801.0
0.939453125 0.9090840220451355 1566.0 1567.0 22532.0 843.0
0.9296875 0.9064433574676514 1563.0 1634.0 22465.0 846.0
0.9150390625 0.9065564870834351 1560.0 1628.0 22471.0 849.0
0.9091796875 0.9055379629135132 1602.0 1697.0 22402.0 807.0
0.9208984375 0.9040666818618774 1594.0 1728.0 22371.0 815.0
0.916015625 0.9053870439529419 1555.0 1654.0 22445.0 854.0
0.916015625 0.9082164168357849 1563.0 1587.0 22512.0 846.0
0.9150390625 0.9040289521217346 1605.0 1740.0 22359.0 804.0
0.939453125 0.9065942168235779 1572.0 1639.0 22460.0 837.0
0.9326171875 0.9111966490745544 1555.0 1500.0 22599.0 854.0
0.9365234375 0.905839741230011 1585.0 1672.0 22427.0 824.0
0.919921875 0.9053870439529419 1602.0 1701.0 22398.0 807.0
0.9228515625 0.9095367193222046 1560.0 1549.0 22550.0 849.0
0.9208984375 0.9071223735809326 1565.0 1618.0 22481.0 844.0
0.92578125 0.9088954329490662 1576.0 1582.0 22517.0 833.0
0.912109375 0.9091217517852783 1570.0 1570.0 22529.0 839.0
0.9248046875 0.905575692653656 1597.0 1691.0 22408.0 812.0
0.9345703125 0.9060661196708679 1613.0 1694.0 22405.0 796.0
0.9228515625 0.9107439517974854 1549.0 1506.0 22593.0 860.0
0.916015625 0.9074241518974304 1584.0 1629.0 22470.0 825.0
0.927734375 0.9031612873077393 1600.0 1758.0 22341.0 809.0
0.9072265625 0.9079145789146423 1586.0 1618.0 22481.0 823.0
0.9150390625 0.9032744765281677 1621.0 1776.0 22323.0 788.0
0.912109375 0.9104421138763428 1564.0 1529.0 22570.0 845.0
0.908203125 0.9046702980995178 1580.0 1698.0 22401.0 829.0
0.919921875 0.9021804928779602 1617.0 1801.0 22298.0 792.0
0.9296875 0.9041421413421631 1591.0 1723.0 22376.0 818.0
0.9248046875 0.9054247736930847 1612.0 1710.0 22389.0 797.0
0.916015625 0.9050852656364441 1605.0 1712.0 22387.0 804.0
