9.833333333333332815e-01
9.833333333333332815e-01
9.833333333333332815e-01
9.833333333333332815e-01
9.833333333333332815e-01
9.833333333333332815e-01
9.690265486725663235e-01
9.690265486725663235e-01
9.690265486725663235e-01
9.690265486725663235e-01
9.690265486725663235e-01
9.690265486725663235e-01
9.560117302052786314e-01
9.560117302052786314e-01
9.560117302052786314e-01
9.519230769230768718e-01
9.519230769230768718e-01
9.519230769230768718e-01
9.519230769230768718e-01
9.474708171206225327e-01
9.474708171206225327e-01
9.474708171206225327e-01
9.310897435897436125e-01
9.310897435897436125e-01
9.310897435897436125e-01
9.238653001464128822e-01
9.238653001464128822e-01
9.156462585034013113e-01
9.156462585034013113e-01
9.082914572864321245e-01
9.082914572864321245e-01
9.017341040462427681e-01
9.017341040462427681e-01
8.936403508771929571e-01
8.936403508771929571e-01
8.875128998968008220e-01
8.785784797630800114e-01
8.785784797630800114e-01
8.706654170571695994e-01
8.706654170571695994e-01
8.614564831261101174e-01
8.566552901023890554e-01
8.482362592288761327e-01
8.482362592288761327e-01
8.369565217391304879e-01
8.289768483943241728e-01
8.289768483943241728e-01
8.152866242038216971e-01
8.121968121968121679e-01
8.081355932203390102e-01
8.062169312169311652e-01
7.892744479495268362e-01
7.858024691358024283e-01
7.774427020506634589e-01
7.688734030197444946e-01
7.646389994314951588e-01
7.596422582448295602e-01
7.447833065810594011e-01
7.414428646656134880e-01
7.309257375381484900e-01
7.139376218323586487e-01
7.075381679389313172e-01
6.932599724896836291e-01
6.839054837271510978e-01
6.780551905387647293e-01
6.659672681493915558e-01
6.487686717803794467e-01
6.336056009334889438e-01
6.231174698795181044e-01
6.113726910539659665e-01
6.060714285714285943e-01
5.939331265081007061e-01
5.814185814185813816e-01
5.696892021787888227e-01
5.567901234567901314e-01
5.416418798334324824e-01
5.283342873497424153e-01
5.161112641145689794e-01
4.969903166710285536e-01
4.713516160626836649e-01
4.634844868735083501e-01
4.476190476190476386e-01
4.297378599054576531e-01
4.085869784317677778e-01
3.994528043775649739e-01
3.774545454545454315e-01
3.668473509354782114e-01
3.569381217332658895e-01
3.469918699186991806e-01
3.209529446581829148e-01
3.069584736251402823e-01
2.928353050644689759e-01
2.775978071268377922e-01
2.423306348530038234e-01
2.423306348530038234e-01
2.183439248790666753e-01
1.922950008249463827e-01
1.570906675523082163e-01
1.570906675523082163e-01
9.087822544137619252e-02
