-6.855142712593078613e-01
-1.438540220260620117e+00
5.887451171875000000e-01
2.703634023666381836e+00
-1.618082672357559204e-01
-4.731946945190429688e+00
1.185432076454162598e+00
5.583093166351318359e-01
1.688506126403808594e+00
-8.342689275741577148e-01
-9.775014519691467285e-01
4.873150587081909180e-01
-1.481871724128723145e+00
8.055347204208374023e-01
5.812773704528808594e-01
2.279380559921264648e+00
2.907324075698852539e+00
1.360772848129272461e+00
4.087545871734619141e-01
-9.722217917442321777e-02
4.250593662261962891e+00
-2.232995510101318359e+00
-1.637075066566467285e+00
2.000377893447875977e+00
-1.813257217407226562e+00
-6.289590895175933838e-02
2.705133914947509766e+00
3.623780965805053711e+00
-4.702234566211700439e-01
-1.113312363624572754e+00
5.357081890106201172e-01
4.946769475936889648e-01
-2.510825872421264648e+00
-7.899169921875000000e-01
1.196019172668457031e+00
-2.127534151077270508e+00
3.186383843421936035e-01
-1.490451216697692871e+00
-4.325644969940185547e-01
9.641872048377990723e-01
-1.680839776992797852e+00
-5.715907216072082520e-01
-8.516620397567749023e-01
1.512931346893310547e+00
4.996328949928283691e-01
-9.851129651069641113e-01
-1.191377520561218262e+00
1.893995165824890137e+00
-2.039145469665527344e+00
2.556489109992980957e-01
