-2.538589239120483398e-01
9.420615434646606445e-01
2.913365066051483154e-01
-1.849543094635009766e+00
-7.985994815826416016e-01
-1.862487792968750000e+00
3.767831996083259583e-02
5.441104769706726074e-01
-8.592354059219360352e-01
1.127583265304565430e+00
1.583511680364608765e-01
7.943096756935119629e-01
1.158220648765563965e+00
1.857794284820556641e+00
3.055605292320251465e-01
-5.457690954208374023e-01
-1.077012896537780762e+00
-5.684521794319152832e-01
2.362515628337860107e-01
2.239372730255126953e-01
4.305121302604675293e-02
6.323305964469909668e-01
5.809962153434753418e-01
1.356855392456054688e+00
-3.546206653118133545e-01
-2.147920131683349609e-01
4.619875550270080566e-01
1.598955750465393066e+00
-6.636720895767211914e-01
-3.775955438613891602e-01
7.217996120452880859e-01
9.851818084716796875e-01
-2.631143629550933838e-01
-1.288971543312072754e+00
5.889876484870910645e-01
-9.083507210016250610e-02
-8.363841176033020020e-01
1.663790084421634674e-02
-3.665263354778289795e-01
-6.831376552581787109e-01
-1.412325501441955566e+00
-2.755709648132324219e+00
-9.418708682060241699e-01
-2.185281664133071899e-01
1.565014004707336426e+00
5.528020262718200684e-01
8.829393386840820312e-01
4.534759819507598877e-01
-1.534097194671630859e+00
9.648833870887756348e-01
1.894973158836364746e+00
5.257040262222290039e-02
9.124379754066467285e-01
-2.031971693038940430e+00
5.986418724060058594e-01
-6.267793774604797363e-01
7.652937173843383789e-01
-1.991489887237548828e+00
9.155935645103454590e-01
5.344429016113281250e-01
