2.892518043518066406e-01
-1.259479045867919922e+00
4.132713675498962402e-01
-5.413380861282348633e-01
8.758704662322998047e-01
-1.317993253469467163e-01
1.351311057806015015e-02
-1.364595770835876465e+00
1.717065453529357910e+00
1.810355901718139648e+00
1.061563014984130859e+00
8.689614534378051758e-01
7.402512431144714355e-01
-7.132562398910522461e-01
-5.799621939659118652e-01
-9.088485836982727051e-01
1.484245538711547852e+00
2.165083438158035278e-01
1.012972276657819748e-02
4.627791047096252441e-01
3.088032305240631104e-01
-1.444689869880676270e+00
-7.197679877281188965e-01
1.996875703334808350e-01
-1.840842247009277344e+00
8.996886014938354492e-01
-2.219669073820114136e-01
-6.805753707885742188e-01
1.319295912981033325e-01
3.069242238998413086e-01
1.701676368713378906e+00
1.860193252563476562e+00
1.031101867556571960e-02
-9.079722762107849121e-01
-1.703311316668987274e-02
1.008383274078369141e+00
-7.283756136894226074e-01
5.405469536781311035e-01
1.208864569664001465e+00
8.806716650724411011e-02
-6.412314772605895996e-01
-1.438591837882995605e+00
5.257991552352905273e-01
-1.038223147392272949e+00
-2.857214510440826416e-01
-3.872519731521606445e-01
7.447761297225952148e-01
-7.236236333847045898e-01
-3.260623216629028320e-01
-1.537033438682556152e+00
1.018089771270751953e+00
-9.280388355255126953e-01
-1.625533938407897949e+00
2.904612421989440918e-01
-1.107851982116699219e+00
2.224717475473880768e-02
1.568480767309665680e-02
2.819467782974243164e-01
-3.009107410907745361e-01
-2.095853090286254883e+00
1.345266699790954590e-01
-6.711394786834716797e-01
1.477885007858276367e+00
3.892141282558441162e-01
2.147891283035278320e+00
-1.686332076787948608e-01
1.099153161048889160e+00
2.219337821006774902e-01
1.274076104164123535e+00
-3.627857565879821777e-01
-5.748140811920166016e-01
-3.551286160945892334e-01
1.295520544052124023e+00
1.710448741912841797e+00
-1.662480980157852173e-01
-8.873154520988464355e-01
3.135050535202026367e-01
1.383513212203979492e+00
1.427759647369384766e+00
-7.235590219497680664e-01
