-3.748896121978759766e+00
2.963683128356933594e+00
7.839471817016601562e+00
-1.155037403106689453e+01
-4.651753902435302734e+00
-4.864855289459228516e+00
1.859737277030944824e+00
-7.739611864089965820e-01
-2.722748517990112305e+00
-3.267993927001953125e+00
-4.141790390014648438e+00
-5.199234008789062500e+00
1.911876320838928223e+00
2.397016048431396484e+00
-9.895025491714477539e-01
-1.097051334381103516e+01
-1.493989586830139160e+00
-7.617769718170166016e+00
5.082720279693603516e+00
-4.336093902587890625e+00
-1.169259738922119141e+01
4.202052116394042969e+00
1.315878295898437500e+01
-9.568933486938476562e+00
-9.867601394653320312e+00
-1.011036491394042969e+01
3.416384696960449219e+00
4.761450290679931641e+00
4.802457332611083984e+00
5.955658435821533203e+00
8.328996658325195312e+00
3.020235598087310791e-01
-2.649770677089691162e-01
2.827708721160888672e+00
8.783076286315917969e+00
1.888482928276062012e+00
-7.036982059478759766e+00
-3.123052358627319336e+00
-2.531592845916748047e+00
7.699098587036132812e+00
-5.953092575073242188e+00
6.820265293121337891e+00
-9.282755851745605469e+00
6.647540569305419922e+00
8.491663932800292969e+00
-6.256285905838012695e-01
8.964488029479980469e+00
1.010576486587524414e+00
1.287947082519531250e+01
-6.833248138427734375e+00
5.330840349197387695e-01
7.030239105224609375e+00
-6.439561367034912109e+00
1.872635722160339355e+00
4.059760093688964844e+00
-1.801659464836120605e+00
-1.173439025878906250e+01
-3.312934935092926025e-01
2.217134094238281250e+01
3.684216976165771484e+00
-5.846095085144042969e+00
-5.174193382263183594e+00
-2.959161043167114258e+00
-1.006237888336181641e+01
-2.621036291122436523e+00
-6.555906772613525391e+00
6.205376386642456055e-01
-1.006338119506835938e+01
4.991359233856201172e+00
-1.128578066825866699e+00
5.158770084381103516e+00
5.269432544708251953e+00
6.957194805145263672e+00
-7.934525489807128906e+00
-1.036269664764404297e+01
-4.552470147609710693e-01
-8.763319969177246094e+00
5.650084018707275391e+00
-3.340294063091278076e-01
-3.865968465805053711e+00
