7.593907713890075684e-01
1.520010113716125488e+00
-2.592482089996337891e+00
-3.156777620315551758e+00
-2.459899187088012695e+00
3.059053421020507812e+00
1.265509605407714844e+00
-3.485475540161132812e+00
1.071896910667419434e+00
-9.079320430755615234e-01
2.150567770004272461e+00
1.426403880119323730e+00
-1.212504386901855469e+00
-6.286611557006835938e-01
-8.968151211738586426e-01
-8.116604685783386230e-01
9.109207242727279663e-02
1.125953555107116699e+00
-2.657317399978637695e+00
-4.233463764190673828e+00
-1.064468383789062500e+00
1.453202009201049805e+00
6.610428094863891602e-01
-1.102484107017517090e+00
-1.915799260139465332e+00
1.695309519767761230e+00
-2.011244058609008789e+00
3.566465079784393311e-01
8.694998025894165039e-01
-7.445768713951110840e-01
