-4.435308277606964111e-01
1.950540423393249512e+00
1.874478340148925781e+00
-2.592616558074951172e+00
1.905345916748046875e+00
-1.153702974319458008e+00
2.590932130813598633e+00
3.919971883296966553e-01
-2.321434736251831055e+00
9.408175349235534668e-01
-3.948212265968322754e-01
-1.236342787742614746e-01
-2.487623691558837891e+00
1.288401842117309570e+00
9.975736141204833984e-01
-1.996594667434692383e+00
7.660151720046997070e-01
-1.169759273529052734e+00
-2.046937704086303711e+00
2.096918344497680664e+00
-1.813538312911987305e+00
1.602911949157714844e-01
-1.363887190818786621e+00
1.055079460144042969e+00
-4.682614803314208984e-01
9.222154021263122559e-01
5.476036574691534042e-03
-5.820365548133850098e-01
1.551909327507019043e+00
2.171394109725952148e+00
