6.967757701873779297e+00
-1.410529613494873047e+00
1.618632555007934570e+00
3.949301958084106445e+00
5.669417977333068848e-01
3.174127817153930664e+00
1.499263644218444824e+00
-8.436659574508666992e-01
-9.289264678955078125e-01
-3.199271917343139648e+00
-1.093698292970657349e-01
2.671630382537841797e+00
9.892319440841674805e-01
3.246411561965942383e+00
-2.231623888015747070e+00
2.281895399093627930e+00
-6.356906890869140625e+00
2.909992694854736328e+00
-2.677027940750122070e+00
-1.157524466514587402e+00
9.023643136024475098e-01
8.184908032417297363e-01
-3.438232660293579102e+00
1.798284888267517090e+00
-8.074015378952026367e-01
-3.345971822738647461e+00
1.928852558135986328e+00
-2.899544477462768555e+00
-4.601313114166259766e+00
9.392399787902832031e-01
2.723173618316650391e+00
1.803619384765625000e+00
5.369394086301326752e-03
-2.568823099136352539e+00
-1.209801882505416870e-01
-1.616707682609558105e+00
4.874314665794372559e-01
-3.667377531528472900e-01
-2.044270753860473633e+00
8.684740066528320312e-01
-1.290058255195617676e+00
1.536090970039367676e+00
-3.339703381061553955e-01
2.329715251922607422e+00
-3.395688831806182861e-01
-1.220840573310852051e+00
1.470282912254333496e+00
-2.067939281463623047e+00
-8.488289117813110352e-01
-1.967199444770812988e+00
-1.758578062057495117e+00
-1.349860787391662598e+00
3.173336982727050781e-01
1.150142773985862732e-01
3.989060163497924805e+00
-2.935616970062255859e+00
3.449074983596801758e+00
4.886834919452667236e-01
-1.154675602912902832e+00
2.409338474273681641e+00
