-3.284976184368133545e-01 -1.023324951529502869e-01
-1.394542753696441650e-01 -5.073387026786804199e-01
9.745198488235473633e-02 3.584804832935333252e-01
1.146697640419006348e+00 8.280233144760131836e-01
-3.499298691749572754e-01 -7.700125575065612793e-01
-4.742528498172760010e-01 -6.479983329772949219e-01
1.715768873691558838e-01 -1.210237964987754822e-01
-1.631869077682495117e+00 -1.858425021171569824e+00
-2.647464275360107422e-01 -1.176077723503112793e-01
-9.930987358093261719e-01 -1.268515110015869141e+00
-6.431227326393127441e-01 -4.055232405662536621e-01
3.240774869918823242e-01 6.314103603363037109e-01
5.626561641693115234e-01 -1.120641529560089111e-01
8.337420970201492310e-02 -1.176135763525962830e-01
-4.861429333686828613e-01 1.801517754793167114e-01
-7.526583075523376465e-01 -5.182915329933166504e-01
-7.379464805126190186e-02 -2.740638852119445801e-01
5.782797932624816895e-01 3.251766562461853027e-01
-1.960575133562088013e-01 -4.823993146419525146e-01
-8.434191346168518066e-01 -9.548461437225341797e-01
1.137253999710083008e+00 8.645207881927490234e-01
9.518689513206481934e-01 7.076159119606018066e-01
-2.724138498306274414e-01 -9.429586678743362427e-02
5.792359709739685059e-01 8.461345434188842773e-01
-3.775298595428466797e-01 -7.856350541114807129e-01
1.097062945365905762e+00 8.250651955604553223e-01
-6.014463305473327637e-01 -5.343229174613952637e-01
-1.134721040725708008e+00 -8.938264250755310059e-01
5.745095014572143555e-01 8.019201755523681641e-01
-5.854097008705139160e-01 -1.056415557861328125e+00
-8.308936841785907745e-03 2.897261977195739746e-01
2.177405655384063721e-01 9.457482695579528809e-01
-7.826533317565917969e-01 -6.140436530113220215e-01
-3.038569092750549316e-01 -5.441450476646423340e-01
1.408980637788772583e-01 -1.256656348705291748e-01
9.011098742485046387e-01 7.958699464797973633e-01
4.774076342582702637e-01 3.755459561944007874e-02
-7.024822831153869629e-01 -2.465432882308959961e-01
5.780116915702819824e-01 2.650916278362274170e-01
-8.715168833732604980e-01 -6.430298686027526855e-01
8.775476217269897461e-01 1.111442327499389648e+00
4.492290616035461426e-01 1.639620661735534668e-01
2.761125266551971436e-01 -4.145688936114311218e-02
1.390351206064224243e-01 -9.141922742128372192e-02
3.479424715042114258e-01 6.048825979232788086e-01
-3.118341863155364990e-01 -6.751694679260253906e-01
5.379549860954284668e-01 9.005298018455505371e-01
-6.557638049125671387e-01 -3.805109560489654541e-01
4.420800805091857910e-01 5.684987306594848633e-01
9.355278611183166504e-01 7.087250947952270508e-01
