9.792950749397277832e-01 7.381770610809326172e-01
5.414101481437683105e-01 4.113190472126007080e-01
-5.005258917808532715e-01 -5.727810263633728027e-01
-7.383446693420410156e-01 -4.673376977443695068e-01
-9.128326773643493652e-01 -5.944461226463317871e-01
1.458145491778850555e-02 -1.185315251350402832e-01
1.760683536529541016e+00 1.615618467330932617e+00
-2.204251587390899658e-01 3.532961606979370117e-01
-5.758578777313232422e-01 -8.810182809829711914e-01
7.521048784255981445e-01 9.196546673774719238e-01
1.616228073835372925e-01 4.133214652538299561e-01
4.427359104156494141e-01 3.153033554553985596e-01
-9.107052087783813477e-01 -1.020248532295227051e+00
-9.679434895515441895e-01 -1.109950661659240723e+00
-6.025051698088645935e-02 1.107541546225547791e-01
7.460202574729919434e-01 9.528351426124572754e-01
4.799826443195343018e-01 6.354835033416748047e-01
8.049172908067703247e-02 1.821678876876831055e-01
-6.296476125717163086e-01 -7.755928039550781250e-01
5.820967257022857666e-03 -1.189054176211357117e-01
-1.372789144515991211e-01 -7.243396341800689697e-02
5.265042781829833984e-01 7.368355989456176758e-01
8.290621042251586914e-01 6.994798183441162109e-01
4.202075600624084473e-01 3.447997868061065674e-01
5.791867375373840332e-01 7.853681445121765137e-01
1.591213345527648926e-01 1.817335840314626694e-03
5.061249732971191406e-01 6.391522884368896484e-01
-5.857302546501159668e-01 -3.898601233959197998e-01
2.603397071361541748e-01 3.689816892147064209e-01
-4.783712923526763916e-01 -5.882615447044372559e-01
4.663481116294860840e-01 5.681174993515014648e-01
6.340700984001159668e-01 3.711776137351989746e-01
5.779792070388793945e-01 4.306998848915100098e-01
-5.272276997566223145e-01 -2.391058057546615601e-01
1.536726355552673340e-01 6.690019369125366211e-02
2.512128055095672607e-01 1.440434157848358154e-01
8.396866917610168457e-01 7.135547995567321777e-01
-4.368651807308197021e-01 -3.593278825283050537e-01
-1.869174242019653320e-01 -1.525647640228271484e-01
7.180217653512954712e-02 -5.293258652091026306e-02
5.021364688873291016e-01 1.746936589479446411e-01
1.279257088899612427e-01 -2.984254956245422363e-01
-3.638024926185607910e-01 -5.657716393470764160e-01
9.804773330688476562e-01 1.138170480728149414e+00
5.327666923403739929e-02 4.351090490818023682e-01
4.991654157638549805e-01 5.633437037467956543e-01
-1.021153926849365234e+00 -9.388050436973571777e-01
1.249323368072509766e+00 1.156822204589843750e+00
-1.265874028205871582e+00 -1.052643775939941406e+00
-1.055718064308166504e+00 -8.252941966056823730e-01
6.686120033264160156e-01 5.847341418266296387e-01
-3.629653155803680420e-01 -2.084295153617858887e-01
-3.590052723884582520e-01 -2.993739582598209381e-02
5.847354531288146973e-01 3.520953953266143799e-01
8.099762797355651855e-01 6.010464429855346680e-01
-3.886257996782660484e-03 9.666634351015090942e-02
-3.566260263323783875e-02 1.633236557245254517e-01
-7.339717149734497070e-01 -9.234049320220947266e-01
-3.126973509788513184e-01 -1.109506040811538696e-01
5.353204607963562012e-01 5.945832729339599609e-01
-1.570933908224105835e-01 8.214676380157470703e-02
2.165673524141311646e-01 -1.284863948822021484e-01
-5.264551378786563873e-03 1.256146281957626343e-01
1.705087780952453613e+00 1.457173109054565430e+00
1.187141895294189453e+00 9.923834204673767090e-01
1.466767549514770508e+00 1.214643120765686035e+00
5.400475859642028809e-01 4.446669518947601318e-01
-7.572639584541320801e-01 -5.898454785346984863e-01
-1.332672834396362305e-01 -1.370060839690268040e-03
5.619248151779174805e-01 6.612656116485595703e-01
-7.524347305297851562e-01 -8.792266249656677246e-01
-6.118909120559692383e-01 -4.431455731391906738e-01
-4.517927765846252441e-01 -4.706842601299285889e-01
-1.691687852144241333e-01 -6.551425904035568237e-02
6.078839674592018127e-02 1.437828838825225830e-01
6.845645308494567871e-01 4.680316150188446045e-01
3.946055173873901367e-01 -2.829670906066894531e-02
-2.563609778881072998e-01 -3.245554566383361816e-01
-4.354156851768493652e-01 -1.970893293619155884e-01
-4.463195800781250000e-01 -7.057040333747863770e-01
