-6.330567002296447754e-01 -7.941623330116271973e-01
-1.473854422569274902e+00 -1.236342430114746094e+00
-8.117542266845703125e-01 -9.822987318038940430e-01
5.451976060867309570e-01 7.939630746841430664e-01
-3.059732541441917419e-02 -2.335787862539291382e-01
-1.035360619425773621e-01 1.861261278390884399e-01
1.487824678421020508e+00 1.230919122695922852e+00
-4.534133970737457275e-01 -7.386472821235656738e-01
-7.487441897392272949e-01 -1.038383126258850098e+00
6.162667274475097656e-01 2.935668230056762695e-01
-4.464048147201538086e-01 -6.399350166320800781e-01
-5.740185827016830444e-02 1.707420200109481812e-01
-3.602197170257568359e-01 -1.901877373456954956e-01
1.257758498191833496e+00 1.775219678878784180e+00
-1.893346607685089111e-01 2.776263952255249023e-01
8.556722402572631836e-01 5.410156250000000000e-01
1.811941266059875488e-01 4.261420965194702148e-01
-7.330524921417236328e-01 -4.826110601425170898e-01
-4.222208857536315918e-01 -3.093892633914947510e-01
1.325626373291015625e+00 1.074836492538452148e+00
-3.234572112560272217e-01 3.094360604882240295e-02
-3.094719648361206055e-01 -5.379521250724792480e-01
6.326316297054290771e-02 2.181188762187957764e-01
3.104229569435119629e-01 5.594362020492553711e-01
1.669253587722778320e+00 1.441511511802673340e+00
1.234553232789039612e-01 -1.456630080938339233e-01
-1.990042924880981445e-01 7.311645895242691040e-03
-6.931272894144058228e-02 -2.637174725532531738e-01
4.003936648368835449e-01 1.670511960983276367e-01
-9.064820408821105957e-01 -6.038935184478759766e-01
6.401090025901794434e-01 8.369746208190917969e-01
-9.643819332122802734e-01 -1.219955444335937500e+00
7.089225202798843384e-02 -3.340342342853546143e-01
8.858320862054824829e-02 -1.776043772697448730e-01
3.876190483570098877e-01 1.750052869319915771e-01
-5.765101909637451172e-01 -7.593492269515991211e-01
1.384865343570709229e-01 3.930846154689788818e-01
9.853015094995498657e-02 3.380234837532043457e-01
-4.491517543792724609e-01 -8.014287948608398438e-01
-7.460657954216003418e-01 -9.738982319831848145e-01
-1.958528757095336914e-01 -4.644159078598022461e-01
5.979912877082824707e-01 7.526897788047790527e-01
5.193695425987243652e-01 2.509408891201019287e-01
1.855326890945434570e-01 -4.477390274405479431e-02
1.189211845397949219e+00 9.111773967742919922e-01
2.508555054664611816e-01 -2.627323940396308899e-02
-1.641736179590225220e-01 2.878087759017944336e-01
1.679273843765258789e-01 4.753856062889099121e-01
9.702488780021667480e-01 6.724201440811157227e-01
2.689854800701141357e-01 1.525757461786270142e-02
1.298180699348449707e+00 1.501141428947448730e+00
-4.902455210685729980e-01 -5.315929651260375977e-02
3.439328670501708984e-01 5.819439291954040527e-01
-8.273192644119262695e-01 -1.111595988273620605e+00
-6.997851729393005371e-01 -1.021357774734497070e+00
5.573494434356689453e-01 2.656476795673370361e-01
-3.869700729846954346e-01 -7.417816519737243652e-01
8.291692733764648438e-01 4.984940886497497559e-01
7.965218424797058105e-01 1.170465707778930664e+00
7.842723131179809570e-01 6.420381069183349609e-01
-7.409358024597167969e-01 -4.928835034370422363e-01
-2.604928314685821533e-01 -5.893282890319824219e-01
2.935640513896942139e-01 1.617590151727199554e-02
1.093369007110595703e+00 1.435943722724914551e+00
-8.219182491302490234e-03 -3.852149844169616699e-01
7.997831106185913086e-01 1.042611241340637207e+00
-2.004262506961822510e-01 -3.974857330322265625e-01
-1.057048916816711426e+00 -7.404409646987915039e-01
5.250956490635871887e-02 3.237898349761962891e-01
1.564627289772033691e-01 -5.417257919907569885e-02
-6.974704563617706299e-02 -4.026618599891662598e-01
5.296990871429443359e-01 2.206257730722427368e-01
1.448756307363510132e-01 -7.998584955930709839e-02
-2.225352972745895386e-01 1.171729862689971924e-01
-2.303090691566467285e-01 2.010731995105743408e-01
-1.795819699764251709e-01 -3.651931583881378174e-01
3.854291141033172607e-01 1.498841643333435059e-01
-4.115347862243652344e-01 -1.028144434094429016e-01
6.406593322753906250e-02 -6.964901089668273926e-02
1.127657771110534668e+00 1.354893803596496582e+00
