5.950671434402465820e-01 2.597279846668243408e-01
1.150724411010742188e+00 1.561472177505493164e+00
-5.106524825096130371e-01 -1.063793748617172241e-01
3.158902227878570557e-01 7.940166592597961426e-01
7.638480663299560547e-01 2.922868132591247559e-01
8.518599867820739746e-01 1.167896986007690430e+00
6.240952014923095703e-01 1.016545772552490234e+00
-1.069253325462341309e+00 -7.809220552444458008e-01
-7.362860441207885742e-02 2.861051857471466064e-01
-1.998069435358047485e-01 1.360014677047729492e-01
4.873523488640785217e-02 -2.796134352684020996e-01
1.001277446746826172e+00 4.201859831809997559e-01
-1.355627417564392090e+00 -8.982287049293518066e-01
-1.051585555076599121e+00 -1.452052950859069824e+00
8.082742094993591309e-01 1.123482942581176758e+00
-6.113607287406921387e-01 -1.004942655563354492e+00
-1.001322507858276367e+00 -1.226093292236328125e+00
5.424532890319824219e-01 1.964271515607833862e-01
-1.188072085380554199e+00 -7.298218011856079102e-01
-9.305199980735778809e-01 -6.289077997207641602e-01
-2.484469711780548096e-01 1.642148494720458984e-01
-8.961627632379531860e-02 4.066074490547180176e-01
2.132127881050109863e-01 -1.945139765739440918e-01
5.314069986343383789e-02 3.492675423622131348e-01
-7.097073197364807129e-01 -3.593944013118743896e-01
8.011435717344284058e-02 4.162568449974060059e-01
5.479851365089416504e-01 2.327789366245269775e-01
8.367771282792091370e-03 4.084323346614837646e-01
1.801737099885940552e-01 -3.103073835372924805e-01
4.543273448944091797e-01 1.129171028733253479e-01
-4.593387246131896973e-02 -4.995665252208709717e-01
-1.366892457008361816e-01 -5.924934744834899902e-01
2.608557641506195068e-01 -2.047967016696929932e-01
-1.632225811481475830e-01 -5.071084499359130859e-01
-1.029274612665176392e-01 1.847869157791137695e-01
-2.185213863849639893e-01 3.785769045352935791e-01
4.804604500532150269e-02 5.105236768722534180e-01
6.649432182312011719e-01 3.180289566516876221e-01
-3.581309616565704346e-01 4.073546081781387329e-02
5.296899676322937012e-01 1.754648983478546143e-01
-1.728022694587707520e+00 -1.356547355651855469e+00
7.901843190193176270e-01 4.235486388206481934e-01
3.503828048706054688e-01 4.298692569136619568e-02
-4.214068651199340820e-01 -1.932439953088760376e-02
1.536480307579040527e+00 1.288382411003112793e+00
2.222280055284500122e-01 6.535119414329528809e-01
-8.194175958633422852e-01 -4.032778739929199219e-01
5.313230752944946289e-01 2.027951478958129883e-01
-9.773175716400146484e-01 -6.108661890029907227e-01
4.392385482788085938e-02 -3.844785988330841064e-01
