2.565693259239196777e-01 1.289713978767395020e-01
5.261980295181274414e-01 6.812775135040283203e-01
-1.623714528977870941e-02 -2.401242107152938843e-01
3.524510562419891357e-01 7.075810432434082031e-01
-3.700644522905349731e-02 -4.559805393218994141e-01
-7.574035525321960449e-01 -5.638374686241149902e-01
8.307872712612152100e-02 3.416858017444610596e-01
-1.474427152425050735e-02 -2.046203464269638062e-01
-1.265675902366638184e+00 -9.728459119796752930e-01
4.404243230819702148e-01 5.980123877525329590e-01
-2.649236321449279785e-01 -3.947278559207916260e-01
7.185041904449462891e-01 5.458509325981140137e-01
1.933125592768192291e-02 3.016146123409271240e-01
-2.869169712066650391e-01 -5.411490797996520996e-02
-7.438338547945022583e-02 -3.576370775699615479e-01
4.129640161991119385e-01 6.026890277862548828e-01
8.426847457885742188e-01 1.119443058967590332e+00
2.633441798388957977e-02 -2.013982236385345459e-01
-5.047984719276428223e-01 -6.347874402999877930e-01
3.406834006309509277e-01 1.744668632745742798e-01
1.312288761138916016e+00 1.095147490501403809e+00
6.824993491172790527e-01 4.303478896617889404e-01
3.810295760631561279e-01 5.784451365470886230e-01
2.046105638146400452e-02 -2.902547121047973633e-01
3.721943870186805725e-02 2.439281642436981201e-01
-2.763361036777496338e-01 -6.419730186462402344e-02
5.034558773040771484e-01 1.407269537448883057e-01
-5.720186233520507812e-01 -8.344169855117797852e-01
9.681675583124160767e-02 -1.666406393051147461e-01
9.802226722240447998e-02 4.092934429645538330e-01
1.278894543647766113e+00 1.121096372604370117e+00
-2.753392457962036133e-01 -5.161833167076110840e-01
1.016826868057250977e+00 7.548028230667114258e-01
-2.056484371423721313e-01 1.142418831586837769e-01
4.342621862888336182e-01 1.881301403045654297e-01
-5.372071862220764160e-01 -4.072509706020355225e-01
5.963956117630004883e-01 2.796785831451416016e-01
3.542265892028808594e-01 5.470716953277587891e-01
-9.250769019126892090e-01 -1.233811497688293457e+00
-1.253424525260925293e+00 -9.775776863098144531e-01
2.783455252647399902e-01 -1.326448917388916016e-01
8.954530954360961914e-02 -9.811879694461822510e-02
1.272806167602539062e+00 1.512807130813598633e+00
8.793066143989562988e-01 5.788538455963134766e-01
-2.803636491298675537e-01 -4.283994808793067932e-02
8.957659602165222168e-01 6.594167351722717285e-01
3.672747313976287842e-01 5.721885561943054199e-01
4.382721483707427979e-01 1.375848054885864258e-01
-6.432374473661184311e-03 2.550874054431915283e-01
-5.721665918827056885e-02 -3.025986254215240479e-01
1.116554975509643555e+00 8.559971451759338379e-01
-6.619840860366821289e-01 -4.438126981258392334e-01
8.980292081832885742e-01 1.144468903541564941e+00
-1.342632174491882324e+00 -1.112765550613403320e+00
-5.455158650875091553e-02 -3.012567460536956787e-01
-2.750760912895202637e-01 -4.194946493953466415e-03
-1.888400316238403320e-01 -6.736308932304382324e-01
-2.540411949157714844e-01 -5.040270686149597168e-01
-6.710920333862304688e-01 -4.533396363258361816e-01
7.653403878211975098e-01 5.018988251686096191e-01
1.464392393827438354e-01 -5.880737304687500000e-02
4.965562224388122559e-01 7.675625681877136230e-01
2.660629153251647949e-01 -6.544657796621322632e-02
-1.911707222461700439e-01 1.244598478078842163e-01
-6.965190768241882324e-01 -9.561235904693603516e-01
1.816450357437133789e-01 -3.454663604497909546e-02
-5.269958376884460449e-01 -2.612249851226806641e-01
-1.281728982925415039e+00 -1.078045129776000977e+00
-9.866400808095932007e-02 8.343272656202316284e-02
4.000419080257415771e-01 1.259781718254089355e-01
1.883172839879989624e-01 4.065068364143371582e-01
-2.239170670509338379e-01 -9.569641947746276855e-02
1.259630769491195679e-01 3.199650943279266357e-01
-5.886248946189880371e-01 -2.584360539913177490e-01
-1.113817334175109863e+00 -1.487153768539428711e+00
1.738279163837432861e-01 3.853733837604522705e-01
-7.703163027763366699e-01 -5.802865028381347656e-01
-4.936260357499122620e-02 2.312444895505905151e-01
8.373131155967712402e-01 9.991672039031982422e-01
4.242731630802154541e-02 -2.355745732784271240e-01
