0.517578125 0.4699849784374237 1263.0 25677.0 22522.0 1146.0
0.943359375 0.934931218624115 569.0 1453.0 46746.0 1840.0
0.9453125 0.9378161430358887 672.0 1410.0 46789.0 1737.0
0.953125 0.941313624382019 652.0 1213.0 46986.0 1757.0
0.947265625 0.9354845285415649 689.0 1545.0 46654.0 1720.0
0.9375 0.9293985366821289 931.0 2095.0 46104.0 1478.0
0.93359375 0.9375790357589722 846.0 1596.0 46603.0 1563.0
0.935546875 0.9333504438400269 914.0 1878.0 46321.0 1495.0
0.9453125 0.9317499399185181 980.0 2025.0 46174.0 1429.0
0.923828125 0.934160590171814 1012.0 1935.0 46264.0 1397.0
0.939453125 0.9370850324630737 983.0 1758.0 46441.0 1426.0
0.927734375 0.9411950707435608 970.0 1537.0 46662.0 1439.0
0.931640625 0.9392783641815186 1022.0 1686.0 46513.0 1387.0
0.9453125 0.9363341927528381 1082.0 1895.0 46304.0 1327.0
0.9453125 0.9385472536087036 1071.0 1772.0 46427.0 1338.0
0.953125 0.9372233748435974 1150.0 1918.0 46281.0 1259.0
0.951171875 0.942518949508667 1037.0 1537.0 46662.0 1372.0
0.935546875 0.9369467496871948 1154.0 1936.0 46263.0 1255.0
0.9453125 0.9360575675964355 1210.0 2037.0 46162.0 1199.0
0.92578125 0.9399304389953613 1155.0 1786.0 46413.0 1254.0
0.943359375 0.9342198967933655 1321.0 2241.0 45958.0 1088.0
0.953125 0.944613516330719 1151.0 1545.0 46654.0 1258.0
0.9453125 0.9421040415763855 1200.0 1721.0 46478.0 1209.0
0.951171875 0.9425979852676392 1231.0 1727.0 46472.0 1178.0
0.935546875 0.9344965219497681 1320.0 2226.0 45973.0 1089.0
0.951171875 0.9406813383102417 1255.0 1848.0 46351.0 1154.0
0.939453125 0.9460362195968628 1201.0 1523.0 46676.0 1208.0
0.9140625 0.9392191171646118 1304.0 1971.0 46228.0 1105.0
0.939453125 0.9400292634963989 1307.0 1933.0 46266.0 1102.0
0.9453125 0.9441787600517273 1136.0 1552.0 46647.0 1273.0
0.935546875 0.9358797073364258 1379.0 2215.0 45984.0 1030.0
0.943359375 0.9302284121513367 1414.0 2536.0 45663.0 995.0
0.951171875 0.9446332454681396 1297.0 1690.0 46509.0 1112.0
0.947265625 0.9427165389060974 1301.0 1791.0 46408.0 1108.0
0.947265625 0.9436057806015015 1350.0 1795.0 46404.0 1059.0
0.931640625 0.941017210483551 1359.0 1935.0 46264.0 1050.0
0.943359375 0.9383891820907593 1329.0 2038.0 46161.0 1080.0
0.951171875 0.9457398056983948 1282.0 1619.0 46580.0 1127.0
0.9453125 0.9431512951850891 1331.0 1799.0 46400.0 1078.0
0.947265625 0.9395352602005005 1368.0 2019.0 46180.0 1041.0
0.9609375 0.9453248381614685 1331.0 1689.0 46510.0 1078.0
0.935546875 0.9396538138389587 1414.0 2059.0 46140.0 995.0
0.953125 0.940839409828186 1373.0 1958.0 46241.0 1036.0
0.9765625 0.9441787600517273 1354.0 1770.0 46429.0 1055.0
0.947265625 0.9454631805419922 1260.0 1611.0 46588.0 1149.0
0.955078125 0.9401082992553711 1356.0 1978.0 46221.0 1053.0
0.943359375 0.9455422163009644 1302.0 1649.0 46550.0 1107.0
0.943359375 0.9429932236671448 1347.0 1823.0 46376.0 1062.0
0.9453125 0.9418668746948242 1374.0 1907.0 46292.0 1035.0
0.953125 0.9439416527748108 1379.0 1807.0 46392.0 1030.0
0.947265625 0.9432500600814819 1341.0 1804.0 46395.0 1068.0
0.9453125 0.9480319023132324 1303.0 1524.0 46675.0 1106.0
0.94140625 0.9375395178794861 1486.0 2238.0 45961.0 923.0
0.94140625 0.9361168146133423 1486.0 2310.0 45889.0 923.0
0.955078125 0.944791316986084 1347.0 1732.0 46467.0 1062.0
0.927734375 0.9454433917999268 1364.0 1716.0 46483.0 1045.0
0.9609375 0.9478936195373535 1384.0 1612.0 46587.0 1025.0
0.94921875 0.9470439553260803 1376.0 1647.0 46552.0 1033.0
0.953125 0.9439219236373901 1454.0 1883.0 46316.0 955.0
0.919921875 0.9361761212348938 1438.0 2259.0 45940.0 971.0
0.943359375 0.9495929479598999 1313.0 1455.0 46744.0 1096.0
0.939453125 0.9460164308547974 1376.0 1699.0 46500.0 1033.0
0.95703125 0.951470136642456 1323.0 1370.0 46829.0 1086.0
0.943359375 0.9439219236373901 1402.0 1831.0 46368.0 1007.0
0.939453125 0.9362156391143799 1456.0 2275.0 45924.0 953.0
0.923828125 0.9477157592773438 1434.0 1671.0 46528.0 975.0
0.953125 0.9416100382804871 1435.0 1981.0 46218.0 974.0
0.94140625 0.9433488845825195 1426.0 1884.0 46315.0 983.0
0.94140625 0.9475379586219788 1358.0 1604.0 46595.0 1051.0
0.94140625 0.9404441714286804 1460.0 2065.0 46134.0 949.0
0.95703125 0.945561945438385 1443.0 1789.0 46410.0 966.0
0.9609375 0.9442182779312134 1392.0 1806.0 46393.0 1017.0
0.951171875 0.9455422163009644 1408.0 1755.0 46444.0 1001.0
0.94921875 0.9464313983917236 1411.0 1713.0 46486.0 998.0
0.947265625 0.9449691772460938 1395.0 1771.0 46428.0 1014.0
0.947265625 0.9490594267845154 1370.0 1539.0 46660.0 1039.0
0.955078125 0.9457991123199463 1367.0 1701.0 46498.0 1042.0
0.955078125 0.9449691772460938 1411.0 1787.0 46412.0 998.0
0.943359375 0.9457991123199463 1460.0 1794.0 46405.0 949.0
0.951171875 0.9474984407424927 1447.0 1695.0 46504.0 962.0
0.955078125 0.9467475414276123 1423.0 1709.0 46490.0 986.0
0.951171875 0.9467870593070984 1458.0 1742.0 46457.0 951.0
0.953125 0.9452260732650757 1439.0 1802.0 46397.0 970.0
0.958984375 0.9524778723716736 1346.0 1342.0 46857.0 1063.0
0.958984375 0.949336051940918 1404.0 1559.0 46640.0 1005.0
0.953125 0.944317102432251 1460.0 1869.0 46330.0 949.0
0.951171875 0.9517072439193726 1372.0 1407.0 46792.0 1037.0
0.955078125 0.9467673301696777 1404.0 1689.0 46510.0 1005.0
0.953125 0.9498103260993958 1399.0 1530.0 46669.0 1010.0
0.96484375 0.9518257975578308 1328.0 1357.0 46842.0 1081.0
0.9453125 0.9470834732055664 1413.0 1682.0 46517.0 996.0
0.95703125 0.9424992203712463 1514.0 2015.0 46184.0 895.0
0.953125 0.9510353803634644 1391.0 1460.0 46739.0 1018.0
0.94140625 0.9444356560707092 1458.0 1861.0 46338.0 951.0
0.94921875 0.9448703527450562 1420.0 1801.0 46398.0 989.0
0.943359375 0.9464709162712097 1423.0 1723.0 46476.0 986.0
0.943359375 0.942815363407135 1459.0 1944.0 46255.0 950.0
0.951171875 0.9391598105430603 1532.0 2202.0 45997.0 877.0
0.943359375 0.94024658203125 1483.0 2098.0 46101.0 926.0
0.95703125 0.9478145837783813 1415.0 1647.0 46552.0 994.0
0.958984375 0.9478145837783813 1403.0 1635.0 46564.0 1006.0
0.94921875 0.9417285919189453 1432.0 1972.0 46227.0 977.0
0.95703125 0.9478936195373535 1422.0 1650.0 46549.0 987.0
0.95703125 0.943289577960968 1503.0 1964.0 46235.0 906.0
0.9453125 0.9474391341209412 1452.0 1703.0 46496.0 957.0
0.94140625 0.9445146918296814 1405.0 1804.0 46395.0 1004.0
0.94921875 0.9459769129753113 1499.0 1824.0 46375.0 910.0
0.94921875 0.9475774765014648 1434.0 1678.0 46521.0 975.0
0.96875 0.9465499520301819 1459.0 1755.0 46444.0 950.0
0.947265625 0.9430129528045654 1471.0 1946.0 46253.0 938.0
0.962890625 0.9477355480194092 1441.0 1677.0 46522.0 968.0
0.9453125 0.9487234950065613 1455.0 1641.0 46558.0 954.0
0.94921875 0.9478738307952881 1433.0 1662.0 46537.0 976.0
0.96484375 0.9471032023429871 1465.0 1733.0 46466.0 944.0
0.953125 0.9459571838378906 1449.0 1775.0 46424.0 960.0
0.943359375 0.9474589228630066 1455.0 1705.0 46494.0 954.0
0.947265625 0.9444356560707092 1488.0 1891.0 46308.0 921.0
0.923828125 0.9366305470466614 1606.0 2404.0 45795.0 803.0
0.943359375 0.9452260732650757 1524.0 1887.0 46312.0 885.0
0.95703125 0.9489211440086365 1422.0 1598.0 46601.0 987.0
0.951171875 0.9468463659286499 1496.0 1777.0 46422.0 913.0
0.935546875 0.9477552771568298 1398.0 1633.0 46566.0 1011.0
0.94921875 0.9420250058174133 1517.0 2042.0 46157.0 892.0
0.94921875 0.9486444592475891 1439.0 1629.0 46570.0 970.0
0.92578125 0.9377766251564026 1544.0 2284.0 45915.0 865.0
0.939453125 0.943585991859436 1489.0 1935.0 46264.0 920.0
0.955078125 0.9439614415168762 1561.0 1988.0 46211.0 848.0
0.94140625 0.9474194049835205 1472.0 1724.0 46475.0 937.0
0.916015625 0.946589469909668 1477.0 1771.0 46428.0 932.0
0.939453125 0.9403849244117737 1516.0 2124.0 46075.0 893.0
0.97265625 0.947834312915802 1468.0 1699.0 46500.0 941.0
0.951171875 0.9482690691947937 1459.0 1668.0 46531.0 950.0
0.9453125 0.9518257975578308 1390.0 1419.0 46780.0 1019.0
0.939453125 0.9426968097686768 1496.0 1987.0 46212.0 913.0
0.9453125 0.9468660950660706 1444.0 1724.0 46475.0 965.0
0.951171875 0.9454236626625061 1477.0 1830.0 46369.0 932.0
0.947265625 0.9509168267250061 1454.0 1529.0 46670.0 955.0
0.94921875 0.9414124488830566 1521.0 2077.0 46122.0 888.0
0.96484375 0.9421830773353577 1525.0 2042.0 46157.0 884.0
0.94140625 0.949336051940918 1449.0 1604.0 46595.0 960.0
0.955078125 0.9489803910255432 1391.0 1564.0 46635.0 1018.0
0.947265625 0.9441787600517273 1508.0 1924.0 46275.0 901.0
0.955078125 0.9463720917701721 1490.0 1795.0 46404.0 919.0
0.939453125 0.9365910291671753 1559.0 2359.0 45840.0 850.0
0.966796875 0.9460757374763489 1473.0 1793.0 46406.0 936.0
0.95703125 0.9491187334060669 1419.0 1585.0 46614.0 990.0
0.95703125 0.9506204724311829 1412.0 1502.0 46697.0 997.0
0.947265625 0.9398711919784546 1554.0 2188.0 46011.0 855.0
0.95703125 0.9445542097091675 1487.0 1884.0 46315.0 922.0
0.923828125 0.9399502277374268 1544.0 2174.0 46025.0 865.0
0.9609375 0.9535053968429565 1384.0 1328.0 46871.0 1025.0
0.966796875 0.9445542097091675 1515.0 1912.0 46287.0 894.0
0.947265625 0.9496917724609375 1391.0 1528.0 46671.0 1018.0
0.94921875 0.9458188414573669 1499.0 1832.0 46367.0 910.0
0.955078125 0.946115255355835 1498.0 1816.0 46383.0 911.0
0.953125 0.9454433917999268 1491.0 1843.0 46356.0 918.0
0.955078125 0.9519443511962891 1401.0 1424.0 46775.0 1008.0
0.953125 0.9413729310035706 1535.0 2093.0 46106.0 874.0
0.958984375 0.9449691772460938 1510.0 1886.0 46313.0 899.0
0.95703125 0.9439811706542969 1558.0 1984.0 46215.0 851.0
0.95703125 0.9363737106323242 1577.0 2388.0 45811.0 832.0
0.97265625 0.9486839771270752 1449.0 1637.0 46562.0 960.0
0.951171875 0.9496917724609375 1434.0 1571.0 46628.0 975.0
0.94921875 0.9492768049240112 1451.0 1609.0 46590.0 958.0
0.951171875 0.9462733268737793 1508.0 1818.0 46381.0 901.0
0.9609375 0.9481505155563354 1500.0 1715.0 46484.0 909.0
0.95703125 0.944060206413269 1546.0 1968.0 46231.0 863.0
0.939453125 0.9470439553260803 1480.0 1751.0 46448.0 929.0
0.951171875 0.9483678340911865 1446.0 1650.0 46549.0 963.0
0.958984375 0.9509168267250061 1424.0 1499.0 46700.0 985.0
0.955078125 0.9452655911445618 1464.0 1825.0 46374.0 945.0
0.95703125 0.9475576877593994 1467.0 1712.0 46487.0 942.0
0.94921875 0.9394167065620422 1571.0 2228.0 45971.0 838.0
0.95703125 0.9484666585922241 1461.0 1660.0 46539.0 948.0
0.9453125 0.9448308348655701 1491.0 1874.0 46325.0 918.0
0.943359375 0.9459967017173767 1518.0 1842.0 46357.0 891.0
0.943359375 0.9428351521492004 1527.0 2011.0 46188.0 882.0
0.931640625 0.9440997242927551 1569.0 1989.0 46210.0 840.0
0.96484375 0.9500671625137329 1469.0 1587.0 46612.0 940.0
0.9453125 0.9490792155265808 1495.0 1663.0 46536.0 914.0
0.92578125 0.9402663707733154 1594.0 2208.0 45991.0 815.0
0.943359375 0.947063684463501 1510.0 1780.0 46419.0 899.0
0.9453125 0.9387251138687134 1592.0 2284.0 45915.0 817.0
0.95703125 0.9467278122901917 1547.0 1834.0 46365.0 862.0
0.9296875 0.9490989446640015 1460.0 1627.0 46572.0 949.0
0.94921875 0.9483481049537659 1495.0 1700.0 46499.0 914.0
0.958984375 0.9406023025512695 1611.0 2208.0 45991.0 798.0
0.947265625 0.9482492804527283 1487.0 1697.0 46502.0 922.0
0.9453125 0.9431908130645752 1539.0 2005.0 46194.0 870.0
0.962890625 0.9457595348358154 1574.0 1910.0 46289.0 835.0
0.953125 0.9397130608558655 1584.0 2226.0 45973.0 825.0
0.9609375 0.9520233869552612 1384.0 1403.0 46796.0 1025.0
0.947265625 0.946885883808136 1519.0 1798.0 46401.0 890.0
0.939453125 0.9511935114860535 1420.0 1481.0 46718.0 989.0
0.939453125 0.9393969178199768 1578.0 2236.0 45963.0 831.0
0.96484375 0.9458386301994324 1498.0 1830.0 46369.0 911.0
0.953125 0.9517072439193726 1460.0 1495.0 46704.0 949.0
0.951171875 0.9426177740097046 1567.0 2062.0 46137.0 842.0
0.953125 0.9474786520004272 1493.0 1742.0 46457.0 916.0
0.947265625 0.9421830773353577 1557.0 2074.0 46125.0 852.0
0.947265625 0.9487037658691406 1503.0 1690.0 46509.0 906.0
0.962890625 0.9467278122901917 1504.0 1791.0 46408.0 905.0
0.953125 0.9432303309440613 1561.0 2025.0 46174.0 848.0
0.9609375 0.9475379586219788 1495.0 1741.0 46458.0 914.0
0.96484375 0.9468068480491638 1516.0 1799.0 46400.0 893.0
0.958984375 0.9461745023727417 1524.0 1839.0 46360.0 885.0
0.9609375 0.9512132406234741 1437.0 1497.0 46702.0 972.0
0.9453125 0.9394364356994629 1563.0 2219.0 45980.0 846.0
0.958984375 0.9503833651542664 1477.0 1579.0 46620.0 932.0
0.96875 0.9491977691650391 1447.0 1609.0 46590.0 962.0
0.953125 0.9442577958106995 1521.0 1933.0 46266.0 888.0
0.94921875 0.9419854283332825 1527.0 2054.0 46145.0 882.0
0.953125 0.946332573890686 1498.0 1805.0 46394.0 911.0
0.95703125 0.9474786520004272 1482.0 1731.0 46468.0 927.0
0.947265625 0.9498300552368164 1499.0 1629.0 46570.0 910.0
0.93359375 0.9507785439491272 1455.0 1537.0 46662.0 954.0
0.953125 0.9473205804824829 1518.0 1775.0 46424.0 891.0
0.94140625 0.9498893618583679 1467.0 1594.0 46605.0 942.0
0.931640625 0.9395945072174072 1610.0 2258.0 45941.0 799.0
0.93359375 0.9460164308547974 1526.0 1849.0 46350.0 883.0
0.962890625 0.9504821300506592 1457.0 1554.0 46645.0 952.0
0.966796875 0.9540784358978271 1394.0 1309.0 46890.0 1015.0
0.947265625 0.9444159269332886 1505.0 1909.0 46290.0 904.0
0.95703125 0.9432105422019958 1548.0 2013.0 46186.0 861.0
0.958984375 0.9486839771270752 1491.0 1679.0 46520.0 918.0
0.966796875 0.9476960301399231 1503.0 1741.0 46458.0 906.0
0.953125 0.9478541016578674 1486.0 1716.0 46483.0 923.0
0.953125 0.9468660950660706 1502.0 1782.0 46417.0 907.0
0.955078125 0.9470241665840149 1523.0 1795.0 46404.0 886.0
0.958984375 0.9519838690757751 1401.0 1422.0 46777.0 1008.0
0.951171875 0.9451865553855896 1565.0 1930.0 46269.0 844.0
0.9296875 0.9454433917999268 1528.0 1880.0 46319.0 881.0
0.962890625 0.9464313983917236 1504.0 1806.0 46393.0 905.0
0.953125 0.9455224275588989 1518.0 1866.0 46333.0 891.0
0.95703125 0.9524185657501221 1432.0 1431.0 46768.0 977.0
0.9609375 0.9487630128860474 1491.0 1675.0 46524.0 918.0
0.931640625 0.9431908130645752 1571.0 2037.0 46162.0 838.0
0.943359375 0.9404244422912598 1583.0 2189.0 46010.0 826.0
0.958984375 0.9489211440086365 1495.0 1671.0 46528.0 914.0
0.95703125 0.9481505155563354 1505.0 1720.0 46479.0 904.0
0.955078125 0.950403094291687 1472.0 1573.0 46626.0 937.0
0.962890625 0.9492570161819458 1453.0 1612.0 46587.0 956.0
0.94140625 0.9473403692245483 1523.0 1779.0 46420.0 886.0
0.953125 0.9503043293952942 1476.0 1582.0 46617.0 933.0
0.96484375 0.9538610577583313 1377.0 1303.0 46896.0 1032.0
0.94921875 0.9477947950363159 1504.0 1737.0 46462.0 905.0
0.96484375 0.948427140712738 1481.0 1682.0 46517.0 928.0
0.95703125 0.9489606618881226 1480.0 1654.0 46545.0 929.0
0.962890625 0.9497115015983582 1460.0 1596.0 46603.0 949.0
0.947265625 0.9470241665840149 1519.0 1791.0 46408.0 890.0
0.955078125 0.9460164308547974 1540.0 1863.0 46336.0 869.0
0.953125 0.9398909211158752 1613.0 2246.0 45953.0 796.0
0.94921875 0.9541969895362854 1399.0 1308.0 46891.0 1010.0
0.9453125 0.9498695731163025 1427.0 1555.0 46644.0 982.0
0.94921875 0.9503438472747803 1493.0 1597.0 46602.0 916.0
0.96484375 0.9501857161521912 1504.0 1616.0 46583.0 905.0
0.95703125 0.9467673301696777 1492.0 1777.0 46422.0 917.0
0.94921875 0.9490396976470947 1484.0 1654.0 46545.0 925.0
0.94921875 0.9424003958702087 1552.0 2058.0 46141.0 857.0
0.931640625 0.9470439553260803 1511.0 1782.0 46417.0 898.0
0.94140625 0.9442973732948303 1537.0 1947.0 46252.0 872.0
0.953125 0.9462930560112 1508.0 1817.0 46382.0 901.0
0.962890625 0.9475379586219788 1510.0 1756.0 46443.0 899.0
0.935546875 0.9475972056388855 1444.0 1687.0 46512.0 965.0
0.9609375 0.949158251285553 1465.0 1629.0 46570.0 944.0
0.947265625 0.9451272487640381 1523.0 1891.0 46308.0 886.0
0.9296875 0.9437045454978943 1551.0 1991.0 46208.0 858.0
0.95703125 0.9445542097091675 1550.0 1947.0 46252.0 859.0
0.9296875 0.9383496642112732 1584.0 2295.0 45904.0 825.0
0.943359375 0.9460164308547974 1521.0 1844.0 46355.0 888.0
0.943359375 0.9434674382209778 1604.0 2056.0 46143.0 805.0
0.962890625 0.9496522545814514 1453.0 1592.0 46607.0 956.0
0.9453125 0.9464709162712097 1516.0 1816.0 46383.0 893.0
0.94140625 0.9440799951553345 1547.0 1968.0 46231.0 862.0
0.94921875 0.9494743943214417 1500.0 1648.0 46551.0 909.0
0.951171875 0.9448308348655701 1521.0 1904.0 46295.0 888.0
0.966796875 0.9448703527450562 1554.0 1935.0 46264.0 855.0
0.94140625 0.9490001797676086 1498.0 1670.0 46529.0 911.0
0.951171875 0.9497708082199097 1437.0 1570.0 46629.0 972.0
0.939453125 0.9476367235183716 1548.0 1789.0 46410.0 861.0
0.955078125 0.947656512260437 1495.0 1735.0 46464.0 914.0
0.94921875 0.9479726552963257 1491.0 1715.0 46484.0 918.0
0.951171875 0.952379047870636 1461.0 1462.0 46737.0 948.0
0.95703125 0.9506204724311829 1501.0 1591.0 46608.0 908.0
0.939453125 0.9437638521194458 1532.0 1969.0 46230.0 877.0
0.94921875 0.9509958624839783 1419.0 1490.0 46709.0 990.0
0.95703125 0.9451470375061035 1521.0 1888.0 46311.0 888.0
0.947265625 0.9445344805717468 1540.0 1938.0 46261.0 869.0
0.951171875 0.9468660950660706 1560.0 1840.0 46359.0 849.0
0.93359375 0.9425782561302185 1526.0 2023.0 46176.0 883.0
0.95703125 0.954651415348053 1442.0 1328.0 46871.0 967.0
0.9375 0.9394957423210144 1564.0 2217.0 45982.0 845.0
0.958984375 0.9501264691352844 1464.0 1579.0 46620.0 945.0
0.966796875 0.9501659870147705 1448.0 1561.0 46638.0 961.0
0.9453125 0.9509168267250061 1440.0 1515.0 46684.0 969.0
0.939453125 0.9385077357292175 1603.0 2306.0 45893.0 806.0
0.9453125 0.9515491724014282 1471.0 1514.0 46685.0 938.0
0.95703125 0.950106680393219 1490.0 1606.0 46593.0 919.0
0.955078125 0.9484468698501587 1503.0 1703.0 46496.0 906.0
0.935546875 0.9480714797973633 1510.0 1729.0 46470.0 899.0
0.953125 0.9547107219696045 1405.0 1288.0 46911.0 1004.0
0.9375 0.9468660950660706 1525.0 1805.0 46394.0 884.0
0.947265625 0.9486444592475891 1525.0 1715.0 46484.0 884.0
0.94921875 0.9472020268440247 1546.0 1809.0 46390.0 863.0
0.94140625 0.9475972056388855 1493.0 1736.0 46463.0 916.0
0.951171875 0.9449098706245422 1548.0 1927.0 46272.0 861.0
0.95703125 0.9491187334060669 1454.0 1620.0 46579.0 955.0
0.966796875 0.9509761333465576 1485.0 1557.0 46642.0 924.0
0.931640625 0.9507982730865479 1498.0 1579.0 46620.0 911.0
0.970703125 0.953742504119873 1395.0 1327.0 46872.0 1014.0
0.955078125 0.9481702446937561 1510.0 1724.0 46475.0 899.0
0.955078125 0.9496917724609375 1415.0 1552.0 46647.0 994.0
0.94140625 0.9440404772758484 1543.0 1966.0 46233.0 866.0
0.958984375 0.9532287120819092 1423.0 1381.0 46818.0 986.0
0.966796875 0.9528138041496277 1411.0 1390.0 46809.0 998.0
0.9375 0.9444554448127747 1535.0 1937.0 46262.0 874.0
0.94140625 0.9411950707435608 1600.0 2167.0 46032.0 809.0
0.943359375 0.949336051940918 1496.0 1651.0 46548.0 913.0
0.9375 0.9477750658988953 1528.0 1762.0 46437.0 881.0
0.94921875 0.9469649195671082 1528.0 1803.0 46396.0 881.0
0.94921875 0.944317102432251 1540.0 1949.0 46250.0 869.0
0.947265625 0.9439811706542969 1554.0 1980.0 46219.0 855.0
0.943359375 0.9448703527450562 1515.0 1896.0 46303.0 894.0
0.953125 0.9449296593666077 1541.0 1919.0 46280.0 868.0
0.955078125 0.9480516910552979 1546.0 1766.0 46433.0 863.0
0.951171875 0.9515491724014282 1450.0 1493.0 46706.0 959.0
0.984375 0.9465499520301819 1533.0 1829.0 46370.0 876.0
0.9609375 0.9521024227142334 1483.0 1498.0 46701.0 926.0
0.951171875 0.9510551691055298 1479.0 1547.0 46652.0 930.0
0.94921875 0.9480516910552979 1544.0 1764.0 46435.0 865.0
0.953125 0.9490989446640015 1495.0 1662.0 46537.0 914.0
0.9375 0.9458386301994324 1517.0 1849.0 46350.0 892.0
0.9453125 0.9447517991065979 1538.0 1925.0 46274.0 871.0
0.931640625 0.9421435594558716 1581.0 2100.0 46099.0 828.0
0.962890625 0.9491779804229736 1500.0 1663.0 46536.0 909.0
0.94140625 0.9467475414276123 1494.0 1780.0 46419.0 915.0
0.9453125 0.9488421082496643 1500.0 1680.0 46519.0 909.0
0.943359375 0.94024658203125 1569.0 2184.0 46015.0 840.0
0.955078125 0.9476960301399231 1532.0 1770.0 46429.0 877.0
0.9375 0.9442577958106995 1552.0 1964.0 46235.0 857.0
0.958984375 0.9440997242927551 1527.0 1947.0 46252.0 882.0
0.947265625 0.9496127367019653 1443.0 1584.0 46615.0 966.0
0.94921875 0.9404441714286804 1601.0 2206.0 45993.0 808.0
0.951171875 0.9471822381019592 1505.0 1769.0 46430.0 904.0
0.943359375 0.9456212520599365 1529.0 1872.0 46327.0 880.0
0.95703125 0.9507982730865479 1486.0 1567.0 46632.0 923.0
0.95703125 0.9486247301101685 1499.0 1690.0 46509.0 910.0
0.962890625 0.9513120651245117 1437.0 1492.0 46707.0 972.0
0.951171875 0.9468265771865845 1497.0 1779.0 46420.0 912.0
0.9296875 0.9430722594261169 1591.0 2063.0 46136.0 818.0
0.958984375 0.9506006836891174 1443.0 1534.0 46665.0 966.0
0.9453125 0.9411357641220093 1569.0 2139.0 46060.0 840.0
0.9296875 0.9351288080215454 1621.0 2495.0 45704.0 788.0
0.958984375 0.9482492804527283 1507.0 1717.0 46482.0 902.0
0.94921875 0.9522407650947571 1454.0 1462.0 46737.0 955.0
0.955078125 0.9465697407722473 1546.0 1841.0 46358.0 863.0
0.939453125 0.9401873350143433 1622.0 2240.0 45959.0 787.0
0.951171875 0.9480319023132324 1514.0 1735.0 46464.0 895.0
0.9453125 0.9471822381019592 1477.0 1741.0 46458.0 932.0
0.9453125 0.934457004070282 1587.0 2495.0 45704.0 822.0
0.94140625 0.9496917724609375 1501.0 1638.0 46561.0 908.0
0.955078125 0.9477750658988953 1491.0 1725.0 46474.0 918.0
0.943359375 0.9476169943809509 1503.0 1745.0 46454.0 906.0
0.953125 0.9477355480194092 1548.0 1784.0 46415.0 861.0
0.951171875 0.9459967017173767 1541.0 1865.0 46334.0 868.0
0.962890625 0.9474786520004272 1502.0 1751.0 46448.0 907.0
0.9609375 0.9529520869255066 1473.0 1445.0 46754.0 936.0
0.9375 0.9483283162117004 1491.0 1697.0 46502.0 918.0
0.943359375 0.9474786520004272 1524.0 1773.0 46426.0 885.0
0.95703125 0.9416495561599731 1538.0 2082.0 46117.0 871.0
0.9375 0.9438033699989319 1581.0 2016.0 46183.0 828.0
0.947265625 0.9479923844337463 1520.0 1743.0 46456.0 889.0
0.962890625 0.9528335332870483 1452.0 1430.0 46769.0 957.0
0.95703125 0.9517862796783447 1441.0 1472.0 46727.0 968.0
0.951171875 0.9533473253250122 1444.0 1396.0 46803.0 965.0
0.94140625 0.9465301632881165 1526.0 1823.0 46376.0 883.0
0.958984375 0.948861837387085 1453.0 1632.0 46567.0 956.0
0.9375 0.9468265771865845 1475.0 1757.0 46442.0 934.0
0.951171875 0.9493163228034973 1462.0 1618.0 46581.0 947.0
0.95703125 0.9502252340316772 1440.0 1550.0 46649.0 969.0
0.94921875 0.9479726552963257 1496.0 1720.0 46479.0 913.0
0.96484375 0.9525371193885803 1426.0 1419.0 46780.0 983.0
0.958984375 0.9455224275588989 1507.0 1855.0 46344.0 902.0
0.953125 0.9494348764419556 1475.0 1625.0 46574.0 934.0
0.953125 0.9423213601112366 1565.0 2075.0 46124.0 844.0
0.953125 0.9474984407424927 1553.0 1801.0 46398.0 856.0
0.939453125 0.9486839771270752 1522.0 1710.0 46489.0 887.0
0.955078125 0.9509168267250061 1450.0 1525.0 46674.0 959.0
0.962890625 0.9474194049835205 1510.0 1762.0 46437.0 899.0
0.953125 0.9542957544326782 1422.0 1326.0 46873.0 987.0
0.927734375 0.9409184455871582 1603.0 2184.0 46015.0 806.0
0.94921875 0.9498695731163025 1536.0 1664.0 46535.0 873.0
0.95703125 0.9492372870445251 1464.0 1624.0 46575.0 945.0
0.953125 0.9421237707138062 1594.0 2114.0 46085.0 815.0
0.962890625 0.9475181698799133 1508.0 1755.0 46444.0 901.0
0.955078125 0.954947829246521 1439.0 1310.0 46889.0 970.0
0.97265625 0.9523198008537292 1414.0 1418.0 46781.0 995.0
0.955078125 0.9446530342102051 1589.0 1981.0 46218.0 820.0
0.9609375 0.9461349844932556 1511.0 1828.0 46371.0 898.0
0.958984375 0.9509366154670715 1449.0 1523.0 46676.0 960.0
0.953125 0.9451865553855896 1580.0 1945.0 46254.0 829.0
0.943359375 0.9491384625434875 1514.0 1679.0 46520.0 895.0
0.953125 0.9541969895362854 1428.0 1337.0 46862.0 981.0
0.947265625 0.9498498439788818 1480.0 1609.0 46590.0 929.0
0.966796875 0.9480516910552979 1508.0 1728.0 46471.0 901.0
0.951171875 0.9523000121116638 1483.0 1488.0 46711.0 926.0
0.9453125 0.9391598105430603 1618.0 2288.0 45911.0 791.0
0.931640625 0.9470439553260803 1508.0 1779.0 46420.0 901.0
0.9609375 0.9484073519706726 1525.0 1727.0 46472.0 884.0
0.939453125 0.9415112137794495 1602.0 2153.0 46046.0 807.0
0.96875 0.9519838690757751 1498.0 1519.0 46680.0 911.0
0.95703125 0.9494150876998901 1497.0 1648.0 46551.0 912.0
0.94140625 0.9470044374465942 1574.0 1847.0 46352.0 835.0
0.943359375 0.946154773235321 1538.0 1854.0 46345.0 871.0
0.953125 0.9494941234588623 1496.0 1643.0 46556.0 913.0
0.96484375 0.9515293836593628 1434.0 1478.0 46721.0 975.0
0.953125 0.9459373950958252 1534.0 1861.0 46338.0 875.0
0.9453125 0.9500671625137329 1463.0 1581.0 46618.0 946.0
0.958984375 0.949928879737854 1488.0 1613.0 46586.0 921.0
0.9609375 0.9446727633476257 1478.0 1869.0 46330.0 931.0
0.962890625 0.9514108300209045 1461.0 1511.0 46688.0 948.0
0.966796875 0.9517269730567932 1448.0 1482.0 46717.0 961.0
0.96484375 0.9521617293357849 1459.0 1471.0 46728.0 950.0
0.951171875 0.9489211440086365 1512.0 1688.0 46511.0 897.0
0.958984375 0.9485654234886169 1524.0 1718.0 46481.0 885.0
0.9609375 0.9513515830039978 1456.0 1509.0 46690.0 953.0
0.953125 0.9490792155265808 1525.0 1693.0 46506.0 884.0
0.95703125 0.9466882944107056 1530.0 1819.0 46380.0 879.0
0.947265625 0.9411950707435608 1580.0 2147.0 46052.0 829.0
0.958984375 0.9503043293952942 1527.0 1633.0 46566.0 882.0
0.970703125 0.9477750658988953 1537.0 1771.0 46428.0 872.0
0.953125 0.9522209763526917 1434.0 1443.0 46756.0 975.0
0.953125 0.9570819139480591 1399.0 1162.0 47037.0 1010.0
0.943359375 0.9496127367019653 1505.0 1646.0 46553.0 904.0
0.95703125 0.942044734954834 1572.0 2096.0 46103.0 837.0
0.931640625 0.9435267448425293 1578.0 2027.0 46172.0 831.0
0.9453125 0.9434871673583984 1577.0 2028.0 46171.0 832.0
0.953125 0.9395352602005005 1620.0 2271.0 45928.0 789.0
0.962890625 0.950659990310669 1542.0 1630.0 46569.0 867.0
0.955078125 0.9500079154968262 1516.0 1637.0 46562.0 893.0
0.958984375 0.9509563446044922 1474.0 1547.0 46652.0 935.0
0.94140625 0.9484468698501587 1505.0 1705.0 46494.0 904.0
0.935546875 0.9361563324928284 1614.0 2436.0 45763.0 795.0
0.96875 0.9510156512260437 1518.0 1588.0 46611.0 891.0
0.953125 0.9511935114860535 1453.0 1514.0 46685.0 956.0
0.958984375 0.9421040415763855 1602.0 2123.0 46076.0 807.0
0.943359375 0.9461349844932556 1536.0 1853.0 46346.0 873.0
0.958984375 0.9493953585624695 1459.0 1611.0 46588.0 950.0
0.951171875 0.9560346007347107 1397.0 1213.0 46986.0 1012.0
0.9609375 0.9471822381019592 1503.0 1767.0 46432.0 906.0
0.94921875 0.9468265771865845 1538.0 1820.0 46379.0 871.0
0.9140625 0.9409776926040649 1617.0 2195.0 46004.0 792.0
0.951171875 0.9521419405937195 1469.0 1482.0 46717.0 940.0
0.95703125 0.9515689015388489 1468.0 1510.0 46689.0 941.0
0.970703125 0.9460164308547974 1479.0 1802.0 46397.0 930.0
0.966796875 0.9407405853271484 1579.0 2169.0 46030.0 830.0
0.958984375 0.9517467617988586 1447.0 1480.0 46719.0 962.0
0.953125 0.9478541016578674 1509.0 1739.0 46460.0 900.0
0.951171875 0.9471625089645386 1525.0 1790.0 46409.0 884.0
0.939453125 0.9485061764717102 1505.0 1702.0 46497.0 904.0
0.943359375 0.9472415447235107 1547.0 1808.0 46391.0 862.0
0.9453125 0.9467475414276123 1548.0 1834.0 46365.0 861.0
0.951171875 0.9384880065917969 1636.0 2340.0 45859.0 773.0
0.94140625 0.9523395299911499 1462.0 1465.0 46734.0 947.0
0.94140625 0.9468463659286499 1534.0 1815.0 46384.0 875.0
0.96875 0.9417681097984314 1580.0 2118.0 46081.0 829.0
0.947265625 0.9463720917701721 1519.0 1824.0 46375.0 890.0
0.94140625 0.9378556609153748 1638.0 2374.0 45825.0 771.0
0.955078125 0.9508180618286133 1506.0 1586.0 46613.0 903.0
0.943359375 0.9493558406829834 1508.0 1662.0 46537.0 901.0
0.970703125 0.9515293836593628 1481.0 1525.0 46674.0 928.0
0.96875 0.9530113935470581 1465.0 1434.0 46765.0 944.0
0.943359375 0.9500276446342468 1432.0 1552.0 46647.0 977.0
0.94921875 0.9468265771865845 1548.0 1830.0 46369.0 861.0
0.943359375 0.9453051090240479 1548.0 1907.0 46292.0 861.0
0.935546875 0.9471822381019592 1516.0 1780.0 46419.0 893.0
0.94921875 0.9487432837486267 1504.0 1689.0 46510.0 905.0
0.951171875 0.9498300552368164 1513.0 1643.0 46556.0 896.0
0.939453125 0.9418471455574036 1553.0 2087.0 46112.0 856.0
0.962890625 0.9465104341506958 1522.0 1820.0 46379.0 887.0
0.9609375 0.949928879737854 1489.0 1614.0 46585.0 920.0
0.94921875 0.9469254016876221 1511.0 1788.0 46411.0 898.0
0.951171875 0.948861837387085 1524.0 1703.0 46496.0 885.0
0.947265625 0.9453446269035339 1573.0 1930.0 46269.0 836.0
0.9375 0.9458188414573669 1525.0 1858.0 46341.0 884.0
0.953125 0.9494743943214417 1504.0 1652.0 46547.0 905.0
0.955078125 0.9482295513153076 1525.0 1736.0 46463.0 884.0
0.943359375 0.9506402015686035 1468.0 1557.0 46642.0 941.0
0.947265625 0.9434476494789124 1547.0 2000.0 46199.0 862.0
0.939453125 0.9407801032066345 1582.0 2170.0 46029.0 827.0
0.953125 0.9517862796783447 1459.0 1490.0 46709.0 950.0
0.943359375 0.9462338089942932 1523.0 1835.0 46364.0 886.0
0.955078125 0.9514898657798767 1453.0 1499.0 46700.0 956.0
0.943359375 0.9467080235481262 1518.0 1806.0 46393.0 891.0
0.94140625 0.9464709162712097 1552.0 1852.0 46347.0 857.0
0.962890625 0.9472810626029968 1512.0 1771.0 46428.0 897.0
0.955078125 0.9479331374168396 1482.0 1708.0 46491.0 927.0
0.9296875 0.9424992203712463 1583.0 2084.0 46115.0 826.0
0.96484375 0.944613516330719 1565.0 1959.0 46240.0 844.0
0.966796875 0.9554615616798401 1422.0 1267.0 46932.0 987.0
0.92578125 0.941748321056366 1522.0 2061.0 46138.0 887.0
0.955078125 0.9492965340614319 1459.0 1616.0 46583.0 950.0
0.962890625 0.9511935114860535 1456.0 1517.0 46682.0 953.0
0.951171875 0.9473798871040344 1455.0 1709.0 46490.0 954.0
0.962890625 0.9473996162414551 1536.0 1789.0 46410.0 873.0
0.955078125 0.9403454065322876 1590.0 2200.0 45999.0 819.0
0.953125 0.9489408731460571 1503.0 1678.0 46521.0 906.0
0.9609375 0.9464906454086304 1537.0 1836.0 46363.0 872.0
0.951171875 0.9509958624839783 1461.0 1532.0 46667.0 948.0
0.953125 0.9496917724609375 1485.0 1622.0 46577.0 924.0
0.9375 0.9429141879081726 1523.0 2003.0 46196.0 886.0
0.943359375 0.9397130608558655 1545.0 2187.0 46012.0 864.0
0.95703125 0.9460164308547974 1515.0 1838.0 46361.0 894.0
0.9609375 0.9487037658691406 1497.0 1684.0 46515.0 912.0
0.951171875 0.9476169943809509 1512.0 1754.0 46445.0 897.0
0.94140625 0.9464511275291443 1541.0 1842.0 46357.0 868.0
0.951171875 0.9485654234886169 1525.0 1719.0 46480.0 884.0
0.95703125 0.9464511275291443 1531.0 1832.0 46367.0 878.0
0.953125 0.9483678340911865 1467.0 1671.0 46528.0 942.0
0.943359375 0.9471625089645386 1535.0 1800.0 46399.0 874.0
0.9375 0.9452458024024963 1570.0 1932.0 46267.0 839.0
0.94140625 0.9458386301994324 1520.0 1852.0 46347.0 889.0
0.94140625 0.9494348764419556 1506.0 1656.0 46543.0 903.0
0.943359375 0.9459373950958252 1564.0 1891.0 46308.0 845.0
0.9609375 0.9505611658096313 1474.0 1567.0 46632.0 935.0
0.9375 0.9465697407722473 1524.0 1819.0 46380.0 885.0
0.93359375 0.9452260732650757 1538.0 1901.0 46298.0 871.0
0.955078125 0.9479331374168396 1535.0 1761.0 46438.0 874.0
0.96875 0.9454433917999268 1571.0 1923.0 46276.0 838.0
0.951171875 0.9493953585624695 1521.0 1673.0 46526.0 888.0
0.962890625 0.9553232789039612 1422.0 1274.0 46925.0 987.0
0.943359375 0.9515096545219421 1472.0 1517.0 46682.0 937.0
0.9609375 0.9481900334358215 1510.0 1723.0 46476.0 899.0
0.943359375 0.9450482130050659 1591.0 1963.0 46236.0 818.0
0.953125 0.9498893618583679 1483.0 1610.0 46589.0 926.0
0.943359375 0.9501857161521912 1478.0 1590.0 46609.0 931.0
0.95703125 0.9450284242630005 1567.0 1940.0 46259.0 842.0
0.947265625 0.9454631805419922 1544.0 1895.0 46304.0 865.0
0.955078125 0.952675461769104 1467.0 1453.0 46746.0 942.0
0.939453125 0.9464313983917236 1564.0 1866.0 46333.0 845.0
0.953125 0.9452260732650757 1560.0 1923.0 46276.0 849.0
0.95703125 0.9430722594261169 1588.0 2060.0 46139.0 821.0
0.970703125 0.9498103260993958 1485.0 1616.0 46583.0 924.0
0.974609375 0.946115255355835 1525.0 1843.0 46356.0 884.0
0.962890625 0.9509761333465576 1501.0 1573.0 46626.0 908.0
0.94140625 0.9457398056983948 1547.0 1884.0 46315.0 862.0
0.958984375 0.9531101584434509 1460.0 1424.0 46775.0 949.0
0.953125 0.9456804990768433 1551.0 1891.0 46308.0 858.0
0.955078125 0.9500276446342468 1464.0 1584.0 46615.0 945.0
0.9375 0.946332573890686 1559.0 1866.0 46333.0 850.0
0.953125 0.951904833316803 1446.0 1471.0 46728.0 963.0
0.958984375 0.9510749578475952 1486.0 1553.0 46646.0 923.0
0.9453125 0.9467673301696777 1562.0 1847.0 46352.0 847.0
0.9375 0.9438626170158386 1538.0 1970.0 46229.0 871.0
0.955078125 0.9546316862106323 1431.0 1318.0 46881.0 978.0
0.95703125 0.9459967017173767 1517.0 1841.0 46358.0 892.0
0.943359375 0.9497115015983582 1501.0 1637.0 46562.0 908.0
0.955078125 0.9486247301101685 1522.0 1713.0 46486.0 887.0
0.962890625 0.9508180618286133 1479.0 1559.0 46640.0 930.0
0.955078125 0.9502252340316772 1458.0 1568.0 46631.0 951.0
0.962890625 0.9544340968132019 1390.0 1287.0 46912.0 1019.0
0.94921875 0.9485061764717102 1478.0 1675.0 46524.0 931.0
0.970703125 0.9490792155265808 1500.0 1668.0 46531.0 909.0
0.951171875 0.9414716958999634 1602.0 2155.0 46044.0 807.0
0.95703125 0.9495336413383484 1507.0 1652.0 46547.0 902.0
0.953125 0.9508575797080994 1468.0 1546.0 46653.0 941.0
0.958984375 0.9477355480194092 1512.0 1748.0 46451.0 897.0
0.955078125 0.9437638521194458 1558.0 1995.0 46204.0 851.0
0.94921875 0.949336051940918 1478.0 1633.0 46566.0 931.0
0.955078125 0.9513317942619324 1508.0 1562.0 46637.0 901.0
0.958984375 0.9490792155265808 1508.0 1676.0 46523.0 901.0
0.927734375 0.9418471455574036 1583.0 2117.0 46082.0 826.0
0.958984375 0.939001739025116 1600.0 2278.0 45921.0 809.0
0.947265625 0.943882405757904 1569.0 2000.0 46199.0 840.0
0.953125 0.9490989446640015 1488.0 1655.0 46544.0 921.0
0.94140625 0.9507785439491272 1497.0 1579.0 46620.0 912.0
0.94921875 0.9451470375061035 1582.0 1949.0 46250.0 827.0
0.966796875 0.9500079154968262 1533.0 1654.0 46545.0 876.0
0.94921875 0.9504821300506592 1522.0 1619.0 46580.0 887.0
0.943359375 0.9525964260101318 1439.0 1429.0 46770.0 970.0
0.9453125 0.9461349844932556 1614.0 1931.0 46268.0 795.0
0.927734375 0.9426177740097046 1608.0 2103.0 46096.0 801.0
0.947265625 0.9459571838378906 1579.0 1905.0 46294.0 830.0
0.955078125 0.9503043293952942 1476.0 1582.0 46617.0 933.0
0.966796875 0.9479923844337463 1542.0 1765.0 46434.0 867.0
0.966796875 0.9538610577583313 1441.0 1367.0 46832.0 968.0
0.935546875 0.9464511275291443 1537.0 1838.0 46361.0 872.0
0.955078125 0.9482690691947937 1547.0 1756.0 46443.0 862.0
0.94921875 0.9492965340614319 1519.0 1676.0 46523.0 890.0
0.94921875 0.9502450227737427 1489.0 1598.0 46601.0 920.0
0.943359375 0.9380137324333191 1627.0 2355.0 45844.0 782.0
0.935546875 0.9504821300506592 1524.0 1621.0 46578.0 885.0
0.9453125 0.951134204864502 1488.0 1552.0 46647.0 921.0
0.95703125 0.9495534300804138 1508.0 1652.0 46547.0 901.0
0.9375 0.948387622833252 1518.0 1721.0 46478.0 891.0
0.951171875 0.9488025903701782 1516.0 1698.0 46501.0 893.0
0.9375 0.9469254016876221 1536.0 1813.0 46386.0 873.0
0.955078125 0.9562321901321411 1413.0 1219.0 46980.0 996.0
0.95703125 0.9464709162712097 1541.0 1841.0 46358.0 868.0
0.970703125 0.9525569081306458 1444.0 1436.0 46763.0 965.0
0.947265625 0.9495336413383484 1519.0 1664.0 46535.0 890.0
0.953125 0.952201247215271 1487.0 1497.0 46702.0 922.0
0.958984375 0.9487432837486267 1495.0 1680.0 46519.0 914.0
0.95703125 0.9498300552368164 1458.0 1588.0 46611.0 951.0
0.947265625 0.9457991123199463 1573.0 1907.0 46292.0 836.0
0.958984375 0.9571016430854797 1372.0 1134.0 47065.0 1037.0
0.9453125 0.9422818422317505 1530.0 2042.0 46157.0 879.0
0.955078125 0.9469846487045288 1526.0 1800.0 46399.0 883.0
0.94140625 0.9500474333763123 1508.0 1627.0 46572.0 901.0
0.94140625 0.9475181698799133 1500.0 1747.0 46452.0 909.0
0.97265625 0.9510353803634644 1493.0 1562.0 46637.0 916.0
0.951171875 0.9507785439491272 1488.0 1570.0 46629.0 921.0
0.94140625 0.9449296593666077 1562.0 1940.0 46259.0 847.0
0.95703125 0.9538610577583313 1454.0 1380.0 46819.0 955.0
0.951171875 0.9521222114562988 1450.0 1464.0 46735.0 959.0
0.947265625 0.9427956342697144 1580.0 2066.0 46133.0 829.0
0.95703125 0.9508970975875854 1520.0 1596.0 46603.0 889.0
0.953125 0.9455422163009644 1526.0 1873.0 46326.0 883.0
0.95703125 0.9436650276184082 1545.0 1987.0 46212.0 864.0
0.953125 0.947834312915802 1525.0 1756.0 46443.0 884.0
0.958984375 0.9522604942321777 1489.0 1496.0 46703.0 920.0
0.9453125 0.9387646317481995 1606.0 2296.0 45903.0 803.0
0.966796875 0.9523593187332153 1444.0 1446.0 46753.0 965.0
0.953125 0.9469649195671082 1545.0 1820.0 46379.0 864.0
0.943359375 0.9498300552368164 1497.0 1627.0 46572.0 912.0
0.947265625 0.9485654234886169 1551.0 1745.0 46454.0 858.0
0.951171875 0.9454038739204407 1550.0 1904.0 46295.0 859.0
0.958984375 0.951647937297821 1433.0 1471.0 46728.0 976.0
0.94921875 0.9465104341506958 1554.0 1852.0 46347.0 855.0
0.935546875 0.949375569820404 1506.0 1659.0 46540.0 903.0
0.9453125 0.9475774765014648 1543.0 1787.0 46412.0 866.0
0.94921875 0.9482887983322144 1526.0 1734.0 46465.0 883.0
0.95703125 0.9531891942024231 1456.0 1416.0 46783.0 953.0
0.951171875 0.952201247215271 1493.0 1503.0 46696.0 916.0
0.951171875 0.9498300552368164 1506.0 1636.0 46563.0 903.0
0.94140625 0.9471822381019592 1568.0 1832.0 46367.0 841.0
0.94921875 0.95417720079422 1485.0 1395.0 46804.0 924.0
0.95703125 0.9512527585029602 1465.0 1523.0 46676.0 944.0
0.951171875 0.9502845406532288 1486.0 1593.0 46606.0 923.0
0.947265625 0.936255156993866 1657.0 2474.0 45725.0 752.0
0.9453125 0.9506402015686035 1499.0 1588.0 46611.0 910.0
0.955078125 0.9479133486747742 1539.0 1766.0 46433.0 870.0
0.951171875 0.9482492804527283 1497.0 1707.0 46492.0 912.0
0.958984375 0.9478145837783813 1507.0 1739.0 46460.0 902.0
0.9453125 0.9475379586219788 1531.0 1777.0 46422.0 878.0
0.955078125 0.9499486088752747 1518.0 1642.0 46557.0 891.0
0.9453125 0.9470241665840149 1543.0 1815.0 46384.0 866.0
0.94921875 0.9506204724311829 1508.0 1598.0 46601.0 901.0
0.962890625 0.9530904293060303 1423.0 1388.0 46811.0 986.0
0.958984375 0.944020688533783 1581.0 2005.0 46194.0 828.0
