0.404296875 0.39381125569343567 1570.0 29839.0 18360.0 839.0
0.9296875 0.921079695224762 561.0 2146.0 46053.0 1848.0
0.953125 0.9447122812271118 511.0 900.0 47299.0 1898.0
0.9560546875 0.9495929479598999 423.0 565.0 47634.0 1986.0
0.9423828125 0.9448703527450562 673.0 1054.0 47145.0 1736.0
0.9560546875 0.94538414478302 719.0 1074.0 47125.0 1690.0
0.953125 0.946885883808136 695.0 974.0 47225.0 1714.0
0.9482421875 0.9466882944107056 738.0 1027.0 47172.0 1671.0
0.9462890625 0.9456212520599365 812.0 1155.0 47044.0 1597.0
0.95703125 0.9460954666137695 800.0 1119.0 47080.0 1609.0
0.9443359375 0.9413729310035706 900.0 1458.0 46741.0 1509.0
0.943359375 0.9449493885040283 851.0 1228.0 46971.0 1558.0
0.9423828125 0.943289577960968 901.0 1362.0 46837.0 1508.0
0.94921875 0.9441590309143066 857.0 1274.0 46925.0 1552.0
0.943359375 0.941570520401001 953.0 1501.0 46698.0 1456.0
0.94921875 0.9436057806015015 922.0 1367.0 46832.0 1487.0
0.95703125 0.9448901414871216 926.0 1306.0 46893.0 1483.0
0.947265625 0.9436452984809875 983.0 1426.0 46773.0 1426.0
0.9453125 0.945561945438385 909.0 1255.0 46944.0 1500.0
0.9541015625 0.9438033699989319 938.0 1373.0 46826.0 1471.0
0.9443359375 0.9432698488235474 967.0 1429.0 46770.0 1442.0
0.947265625 0.9420842528343201 995.0 1517.0 46682.0 1414.0
0.9453125 0.9440997242927551 976.0 1396.0 46803.0 1433.0
0.9453125 0.9419459104537964 1017.0 1546.0 46653.0 1392.0
0.947265625 0.9413729310035706 1029.0 1587.0 46612.0 1380.0
0.95703125 0.9463523626327515 998.0 1304.0 46895.0 1411.0
0.9501953125 0.9440997242927551 975.0 1395.0 46804.0 1434.0
0.9404296875 0.943882405757904 1008.0 1439.0 46760.0 1401.0
0.947265625 0.940068781375885 1094.0 1718.0 46481.0 1315.0
0.947265625 0.9429537057876587 1061.0 1539.0 46660.0 1348.0
0.94921875 0.944613516330719 1032.0 1426.0 46773.0 1377.0
0.958984375 0.9430722594261169 1060.0 1532.0 46667.0 1349.0
0.9501953125 0.9424003958702087 1078.0 1584.0 46615.0 1331.0
0.9560546875 0.9428746700286865 1064.0 1546.0 46653.0 1345.0
0.9384765625 0.9452853202819824 1029.0 1389.0 46810.0 1380.0
0.9384765625 0.9422225952148438 1073.0 1588.0 46611.0 1336.0
0.9501953125 0.9421830773353577 1123.0 1640.0 46559.0 1286.0
0.9541015625 0.9437835812568665 1090.0 1526.0 46673.0 1319.0
0.9560546875 0.945087730884552 1076.0 1446.0 46753.0 1333.0
0.958984375 0.9441195130348206 1091.0 1510.0 46689.0 1318.0
0.9560546875 0.9434279203414917 1129.0 1583.0 46616.0 1280.0
0.9580078125 0.9429734349250793 1100.0 1577.0 46622.0 1309.0
0.9501953125 0.9419261813163757 1100.0 1630.0 46569.0 1309.0
0.9462890625 0.9421632885932922 1157.0 1675.0 46524.0 1252.0
0.943359375 0.9419261813163757 1114.0 1644.0 46555.0 1295.0
0.9423828125 0.942044734954834 1113.0 1637.0 46562.0 1296.0
0.9453125 0.9436057806015015 1106.0 1551.0 46648.0 1303.0
0.9453125 0.9414914846420288 1134.0 1686.0 46513.0 1275.0
0.93359375 0.9422818422317505 1138.0 1650.0 46549.0 1271.0
0.955078125 0.9439811706542969 1143.0 1569.0 46630.0 1266.0
0.955078125 0.9410369992256165 1141.0 1716.0 46483.0 1268.0
0.9443359375 0.9459967017173767 1074.0 1398.0 46801.0 1335.0
0.9501953125 0.9447320699691772 1101.0 1489.0 46710.0 1308.0
0.9541015625 0.9450482130050659 1142.0 1514.0 46685.0 1267.0
0.9521484375 0.9429734349250793 1153.0 1630.0 46569.0 1256.0
0.9560546875 0.9449296593666077 1142.0 1520.0 46679.0 1267.0
0.9501953125 0.9441787600517273 1115.0 1531.0 46668.0 1294.0
0.9423828125 0.9451470375061035 1153.0 1520.0 46679.0 1256.0
0.9501953125 0.942518949508667 1181.0 1681.0 46518.0 1228.0
0.9599609375 0.9427560567855835 1130.0 1618.0 46581.0 1279.0
0.9580078125 0.9440997242927551 1163.0 1583.0 46616.0 1246.0
0.9453125 0.9438626170158386 1128.0 1560.0 46639.0 1281.0
0.947265625 0.9405627846717834 1172.0 1771.0 46428.0 1237.0
0.947265625 0.9426375031471252 1186.0 1680.0 46519.0 1223.0
0.9423828125 0.9429734349250793 1178.0 1655.0 46544.0 1231.0
0.9375 0.9437638521194458 1144.0 1581.0 46618.0 1265.0
0.953125 0.9424399137496948 1172.0 1676.0 46523.0 1237.0
0.9599609375 0.9438033699989319 1144.0 1579.0 46620.0 1265.0
0.9423828125 0.9421830773353577 1176.0 1693.0 46506.0 1233.0
0.9521484375 0.9414519667625427 1163.0 1717.0 46482.0 1246.0
0.943359375 0.9425782561302185 1174.0 1671.0 46528.0 1235.0
0.9453125 0.9438033699989319 1179.0 1614.0 46585.0 1230.0
0.953125 0.9452260732650757 1106.0 1469.0 46730.0 1303.0
0.9482421875 0.9434871673583984 1175.0 1626.0 46573.0 1234.0
0.94921875 0.9427956342697144 1177.0 1663.0 46536.0 1232.0
0.955078125 0.9433884024620056 1147.0 1603.0 46596.0 1262.0
0.9462890625 0.9425387382507324 1175.0 1674.0 46525.0 1234.0
0.953125 0.9428351521492004 1165.0 1649.0 46550.0 1244.0
0.955078125 0.9421632885932922 1166.0 1684.0 46515.0 1243.0
0.951171875 0.9446530342102051 1161.0 1553.0 46646.0 1248.0
0.931640625 0.9425979852676392 1184.0 1680.0 46519.0 1225.0
0.939453125 0.9451667666435242 1145.0 1511.0 46688.0 1264.0
0.9482421875 0.9440009593963623 1182.0 1607.0 46592.0 1227.0
0.953125 0.9426770210266113 1166.0 1658.0 46541.0 1243.0
0.9482421875 0.944613516330719 1150.0 1544.0 46655.0 1259.0
0.943359375 0.9419063925743103 1213.0 1744.0 46455.0 1196.0
0.9609375 0.9406813383102417 1212.0 1805.0 46394.0 1197.0
0.9345703125 0.9447517991065979 1135.0 1522.0 46677.0 1274.0
0.9453125 0.9436848163604736 1210.0 1651.0 46548.0 1199.0
0.951171875 0.944020688533783 1164.0 1588.0 46611.0 1245.0
0.94921875 0.9441590309143066 1135.0 1552.0 46647.0 1274.0
0.95703125 0.9449691772460938 1149.0 1525.0 46674.0 1260.0
0.9482421875 0.9425387382507324 1179.0 1678.0 46521.0 1230.0
0.9443359375 0.943842887878418 1174.0 1607.0 46592.0 1235.0
0.9541015625 0.9430327415466309 1203.0 1677.0 46522.0 1206.0
0.94921875 0.9443764090538025 1204.0 1610.0 46589.0 1205.0
0.9541015625 0.9428746700286865 1195.0 1677.0 46522.0 1214.0
0.9580078125 0.9431512951850891 1170.0 1638.0 46561.0 1239.0
0.9462890625 0.9441195130348206 1179.0 1598.0 46601.0 1230.0
0.9501953125 0.9425979852676392 1211.0 1707.0 46492.0 1198.0
0.95703125 0.945858359336853 1162.0 1493.0 46706.0 1247.0
0.9345703125 0.9426968097686768 1186.0 1677.0 46522.0 1223.0
0.9599609375 0.9418076276779175 1230.0 1766.0 46433.0 1179.0
0.947265625 0.9420645236968994 1232.0 1755.0 46444.0 1177.0
0.9619140625 0.9405825138092041 1216.0 1814.0 46385.0 1193.0
0.947265625 0.9423016309738159 1257.0 1768.0 46431.0 1152.0
0.951171875 0.9423608779907227 1237.0 1745.0 46454.0 1172.0
0.94921875 0.9441787600517273 1174.0 1590.0 46609.0 1235.0
0.9541015625 0.9439614415168762 1205.0 1632.0 46567.0 1204.0
0.947265625 0.9436452984809875 1163.0 1606.0 46593.0 1246.0
0.947265625 0.9429141879081726 1218.0 1698.0 46501.0 1191.0
0.9375 0.9427165389060974 1180.0 1670.0 46529.0 1229.0
0.9482421875 0.9427758455276489 1211.0 1698.0 46501.0 1198.0
0.9423828125 0.9429932236671448 1212.0 1688.0 46511.0 1197.0
0.9541015625 0.9462338089942932 1157.0 1469.0 46730.0 1252.0
0.9697265625 0.9440997242927551 1210.0 1630.0 46569.0 1199.0
0.9482421875 0.9441195130348206 1175.0 1594.0 46605.0 1234.0
0.9462890625 0.9443764090538025 1190.0 1596.0 46603.0 1219.0
0.947265625 0.9435662627220154 1207.0 1654.0 46545.0 1202.0
0.9453125 0.9429537057876587 1217.0 1695.0 46504.0 1192.0
0.9521484375 0.9430919885635376 1193.0 1664.0 46535.0 1216.0
0.951171875 0.9425979852676392 1215.0 1711.0 46488.0 1194.0
0.9521484375 0.9452062845230103 1154.0 1518.0 46681.0 1255.0
0.9541015625 0.944317102432251 1213.0 1622.0 46577.0 1196.0
0.9423828125 0.9440404772758484 1208.0 1631.0 46568.0 1201.0
0.9462890625 0.9425387382507324 1211.0 1710.0 46489.0 1198.0
0.9541015625 0.9437243342399597 1199.0 1638.0 46561.0 1210.0
0.9541015625 0.9437440633773804 1193.0 1631.0 46568.0 1216.0
0.955078125 0.9433686137199402 1206.0 1663.0 46536.0 1203.0
0.951171875 0.9415310025215149 1228.0 1778.0 46421.0 1181.0
0.958984375 0.943111777305603 1207.0 1677.0 46522.0 1202.0
0.947265625 0.9430129528045654 1245.0 1720.0 46479.0 1164.0
0.9521484375 0.9415310025215149 1229.0 1779.0 46420.0 1180.0
0.951171875 0.9423608779907227 1222.0 1730.0 46469.0 1187.0
0.9599609375 0.941313624382019 1236.0 1797.0 46402.0 1173.0
0.94921875 0.9406615495681763 1273.0 1867.0 46332.0 1136.0
0.9443359375 0.944317102432251 1210.0 1619.0 46580.0 1199.0
0.94921875 0.9430129528045654 1226.0 1701.0 46498.0 1183.0
0.9482421875 0.9428548812866211 1236.0 1719.0 46480.0 1173.0
0.9541015625 0.9415112137794495 1226.0 1777.0 46422.0 1183.0
0.9609375 0.9424794316291809 1204.0 1706.0 46493.0 1205.0
0.9521484375 0.9432698488235474 1195.0 1657.0 46542.0 1214.0
0.958984375 0.9427560567855835 1208.0 1696.0 46503.0 1201.0
0.9462890625 0.943585991859436 1199.0 1645.0 46554.0 1210.0
0.9404296875 0.9434871673583984 1211.0 1662.0 46537.0 1198.0
0.9462890625 0.9429141879081726 1220.0 1700.0 46499.0 1189.0
0.955078125 0.9425782561302185 1245.0 1742.0 46457.0 1164.0
0.9462890625 0.9444949626922607 1216.0 1616.0 46583.0 1193.0
0.9501953125 0.9442182779312134 1203.0 1617.0 46582.0 1206.0
0.9453125 0.9429734349250793 1227.0 1704.0 46495.0 1182.0
0.9521484375 0.9422225952148438 1239.0 1754.0 46445.0 1170.0
0.947265625 0.9454829096794128 1200.0 1550.0 46649.0 1209.0
0.9443359375 0.9460559487342834 1205.0 1526.0 46673.0 1204.0
0.9482421875 0.9431908130645752 1244.0 1710.0 46489.0 1165.0
0.947265625 0.942341148853302 1226.0 1735.0 46464.0 1183.0
0.9609375 0.9429537057876587 1241.0 1719.0 46480.0 1168.0
0.9521484375 0.9431908130645752 1241.0 1707.0 46492.0 1168.0
0.9482421875 0.9442577958106995 1239.0 1651.0 46548.0 1170.0
0.94921875 0.9432105422019958 1218.0 1683.0 46516.0 1191.0
0.953125 0.9448901414871216 1234.0 1614.0 46585.0 1175.0
0.9560546875 0.944613516330719 1224.0 1618.0 46581.0 1185.0
0.9501953125 0.9438626170158386 1226.0 1658.0 46541.0 1183.0
0.9482421875 0.9463720917701721 1172.0 1477.0 46722.0 1237.0
0.951171875 0.9440997242927551 1239.0 1659.0 46540.0 1170.0
0.9501953125 0.9430524706840515 1248.0 1721.0 46478.0 1161.0
0.94921875 0.9430524706840515 1264.0 1737.0 46462.0 1145.0
0.9560546875 0.946885883808136 1165.0 1444.0 46755.0 1244.0
0.9541015625 0.9443566203117371 1228.0 1635.0 46564.0 1181.0
0.9541015625 0.9439811706542969 1225.0 1651.0 46548.0 1184.0
0.94921875 0.9433884024620056 1260.0 1716.0 46483.0 1149.0
0.9638671875 0.9460164308547974 1211.0 1534.0 46665.0 1198.0
0.94140625 0.943111777305603 1193.0 1663.0 46536.0 1216.0
0.94140625 0.9450086951255798 1227.0 1601.0 46598.0 1182.0
0.9443359375 0.9437045454978943 1247.0 1687.0 46512.0 1162.0
0.9501953125 0.9457991123199463 1212.0 1546.0 46653.0 1197.0
0.9462890625 0.9434081315994263 1232.0 1687.0 46512.0 1177.0
0.9599609375 0.9404244422912598 1266.0 1872.0 46327.0 1143.0
0.9384765625 0.9447517991065979 1198.0 1585.0 46614.0 1211.0
0.9482421875 0.9428943991661072 1224.0 1705.0 46494.0 1185.0
0.953125 0.9445739984512329 1215.0 1611.0 46588.0 1194.0
0.9453125 0.9423016309738159 1260.0 1771.0 46428.0 1149.0
0.9462890625 0.9434279203414917 1248.0 1702.0 46497.0 1161.0
0.953125 0.9426375031471252 1247.0 1741.0 46458.0 1162.0
0.9580078125 0.9432500600814819 1255.0 1718.0 46481.0 1154.0
0.9482421875 0.9439219236373901 1226.0 1655.0 46544.0 1183.0
0.9609375 0.9435267448425293 1213.0 1662.0 46537.0 1196.0
0.9423828125 0.9427758455276489 1232.0 1719.0 46480.0 1177.0
0.9482421875 0.9409776926040649 1272.0 1850.0 46349.0 1137.0
0.9521484375 0.9451667666435242 1214.0 1580.0 46619.0 1195.0
0.9560546875 0.9436452984809875 1283.0 1726.0 46473.0 1126.0
0.9443359375 0.9447122812271118 1210.0 1599.0 46600.0 1199.0
0.9501953125 0.9449493885040283 1218.0 1595.0 46604.0 1191.0
0.9482421875 0.945087730884552 1228.0 1598.0 46601.0 1181.0
0.94921875 0.9438230991363525 1245.0 1679.0 46520.0 1164.0
0.94921875 0.9422225952148438 1282.0 1797.0 46402.0 1127.0
0.943359375 0.9451667666435242 1221.0 1587.0 46612.0 1188.0
0.9462890625 0.9436848163604736 1218.0 1659.0 46540.0 1191.0
0.9443359375 0.9425584673881531 1223.0 1721.0 46478.0 1186.0
0.9482421875 0.9419656991958618 1252.0 1780.0 46419.0 1157.0
0.9443359375 0.943842887878418 1220.0 1653.0 46546.0 1189.0
0.9619140625 0.9454038739204407 1210.0 1564.0 46635.0 1199.0
0.94921875 0.9427758455276489 1248.0 1735.0 46464.0 1161.0
0.955078125 0.9439811706542969 1231.0 1657.0 46542.0 1178.0
0.94921875 0.9427956342697144 1245.0 1731.0 46468.0 1164.0
0.951171875 0.9433093667030334 1245.0 1705.0 46494.0 1164.0
0.9638671875 0.9428943991661072 1240.0 1721.0 46478.0 1169.0
0.955078125 0.9438033699989319 1203.0 1638.0 46561.0 1206.0
0.9541015625 0.9448111057281494 1191.0 1575.0 46624.0 1218.0
0.9482421875 0.9429141879081726 1267.0 1747.0 46452.0 1142.0
0.9482421875 0.9413729310035706 1265.0 1823.0 46376.0 1144.0
0.9453125 0.9426177740097046 1250.0 1745.0 46454.0 1159.0
0.9501953125 0.9437440633773804 1219.0 1657.0 46542.0 1190.0
0.9619140625 0.943111777305603 1238.0 1708.0 46491.0 1171.0
0.9658203125 0.9457793235778809 1220.0 1555.0 46644.0 1189.0
0.9462890625 0.944613516330719 1230.0 1624.0 46575.0 1179.0
0.95703125 0.9439614415168762 1204.0 1631.0 46568.0 1205.0
0.9462890625 0.9434279203414917 1257.0 1711.0 46488.0 1152.0
0.9541015625 0.9449296593666077 1239.0 1617.0 46582.0 1170.0
0.9453125 0.946115255355835 1199.0 1517.0 46682.0 1210.0
0.951171875 0.9441195130348206 1252.0 1671.0 46528.0 1157.0
0.953125 0.9436255097389221 1240.0 1684.0 46515.0 1169.0
0.9599609375 0.9429141879081726 1280.0 1760.0 46439.0 1129.0
0.9501953125 0.9418471455574036 1267.0 1801.0 46398.0 1142.0
0.955078125 0.9437440633773804 1237.0 1675.0 46524.0 1172.0
0.953125 0.9418471455574036 1267.0 1801.0 46398.0 1142.0
0.9521484375 0.9423213601112366 1244.0 1754.0 46445.0 1165.0
0.96484375 0.9453643560409546 1227.0 1583.0 46616.0 1182.0
0.958984375 0.9438033699989319 1189.0 1624.0 46575.0 1220.0
0.9541015625 0.9416692852973938 1272.0 1815.0 46384.0 1137.0
0.947265625 0.9427363276481628 1263.0 1752.0 46447.0 1146.0
0.9443359375 0.9436255097389221 1245.0 1689.0 46510.0 1164.0
0.9560546875 0.9426572918891907 1246.0 1739.0 46460.0 1163.0
0.9619140625 0.9428351521492004 1249.0 1733.0 46466.0 1160.0
0.9462890625 0.9452260732650757 1222.0 1585.0 46614.0 1187.0
0.953125 0.9411160349845886 1277.0 1848.0 46351.0 1132.0
0.966796875 0.944020688533783 1221.0 1645.0 46554.0 1188.0
0.947265625 0.9444159269332886 1216.0 1620.0 46579.0 1193.0
0.9560546875 0.9443368911743164 1217.0 1625.0 46574.0 1192.0
0.9462890625 0.9445739984512329 1195.0 1591.0 46608.0 1214.0
0.951171875 0.9431315064430237 1222.0 1691.0 46508.0 1187.0
0.955078125 0.9421040415763855 1251.0 1772.0 46427.0 1158.0
0.94921875 0.9455026984214783 1215.0 1564.0 46635.0 1194.0
0.947265625 0.9441787600517273 1262.0 1678.0 46521.0 1147.0
0.962890625 0.9433686137199402 1227.0 1684.0 46515.0 1182.0
0.958984375 0.9449493885040283 1215.0 1592.0 46607.0 1194.0
0.9443359375 0.9428351521492004 1254.0 1738.0 46461.0 1155.0
0.9599609375 0.9430919885635376 1252.0 1723.0 46476.0 1157.0
0.9609375 0.9426375031471252 1244.0 1738.0 46461.0 1165.0
0.9501953125 0.9425979852676392 1226.0 1722.0 46477.0 1183.0
0.9384765625 0.9418668746948242 1247.0 1780.0 46419.0 1162.0
0.9541015625 0.9442182779312134 1248.0 1662.0 46537.0 1161.0
0.9423828125 0.9413729310035706 1226.0 1784.0 46415.0 1183.0
0.94921875 0.9424399137496948 1253.0 1757.0 46442.0 1156.0
0.95703125 0.9406615495681763 1274.0 1868.0 46331.0 1135.0
0.9521484375 0.9420842528343201 1251.0 1773.0 46426.0 1158.0
0.9677734375 0.9427758455276489 1229.0 1716.0 46483.0 1180.0
0.9638671875 0.9434476494789124 1232.0 1685.0 46514.0 1177.0
0.9462890625 0.9413531422615051 1252.0 1811.0 46388.0 1157.0
0.953125 0.9438230991363525 1209.0 1643.0 46556.0 1200.0
0.9443359375 0.9434081315994263 1219.0 1674.0 46525.0 1190.0
0.9599609375 0.943882405757904 1222.0 1653.0 46546.0 1187.0
0.95703125 0.9454038739204407 1207.0 1561.0 46638.0 1202.0
0.962890625 0.9444949626922607 1225.0 1625.0 46574.0 1184.0
0.95703125 0.943842887878418 1236.0 1669.0 46530.0 1173.0
0.951171875 0.9434279203414917 1239.0 1693.0 46506.0 1170.0
0.9521484375 0.9446727633476257 1238.0 1629.0 46570.0 1171.0
0.9443359375 0.9449493885040283 1225.0 1602.0 46597.0 1184.0
0.9521484375 0.942044734954834 1247.0 1771.0 46428.0 1162.0
0.953125 0.9445344805717468 1218.0 1616.0 46583.0 1191.0
0.9541015625 0.942341148853302 1238.0 1747.0 46452.0 1171.0
0.9521484375 0.9463128447532654 1203.0 1511.0 46688.0 1206.0
0.951171875 0.9427956342697144 1223.0 1709.0 46490.0 1186.0
0.9423828125 0.945561945438385 1174.0 1520.0 46679.0 1235.0
0.951171875 0.9441392421722412 1207.0 1625.0 46574.0 1202.0
0.953125 0.9441195130348206 1213.0 1632.0 46567.0 1196.0
0.9560546875 0.9434081315994263 1216.0 1671.0 46528.0 1193.0
0.94921875 0.9427956342697144 1254.0 1740.0 46459.0 1155.0
0.9521484375 0.943585991859436 1249.0 1695.0 46504.0 1160.0
0.9560546875 0.9444751739501953 1204.0 1605.0 46594.0 1205.0
0.95703125 0.9437243342399597 1233.0 1672.0 46527.0 1176.0
0.9443359375 0.9420052170753479 1246.0 1772.0 46427.0 1163.0
0.951171875 0.9423806667327881 1217.0 1724.0 46475.0 1192.0
0.951171875 0.9415112137794495 1221.0 1772.0 46427.0 1188.0
0.94140625 0.9418668746948242 1229.0 1762.0 46437.0 1180.0
0.9580078125 0.9423213601112366 1242.0 1752.0 46447.0 1167.0
0.9619140625 0.9422818422317505 1206.0 1718.0 46481.0 1203.0
0.9599609375 0.9432698488235474 1218.0 1680.0 46519.0 1191.0
0.943359375 0.9433686137199402 1248.0 1705.0 46494.0 1161.0
0.9609375 0.9439416527748108 1221.0 1649.0 46550.0 1188.0
0.958984375 0.9434081315994263 1255.0 1710.0 46489.0 1154.0
0.9521484375 0.9427758455276489 1210.0 1697.0 46502.0 1199.0
0.9482421875 0.9439021348953247 1193.0 1623.0 46576.0 1216.0
0.9453125 0.9426968097686768 1269.0 1760.0 46439.0 1140.0
0.951171875 0.9416100382804871 1267.0 1813.0 46386.0 1142.0
0.9482421875 0.9421632885932922 1259.0 1777.0 46422.0 1150.0
0.9580078125 0.943882405757904 1219.0 1650.0 46549.0 1190.0
0.9580078125 0.9456212520599365 1178.0 1521.0 46678.0 1231.0
0.9580078125 0.9461942911148071 1161.0 1475.0 46724.0 1248.0
0.9521484375 0.9414519667625427 1242.0 1796.0 46403.0 1167.0
0.9599609375 0.9432303309440613 1221.0 1685.0 46514.0 1188.0
0.9482421875 0.9439614415168762 1211.0 1638.0 46561.0 1198.0
0.9462890625 0.9432500600814819 1239.0 1702.0 46497.0 1170.0
0.962890625 0.9454829096794128 1187.0 1537.0 46662.0 1222.0
0.9482421875 0.9416100382804871 1248.0 1794.0 46405.0 1161.0
0.9619140625 0.9433290958404541 1213.0 1672.0 46527.0 1196.0
0.9521484375 0.9436650276184082 1223.0 1665.0 46534.0 1186.0
0.953125 0.9431512951850891 1264.0 1732.0 46467.0 1145.0
0.951171875 0.9432698488235474 1224.0 1686.0 46513.0 1185.0
0.9423828125 0.9431710243225098 1213.0 1680.0 46519.0 1196.0
0.955078125 0.9422621130943298 1235.0 1748.0 46451.0 1174.0
0.955078125 0.9434476494789124 1241.0 1694.0 46505.0 1168.0
0.9453125 0.9424003958702087 1206.0 1712.0 46487.0 1203.0
0.9560546875 0.9429141879081726 1219.0 1699.0 46500.0 1190.0
0.94921875 0.9430524706840515 1226.0 1700.0 46499.0 1182.0
0.9521484375 0.939475953578949 1264.0 1918.0 46281.0 1145.0
0.955078125 0.9405232667922974 1264.0 1865.0 46334.0 1145.0
0.955078125 0.9434476494789124 1240.0 1693.0 46506.0 1169.0
0.9560546875 0.9435267448425293 1228.0 1677.0 46522.0 1181.0
0.9521484375 0.9427165389060974 1239.0 1729.0 46470.0 1170.0
0.9560546875 0.9408789277076721 1247.0 1830.0 46369.0 1162.0
0.958984375 0.9411950707435608 1244.0 1811.0 46388.0 1165.0
0.9462890625 0.941570520401001 1257.0 1805.0 46394.0 1152.0
0.9580078125 0.9435267448425293 1223.0 1672.0 46527.0 1186.0
0.9599609375 0.9431315064430237 1210.0 1679.0 46520.0 1199.0
0.9443359375 0.9412543177604675 1241.0 1805.0 46394.0 1168.0
0.955078125 0.9416692852973938 1221.0 1764.0 46435.0 1188.0
0.94921875 0.9423608779907227 1237.0 1745.0 46454.0 1172.0
0.94921875 0.9418076276779175 1240.0 1776.0 46423.0 1169.0
0.9580078125 0.9432105422019958 1221.0 1686.0 46513.0 1188.0
0.9521484375 0.9427165389060974 1223.0 1713.0 46486.0 1186.0
0.947265625 0.9412147998809814 1251.0 1817.0 46382.0 1158.0
0.9462890625 0.9427560567855835 1210.0 1698.0 46501.0 1199.0
0.9599609375 0.9443566203117371 1232.0 1639.0 46560.0 1177.0
0.9560546875 0.9442973732948303 1206.0 1616.0 46583.0 1203.0
0.953125 0.9419261813163757 1230.0 1760.0 46439.0 1179.0
0.9609375 0.9429141879081726 1229.0 1709.0 46490.0 1180.0
0.9609375 0.943842887878418 1199.0 1632.0 46567.0 1210.0
0.9580078125 0.9444949626922607 1181.0 1581.0 46618.0 1228.0
0.955078125 0.9434476494789124 1193.0 1646.0 46553.0 1216.0
0.951171875 0.9413729310035706 1237.0 1795.0 46404.0 1172.0
0.9443359375 0.9426177740097046 1241.0 1736.0 46463.0 1168.0
0.9541015625 0.9435267448425293 1219.0 1668.0 46531.0 1190.0
0.9453125 0.9426968097686768 1246.0 1737.0 46462.0 1163.0
0.951171875 0.9458188414573669 1216.0 1549.0 46650.0 1193.0
0.9462890625 0.9425387382507324 1253.0 1752.0 46447.0 1156.0
0.9638671875 0.9448703527450562 1180.0 1561.0 46638.0 1229.0
0.9599609375 0.943289577960968 1242.0 1703.0 46496.0 1167.0
0.96484375 0.9432500600814819 1255.0 1718.0 46481.0 1154.0
0.9560546875 0.943585991859436 1213.0 1659.0 46540.0 1196.0
0.94921875 0.9424201846122742 1249.0 1754.0 46445.0 1160.0
0.94140625 0.9432698488235474 1224.0 1686.0 46513.0 1185.0
0.9541015625 0.943585991859436 1211.0 1657.0 46542.0 1198.0
0.96875 0.9441392421722412 1225.0 1643.0 46556.0 1184.0
0.951171875 0.9437638521194458 1234.0 1671.0 46528.0 1175.0
0.943359375 0.9455026984214783 1224.0 1573.0 46626.0 1185.0
0.95703125 0.9430327415466309 1243.0 1717.0 46482.0 1166.0
0.94140625 0.9427758455276489 1234.0 1721.0 46478.0 1175.0
0.9375 0.9411950707435608 1257.0 1824.0 46375.0 1152.0
0.943359375 0.9419459104537964 1239.0 1768.0 46431.0 1170.0
0.9638671875 0.9460757374763489 1154.0 1474.0 46725.0 1255.0
0.951171875 0.9427363276481628 1239.0 1728.0 46471.0 1170.0
0.9599609375 0.9441787600517273 1219.0 1635.0 46564.0 1190.0
0.9462890625 0.9431710243225098 1204.0 1671.0 46528.0 1205.0
0.9560546875 0.9415310025215149 1264.0 1814.0 46385.0 1145.0
0.947265625 0.9426375031471252 1230.0 1724.0 46475.0 1179.0
0.951171875 0.9424003958702087 1243.0 1749.0 46450.0 1166.0
0.94921875 0.9423806667327881 1247.0 1754.0 46445.0 1162.0
0.9580078125 0.9433093667030334 1220.0 1680.0 46519.0 1189.0
0.9482421875 0.9442380666732788 1210.0 1623.0 46576.0 1199.0
0.953125 0.9421435594558716 1241.0 1760.0 46439.0 1168.0
0.953125 0.9405232667922974 1247.0 1848.0 46351.0 1162.0
0.9560546875 0.9426968097686768 1221.0 1712.0 46487.0 1188.0
0.94921875 0.9437835812568665 1213.0 1649.0 46550.0 1196.0
0.9619140625 0.9439811706542969 1201.0 1627.0 46572.0 1208.0
0.94140625 0.9422225952148438 1239.0 1754.0 46445.0 1170.0
0.951171875 0.9420842528343201 1224.0 1746.0 46453.0 1185.0
0.9619140625 0.941748321056366 1235.0 1774.0 46425.0 1174.0
0.9501953125 0.9430524706840515 1228.0 1701.0 46498.0 1181.0
0.9501953125 0.9431710243225098 1197.0 1664.0 46535.0 1212.0
0.9638671875 0.9425979852676392 1222.0 1718.0 46481.0 1187.0
0.953125 0.941787838935852 1234.0 1771.0 46428.0 1175.0
0.9482421875 0.941274106502533 1260.0 1823.0 46376.0 1149.0
0.9638671875 0.9422423243522644 1208.0 1722.0 46477.0 1201.0
0.955078125 0.9433488845825195 1200.0 1658.0 46541.0 1209.0
0.95703125 0.9439219236373901 1193.0 1622.0 46577.0 1216.0
0.9404296875 0.9421237707138062 1243.0 1763.0 46436.0 1166.0
0.9501953125 0.9451470375061035 1196.0 1563.0 46636.0 1213.0
0.943359375 0.9424794316291809 1235.0 1737.0 46462.0 1174.0
0.9521484375 0.9426177740097046 1206.0 1701.0 46498.0 1203.0
0.9521484375 0.9439021348953247 1218.0 1648.0 46551.0 1191.0
0.9560546875 0.9434871673583984 1199.0 1650.0 46549.0 1210.0
0.96484375 0.9447122812271118 1163.0 1552.0 46647.0 1246.0
0.9521484375 0.9445739984512329 1218.0 1614.0 46585.0 1191.0
0.9609375 0.9442380666732788 1227.0 1640.0 46559.0 1182.0
0.95703125 0.9437243342399597 1225.0 1664.0 46535.0 1184.0
0.9423828125 0.942044734954834 1208.0 1732.0 46467.0 1201.0
0.9521484375 0.9426572918891907 1255.0 1748.0 46451.0 1154.0
0.9521484375 0.9433884024620056 1211.0 1667.0 46532.0 1198.0
0.9521484375 0.9430129528045654 1226.0 1701.0 46498.0 1183.0
0.9560546875 0.9424399137496948 1236.0 1740.0 46459.0 1173.0
0.951171875 0.9429141879081726 1212.0 1692.0 46507.0 1197.0
0.9365234375 0.9419063925743103 1200.0 1731.0 46468.0 1209.0
0.9609375 0.9445542097091675 1199.0 1596.0 46603.0 1210.0
0.9541015625 0.9419656991958618 1236.0 1764.0 46435.0 1173.0
0.951171875 0.9448308348655701 1203.0 1586.0 46613.0 1206.0
0.9501953125 0.9444356560707092 1213.0 1616.0 46583.0 1196.0
0.94921875 0.9434081315994263 1203.0 1658.0 46541.0 1206.0
0.953125 0.9429141879081726 1214.0 1694.0 46505.0 1195.0
0.95703125 0.9441590309143066 1190.0 1607.0 46592.0 1219.0
0.9599609375 0.9433686137199402 1188.0 1645.0 46554.0 1221.0
0.9521484375 0.9437243342399597 1189.0 1628.0 46571.0 1220.0
0.958984375 0.9421435594558716 1243.0 1762.0 46437.0 1166.0
0.953125 0.9422621130943298 1220.0 1733.0 46466.0 1189.0
0.955078125 0.9427956342697144 1193.0 1679.0 46520.0 1216.0
0.951171875 0.9413926601409912 1251.0 1808.0 46391.0 1158.0
0.9453125 0.9422225952148438 1220.0 1735.0 46464.0 1189.0
0.9462890625 0.9433686137199402 1223.0 1680.0 46519.0 1186.0
0.953125 0.9411160349845886 1255.0 1826.0 46373.0 1154.0
0.9560546875 0.9428943991661072 1203.0 1684.0 46515.0 1206.0
0.9521484375 0.9411357641220093 1243.0 1813.0 46386.0 1166.0
0.9423828125 0.9422423243522644 1224.0 1738.0 46461.0 1185.0
0.953125 0.9443368911743164 1175.0 1583.0 46616.0 1234.0
0.962890625 0.9409184455871582 1245.0 1826.0 46373.0 1164.0
0.953125 0.9432105422019958 1220.0 1685.0 46514.0 1189.0
0.9619140625 0.943882405757904 1216.0 1647.0 46552.0 1193.0
0.95703125 0.9433884024620056 1211.0 1667.0 46532.0 1198.0
0.958984375 0.9424201846122742 1230.0 1735.0 46464.0 1179.0
0.9443359375 0.9433488845825195 1191.0 1649.0 46550.0 1218.0
0.9482421875 0.9425782561302185 1219.0 1716.0 46483.0 1190.0
0.9609375 0.9430722594261169 1182.0 1654.0 46545.0 1227.0
0.9521484375 0.94538414478302 1163.0 1518.0 46681.0 1246.0
0.9521484375 0.9422225952148438 1220.0 1735.0 46464.0 1189.0
0.9521484375 0.941748321056366 1209.0 1748.0 46451.0 1200.0
0.958984375 0.9408986568450928 1240.0 1822.0 46377.0 1169.0
0.9580078125 0.9425584673881531 1184.0 1682.0 46517.0 1225.0
0.9619140625 0.941787838935852 1226.0 1763.0 46436.0 1183.0
0.958984375 0.941748321056366 1227.0 1766.0 46433.0 1182.0
0.9560546875 0.9413926601409912 1218.0 1775.0 46424.0 1191.0
0.953125 0.941570520401001 1230.0 1778.0 46421.0 1179.0
0.953125 0.9419854283332825 1230.0 1757.0 46442.0 1179.0
0.9462890625 0.9421632885932922 1211.0 1729.0 46470.0 1198.0
0.9501953125 0.9432698488235474 1189.0 1651.0 46548.0 1220.0
0.9599609375 0.9422225952148438 1234.0 1749.0 46450.0 1175.0
0.951171875 0.9411357641220093 1225.0 1795.0 46404.0 1184.0
0.9365234375 0.9399897456169128 1221.0 1849.0 46350.0 1188.0
0.943359375 0.9414716958999634 1168.0 1721.0 46478.0 1241.0
0.9443359375 0.9404836893081665 1253.0 1856.0 46343.0 1156.0
0.9580078125 0.9429339170455933 1216.0 1695.0 46504.0 1193.0
0.9541015625 0.9413729310035706 1217.0 1775.0 46424.0 1192.0
0.94921875 0.942815363407135 1186.0 1671.0 46528.0 1223.0
0.9521484375 0.9418866634368896 1208.0 1740.0 46459.0 1201.0
0.9521484375 0.9403454065322876 1252.0 1862.0 46337.0 1157.0
0.9541015625 0.9437045454978943 1191.0 1631.0 46568.0 1218.0
0.9560546875 0.9403651356697083 1243.0 1852.0 46347.0 1166.0
0.9521484375 0.9434476494789124 1222.0 1675.0 46524.0 1187.0
0.9560546875 0.9424003958702087 1245.0 1751.0 46448.0 1164.0
0.9580078125 0.9435662627220154 1235.0 1682.0 46517.0 1174.0
0.9482421875 0.9423608779907227 1197.0 1705.0 46494.0 1212.0
0.939453125 0.9413531422615051 1222.0 1781.0 46418.0 1187.0
0.951171875 0.9411555528640747 1236.0 1805.0 46394.0 1173.0
0.95703125 0.9418076276779175 1210.0 1746.0 46453.0 1199.0
0.951171875 0.9420052170753479 1185.0 1711.0 46488.0 1224.0
0.9462890625 0.941787838935852 1206.0 1743.0 46456.0 1203.0
0.947265625 0.9422818422317505 1202.0 1714.0 46485.0 1207.0
0.955078125 0.9426770210266113 1216.0 1708.0 46491.0 1193.0
0.943359375 0.9394167065620422 1235.0 1892.0 46307.0 1174.0
0.9541015625 0.9413531422615051 1224.0 1783.0 46416.0 1185.0
0.955078125 0.9422621130943298 1210.0 1723.0 46476.0 1199.0
0.9462890625 0.9396142959594727 1228.0 1875.0 46324.0 1181.0
0.9541015625 0.9413334131240845 1228.0 1788.0 46411.0 1181.0
0.962890625 0.941787838935852 1224.0 1761.0 46438.0 1185.0
0.9521484375 0.9401873350143433 1245.0 1863.0 46336.0 1164.0
0.9609375 0.9419063925743103 1202.0 1733.0 46466.0 1207.0
0.9541015625 0.9416692852973938 1266.0 1809.0 46390.0 1143.0
0.943359375 0.9428548812866211 1220.0 1703.0 46496.0 1189.0
0.9443359375 0.9438230991363525 1221.0 1655.0 46544.0 1188.0
0.9580078125 0.9422225952148438 1219.0 1734.0 46465.0 1190.0
0.947265625 0.9427165389060974 1206.0 1696.0 46503.0 1203.0
0.94921875 0.9413334131240845 1251.0 1811.0 46388.0 1158.0
0.94140625 0.941787838935852 1185.0 1722.0 46477.0 1224.0
0.9521484375 0.9431710243225098 1202.0 1669.0 46530.0 1207.0
0.9638671875 0.9427165389060974 1224.0 1714.0 46485.0 1185.0
0.9619140625 0.9403058886528015 1212.0 1824.0 46375.0 1197.0
0.9580078125 0.9437045454978943 1207.0 1647.0 46552.0 1202.0
0.958984375 0.9428548812866211 1232.0 1715.0 46484.0 1177.0
0.947265625 0.944317102432251 1203.0 1612.0 46587.0 1206.0
0.9560546875 0.9402268528938293 1263.0 1879.0 46320.0 1146.0
0.9482421875 0.9454433917999268 1173.0 1525.0 46674.0 1236.0
0.9580078125 0.9434081315994263 1201.0 1656.0 46543.0 1208.0
0.953125 0.9439811706542969 1166.0 1592.0 46607.0 1243.0
0.9541015625 0.9434871673583984 1197.0 1648.0 46551.0 1212.0
0.9462890625 0.9429339170455933 1192.0 1671.0 46528.0 1217.0
0.9599609375 0.9421040415763855 1210.0 1731.0 46468.0 1199.0
0.955078125 0.939298152923584 1288.0 1951.0 46248.0 1121.0
0.9609375 0.939298152923584 1283.0 1946.0 46253.0 1126.0
0.947265625 0.9431512951850891 1255.0 1723.0 46476.0 1154.0
0.9609375 0.9436057806015015 1229.0 1674.0 46525.0 1180.0
0.9638671875 0.9444356560707092 1189.0 1592.0 46607.0 1220.0
0.94921875 0.9434871673583984 1249.0 1700.0 46499.0 1160.0
0.9560546875 0.943289577960968 1200.0 1661.0 46538.0 1209.0
0.94921875 0.9422621130943298 1223.0 1736.0 46463.0 1186.0
0.9599609375 0.9424794316291809 1217.0 1719.0 46480.0 1192.0
0.953125 0.943289577960968 1184.0 1645.0 46554.0 1225.0
0.9521484375 0.9394957423210144 1245.0 1898.0 46301.0 1164.0
0.9541015625 0.9434081315994263 1205.0 1660.0 46539.0 1204.0
0.9521484375 0.9413729310035706 1197.0 1755.0 46444.0 1212.0
0.9599609375 0.942518949508667 1218.0 1718.0 46481.0 1191.0
0.9560546875 0.9428943991661072 1235.0 1716.0 46483.0 1174.0
0.955078125 0.9423806667327881 1229.0 1736.0 46463.0 1180.0
0.955078125 0.941748321056366 1248.0 1787.0 46412.0 1161.0
0.943359375 0.9407603740692139 1233.0 1822.0 46377.0 1176.0
0.95703125 0.9426770210266113 1177.0 1669.0 46530.0 1232.0
0.9521484375 0.9439021348953247 1176.0 1606.0 46593.0 1233.0
0.9541015625 0.9430524706840515 1235.0 1708.0 46491.0 1174.0
0.9541015625 0.9421237707138062 1219.0 1739.0 46460.0 1190.0
0.955078125 0.9429932236671448 1204.0 1680.0 46519.0 1205.0
0.9599609375 0.9406220316886902 1234.0 1830.0 46369.0 1175.0
0.953125 0.9417285919189453 1181.0 1721.0 46478.0 1228.0
0.94921875 0.9431908130645752 1185.0 1651.0 46548.0 1224.0
0.9541015625 0.9411950707435608 1252.0 1819.0 46380.0 1157.0
0.9609375 0.9423608779907227 1213.0 1721.0 46478.0 1196.0
0.955078125 0.9436452984809875 1224.0 1667.0 46532.0 1185.0
0.9541015625 0.9434674382209778 1193.0 1645.0 46554.0 1216.0
0.939453125 0.9447122812271118 1200.0 1589.0 46610.0 1209.0
0.9521484375 0.9428943991661072 1213.0 1694.0 46505.0 1196.0
0.9443359375 0.943842887878418 1211.0 1644.0 46555.0 1198.0
0.951171875 0.9433686137199402 1199.0 1656.0 46543.0 1210.0
0.9501953125 0.943842887878418 1223.0 1656.0 46543.0 1186.0
0.9521484375 0.9413531422615051 1228.0 1787.0 46412.0 1181.0
0.958984375 0.9427758455276489 1222.0 1709.0 46490.0 1187.0
0.9453125 0.9432303309440613 1238.0 1702.0 46497.0 1171.0
0.951171875 0.9421040415763855 1232.0 1753.0 46446.0 1177.0
0.9521484375 0.939041256904602 1260.0 1936.0 46263.0 1149.0
0.9609375 0.9411950707435608 1261.0 1828.0 46371.0 1148.0
0.9599609375 0.9408789277076721 1259.0 1842.0 46357.0 1150.0
0.9599609375 0.9436255097389221 1238.0 1682.0 46517.0 1171.0
0.94921875 0.9408196210861206 1235.0 1821.0 46378.0 1174.0
0.9443359375 0.9426177740097046 1231.0 1726.0 46473.0 1178.0
0.9521484375 0.9440799951553345 1197.0 1618.0 46581.0 1212.0
0.9560546875 0.9435267448425293 1214.0 1663.0 46536.0 1195.0
0.9482421875 0.941787838935852 1242.0 1779.0 46420.0 1167.0
0.9482421875 0.9419656991958618 1221.0 1749.0 46450.0 1188.0
0.958984375 0.9411357641220093 1260.0 1830.0 46369.0 1149.0
0.95703125 0.9427165389060974 1232.0 1722.0 46477.0 1177.0
0.951171875 0.9419459104537964 1220.0 1749.0 46450.0 1189.0
