2.929744124412536621e-01 -4.503368854522705078e+00 -4.708335399627685547e+00 3.019469261169433594e+00 -2.115607023239135742e+00 6.930982470512390137e-01 9.536930918693542480e-01 -1.527156233787536621e+00 7.713891267776489258e-01 -1.387837767601013184e+00 2.426844120025634766e+00 -2.764056444168090820e+00 -6.500320434570312500e-01 1.000434041023254395e+00 -2.698161602020263672e+00 -4.324477195739746094e+00 8.872274756431579590e-01 4.473093032836914062e+00 -2.258376598358154297e+00 3.080280542373657227e+00
-5.182204723358154297e+00 2.910426259040832520e-01 -1.344382166862487793e+00 4.957379102706909180e-01 8.903532981872558594e+00 1.308241367340087891e+00 -3.002334356307983398e+00 5.293217182159423828e+00 -3.589410781860351562e+00 -6.765323281288146973e-01 5.834366083145141602e-01 4.515723705291748047e+00 -3.977395594120025635e-01 6.719267368316650391e-01 -2.166721820831298828e+00 -1.152558699250221252e-01 -2.271090507507324219e+00 -8.799954652786254883e-01 -1.643712997436523438e+00 -2.685009717941284180e+00
-1.311598539352416992e+00 -2.588213920593261719e+00 -2.376442909240722656e+00 -1.464944720268249512e+00 -1.604947447776794434e+00 2.372090339660644531e+00 -2.737075090408325195e+00 3.212058544158935547e+00 -1.136777520179748535e+00 -1.831427693367004395e+00 2.540928363800048828e+00 -3.333307504653930664e-01 -1.728862762451171875e+00 5.663996934890747070e-02 -7.619884610176086426e-01 -8.389037847518920898e-01 3.450417518615722656e+00 9.884980320930480957e-01 -1.713656425476074219e+00 -3.388161420822143555e+00
1.845027923583984375e+00 -3.027085781097412109e+00 -3.585572242736816406e+00 1.301412463188171387e+00 -4.455021321773529053e-01 -3.693324804306030273e+00 1.314654111862182617e+00 7.925617098808288574e-01 -5.071216821670532227e-01 -1.808513879776000977e+00 1.238079667091369629e+00 8.209849596023559570e-01 -7.813477516174316406e-01 -1.929670929908752441e+00 -2.071033239364624023e+00 -3.956222534179687500e+00 6.612716913223266602e-01 2.297547817230224609e+00 2.818697690963745117e+00 -2.280978441238403320e+00
-2.849189043045043945e+00 9.899411201477050781e-01 -2.497169494628906250e+00 -8.085843920707702637e-01 -5.708838105201721191e-01 -4.373093128204345703e+00 -1.279280900955200195e+00 -2.214324235916137695e+00 -2.022935390472412109e+00 6.334931254386901855e-01 -4.329544603824615479e-01 -3.724530696868896484e+00 -6.197369471192359924e-02 2.257310628890991211e+00 -1.049839138984680176e+00 -2.896001935005187988e-01 3.697421789169311523e+00 -4.045196175575256348e-01 -1.800687909126281738e+00 -7.464901447296142578e+00
1.956312894821166992e+00 2.974338769912719727e+00 -1.585186243057250977e+00 -2.463740259408950806e-01 -4.964716434478759766e+00 -3.004446744918823242e+00 2.202998638153076172e+00 -5.919643640518188477e-01 5.868336677551269531e+00 5.110601902008056641e+00 4.525622367858886719e+00 1.984817504882812500e+00 3.872296810150146484e-01 1.947412371635437012e+00 2.309953212738037109e+00 -3.777066230773925781e+00 -1.366534352302551270e+00 2.048020362854003906e+00 1.139325141906738281e+00 -3.247972488403320312e+00
1.498500585556030273e+00 2.934440135955810547e+00 1.369707465171813965e+00 4.949659347534179688e+00 9.461226463317871094e-01 2.199899196624755859e+00 3.083633780479431152e-01 -3.277573585510253906e+00 -5.864416360855102539e-01 5.274145126342773438e+00 5.980387687683105469e+00 3.685496807098388672e+00 -5.341459274291992188e+00 4.653905868530273438e+00 4.465221405029296875e+00 -3.771128177642822266e+00 -4.967401504516601562e+00 6.217689037322998047e+00 -1.643240451812744141e+00 4.497646331787109375e+00
8.914186358451843262e-01 9.095388650894165039e-01 -1.067236065864562988e+00 5.630273818969726562e-01 -9.109116196632385254e-01 -9.529494047164916992e-01 2.533810377120971680e+00 -6.055857658386230469e+00 -3.773198127746582031e+00 1.199725151062011719e+00 5.249225616455078125e+00 2.110625982284545898e+00 -2.186511516571044922e+00 -1.046949148178100586e+00 -4.882036894559860229e-02 4.140671193599700928e-01 4.282085895538330078e+00 -1.523534297943115234e+00 -3.084918737411499023e+00 1.898234844207763672e+00
-3.846102476119995117e+00 9.756883978843688965e-01 -6.441124439239501953e+00 5.116514682769775391e+00 1.507226109504699707e+00 3.885333776473999023e+00 1.469424128532409668e+00 -7.432722568511962891e+00 2.505268812179565430e+00 2.827856540679931641e-01 3.881077527999877930e+00 -4.488031387329101562e+00 -1.711896181106567383e+00 -1.481864452362060547e-01 -6.003431797027587891e+00 4.342350482940673828e+00 -3.819409132003784180e+00 -2.042282521724700928e-01 2.037516236305236816e-01 -3.426877021789550781e+00
2.966718912124633789e+00 -3.075811266899108887e-01 -5.811557292938232422e+00 -2.996366977691650391e+00 -3.505684614181518555e+00 3.393841743469238281e+00 -2.464937210083007812e+00 -4.316597580909729004e-01 -6.512765884399414062e-01 2.183368921279907227e+00 3.130311727523803711e+00 -5.179144144058227539e-01 3.859505355358123779e-01 3.141721248626708984e+00 -4.657016754150390625e+00 -3.499222278594970703e+00 -7.628753185272216797e-01 -1.075401902198791504e+00 -3.315781593322753906e+00 -2.864374160766601562e+00
-8.369311094284057617e-01 2.219001054763793945e+00 -2.088048458099365234e+00 -9.493378400802612305e-01 -1.033585146069526672e-01 1.125452518463134766e+00 1.008074283599853516e+00 1.521771669387817383e+00 9.990743994712829590e-01 -2.019945621490478516e+00 1.311924338340759277e+00 1.903619170188903809e+00 1.839664936065673828e+00 -2.933939933776855469e+00 -2.436251878738403320e+00 -9.069827198982238770e-01 1.078757882118225098e+00 -9.447793960571289062e-01 -3.298644423484802246e-01 -3.056246936321258545e-01
-2.986106395721435547e+00 -3.870898008346557617e+00 -1.664041727781295776e-01 1.005686044692993164e+00 -3.361520528793334961e+00 -1.363900661468505859e+00 -5.652905702590942383e-01 -2.711824893951416016e+00 -2.047252058982849121e-01 -9.190831780433654785e-01 -2.819839954376220703e+00 3.405652761459350586e+00 -3.263033628463745117e+00 -3.816705226898193359e+00 -1.133569836616516113e+00 -1.424563288688659668e+00 -6.802236437797546387e-01 -1.923042535781860352e+00 -8.457247912883758545e-02 -3.674414396286010742e+00
-3.640423417091369629e-01 -3.107539653778076172e+00 -2.999382495880126953e+00 -2.680529654026031494e-01 -4.468717098236083984e+00 1.518572568893432617e+00 -2.923444658517837524e-02 -2.408984422683715820e+00 -1.220799922943115234e+00 2.588346600532531738e-01 -9.590902924537658691e-01 3.483015894889831543e-01 -2.104832790791988373e-02 6.094016432762145996e-01 1.173846602439880371e+00 -1.377011984586715698e-01 -2.053704977035522461e+00 7.099916934967041016e-01 2.796570301055908203e+00 -1.628646492958068848e+00
1.614038705825805664e+00 -1.058706641197204590e+00 -3.542377710342407227e+00 1.294351071119308472e-01 -3.593319892883300781e+00 -1.374791383743286133e+00 3.511169672012329102e+00 4.245705604553222656e+00 4.866047859191894531e+00 2.729880511760711670e-01 4.997137069702148438e+00 5.234111472964286804e-02 -7.859168052673339844e-01 2.990250885486602783e-01 1.344955086708068848e+00 1.161653757095336914e+00 -7.419589161872863770e-01 -1.340821981430053711e+00 4.622899532318115234e+00 -2.038338661193847656e+00
-6.125240325927734375e-01 -1.624741673469543457e+00 -3.377781808376312256e-01 2.663643836975097656e+00 -2.405645132064819336e+00 9.805279374122619629e-01 6.969070434570312500e+00 4.686854779720306396e-01 -1.940973639488220215e+00 6.129721164703369141e+00 -3.142129898071289062e+00 1.116802930831909180e+00 -9.459974765777587891e-01 4.110584855079650879e-01 -4.509057521820068359e+00 1.462993383407592773e+00 -3.860844075679779053e-01 5.403320789337158203e-01 6.356882452964782715e-01 -3.199568986892700195e+00
-1.860777378082275391e+00 2.396938651800155640e-01 3.331050157546997070e+00 2.440462827682495117e+00 -1.331215620040893555e+00 4.303355693817138672e+00 -1.554806828498840332e-01 -4.091867923736572266e+00 3.002149820327758789e+00 5.568499565124511719e+00 2.538768768310546875e+00 -2.326478242874145508e+00 4.374837398529052734e+00 -3.184221267700195312e+00 -1.356661796569824219e+00 -2.639814376831054688e+00 5.663169622421264648e-01 -5.778779506683349609e+00 -2.024897098541259766e+00 -3.997135162353515625e-01
1.453127503395080566e+00 1.295372366905212402e+00 1.927909970283508301e+00 -4.869785785675048828e+00 2.140318632125854492e+00 -2.813495635986328125e+00 1.575776189565658569e-01 -2.044175386428833008e+00 -1.855852842330932617e+00 -1.737118840217590332e+00 -4.468471109867095947e-01 2.278050661087036133e+00 6.772066116333007812e+00 4.962656021118164062e+00 -3.607615470886230469e+00 -4.410599708557128906e+00 -4.299421787261962891e+00 -7.049329578876495361e-02 -5.033829212188720703e+00 -1.086342215538024902e+00
2.573356628417968750e+00 2.115652263164520264e-01 1.015455603599548340e+00 -1.669489741325378418e+00 -3.432923316955566406e+00 3.475886583328247070e+00 -1.971450328826904297e+00 4.068831920623779297e+00 -5.676388740539550781e+00 3.126484155654907227e+00 4.964506626129150391e-01 9.356929063796997070e-01 2.240151405334472656e+00 -4.035835266113281250e+00 4.079756736755371094e-01 1.920851707458496094e+00 5.321608066558837891e+00 -7.851099967956542969e-01 2.401899576187133789e+00 2.617705821990966797e+00
-1.911023855209350586e+00 4.083081781864166260e-01 -2.656882762908935547e+00 -1.628518342971801758e+00 -1.579091668128967285e+00 3.531953811645507812e+00 -2.451674342155456543e-01 -1.311809271574020386e-01 -1.315613508224487305e+00 -2.905863761901855469e+00 -7.751708626747131348e-01 5.498824715614318848e-01 1.573554635047912598e+00 -2.354829549789428711e+00 -3.636341989040374756e-01 -1.875340104103088379e+00 2.522958040237426758e+00 -1.334680438041687012e+00 -1.927089810371398926e+00 1.613911867141723633e+00
-3.316366434097290039e+00 -3.705995321273803711e+00 -1.574999690055847168e+00 -3.124566793441772461e+00 -2.596354484558105469e+00 -7.288511395454406738e-01 -2.297382116317749023e+00 1.123340368270874023e+00 1.190542101860046387e+00 -1.359906792640686035e+00 -1.787742376327514648e+00 4.761303901672363281e+00 -3.927674293518066406e+00 -1.939440608024597168e+00 -2.119966030120849609e+00 -3.958195447921752930e+00 1.718183793127536774e-02 -1.496552824974060059e+00 -8.675503134727478027e-01 -4.264622211456298828e+00
-4.518297016620635986e-01 -2.774689435958862305e+00 4.982807040214538574e-01 -1.462744832038879395e+00 -3.120032787322998047e+00 -6.012870073318481445e-01 3.747207164764404297e+00 -3.482328653335571289e+00 -1.360332608222961426e+00 4.811383485794067383e-01 -5.234683990478515625e+00 2.413433551788330078e+00 -8.755411505699157715e-01 -3.674825906753540039e+00 2.361069917678833008e+00 -3.232336759567260742e+00 1.802038550376892090e+00 8.298235535621643066e-01 -3.969687223434448242e-01 -3.590493679046630859e+00
-2.650284528732299805e+00 -1.791617751121520996e+00 1.313817262649536133e+00 3.388435125350952148e+00 -1.338027000427246094e+00 -6.103008985519409180e-01 -8.629363179206848145e-01 3.875974893569946289e+00 1.594720244407653809e+00 -3.789451122283935547e+00 -2.568535804748535156e-01 -1.146655082702636719e+00 8.776420354843139648e-01 2.943041086196899414e+00 -8.897274136543273926e-01 5.644266009330749512e-01 -4.192945003509521484e+00 -6.706135272979736328e+00 -2.107634395360946655e-01 -7.865402102470397949e-01
-1.305874109268188477e+00 -2.780831813812255859e+00 2.871238589286804199e-01 4.383005201816558838e-01 4.322477579116821289e-01 -1.916738748550415039e+00 3.393916368484497070e+00 -8.200914263725280762e-01 2.536201477050781250e+00 1.394929051399230957e+00 -3.686309099197387695e+00 -7.831808924674987793e-01 -9.549697041511535645e-01 -1.126514300704002380e-01 2.193994045257568359e+00 -2.270054101943969727e+00 4.232892394065856934e-01 -4.971287727355957031e+00 -6.192920207977294922e-01 3.863768339157104492e+00
1.283437967300415039e+00 1.261856220662593842e-02 -2.032240152359008789e+00 -4.801857769489288330e-01 2.916455507278442383e+00 -7.357944846153259277e-01 2.185683965682983398e+00 -9.811934232711791992e-01 -2.313581943511962891e+00 -4.901237189769744873e-01 -2.462150573730468750e+00 -3.833758592605590820e+00 -6.847434520721435547e+00 -1.811951756477355957e+00 3.931988000869750977e+00 9.624032974243164062e-01 -1.700850963592529297e+00 -3.906673431396484375e+00 -1.544761061668395996e+00 4.023750305175781250e+00
-5.164968490600585938e+00 -2.429292917251586914e+00 -4.555798768997192383e-01 -4.108226597309112549e-01 2.189847707748413086e+00 8.713676929473876953e-01 6.472482085227966309e-01 2.327745594084262848e-02 1.177219510078430176e+00 -8.435897827148437500e-01 -2.205826044082641602e+00 -2.509292364120483398e+00 7.169603109359741211e-01 1.608267873525619507e-01 1.430985182523727417e-01 3.632576763629913330e-01 1.112967729568481445e+00 -3.899466097354888916e-01 3.276747763156890869e-01 2.994665145874023438e+00
-4.933351993560791016e+00 -1.708477884531021118e-01 -1.543259501457214355e+00 -1.230140805244445801e+00 1.016366243362426758e+00 2.001324892044067383e+00 -7.344703078269958496e-01 4.303578853607177734e+00 3.711998701095581055e+00 -1.513583898544311523e+00 2.455030441284179688e+00 -1.656549453735351562e+00 2.445980310440063477e-01 3.103063583374023438e+00 8.070145845413208008e-01 1.935721874237060547e+00 6.649047136306762695e-01 2.277141809463500977e-01 2.273607730865478516e+00 2.865541696548461914e+00
-3.086948633193969727e+00 2.865113258361816406e+00 6.094226837158203125e-01 -4.201758801937103271e-01 3.666562318801879883e+00 -8.573299646377563477e-01 3.372075080871582031e+00 6.609402894973754883e-01 2.891560792922973633e+00 -1.364169359207153320e+00 1.386429786682128906e+00 -1.392128169536590576e-01 1.166447997093200684e+00 3.414637446403503418e-01 9.362923502922058105e-01 4.757760167121887207e-01 3.284792602062225342e-01 2.811582684516906738e-01 5.907453060150146484e+00 3.375479221343994141e+00
-4.630389690399169922e+00 -9.624633789062500000e-01 -2.817067146301269531e+00 -3.094787359237670898e+00 4.450961649417877197e-01 2.413724184036254883e+00 9.545499086380004883e-01 -4.419497251510620117e-01 3.592083215713500977e+00 -2.492399662733078003e-01 1.573277711868286133e+00 1.426630020141601562e+00 6.424847245216369629e-01 5.398980528116226196e-02 1.776849389076232910e+00 3.110907793045043945e+00 2.489409744739532471e-01 1.998365879058837891e+00 2.540306091308593750e+00 1.958413600921630859e+00
-2.557568788528442383e+00 -5.123133659362792969e-01 -8.373234272003173828e-01 2.498485326766967773e+00 -3.175982832908630371e-01 -1.736629843711853027e+00 -1.044901013374328613e+00 3.968388080596923828e+00 5.202723145484924316e-01 -3.924830853939056396e-01 9.621921181678771973e-01 -8.303930163383483887e-01 1.059690117835998535e+00 -1.852063059806823730e+00 7.432538270950317383e-01 2.492727756500244141e+00 -1.180757045745849609e+00 1.907199919223785400e-01 -3.603619575500488281e+00 1.796822071075439453e+00
-3.769855260848999023e+00 -6.884790062904357910e-01 1.490974307060241699e+00 3.447883367538452148e+00 1.323915362358093262e+00 -7.803643345832824707e-01 2.053344249725341797e+00 -9.792519807815551758e-01 -4.215251505374908447e-01 2.490722686052322388e-01 -1.782356262207031250e+00 2.780033349990844727e+00 -6.081865429878234863e-01 -3.030536651611328125e+00 4.989885687828063965e-01 -5.898674130439758301e-01 -1.211196705698966980e-01 6.940794587135314941e-01 -1.821363210678100586e+00 -1.583416938781738281e+00
-2.720546483993530273e+00 1.116344481706619263e-01 -9.164721518754959106e-02 5.211104393005371094e+00 2.291615009307861328e+00 7.006949186325073242e-01 -2.839627265930175781e+00 8.344665914773941040e-02 -3.724749803543090820e+00 -5.979189872741699219e-01 -2.845981836318969727e+00 -2.198283374309539795e-02 1.832016348838806152e+00 3.085714817047119141e+00 1.387737870216369629e+00 1.537533998489379883e+00 1.237890124320983887e+00 -1.490494847297668457e+00 -3.003612041473388672e+00 9.533367753028869629e-01
4.161850929260253906e+00 -1.528669953346252441e+00 -7.715280652046203613e-01 4.694811820983886719e+00 3.297925472259521484e+00 -5.443954467773437500e-01 2.062429428100585938e+00 -1.226312637329101562e+00 -7.352072000503540039e-01 3.361923694610595703e+00 -8.405749797821044922e-01 3.233608007431030273e+00 4.415167808532714844e+00 2.497747898101806641e+00 3.361225128173828125e-02 6.102193593978881836e-01 -1.075360417366027832e+00 -2.938720703125000000e+00 1.570121757686138153e-02 -2.518469333648681641e+00
6.330851912498474121e-01 -2.939088821411132812e+00 -1.939581990242004395e+00 -3.415621444582939148e-02 4.634781479835510254e-01 -6.083685755729675293e-01 8.164865523576736450e-02 5.630784034729003906e+00 1.116330027580261230e+00 4.991234302520751953e+00 1.671841144561767578e+00 -3.776054620742797852e+00 -4.873031005263328552e-02 1.732358455657958984e+00 3.595721721649169922e-01 -2.589572191238403320e+00 1.385047197341918945e+00 -1.703363418579101562e+00 2.792071402072906494e-01 -2.072918653488159180e+00
4.064476966857910156e+00 2.512841463088989258e+00 2.328460931777954102e+00 -2.084250748157501221e-01 -5.807631015777587891e+00 1.500160932540893555e+00 2.329712063074111938e-01 8.381177783012390137e-01 -5.326188564300537109e+00 2.661000967025756836e+00 1.475666016340255737e-01 -6.224536299705505371e-01 -1.940214753150939941e+00 -3.714128017425537109e+00 -6.566600799560546875e+00 1.250786185264587402e+00 1.620908737182617188e+00 -1.212880611419677734e+00 3.570834398269653320e+00 1.674643874168395996e+00
3.133342742919921875e+00 1.715015530586242676e+00 2.557301044464111328e+00 6.117671012878417969e+00 1.623583912849426270e+00 1.778519392013549805e+00 -5.717076659202575684e-01 -7.340826988220214844e-01 -2.523736953735351562e+00 -1.780560374259948730e+00 1.504045963287353516e+00 8.959164023399353027e-01 -3.048779487609863281e+00 9.003329277038574219e-01 -2.019825696945190430e+00 -3.588298320770263672e+00 7.761432170867919922e+00 1.060670474544167519e-03 1.194308876991271973e+00 -7.753561735153198242e-01
-9.060882031917572021e-02 1.058073993772268295e-02 -5.887174606323242188e+00 -2.874220311641693115e-01 -5.006442546844482422e+00 -7.302746772766113281e-01 -4.502102851867675781e+00 -2.334205627441406250e+00 5.149516463279724121e-02 -8.137815475463867188e+00 -5.046995162963867188e+00 -5.278248786926269531e-01 2.824692726135253906e+00 -1.810417652130126953e+00 -4.606953144073486328e+00 -1.574924111366271973e+00 5.214822292327880859e+00 -3.175728917121887207e-01 -4.265877246856689453e+00 6.795833706855773926e-01
-1.187140822410583496e+00 1.597018599510192871e+00 -2.322629690170288086e+00 -6.787579059600830078e-01 -1.555531740188598633e+00 2.768131256103515625e+00 7.381793856620788574e-02 2.596756219863891602e+00 4.438534677028656006e-01 -3.408365964889526367e+00 1.541879773139953613e+00 8.626511693000793457e-01 1.321294665336608887e+00 -2.268216609954833984e+00 -1.215217471122741699e+00 -5.729038119316101074e-01 2.014967441558837891e+00 -1.909077405929565430e+00 -2.139673948287963867e+00 7.993979454040527344e-01
-2.481636524200439453e+00 -1.263373970985412598e+00 -3.494211435317993164e-01 -2.473816394805908203e+00 -5.023475289344787598e-01 9.573785066604614258e-01 1.268223762512207031e+00 5.429242849349975586e-01 8.224496245384216309e-01 -1.685592651367187500e+00 -2.332391262054443359e+00 3.270233631134033203e+00 -2.045362472534179688e+00 -3.302132368087768555e+00 -2.135851860046386719e+00 -5.242967605590820312e+00 1.787315368652343750e+00 -5.085461735725402832e-01 2.861948609352111816e-01 -3.732350349426269531e+00
3.975207567214965820e+00 1.341399431228637695e+00 -2.706246614456176758e+00 -3.191012620925903320e+00 3.389846563339233398e+00 -1.636383980512619019e-01 8.233768939971923828e-01 3.639988601207733154e-02 1.522922277450561523e+00 -1.344103574752807617e+00 -2.105980157852172852e+00 1.175694823265075684e+00 -7.050086855888366699e-01 -3.029746189713478088e-02 9.853484630584716797e-01 2.788538217544555664e+00 1.788771390914916992e+00 -1.823917031288146973e+00 -1.396410942077636719e+00 -9.843464493751525879e-01
4.052154541015625000e+00 2.512675523757934570e+00 -5.621662139892578125e+00 -1.043593764305114746e+00 -1.547465205192565918e+00 -1.650385141372680664e+00 1.320302248001098633e+00 6.379764556884765625e+00 3.946864366531372070e+00 1.117588728666305542e-01 5.850452780723571777e-01 7.129027843475341797e-01 -1.672250509262084961e+00 1.096210360527038574e+00 1.585928797721862793e+00 1.563417673110961914e+00 -1.750383019447326660e+00 8.370432257652282715e-01 5.784636735916137695e-01 2.256314754486083984e+00
-5.067069530487060547e+00 4.783001169562339783e-02 -1.570026278495788574e+00 -1.002941012382507324e+00 -1.294327259063720703e+00 2.853126525878906250e+00 4.564629077911376953e+00 1.123241186141967773e+00 -4.419866204261779785e-01 -3.331153392791748047e-01 -2.269821405410766602e+00 -1.709994316101074219e+00 -6.957136988639831543e-01 4.585658311843872070e-01 -2.055529117584228516e+00 1.471757769584655762e+00 -8.129125833511352539e-01 1.682183980941772461e+00 2.148828029632568359e+00 -2.233782052993774414e+00
5.538562774658203125e+00 -4.958049297332763672e+00 3.107489585876464844e+00 -3.490928649902343750e+00 4.946952342987060547e+00 7.643050551414489746e-01 6.766511201858520508e-01 -2.045384407043457031e+00 1.127653837203979492e+00 -7.799013257026672363e-01 1.340363621711730957e+00 -1.279331922531127930e+00 -5.501516819000244141e+00 -4.774176597595214844e+00 -7.174739837646484375e-01 2.160603761672973633e+00 -7.545241117477416992e-01 -4.977886006236076355e-02 -3.528205871582031250e+00 1.367331027984619141e+00
-5.478609085083007812e+00 2.763701200485229492e+00 7.532038092613220215e-01 1.279707551002502441e+00 1.886534333229064941e+00 3.051474809646606445e+00 2.984758138656616211e+00 1.895654439926147461e+00 2.857535839080810547e+00 -1.042999327182769775e-01 -4.080604553222656250e+00 -6.736405849456787109e+00 2.264073133468627930e+00 3.411736786365509033e-01 -2.937310934066772461e+00 1.733523011207580566e+00 -1.464418530464172363e+00 -8.634870648384094238e-01 -6.600849032402038574e-01 -1.817298531532287598e+00
1.185338139533996582e+00 -2.383345603942871094e+00 9.209220409393310547e-01 -9.672653675079345703e-01 1.874920368194580078e+00 1.763077974319458008e+00 -5.064463615417480469e+00 3.608172535896301270e-01 -6.295458674430847168e-01 8.747246861457824707e-01 1.631513088941574097e-01 -3.297188997268676758e+00 9.537047147750854492e-01 -5.861056447029113770e-01 -1.501767039299011230e+00 6.085731983184814453e+00 -5.413914918899536133e-01 2.689455986022949219e+00 -7.152015566825866699e-01 4.207374095916748047e+00
-4.560140132904052734e+00 -2.119351625442504883e+00 -3.250007629394531250e-01 -3.627441823482513428e-01 -2.274078130722045898e+00 1.935818314552307129e+00 -7.857710719108581543e-01 -1.847808361053466797e+00 4.155793786048889160e-01 1.977622628211975098e+00 -1.383629083633422852e+00 1.442886352539062500e+00 -1.104588866233825684e+00 2.498407125473022461e+00 2.753293037414550781e+00 7.114954590797424316e-01 3.925839811563491821e-02 -1.344521403312683105e+00 5.066580295562744141e+00 2.572607755661010742e+00
1.177528858184814453e+00 -1.212635710835456848e-01 1.695562005043029785e+00 3.373891115188598633e+00 -2.848548889160156250e+00 2.405337333679199219e+00 1.804948568344116211e+00 7.298627495765686035e-01 -1.355675578117370605e+00 -9.802120923995971680e-01 4.511665552854537964e-02 -8.259711861610412598e-01 -3.914571046829223633e+00 -1.357145786285400391e+00 8.209808468818664551e-01 2.902853965759277344e+00 -2.777203798294067383e+00 1.582074165344238281e-02 2.272474050521850586e+00 -9.101939797401428223e-01
8.989206515252590179e-03 3.785444200038909912e-01 -1.622718572616577148e+00 2.333206385374069214e-01 1.767866969108581543e+00 -6.038705110549926758e-01 -1.713381409645080566e-01 4.755306839942932129e-01 -1.206573367118835449e+00 -2.676205337047576904e-01 2.752459049224853516e+00 -1.791170686483383179e-01 2.517864942550659180e+00 -3.014400005340576172e+00 -1.936269044876098633e+00 2.471782922744750977e+00 1.810988903045654297e+00 -1.280027270317077637e+00 9.399101883172988892e-02 -2.603583335876464844e+00
-2.721184968948364258e+00 1.912363529205322266e+00 4.179166853427886963e-01 4.354791641235351562e+00 3.501438379287719727e+00 6.530107259750366211e-01 1.002257806248962879e-03 1.410093188285827637e+00 1.957990229129791260e-01 1.165505170822143555e+00 -2.536661922931671143e-01 2.316289424896240234e+00 2.080543994903564453e+00 2.719346284866333008e-01 1.241224050521850586e+00 2.855999171733856201e-01 1.380303502082824707e+00 -8.866347670555114746e-01 -1.874565839767456055e+00 1.609697461128234863e+00
-2.629520654678344727e+00 4.212581634521484375e+00 -2.420495510101318359e+00 5.224148273468017578e+00 2.403373241424560547e+00 -3.234179973602294922e+00 -2.418050289154052734e+00 -2.328394651412963867e-01 -2.744798064231872559e-01 5.376021862030029297e-01 -2.645263671875000000e+00 2.450325489044189453e+00 2.476480722427368164e+00 6.317603588104248047e-01 -8.631228804588317871e-01 1.370477676391601562e+00 -2.799493074417114258e+00 -1.923207640647888184e+00 1.605015277862548828e+00 3.060145139694213867e+00
1.813830733299255371e+00 -3.121007204055786133e+00 -6.920104980468750000e+00 1.783867239952087402e+00 -2.554510116577148438e+00 -5.715330123901367188e+00 -3.253125667572021484e+00 -1.333285212516784668e+00 -2.077987194061279297e+00 1.079643607139587402e+00 -3.778872251510620117e+00 -2.357382059097290039e+00 1.348273754119873047e-01 -2.316144704818725586e+00 -6.106809973716735840e-01 -5.049715563654899597e-02 -3.036546230316162109e+00 -4.368638992309570312e+00 -8.928457647562026978e-02 -4.629990458488464355e-01
3.388664484024047852e+00 9.756177067756652832e-01 -1.918827772140502930e+00 1.956698775291442871e+00 1.272489070892333984e+00 -1.404299974441528320e+00 1.565559148788452148e+00 3.853767871856689453e+00 -4.087736129760742188e+00 1.326058626174926758e+00 1.584189534187316895e+00 -4.885521411895751953e+00 6.492274403572082520e-01 2.712552070617675781e+00 1.463088393211364746e+00 -1.956130504608154297e+00 8.964293599128723145e-01 -1.783964753150939941e+00 3.609836339950561523e+00 -2.849601507186889648e+00
-2.361125230789184570e+00 -3.030479907989501953e+00 -1.215827226638793945e+00 -1.124771758913993835e-01 5.537879467010498047e+00 5.590432167053222656e+00 1.028553295135498047e+01 1.006329774856567383e+00 -3.785668134689331055e+00 -3.753484010696411133e+00 5.806723117828369141e+00 -1.805463671684265137e+00 -3.463529109954833984e+00 -2.014580488204956055e+00 -3.555950164794921875e+00 -2.955173254013061523e+00 -6.763975143432617188e+00 -6.703831672668457031e+00 1.444983601570129395e+00 1.059399768710136414e-01
1.302603125572204590e+00 2.458585262298583984e+00 -4.139754295349121094e+00 -7.239979743957519531e+00 1.641613006591796875e+00 2.733663082122802734e+00 -6.347118616104125977e-01 3.732049465179443359e-01 4.686052322387695312e+00 5.177649974822998047e+00 5.107402801513671875e+00 7.898031473159790039e-01 -3.242711782455444336e+00 -2.623915195465087891e+00 1.319457411766052246e+00 -2.088128805160522461e+00 6.756254434585571289e-01 -1.222561001777648926e+00 5.494435429573059082e-01 -2.748092710971832275e-01
8.025780916213989258e-01 4.680219173431396484e+00 -4.961356639862060547e+00 -3.293443679809570312e+00 -3.885587692260742188e+00 4.785615921020507812e+00 1.819401621818542480e+00 5.238654136657714844e+00 1.492433667182922363e+00 -7.832512855529785156e+00 5.112375259399414062e+00 5.501775264739990234e+00 4.320968627929687500e+00 -1.244831085205078125e+00 -2.124884366989135742e+00 2.334363013505935669e-02 3.102698564529418945e+00 4.581787109375000000e+00 -3.691913604736328125e+00 -2.757786512374877930e+00
-2.593064785003662109e+00 -5.646241307258605957e-01 -2.525075197219848633e+00 -2.079185485839843750e+00 -5.154949188232421875e+00 6.258347511291503906e+00 -3.265219211578369141e+00 1.819890856742858887e+00 -6.462596058845520020e-01 -1.836001873016357422e+00 5.770379900932312012e-01 2.616467237472534180e+00 -1.133728384971618652e+00 1.439958512783050537e-01 2.017233848571777344e+00 -3.064190149307250977e-01 2.303940802812576294e-01 -3.150814294815063477e+00 -4.344070434570312500e+00 2.164864540100097656e+00
-1.510333538055419922e+00 1.948579668998718262e+00 -3.101314783096313477e+00 -7.110751867294311523e-01 -2.175227165222167969e+00 1.009078025817871094e+00 -5.358102917671203613e-01 4.516392230987548828e+00 3.333261251449584961e+00 -2.455171108245849609e+00 -6.442074775695800781e-01 3.474220514297485352e+00 -2.056805342435836792e-01 -2.860037565231323242e+00 -2.836712598800659180e+00 -3.600142955780029297e+00 5.203360319137573242e-01 -2.528201103210449219e+00 8.809226155281066895e-01 1.046145200729370117e+00
4.504327297210693359e+00 7.216402292251586914e-01 3.337417542934417725e-01 -1.753275513648986816e+00 4.481317996978759766e+00 2.516248941421508789e+00 1.607983589172363281e+00 -6.733874082565307617e-01 -5.170127749443054199e-01 -2.905428409576416016e+00 -3.599484443664550781e+00 1.982731938362121582e+00 -4.856083393096923828e+00 7.194932103157043457e-01 2.427074432373046875e+00 -1.941611170768737793e-01 8.549277782440185547e-01 -3.149802684783935547e+00 -1.468954086303710938e+00 -2.339986264705657959e-01
2.898007035255432129e-01 4.428612291812896729e-01 -6.108496189117431641e-01 -1.000720381736755371e+00 -3.290201902389526367e+00 6.766686439514160156e-01 1.306681752204895020e+00 5.316922068595886230e-01 -2.959489524364471436e-01 -3.945682644844055176e-01 -3.531451463699340820e+00 1.240972399711608887e+00 2.566156625747680664e+00 -1.212441921234130859e+00 1.668857097625732422e+00 5.245193243026733398e-01 6.795848608016967773e-01 8.494385480880737305e-01 -1.509806394577026367e+00 -2.042086124420166016e+00
-5.747144222259521484e-01 1.873418569564819336e+00 9.782003760337829590e-01 4.499706625938415527e-02 -2.861927509307861328e+00 1.572883129119873047e+00 2.427240848541259766e+00 1.189087629318237305e+00 -4.714278876781463623e-02 -8.245517611503601074e-01 -2.861066341400146484e+00 1.606431722640991211e+00 1.956827640533447266e+00 -1.975556910037994385e-01 1.448851585388183594e+00 -4.711078479886054993e-02 3.518500924110412598e-01 1.382836937904357910e+00 1.054291054606437683e-01 -1.397468447685241699e+00
-9.793897867202758789e-01 5.631268024444580078e-01 -3.016678094863891602e+00 -7.358681559562683105e-01 -2.386681079864501953e+00 -1.187694787979125977e+00 -6.493973731994628906e-02 2.746454179286956787e-01 2.435823202133178711e+00 1.082823872566223145e+00 -4.155053615570068359e+00 3.091898441314697266e+00 1.852876067161560059e+00 -1.833744287490844727e+00 1.610601186752319336e+00 -2.381436675786972046e-01 -1.267120599746704102e+00 6.450773798860609531e-05 -1.941950321197509766e+00 8.923541903495788574e-01
-1.735362172126770020e+00 -1.621803402900695801e+00 -6.244020462036132812e+00 -3.943801641464233398e+00 2.217832088470458984e+00 -2.720518112182617188e+00 -4.555126428604125977e-01 2.043014392256736755e-02 1.413312792778015137e+00 3.021518230438232422e+00 4.100666940212249756e-01 -2.843272387981414795e-01 6.790224552154541016e+00 -3.844131901860237122e-02 -3.342022657394409180e+00 -1.248529434204101562e+00 -6.189387798309326172e+00 -8.935145139694213867e-01 -6.435614824295043945e-01 -1.491522073745727539e+00
-7.094826698303222656e-01 1.368240356445312500e+00 5.248115658760070801e-01 -3.526199758052825928e-01 -3.398762226104736328e+00 2.129729747772216797e+00 1.617558240890502930e+00 1.544403195381164551e+00 -3.495070338249206543e-01 -1.005111694335937500e+00 -2.456933021545410156e+00 1.365907907485961914e+00 1.306853652000427246e+00 1.453759819269180298e-01 2.008544206619262695e+00 4.182740747928619385e-01 3.708661794662475586e-01 1.026769876480102539e+00 -7.942274212837219238e-01 -1.057291030883789062e+00
-8.597638010978698730e-01 1.677265644073486328e+00 -6.066641211509704590e-01 -2.027095079421997070e+00 3.476192057132720947e-01 -2.426813602447509766e+00 8.711353540420532227e-01 5.868271827697753906e+00 -6.285712718963623047e-01 -2.226893901824951172e+00 1.449293851852416992e+00 -6.983567494899034500e-03 1.673552155494689941e+00 -3.664146661758422852e-01 6.840346455574035645e-01 5.426537990570068359e-01 1.856097579002380371e+00 -7.829627394676208496e-01 -1.199155449867248535e+00 -1.740808129310607910e+00
-8.478472828865051270e-01 7.510105967521667480e-01 7.217174172401428223e-01 -4.961365461349487305e-01 -4.491459369659423828e+00 2.297474861145019531e+00 1.064149022102355957e+00 4.960435032844543457e-01 -1.070742487907409668e+00 -9.643785357475280762e-01 -3.124180793762207031e+00 1.758274316787719727e+00 1.128723025321960449e+00 5.608295202255249023e-01 2.684924840927124023e+00 -7.036806344985961914e-01 -5.618680734187364578e-03 6.182029843330383301e-01 5.435273423790931702e-02 -8.853082060813903809e-01
-4.887992739677429199e-01 1.836526513099670410e+00 1.699614763259887695e+00 9.486739039421081543e-01 -2.909416675567626953e+00 1.639133334159851074e+00 3.189099550247192383e+00 1.951580345630645752e-01 2.360838949680328369e-01 -1.311288118362426758e+00 -3.443825721740722656e+00 2.118869066238403320e+00 2.148416996002197266e+00 -5.557088255882263184e-01 1.744088053703308105e+00 -4.622364938259124756e-01 -7.040478289127349854e-03 1.197185993194580078e+00 9.818862378597259521e-02 -9.789868593215942383e-01
-2.521527111530303955e-01 7.231344580650329590e-01 4.554413259029388428e-02 -1.893568933010101318e-01 -2.879558324813842773e+00 1.959332466125488281e+00 2.108797311782836914e+00 1.415835618972778320e+00 3.106516301631927490e-01 -9.433614611625671387e-01 -2.273503780364990234e+00 1.101965665817260742e+00 2.719437599182128906e+00 -1.611641347408294678e-01 1.481856346130371094e+00 1.059230685234069824e+00 6.993640661239624023e-01 1.668969511985778809e+00 -1.122848272323608398e+00 -1.526417851448059082e+00
1.108758747577667236e-01 -3.900351002812385559e-02 -1.302944064140319824e+00 4.721995070576667786e-02 -1.141746520996093750e+00 -1.022491455078125000e+00 2.941623687744140625e+00 -5.457189679145812988e-01 3.017591714859008789e+00 2.065484225749969482e-01 -3.518118619918823242e+00 3.116880178451538086e+00 2.983673572540283203e+00 -2.997300624847412109e+00 -5.446463227272033691e-01 1.130991458892822266e+00 1.742200553417205811e-01 8.867685794830322266e-01 -1.130822777748107910e+00 -2.249515771865844727e+00
-8.313506841659545898e-01 1.296810209751129150e-01 -3.757241010665893555e+00 -2.541224241256713867e+00 -1.470552921295166016e+00 -1.972790837287902832e+00 6.664475798606872559e-01 -1.338473707437515259e-01 1.585772871971130371e+00 2.082857608795166016e+00 -3.546356678009033203e+00 2.262923479080200195e+00 2.649533510208129883e+00 -3.074026584625244141e+00 -3.503223359584808350e-01 1.577049255371093750e+00 6.929535865783691406e-01 2.060503244400024414e+00 -1.973981976509094238e+00 -2.602073192596435547e+00
-3.591279983520507812e-01 1.346742272377014160e+00 2.162559926509857178e-01 5.550317764282226562e-01 -2.867566585540771484e+00 4.956950843334197998e-01 1.497213244438171387e+00 2.011877059936523438e+00 6.635625362396240234e-01 -1.234329462051391602e+00 -2.352475643157958984e+00 1.442250370979309082e+00 2.974630594253540039e+00 2.518096379935741425e-02 7.965384125709533691e-01 1.257333993911743164e+00 -2.271701991558074951e-01 5.298327207565307617e-01 -6.303625106811523438e-01 -6.705641746520996094e-01
-7.788371443748474121e-01 3.470592021942138672e+00 -4.377686977386474609e-01 3.514565825462341309e-01 -3.797045946121215820e-01 -2.054283380508422852e+00 3.236482143402099609e+00 1.436437726020812988e+00 2.200627326965332031e+00 -8.212781697511672974e-02 -2.154216527938842773e+00 3.470115423202514648e+00 2.596960067749023438e+00 -3.466538429260253906e+00 -8.779842853546142578e-01 7.931285500526428223e-01 -1.831210255622863770e+00 5.876221060752868652e-01 -2.314223535358905792e-02 -2.013303995132446289e+00
-4.762084484100341797e-01 1.494926452636718750e+00 -1.890528351068496704e-01 -6.454586982727050781e-01 -2.668643951416015625e+00 1.785090684890747070e+00 1.843732714653015137e+00 2.046757936477661133e+00 1.163399100303649902e+00 -1.904921084642410278e-01 -1.299664497375488281e+00 1.729850888252258301e+00 2.415148735046386719e+00 2.842669785022735596e-01 1.238198757171630859e+00 1.057995080947875977e+00 -1.901026368141174316e-01 1.219437956809997559e+00 -4.412826299667358398e-01 -1.577679991722106934e+00
-3.637763261795043945e+00 -3.819852113723754883e+00 1.237865447998046875e+00 -2.312914848327636719e+00 -2.305694580078125000e+00 -2.656336784362792969e+00 -2.589433431625366211e+00 4.556917667388916016e+00 7.741686105728149414e-01 1.598108291625976562e+00 -6.518883705139160156e-01 -2.696827888488769531e+00 9.511726498603820801e-01 -5.221668720245361328e+00 -4.095680236816406250e+00 -6.239089369773864746e-01 6.041830778121948242e-01 4.597629547119140625e+00 -3.685426712036132812e+00 -6.133439540863037109e+00
1.088714957237243652e+00 -3.299395799636840820e+00 -3.153753519058227539e+00 5.357561707496643066e-01 -4.125885486602783203e+00 -2.190933704376220703e+00 -4.281438887119293213e-01 4.954289913177490234e+00 -2.076519012451171875e+00 -2.738522291183471680e-01 1.021434664726257324e+00 -2.806065559387207031e+00 1.134658455848693848e-01 4.375378608703613281e+00 1.718429028987884521e-01 3.787378072738647461e+00 -1.248797535896301270e+00 -5.544936180114746094e+00 -1.451273441314697266e+00 -4.220663905143737793e-01
-5.742990016937255859e+00 5.109235763549804688e+00 -5.406471490859985352e-01 -3.059359312057495117e+00 3.939459621906280518e-01 4.290211200714111328e+00 5.145996570587158203e+00 1.625871419906616211e+00 2.174527406692504883e+00 1.297856569290161133e-01 -3.031546115875244141e+00 -3.907881498336791992e+00 -2.672044277191162109e+00 2.855741679668426514e-01 -1.581984162330627441e+00 4.839340209960937500e+00 1.268610656261444092e-01 -2.119081974029541016e+00 3.560508489608764648e+00 -1.462882041931152344e+00
-8.960919380187988281e+00 1.062545403838157654e-01 2.287653446197509766e+00 7.434659004211425781e-01 -2.677478075027465820e+00 3.548232316970825195e+00 3.458035707473754883e+00 -4.895235598087310791e-01 4.931758403778076172e+00 4.030331611633300781e+00 -4.814879894256591797e+00 6.377902030944824219e-01 -3.718796491622924805e+00 -5.660742521286010742e-01 -5.168321728706359863e-02 1.279521703720092773e+00 6.591737270355224609e-01 -7.483181357383728027e-01 2.762973308563232422e+00 3.488062858581542969e+00
1.010091066360473633e+00 -5.472504615783691406e+00 -1.862416982650756836e+00 -3.430110812187194824e-01 -7.571147084236145020e-01 4.964651763439178467e-01 -5.913698077201843262e-01 9.121377468109130859e-01 -2.078150510787963867e+00 -2.601455688476562500e+00 -7.023127079010009766e-01 2.619700670242309570e+00 2.000237941741943359e+00 8.285403251647949219e+00 -4.134618282318115234e+00 9.665718674659729004e-01 3.981054306030273438e+00 4.383740127086639404e-01 4.010127067565917969e+00 -5.387469291687011719e+00
-5.913877487182617188e+00 7.251180410385131836e-01 -8.310927748680114746e-01 7.585466504096984863e-01 1.402861595153808594e+00 1.015564560890197754e+00 1.057887196540832520e+00 -1.546740055084228516e+00 3.243773221969604492e+00 3.365386486053466797e+00 -2.189741611480712891e+00 3.438647508621215820e+00 -1.447677254676818848e+00 1.991228818893432617e+00 1.772274732589721680e+00 1.193854212760925293e+00 -5.274760127067565918e-01 -1.371198654174804688e+00 5.824013233184814453e+00 3.616124868392944336e+00
-2.026330947875976562e+00 -2.403264760971069336e+00 6.723570823669433594e-01 -1.344214677810668945e+00 7.000555992126464844e-01 4.755010455846786499e-02 -2.666750907897949219e+00 -8.421970605850219727e-01 -4.264371871948242188e+00 7.158815860748291016e-01 3.124508619308471680e+00 -4.638117551803588867e-01 3.145304203033447266e+00 3.907172203063964844e+00 -3.251421928405761719e+00 1.499191761016845703e+00 1.514418005943298340e+00 -3.856500625610351562e+00 7.877398014068603516e+00 -3.095002412796020508e+00
-1.068376421928405762e+00 1.470057487487792969e+00 6.738865375518798828e-01 3.779910802841186523e+00 8.215526938438415527e-01 -2.649306297302246094e+00 9.015799164772033691e-01 4.947135746479034424e-01 -2.626583337783813477e+00 -6.952835321426391602e-01 1.317509770393371582e+00 6.932049989700317383e-01 3.116245985031127930e+00 -3.667783498764038086e+00 1.744181275367736816e+00 -3.377811014652252197e-01 -7.812128961086273193e-02 3.549447357654571533e-01 -4.777840077877044678e-01 2.184713482856750488e-01
-4.472847938537597656e+00 1.743508458137512207e+00 1.323110818862915039e+00 7.373072504997253418e-01 -9.329990744590759277e-01 5.738258361816406250e+00 1.235628604888916016e+00 1.282201051712036133e+00 -2.785202980041503906e+00 -3.668096542358398438e+00 6.993817687034606934e-01 1.578055381774902344e+00 1.888755857944488525e-01 8.685575723648071289e-01 2.948651075363159180e+00 -2.824932098388671875e+00 -7.767806053161621094e-01 -1.724451780319213867e+00 -1.850819349288940430e+00 1.690578818321228027e+00
-2.749989509582519531e+00 -1.899732947349548340e+00 -3.649739027023315430e+00 -2.098190784454345703e+00 -8.901358246803283691e-01 2.966577291488647461e+00 -3.045172691345214844e+00 -1.251094222068786621e+00 -3.620238065719604492e+00 2.536721467971801758e+00 -1.061180606484413147e-01 -4.999812245368957520e-01 1.122507378458976746e-01 -3.127999901771545410e-01 9.092661738395690918e-01 3.375885784626007080e-01 -7.864999771118164062e-01 1.731078982353210449e+00 -2.661754608154296875e+00 -8.580229878425598145e-01
9.366402029991149902e-01 -2.741580486297607422e+00 -2.947454452514648438e+00 -5.489383339881896973e-01 -1.343625664710998535e+00 1.484249472618103027e+00 1.272210121154785156e+00 -2.670622825622558594e+00 -3.313631534576416016e+00 4.760484397411346436e-01 6.212177276611328125e-01 -2.390122652053833008e+00 7.561256885528564453e-01 -1.439954638481140137e+00 -2.036201655864715576e-01 -2.584735631942749023e+00 -3.403738975524902344e+00 -3.067270517349243164e-01 3.018165349960327148e+00 -1.601312637329101562e+00
6.912766695022583008e-01 2.011216133832931519e-01 7.594371438026428223e-01 2.985460460186004639e-01 -1.314351558685302734e+00 -4.096420764923095703e+00 3.194822311401367188e+00 -2.226117551326751709e-01 -5.282222747802734375e+00 4.097805500030517578e+00 8.746340870857238770e-01 -1.069734334945678711e+00 -1.164785146713256836e+00 -1.971798658370971680e+00 1.594373106956481934e+00 -8.528055548667907715e-01 8.399331569671630859e-01 -4.617594718933105469e+00 4.439743041992187500e+00 -4.853003919124603271e-01
-2.221458911895751953e+00 5.072100162506103516e-01 7.209449410438537598e-01 1.133781433105468750e+00 2.160724163055419922e+00 3.784081697463989258e+00 -5.356796383857727051e-01 -7.090374827384948730e-01 -4.628402709960937500e+00 -3.071813821792602539e+00 3.187437295913696289e+00 1.274721622467041016e+00 -1.224401950836181641e+00 2.690535068511962891e+00 4.171463012695312500e+00 3.456527948379516602e+00 -4.643570899963378906e+00 7.458431720733642578e-01 2.446866989135742188e+00 -6.489053249359130859e+00
3.582852840423583984e+00 5.902013778686523438e+00 2.674828529357910156e+00 -1.683907985687255859e+00 2.905230045318603516e+00 3.380066394805908203e+00 -7.626372575759887695e-02 3.710507392883300781e+00 -1.118561744689941406e+00 6.358928680419921875e-01 1.968234300613403320e+00 4.513028562068939209e-01 3.096495151519775391e+00 -1.888065338134765625e+00 1.780669212341308594e+00 4.803447723388671875e+00 -4.506166458129882812e+00 1.089804768562316895e+00 -3.042617082595825195e+00 2.722853183746337891e+00
2.148370027542114258e+00 4.256196618080139160e-01 3.573955535888671875e+00 -3.865917921066284180e-01 2.374991178512573242e+00 -2.532694339752197266e+00 -4.956052303314208984e+00 9.393771886825561523e-01 -9.776009246706962585e-03 9.853286147117614746e-01 8.940181732177734375e-01 -3.245304822921752930e+00 1.154752492904663086e+00 1.812672972679138184e+00 2.348899841308593750e+00 -1.906630396842956543e+00 5.793319225311279297e+00 -2.387276172637939453e+00 -1.426496505737304688e+00 6.238552927970886230e-01
2.102366924285888672e+00 8.080360293388366699e-01 -2.693093717098236084e-01 -3.730725765228271484e+00 1.666129231452941895e+00 7.417672872543334961e-01 7.563328742980957031e-01 5.629746437072753906e+00 2.414051890373229980e-01 2.018229007720947266e+00 5.658809542655944824e-01 -1.410539150238037109e+00 -5.333518505096435547e+00 -3.147634983062744141e+00 -1.907849192619323730e+00 1.361409783363342285e+00 2.158860206604003906e+00 1.584569513797760010e-01 -5.127990245819091797e+00 1.743083596229553223e-01
-1.984774947166442871e+00 -4.406096935272216797e+00 -3.113906621932983398e+00 6.527082920074462891e-01 -5.907135963439941406e+00 -4.266800403594970703e+00 1.057972550392150879e+00 -1.610028743743896484e+00 6.729194164276123047e+00 7.509365677833557129e-01 1.126005768775939941e+00 -2.086388349533081055e+00 4.001093864440917969e+00 -3.240285396575927734e+00 4.839552402496337891e+00 -3.341788768768310547e+00 4.269608020782470703e+00 -1.877363443374633789e+00 3.311582565307617188e+00 -5.820703506469726562e-01
3.899381160736083984e+00 1.853199243545532227e+00 -3.234585523605346680e+00 -2.549251556396484375e+00 -1.227770209312438965e+00 2.935511112213134766e+00 4.277167320251464844e+00 -2.279551744461059570e+00 -3.192815542221069336e+00 -2.126639604568481445e+00 -2.538714647293090820e+00 -3.310295939445495605e-01 1.884074449539184570e+00 9.575381875038146973e-01 -3.511514186859130859e+00 -1.192457899451255798e-01 1.513122677803039551e+00 -5.609115123748779297e+00 -3.188167512416839600e-01 2.672752141952514648e+00
1.406978368759155273e+00 2.847602844238281250e+00 -1.910814762115478516e+00 -4.093129634857177734e+00 -1.165314912796020508e-01 9.499520659446716309e-01 -4.071650505065917969e-01 -7.376740574836730957e-01 -3.006575703620910645e-01 -1.932435750961303711e+00 -4.317500114440917969e+00 -7.656633853912353516e-01 -1.034991741180419922e+00 -2.978287458419799805e+00 2.029105186462402344e+00 -4.881294965744018555e-01 -1.798311710357666016e+00 1.268739223480224609e+00 -8.684701323509216309e-01 1.001192212104797363e+00
3.527405261993408203e+00 1.647024869918823242e+00 -1.060168862342834473e+00 7.383910655975341797e+00 1.616438031196594238e+00 -4.424590170383453369e-01 3.413943350315093994e-01 -3.974199056625366211e+00 2.672048211097717285e-01 1.896048545837402344e+00 -7.942365407943725586e-01 2.434451341629028320e+00 1.505346596240997314e-01 -3.795779466629028320e+00 8.656867742538452148e-01 2.518248796463012695e+00 -3.947195529937744141e+00 -2.843397378921508789e+00 -8.893639564514160156e+00 -2.559681653976440430e+00
-2.724667787551879883e+00 -1.928276717662811279e-01 -9.769120812416076660e-01 -1.206508398056030273e+00 -2.077995777130126953e+00 8.952274322509765625e-01 2.192120790481567383e+00 3.321286916732788086e+00 2.704989433288574219e+00 8.235338330268859863e-02 -4.593164443969726562e+00 -2.307110071182250977e+00 2.180862188339233398e+00 -2.591254413127899170e-01 -1.138989813625812531e-02 4.800445139408111572e-01 -1.943245381116867065e-01 -2.297338962554931641e+00 -1.266685843467712402e+00 1.111087322235107422e+00
-7.709178328514099121e-01 -1.380003213882446289e+00 -1.446585059165954590e+00 -2.026462316513061523e+00 1.710926741361618042e-02 2.410059213638305664e+00 3.204898118972778320e+00 1.499731779098510742e+00 7.771574974060058594e+00 7.038375139236450195e-01 -2.764358043670654297e+00 3.886341333389282227e+00 3.719740867614746094e+00 -6.086157560348510742e-01 1.242641568183898926e+00 -1.350321620702743530e-02 -4.704055786132812500e-01 -1.051401734352111816e+00 -1.683541893959045410e+00 2.244052410125732422e+00
1.165399312973022461e+00 -2.160624265670776367e+00 -2.546105384826660156e+00 -1.906018376350402832e+00 -2.771958589553833008e+00 -3.563414335250854492e+00 2.075029611587524414e+00 -1.114421635866165161e-01 -7.720278948545455933e-02 2.451025962829589844e+00 -1.641151428222656250e+00 3.889641284942626953e+00 -2.955970540642738342e-02 -2.474425315856933594e+00 4.906332790851593018e-01 -3.412352800369262695e-01 1.395696163177490234e+00 1.339558005332946777e+00 -6.641303300857543945e-01 -3.997021198272705078e+00
