2.099650859832763672e+00 2.409423112869262695e+00 8.697163313627243042e-02 1.180006623268127441e+00 -2.040593147277832031e+00 -2.926047325134277344e+00 2.109293699264526367e+00 2.195652723312377930e+00 -4.167966842651367188e+00 -1.439727783203125000e+00 7.488362789154052734e+00 4.284857809543609619e-01 2.488404750823974609e+00 -3.649508953094482422e+00 -1.963579773902893066e+00 -1.368756175041198730e+00 -8.571218490600585938e+00 -3.255178928375244141e+00 -3.483083963394165039e+00 1.084721565246582031e+00
5.698301315307617188e+00 1.079771518707275391e+00 -2.058958292007446289e+00 2.476420402526855469e+00 1.363443970680236816e+00 7.306813716888427734e+00 -3.432671308517456055e+00 1.786163210868835449e+00 -4.308852672576904297e+00 3.087151050567626953e+00 -3.496914625167846680e+00 -4.221605658531188965e-01 2.382100105285644531e+00 -1.387534141540527344e+00 8.997098207473754883e-01 -1.090645432472229004e+00 4.629346370697021484e+00 4.507205486297607422e+00 4.831088542938232422e+00 -5.129051685333251953e+00
-4.859547615051269531e-01 -2.290314882993698120e-01 1.262513399124145508e-01 -2.191367149353027344e+00 -2.152952402830123901e-01 -2.442592144012451172e+00 -8.480359911918640137e-01 -6.455312967300415039e-01 3.207289695739746094e+00 -8.386777043342590332e-01 -1.519857525825500488e+00 -2.628871917724609375e+00 -1.406352519989013672e+00 -1.541835904121398926e+00 -3.784608364105224609e+00 3.158567190170288086e+00 7.017638087272644043e-01 -1.586629748344421387e+00 1.404637217521667480e+00 1.837974905967712402e+00
2.077188968658447266e+00 -9.777007699012756348e-01 5.960232019424438477e-01 1.009335517883300781e+00 4.214547276496887207e-01 -1.094417691230773926e+00 -2.875334739685058594e+00 -4.355088770389556885e-01 -1.484033823013305664e+00 1.178716063499450684e+00 -4.357942104339599609e+00 4.428014159202575684e-01 2.328286170959472656e+00 3.132314682006835938e-01 9.430450797080993652e-01 -8.915091753005981445e-01 -6.595434665679931641e+00 1.448890447616577148e+00 3.387955427169799805e+00 2.092902660369873047e+00
-5.710440278053283691e-01 1.617381334304809570e+00 -1.969984769821166992e+00 -3.010066747665405273e+00 3.699582576751708984e+00 -4.273517429828643799e-02 9.175642132759094238e-01 -3.361094474792480469e+00 2.630304545164108276e-03 -1.237820863723754883e+00 4.042500495910644531e+00 4.517451524734497070e-01 -3.963572680950164795e-01 4.333290755748748779e-01 -3.438314437866210938e+00 1.560053586959838867e+00 2.956248044967651367e+00 3.529554605484008789e-01 1.791353583335876465e+00 2.518456459045410156e+00
6.513357758522033691e-01 -1.134795188903808594e+00 -4.874927043914794922e+00 -1.887032270431518555e+00 -3.363294363021850586e+00 6.169574260711669922e-01 1.291797995567321777e+00 -1.097231134772300720e-01 -5.003946781158447266e+00 -2.632066726684570312e+00 -3.006312608718872070e+00 -1.920870780944824219e+00 -1.355653524398803711e+00 -5.086306095123291016e+00 5.221730470657348633e-02 -3.162583589553833008e+00 -3.241881370544433594e+00 1.633639216423034668e+00 5.457101345062255859e+00 1.202250957489013672e+00
2.997798442840576172e+00 -2.161803722381591797e+00 -4.394247531890869141e+00 3.608742356300354004e-01 4.644994735717773438e+00 -1.386523842811584473e+00 -1.546485185623168945e+00 -1.973276138305664062e+00 -6.459718197584152222e-02 -6.108492612838745117e-01 3.392793655395507812e+00 1.746237516403198242e+00 -1.475307106971740723e+00 -4.105776786804199219e+00 2.998876810073852539e+00 -9.501593589782714844e+00 -2.783965110778808594e+00 1.024676203727722168e+00 1.042749047279357910e+00 -7.525920271873474121e-01
-1.808736562728881836e+00 -3.529600143432617188e+00 5.979683876037597656e+00 -1.132938146591186523e+00 3.668082237243652344e+00 3.259088993072509766e-01 6.706781387329101562e-01 4.630608081817626953e+00 1.303564667701721191e+00 3.855913877487182617e-01 7.948169112205505371e-01 -1.746846318244934082e+00 2.046840429306030273e+00 -5.035892963409423828e+00 -1.208666205406188965e+00 -3.604696989059448242e+00 8.738079071044921875e-01 3.401649951934814453e+00 2.117887020111083984e+00 -7.269434928894042969e-01
8.544755727052688599e-02 -2.291831970214843750e+00 1.431392073631286621e+00 -4.603872299194335938e+00 -3.340434730052947998e-01 1.196547865867614746e+00 3.844991922378540039e+00 6.331690788269042969e+00 3.401056051254272461e+00 -7.251263856887817383e-01 -1.076465010643005371e+00 -2.853843569755554199e-01 -1.342473030090332031e+00 -5.643746376037597656e+00 3.786772251129150391e+00 -7.190049886703491211e-01 4.564665630459785461e-02 5.100740909576416016e+00 -3.900779485702514648e+00 1.230826139450073242e+00
-3.717290878295898438e+00 2.275580883026123047e+00 -2.347198314964771271e-02 2.375474691390991211e+00 -2.800211191177368164e+00 2.393780708312988281e+00 -1.714775800704956055e+00 -1.906058907508850098e+00 1.940779566764831543e+00 2.658876895904541016e+00 -4.339340209960937500e+00 5.363296985626220703e+00 -6.284659504890441895e-01 5.586633086204528809e-01 -3.672804832458496094e+00 -5.531899333000183105e-01 -1.616862416267395020e+00 -1.386562466621398926e+00 -3.759088516235351562e+00 -1.511988937854766846e-01
-1.769394397735595703e+00 1.500617980957031250e+00 6.517974734306335449e-01 -1.241354942321777344e+00 -7.666442990303039551e-01 -1.627623558044433594e+00 -1.696231216192245483e-01 6.971567273139953613e-01 1.570479035377502441e+00 -2.470406442880630493e-01 -4.090678393840789795e-01 -8.235090970993041992e-01 -2.094246387481689453e+00 -3.968144953250885010e-01 -1.069016337394714355e+00 2.993765830993652344e+00 -1.312227606773376465e+00 1.105553030967712402e+00 7.269246578216552734e-01 -2.051092624664306641e+00
3.016336441040039062e+00 1.374940752983093262e+00 -7.634484171867370605e-01 6.995502114295959473e-01 1.151383280754089355e+00 -4.021642684936523438e+00 -1.023836612701416016e+00 4.504818916320800781e+00 -2.377062082290649414e+00 -1.197089314460754395e+00 -1.663126587867736816e+00 2.445729255676269531e+00 4.149129390716552734e-01 1.095516443252563477e+00 -3.377946376800537109e+00 1.702222973108291626e-01 4.520950794219970703e+00 -2.219245195388793945e+00 1.256413221359252930e+00 4.608307182788848877e-01
-9.512504935264587402e-01 4.223164081573486328e+00 1.879531025886535645e+00 -4.478481292724609375e+00 -2.047611236572265625e+00 -2.871833801269531250e+00 3.262445688247680664e+00 -1.941596388816833496e+00 -2.866688728332519531e+00 4.330950736999511719e+00 -1.216672897338867188e+00 1.083126425743103027e+00 6.626976728439331055e-01 -4.046009182929992676e-01 -1.147292554378509521e-01 -1.970002889633178711e+00 -1.967274308204650879e+00 3.997274860739707947e-02 -3.537085533142089844e+00 -9.985703229904174805e-01
2.454892635345458984e+00 3.612666845321655273e+00 1.355481505393981934e+00 1.537155956029891968e-01 -8.184082806110382080e-02 -1.877446621656417847e-01 -4.378484725952148438e+00 -2.411203861236572266e+00 3.010409116744995117e+00 -9.818647503852844238e-01 -1.012412667274475098e+00 -5.532501697540283203e+00 4.717366695404052734e+00 -8.231570720672607422e-01 6.995432376861572266e-01 -1.486973166465759277e+00 -2.024610280990600586e+00 -1.152331113815307617e+00 -3.397550821304321289e+00 -3.117872476577758789e+00
1.897739648818969727e+00 5.756710052490234375e+00 -1.861554622650146484e+00 -1.292127251625061035e+00 6.624777793884277344e+00 3.105388164520263672e+00 -8.519501090049743652e-01 -9.943522214889526367e-01 2.457122087478637695e+00 8.891110420227050781e-01 2.861076354980468750e+00 1.750019073486328125e+00 -3.668745160102844238e-01 7.804152965545654297e-01 -8.211028575897216797e-01 1.777935266494750977e+00 -3.562520980834960938e+00 2.125499010086059570e+00 2.731946468353271484e+00 4.223793745040893555e-01
-8.091998696327209473e-01 3.830496788024902344e+00 5.084065198898315430e-01 -1.682553648948669434e+00 -4.653690814971923828e+00 3.937632441520690918e-01 2.060274362564086914e+00 3.886439278721809387e-02 -2.337805509567260742e+00 1.221156835556030273e+00 4.642479896545410156e+00 -3.328039348125457764e-01 -2.026042938232421875e+00 5.552068710327148438e+00 -5.089246749877929688e+00 -1.699891209602355957e+00 2.399972200393676758e+00 7.280223369598388672e+00 -1.911438852548599243e-01 9.549824595451354980e-01
-3.504063844680786133e+00 8.377894759178161621e-02 3.952992200851440430e+00 4.618203163146972656e+00 1.063918828964233398e+00 2.907713651657104492e+00 -3.512552380561828613e-02 -4.003649711608886719e+00 -6.100212097167968750e+00 -4.573275089263916016e+00 8.250721693038940430e-01 8.551905155181884766e-01 -8.645303547382354736e-02 -8.690169453620910645e-01 4.879063740372657776e-02 2.896473407745361328e+00 -1.858728170394897461e+00 -3.065261125564575195e+00 6.752871870994567871e-01 6.912085413932800293e-01
-3.618922233581542969e+00 2.841269731521606445e+00 7.889508605003356934e-01 2.180783271789550781e+00 -3.833555459976196289e+00 -6.449080705642700195e-01 -4.559525012969970703e+00 1.516233384609222412e-02 -4.946599006652832031e-01 6.901291847229003906e+00 -4.334616065025329590e-01 -4.924159348011016846e-01 9.221763908863067627e-02 -1.074422821402549744e-01 1.631140857934951782e-01 -1.659948378801345825e-01 3.889005899429321289e+00 -7.398027420043945312e+00 1.631452441215515137e+00 5.255351543426513672e+00
-1.649641633033752441e+00 1.205051302909851074e+00 2.174651145935058594e+00 1.346080422401428223e+00 -2.300935983657836914e+00 -2.514694929122924805e+00 2.393524408340454102e+00 -1.804277747869491577e-01 2.694225311279296875e+00 -9.974516630172729492e-01 -2.094818949699401855e-01 1.258589029312133789e+00 -1.643355727195739746e+00 -6.430516242980957031e-01 2.472199201583862305e+00 1.337841272354125977e+00 -2.455839365720748901e-01 2.867222309112548828e+00 3.008149862289428711e-01 -2.595936879515647888e-02
-2.079229354858398438e+00 2.046097993850708008e+00 9.563075304031372070e-01 1.960468173027038574e+00 -7.961539030075073242e-01 -2.716222286224365234e+00 2.783868312835693359e-01 -6.803260743618011475e-02 1.947964906692504883e+00 -1.913782835006713867e+00 -2.955447673797607422e+00 5.045871734619140625e-01 -1.271500706672668457e+00 6.081659793853759766e-01 2.163264036178588867e+00 1.371665835380554199e+00 -3.030303716659545898e-01 -6.861509680747985840e-01 2.503390312194824219e+00 2.514218807220458984e+00
2.074979543685913086e-01 -9.774301648139953613e-01 -5.690665841102600098e-01 4.821062684059143066e-01 1.659151166677474976e-01 8.909159898757934570e-01 2.354944705963134766e+00 -5.415748357772827148e-01 -3.593318164348602295e-01 1.126287102699279785e+00 -1.171424984931945801e+00 3.616233110427856445e+00 -3.644027113914489746e-01 3.846057176589965820e+00 2.328755617141723633e+00 1.270888686180114746e+00 -9.105893969535827637e-01 1.487027555704116821e-01 -9.711889624595642090e-01 2.853732109069824219e+00
4.432660579681396484e+00 -1.998883485794067383e+00 1.604014039039611816e-01 -3.741030931472778320e+00 -2.815382480621337891e+00 1.821998357772827148e-01 7.085580229759216309e-01 -2.163807392120361328e+00 3.491883277893066406e-01 -6.289920210838317871e-01 -3.391989469528198242e+00 -1.637292504310607910e+00 2.548261642456054688e+00 6.239555835723876953e+00 3.327800035476684570e+00 1.544450521469116211e+00 -2.673256397247314453e+00 3.524291992187500000e+00 -1.296128630638122559e+00 2.578805685043334961e+00
-3.935546800494194031e-02 4.615548133850097656e+00 3.129422664642333984e-01 -1.340202331542968750e+00 1.494273543357849121e+00 -5.305166244506835938e-01 1.277768492698669434e+00 9.527733922004699707e-01 1.060360431671142578e+00 -2.293560504913330078e+00 4.558885395526885986e-01 2.008673667907714844e+00 1.789315819740295410e+00 2.793446063995361328e+00 -3.284306526184082031e+00 8.943290263414382935e-02 2.795328617095947266e+00 -1.149331808090209961e+00 1.602603495121002197e-01 5.649317741394042969e+00
-1.751160383224487305e+00 1.483446955680847168e+00 -1.114087224006652832e+00 -7.800441384315490723e-01 -5.535718798637390137e-01 -2.097630500793457031e+00 2.059055268764495850e-01 -4.522184431552886963e-01 3.577403545379638672e+00 1.127704858779907227e+00 4.515798568725585938e+00 1.641029268503189087e-01 -4.719458222389221191e-01 4.234638214111328125e+00 -7.820618152618408203e-01 -1.789343595504760742e+00 5.839444398880004883e-01 5.374382734298706055e-01 9.801562875509262085e-02 4.170115470886230469e+00
1.257615804672241211e+00 2.530345678329467773e+00 -2.095562458038330078e+00 1.748331546783447266e+00 -1.078301072120666504e+00 1.670986533164978027e+00 3.524653434753417969e+00 5.273794174194335938e+00 -5.230543613433837891e-01 7.257636785507202148e-01 9.406519681215286255e-02 -1.558132052421569824e+00 1.924752235412597656e+00 1.879382967948913574e+00 -1.712679266929626465e-01 -4.341936111450195312e-01 -7.353342175483703613e-01 -9.827979803085327148e-01 -9.981232285499572754e-01 1.310408234596252441e+00
1.834669470787048340e+00 3.554180145263671875e+00 -3.349522054195404053e-01 3.050992727279663086e+00 -7.416967749595642090e-01 -1.510735988616943359e+00 1.054642200469970703e+00 5.194025516510009766e+00 -2.968631982803344727e+00 -1.091899275779724121e+00 1.127623468637466431e-01 9.819067120552062988e-01 2.852574348449707031e+00 2.716997623443603516e+00 1.002736806869506836e+00 -1.732651829719543457e+00 2.477163314819335938e+00 -3.449342548847198486e-01 1.451961636543273926e+00 1.410541892051696777e+00
-1.851224184036254883e+00 1.044510841369628906e+00 9.618156403303146362e-02 1.363570451736450195e+00 1.137796491384506226e-01 1.860857903957366943e-01 5.205876350402832031e+00 -2.603413105010986328e+00 5.245750546455383301e-01 1.030153393745422363e+00 -7.125229239463806152e-01 -1.566756010055541992e+00 2.986239671707153320e+00 -9.279703497886657715e-01 3.464434444904327393e-01 -1.542453765869140625e-01 1.441860795021057129e+00 7.121156156063079834e-02 1.362464785575866699e+00 3.429121017456054688e+00
3.950483351945877075e-02 2.433159351348876953e+00 2.836979627609252930e+00 1.429623126983642578e+00 -1.528730869293212891e+00 -3.084920644760131836e+00 -8.796049952507019043e-01 -3.340038299560546875e+00 -7.174775004386901855e-01 5.870301127433776855e-01 -4.142203032970428467e-01 -1.520957231521606445e+00 2.690339088439941406e+00 -1.766625761985778809e+00 3.307029962539672852e+00 -1.400355219841003418e+00 3.127528190612792969e+00 8.021953105926513672e-01 2.731670618057250977e+00 3.268438816070556641e+00
1.560527682304382324e+00 2.653457164764404297e+00 -1.133725285530090332e+00 1.104643344879150391e+00 1.824107021093368530e-01 9.095425605773925781e-01 4.058223962783813477e-01 2.656390428543090820e+00 -1.838640689849853516e+00 1.956050992012023926e+00 1.283615350723266602e+00 -7.845300436019897461e-01 -7.846864461898803711e-01 -1.088920354843139648e+00 2.997481584548950195e+00 -9.816220402717590332e-02 1.697305202484130859e+00 1.684124231338500977e+00 -9.528465867042541504e-01 1.450169920921325684e+00
-2.556951522827148438e+00 2.246111154556274414e+00 -6.316412091255187988e-01 -3.083337783813476562e+00 1.753305315971374512e+00 4.166194438934326172e+00 -3.232050657272338867e+00 2.486399888992309570e+00 -1.458070397377014160e+00 -1.279242038726806641e+00 1.603002190589904785e+00 3.716031014919281006e-01 1.325555562973022461e+00 2.823038816452026367e+00 -2.468955993652343750e+00 2.757093429565429688e+00 -1.217693686485290527e+00 -2.839255809783935547e+00 -2.484724968671798706e-01 -4.707536399364471436e-01
4.863319396972656250e-01 1.953731060028076172e+00 8.094732761383056641e-01 -1.279492735862731934e+00 -2.146994024515151978e-01 3.284432291984558105e-01 4.904672145843505859e+00 2.021970272064208984e+00 -4.072011470794677734e+00 4.645787239074707031e+00 -3.982892632484436035e-01 -2.350019693374633789e+00 -7.982633262872695923e-02 8.719350099563598633e-01 2.432774543762207031e+00 3.409915864467620850e-01 4.611185193061828613e-01 -1.705195784568786621e+00 -7.109413146972656250e-01 -2.067412853240966797e+00
-1.823413372039794922e+00 -3.122361183166503906e+00 -3.350947618484497070e+00 3.051936626434326172e+00 6.886567115783691406e+00 -1.046117544174194336e+00 -1.193344712257385254e+00 -2.911757230758666992e+00 2.986982822418212891e+00 -8.679285049438476562e-01 2.182077169418334961e+00 -1.405055642127990723e+00 9.055145382881164551e-01 1.011276617646217346e-02 9.578465223312377930e-01 2.865242004394531250e+00 -7.138378620147705078e-01 1.254878401756286621e+00 -4.882687568664550781e+00 -3.578740596771240234e+00
1.379701733589172363e+00 6.726943492889404297e+00 6.775882840156555176e-01 -1.730488419532775879e+00 7.142060995101928711e-01 9.805433750152587891e-01 -1.487037897109985352e+00 -2.360288947820663452e-01 3.175094842910766602e+00 -5.469380855560302734e+00 2.236068487167358398e+00 4.646293163299560547e+00 3.634884357452392578e+00 -2.149591445922851562e-01 -7.959629297256469727e-01 2.157590866088867188e+00 3.192791461944580078e+00 6.744218468666076660e-01 7.613421440124511719e+00 -1.275421828031539917e-01
6.041813373565673828e+00 5.170119926333427429e-02 5.750166893005371094e+00 -1.278975486755371094e+00 1.078089714050292969e+00 2.624258279800415039e+00 -5.528170466423034668e-01 -4.431372642517089844e+00 -9.258449077606201172e-01 2.489073276519775391e-01 -3.057960987091064453e+00 4.826401233673095703e+00 -5.008680820465087891e+00 -3.140811204910278320e+00 -3.734608411788940430e+00 2.836156368255615234e+00 -2.142015933990478516e+00 5.587521076202392578e+00 -3.702900111675262451e-01 3.223977088928222656e-01
1.979830384254455566e+00 2.271830558776855469e+00 1.463794112205505371e-01 2.216670989990234375e+00 4.615953862667083740e-01 1.389928817749023438e+00 -1.619314670562744141e+00 4.710314750671386719e+00 -1.372268199920654297e+00 5.788123011589050293e-01 -5.576950073242187500e+00 -2.606896400451660156e+00 -3.213648080825805664e+00 3.125975608825683594e+00 -4.968415260314941406e+00 -3.181710481643676758e+00 -2.108519792556762695e+00 2.396028518676757812e+00 1.106983542442321777e+00 4.969926834106445312e+00
-1.485561013221740723e+00 -1.328877806663513184e+00 1.047646403312683105e+00 2.833797931671142578e+00 -2.911517620086669922e+00 -9.223766326904296875e+00 8.481619358062744141e-01 1.464297771453857422e+00 7.118960380554199219e+00 2.595404386520385742e+00 -4.306743621826171875e+00 2.498645067214965820e+00 -7.274796485900878906e+00 2.438441038131713867e+00 2.129581928253173828e+00 8.965165615081787109e-01 -6.009126186370849609e+00 4.143007278442382812e+00 -8.387350440025329590e-01 3.331205129623413086e+00
-1.787831783294677734e+00 2.605231046676635742e+00 2.425493001937866211e+00 7.172830700874328613e-01 -2.181964397430419922e+00 -3.661806106567382812e+00 1.573808789253234863e+00 1.011754035949707031e+00 2.344180822372436523e+00 -8.614956140518188477e-01 -2.114579230546951294e-01 3.076545596122741699e-01 -1.500869750976562500e+00 -1.529865860939025879e+00 1.328881144523620605e+00 2.214964151382446289e+00 -6.124736666679382324e-01 2.983335494995117188e+00 3.924057781696319580e-01 -1.411353230476379395e+00
-3.862108230590820312e+00 2.257847070693969727e+00 6.787858605384826660e-01 5.009837821125984192e-02 -9.457790255546569824e-01 -2.765171527862548828e+00 -9.130712747573852539e-01 1.451419591903686523e-01 1.495902061462402344e+00 -4.557621777057647705e-01 -1.705061197280883789e+00 -1.862380862236022949e+00 -1.717096924781799316e+00 1.497826814651489258e+00 6.413887739181518555e-01 3.662310600280761719e+00 -1.338346123695373535e+00 -1.028354316949844360e-01 2.302350997924804688e+00 -2.102217972278594971e-01
-1.151837229728698730e+00 9.888960719108581543e-01 -8.548629283905029297e-01 -9.571912288665771484e-01 1.160870671272277832e+00 -5.126829743385314941e-01 1.682704836130142212e-01 -2.653891742229461670e-01 2.684375345706939697e-01 1.215504646301269531e+00 -5.433486104011535645e-01 1.896705508232116699e+00 -1.270634889602661133e+00 2.164567947387695312e+00 5.124787688255310059e-01 2.529810667037963867e+00 -1.114281535148620605e+00 -5.955656170845031738e-01 -7.079307436943054199e-01 2.572620391845703125e+00
2.255056381225585938e+00 1.954751372337341309e+00 -6.618838906288146973e-01 -1.984439134597778320e+00 -2.065382480621337891e+00 2.070255517959594727e+00 -1.625376105308532715e+00 1.915073990821838379e+00 3.252634286880493164e+00 9.849894642829895020e-01 -2.015971422195434570e+00 4.830001831054687500e+00 1.620672941207885742e+00 3.964784145355224609e+00 2.738688707351684570e+00 -1.835640907287597656e+00 -2.895497798919677734e+00 1.392389893531799316e+00 -1.612448573112487793e+00 2.939392805099487305e+00
7.667931914329528809e-01 4.670701622962951660e-01 1.917926192283630371e+00 -4.245035648345947266e+00 5.315456390380859375e-01 -1.518493890762329102e+00 5.632015466690063477e-01 -2.085203409194946289e+00 4.651488780975341797e+00 -1.257934212684631348e+00 3.833624124526977539e-01 1.571822285652160645e+00 -6.144115924835205078e-01 5.067460060119628906e+00 3.643279373645782471e-01 4.296583533287048340e-01 -4.397178813815116882e-02 -2.122063875198364258e+00 1.744852185249328613e+00 4.459377288818359375e+00
5.392971038818359375e+00 5.425797462463378906e+00 2.417386054992675781e+00 3.721714735031127930e+00 2.301499843597412109e+00 -2.900758743286132812e+00 -1.731888532638549805e+00 -1.657181978225708008e+00 -3.703769683837890625e+00 2.313829898834228516e+00 -3.684708178043365479e-01 1.034343004226684570e+00 1.482483744621276855e+00 1.322825670242309570e+00 -4.291886806488037109e+00 -4.501899182796478271e-01 1.292399644851684570e+00 2.533900022506713867e+00 -7.435977458953857422e-01 6.565228939056396484e+00
9.678973555564880371e-01 2.387626409530639648e+00 -2.471381664276123047e+00 6.264668107032775879e-01 1.913346648216247559e+00 1.635698676109313965e+00 7.906567096710205078e+00 2.632834911346435547e+00 3.284504890441894531e+00 2.861122973263263702e-02 1.449720740318298340e+00 -3.010251998901367188e+00 3.698624134063720703e+00 -7.095214724540710449e-01 -6.119626045227050781e+00 5.008231163024902344e+00 -1.437418103218078613e+00 -2.400697708129882812e+00 3.244941234588623047e+00 3.723912000656127930e+00
2.286202907562255859e-01 -9.940698146820068359e-01 1.744617819786071777e+00 8.458907008171081543e-01 -7.180168032646179199e-01 -3.016375780105590820e+00 -1.752273201942443848e+00 3.068982362747192383e+00 -2.448935031890869141e+00 6.069131851196289062e+00 2.194478988647460938e+00 -4.544839560985565186e-01 2.568984508514404297e+00 5.572523593902587891e+00 3.088118076324462891e+00 3.494532778859138489e-02 -1.494707345962524414e+00 1.675526022911071777e+00 1.593691229820251465e+00 1.522718429565429688e+00
2.696496725082397461e+00 -1.881576061248779297e+00 -1.976998709142208099e-02 -1.357176423072814941e+00 -2.189244508743286133e+00 -3.291404008865356445e+00 3.255388736724853516e-01 -1.683862209320068359e+00 1.246022820472717285e+00 6.405987739562988281e+00 2.135145902633666992e+00 2.727073192596435547e+00 8.581773638725280762e-01 -1.417348384857177734e+00 2.367700576782226562e+00 3.769014477729797363e-01 3.726900815963745117e-01 3.124412059783935547e+00 3.606282949447631836e+00 -2.433068603277206421e-01
4.250808238983154297e+00 2.389421701431274414e+00 1.172294855117797852e+00 1.885715961456298828e+00 -4.317831993103027344e+00 -1.639116764068603516e+00 2.852054119110107422e+00 4.780070781707763672e-01 9.336302280426025391e-01 3.235469341278076172e+00 1.269119024276733398e+00 -3.633319854736328125e+00 1.169285416603088379e+00 -3.343977451324462891e+00 1.311576008796691895e+00 -5.525399446487426758e-01 2.025034666061401367e+00 -1.334434628486633301e+00 1.015653014183044434e+00 1.631414651870727539e+00
-1.537319302558898926e+00 1.195210456848144531e+00 1.960352510213851929e-01 2.074302872642874718e-03 1.151961922645568848e+00 5.105531811714172363e-01 -6.598613858222961426e-01 1.901807934045791626e-01 -9.047133326530456543e-01 4.871181488037109375e+00 9.159362316131591797e-01 -1.713771820068359375e+00 -2.060985803604125977e+00 -1.838243961334228516e+00 2.058047294616699219e+00 6.552709341049194336e-01 -2.541422545909881592e-01 1.858318567276000977e+00 -1.684506297111511230e+00 1.369419991970062256e-01
-2.120244652032852173e-01 -1.867480576038360596e-02 -8.559789657592773438e-01 1.289029568433761597e-01 1.518385410308837891e+00 1.723626852035522461e+00 -7.515208721160888672e-01 3.002518415451049805e+00 2.031423747539520264e-01 2.397455215454101562e+00 8.304142951965332031e-01 4.004426956176757812e+00 -5.411342158913612366e-02 9.152550101280212402e-01 -6.962462067604064941e-01 6.442402005195617676e-01 -2.204994678497314453e+00 -4.620153605937957764e-01 7.767710685729980469e-01 4.154205024242401123e-01
1.390336275100708008e+00 1.464694023132324219e+00 -6.068025529384613037e-02 -3.135874509811401367e+00 1.953085899353027344e+00 -1.390587091445922852e+00 -4.150690883398056030e-02 2.711346864700317383e+00 -3.295409440994262695e+00 3.726995229721069336e+00 2.162836313247680664e+00 2.870373487472534180e+00 -1.823404192924499512e+00 9.004985690116882324e-01 -1.450995564460754395e+00 8.469759225845336914e-01 3.168626308441162109e+00 -2.824230670928955078e+00 1.513093233108520508e+00 -3.802649974822998047e+00
3.696428775787353516e+00 -2.552713394165039062e+00 -6.115474104881286621e-01 -3.577365159988403320e+00 2.283672571182250977e+00 4.143338203430175781e+00 1.675237178802490234e+00 -5.410449981689453125e+00 1.127058625221252441e+00 -9.230046868324279785e-01 2.546949625015258789e+00 -2.009457588195800781e+00 -9.503116011619567871e-01 4.468428134918212891e+00 1.922537803649902344e+00 2.171557426452636719e+00 7.470539808273315430e-01 2.443134635686874390e-01 4.587779521942138672e+00 2.343386411666870117e-01
1.461869716644287109e+00 4.967047214508056641e+00 2.585000991821289062e+00 -4.816106796264648438e+00 2.755413532257080078e+00 2.993302822113037109e+00 -2.422879934310913086e+00 -1.956338286399841309e+00 -2.684378862380981445e+00 1.696881771087646484e+00 -7.966119796037673950e-02 -1.369581699371337891e+00 -5.015395164489746094e+00 2.628667831420898438e+00 2.599078178405761719e+00 -2.425905227661132812e+00 -1.184904456138610840e+00 -5.020233631134033203e+00 2.563209533691406250e+00 -1.491119742393493652e+00
5.018182277679443359e+00 2.498236656188964844e+00 -6.495313644409179688e-01 -1.721748471260070801e+00 -4.807611461728811264e-03 -1.541992545127868652e+00 4.392080307006835938e+00 -1.217351317405700684e+00 3.910562396049499512e-02 -4.244773387908935547e+00 -3.950162410736083984e+00 1.143734335899353027e+00 3.961784601211547852e+00 4.897641658782958984e+00 -5.988633632659912109e-01 9.432271122932434082e-02 -2.244359731674194336e+00 2.417263269424438477e+00 3.483368635177612305e+00 -3.511353015899658203e+00
-1.361297249794006348e+00 6.085390090942382812e+00 -1.836033761501312256e-01 1.620758652687072754e+00 5.270686149597167969e-01 2.602018117904663086e+00 3.996006488800048828e+00 6.012027263641357422e+00 7.894194126129150391e-01 -4.506797313690185547e+00 -1.545646786689758301e+00 -5.199226737022399902e-01 -6.084671974182128906e+00 -6.622592210769653320e-01 -2.127554893493652344e+00 -2.449416399002075195e+00 -1.910141348838806152e+00 -1.109301447868347168e+00 -4.132914543151855469e+00 -3.972903251647949219e+00
-5.269077301025390625e+00 4.048244476318359375e+00 -8.901986479759216309e-01 6.436919689178466797e+00 -8.304500579833984375e-01 -7.598918437957763672e+00 5.026123523712158203e+00 -3.222733736038208008e+00 -2.083910442888736725e-02 -6.843208789825439453e+00 -2.733269214630126953e+00 -1.445289254188537598e+00 -7.316454410552978516e+00 -1.316789627075195312e+00 -4.740717887878417969e+00 2.380518913269042969e+00 -5.470608711242675781e+00 7.216784000396728516e+00 -1.389450669288635254e+00 8.840401649475097656e+00
1.932130932807922363e+00 -3.954937756061553955e-01 3.167619228363037109e+00 -6.244782730937004089e-02 1.597282767295837402e+00 -2.479791402816772461e+00 1.781811833381652832e+00 -7.336272001266479492e-01 8.097485303878784180e-01 1.542105555534362793e+00 -3.961174488067626953e+00 4.580056667327880859e+00 -5.682015895843505859e+00 -1.498589873313903809e+00 -1.897177338600158691e+00 -2.279868602752685547e+00 1.055184841156005859e+00 -1.685190796852111816e+00 -2.066383123397827148e+00 4.041191339492797852e-01
4.889672994613647461e-01 8.869107365608215332e-01 3.787059485912322998e-01 2.515917778015136719e+00 -2.864826917648315430e+00 -3.004264593124389648e+00 9.653869271278381348e-01 2.791648387908935547e+00 1.667684555053710938e+00 -3.321328639984130859e+00 -3.479171752929687500e+00 2.141608476638793945e+00 3.147252500057220459e-01 3.025508880615234375e+00 4.365061521530151367e-01 1.730444312095642090e+00 -7.515808343887329102e-01 -2.579812109470367432e-01 2.993264198303222656e+00 -1.384974084794521332e-02
-1.662126064300537109e+00 1.407766938209533691e+00 -6.984435319900512695e-01 -1.647819042205810547e+00 1.210122823715209961e+00 -4.555521905422210693e-01 -9.363839030265808105e-02 -1.608144044876098633e-01 4.591088593006134033e-01 1.832761764526367188e+00 -2.759683132171630859e-01 4.386937022209167480e-01 -1.897081255912780762e+00 2.146005868911743164e+00 -1.036992967128753662e-01 3.183500289916992188e+00 -1.620974779129028320e+00 -1.076457142829895020e+00 -1.163700819015502930e+00 2.158820867538452148e+00
-1.705481290817260742e+00 1.831133723258972168e+00 -8.434977531433105469e-01 -1.815182328224182129e+00 1.037848830223083496e+00 -8.697906732559204102e-01 -4.663174748420715332e-01 6.925957649946212769e-02 3.269047141075134277e-01 1.842017173767089844e+00 -2.851853370666503906e-01 2.588599920272827148e-01 -1.701813817024230957e+00 1.937485575675964355e+00 -3.708068430423736572e-01 3.446004629135131836e+00 -1.448324680328369141e+00 -1.069785356521606445e+00 -9.901934862136840820e-01 1.522191882133483887e+00
-1.642538785934448242e+00 1.772343754768371582e+00 -8.080446124076843262e-01 -1.589254140853881836e+00 1.254869580268859863e+00 -6.101154088973999023e-01 -1.873638629913330078e-01 7.390178740024566650e-03 4.132899940013885498e-01 1.679166197776794434e+00 -4.382677376270294189e-01 4.998207688331604004e-01 -1.664167284965515137e+00 1.961866378784179688e+00 -3.362085819244384766e-01 3.144001007080078125e+00 -1.592988014221191406e+00 -1.080326080322265625e+00 -9.276195168495178223e-01 1.802972912788391113e+00
-1.816097855567932129e+00 1.032048583030700684e+00 -7.188276052474975586e-01 -1.318986773490905762e+00 1.064233779907226562e+00 -1.933688372373580933e-01 4.420675933361053467e-01 -3.927004337310791016e-01 5.651865601539611816e-01 1.395432353019714355e+00 -3.419034183025360107e-01 1.266473531723022461e+00 -1.548499941825866699e+00 2.419013977050781250e+00 9.834657609462738037e-02 2.785186290740966797e+00 -1.393246054649353027e+00 -1.089966893196105957e+00 -8.776355981826782227e-01 2.357446193695068359e+00
-1.123567342758178711e+00 -2.599464893341064453e+00 -1.595958352088928223e+00 -1.082672834396362305e+00 4.570300579071044922e-01 1.935588121414184570e+00 5.765062808990478516e+00 -1.369441747665405273e+00 4.475831031799316406e+00 2.131653577089309692e-01 3.944679498672485352e+00 -7.854495048522949219e-01 8.092011213302612305e-01 -8.943109512329101562e-01 2.319101333618164062e+00 -3.590792417526245117e-01 1.766893506050109863e+00 -1.579246401786804199e+00 -3.482339143753051758e+00 -2.514116466045379639e-01
-1.596921563148498535e+00 1.141447663307189941e+00 -7.389360070228576660e-01 -1.080096364021301270e+00 1.174956917762756348e+00 -3.749252259731292725e-01 2.328949868679046631e-01 -2.064481675624847412e-01 4.627286791801452637e-01 1.417162179946899414e+00 -2.417802363634109497e-01 1.283477783203125000e+00 -1.427626490592956543e+00 2.246706008911132812e+00 2.595144212245941162e-01 2.831735610961914062e+00 -1.166181087493896484e+00 -8.400896191596984863e-01 -8.718879818916320801e-01 2.326213836669921875e+00
-7.736344337463378906e-01 3.318042993545532227e+00 -6.426895260810852051e-01 9.748977422714233398e-01 -9.199324846267700195e-01 -1.067175149917602539e+00 6.059746742248535156e-01 1.909881234169006348e+00 8.216397762298583984e-01 -8.001631498336791992e-01 -1.919644832611083984e+00 8.851309418678283691e-01 -1.227574229240417480e+00 8.850049376487731934e-01 8.311655372381210327e-02 2.305515527725219727e+00 1.694000214338302612e-01 -1.395302534103393555e+00 1.697055816650390625e+00 1.566436409950256348e+00
-1.395892977714538574e+00 2.630855143070220947e-01 -8.235161900520324707e-01 -1.141192078590393066e+00 8.393486142158508301e-01 1.484920084476470947e-01 7.691564559936523438e-01 -8.134871125221252441e-01 6.215127110481262207e-01 1.408601641654968262e+00 -3.205614984035491943e-01 1.486221909523010254e+00 -1.435284972190856934e+00 3.013563156127929688e+00 3.296835720539093018e-01 2.455890893936157227e+00 -1.294886946678161621e+00 -1.128313302993774414e+00 -9.000019431114196777e-01 2.719048261642456055e+00
-1.306519389152526855e+00 3.692255616188049316e-01 -6.780897974967956543e-01 -5.767219066619873047e-01 1.043561697006225586e+00 2.990887463092803955e-01 1.224083542823791504e+00 -4.896379113197326660e-01 4.889704585075378418e-01 1.041871070861816406e+00 -3.796299099922180176e-01 2.018236160278320312e+00 -1.253472685813903809e+00 3.035256385803222656e+00 7.438170313835144043e-01 2.292215824127197266e+00 -1.068217515945434570e+00 -7.671546339988708496e-01 -9.190805554389953613e-01 2.824573040008544922e+00
-1.165211796760559082e+00 5.068400502204895020e-01 -7.703626751899719238e-01 -5.587986707687377930e-01 9.925959110260009766e-01 1.263514757156372070e-01 1.003678441047668457e+00 -4.735127687454223633e-01 4.845526516437530518e-01 9.925278425216674805e-01 -4.392075240612030029e-01 2.047756195068359375e+00 -1.274366140365600586e+00 2.691204547882080078e+00 8.051907420158386230e-01 2.316798210144042969e+00 -1.043900012969970703e+00 -7.273237705230712891e-01 -8.044790625572204590e-01 2.802475452423095703e+00
-1.057337641716003418e+00 1.248813986778259277e+00 -8.885139822959899902e-01 -1.028618454933166504e+00 1.196321368217468262e+00 -4.742947816848754883e-01 1.372856944799423218e-01 -1.077186781913042068e-02 2.377646416425704956e-01 1.300747156143188477e+00 -4.913523197174072266e-01 1.541269898414611816e+00 -1.267480254173278809e+00 2.023657083511352539e+00 5.690252184867858887e-01 2.752234458923339844e+00 -1.022298932075500488e+00 -5.691011548042297363e-01 -7.225706577301025391e-01 2.332181930541992188e+00
-1.225686430931091309e+00 1.213775157928466797e+00 -8.002534508705139160e-01 -1.045951247215270996e+00 1.191298365592956543e+00 -5.762965083122253418e-01 1.167778745293617249e-01 -1.037914827466011047e-01 1.666484773159027100e-01 1.371616721153259277e+00 -4.430600702762603760e-01 1.366019606590270996e+00 -1.233448624610900879e+00 2.088344097137451172e+00 3.269966542720794678e-01 2.892008543014526367e+00 -1.162972211837768555e+00 -6.874932050704956055e-01 -7.180302739143371582e-01 2.162750005722045898e+00
-1.253895640373229980e+00 1.564101457595825195e+00 -8.671858906745910645e-01 -1.218800067901611328e+00 1.182608246803283691e+00 -6.316556930541992188e-01 -1.732803285121917725e-01 2.131412774324417114e-01 7.788742333650588989e-02 1.644139170646667480e+00 -3.553412854671478271e-01 1.296726226806640625e+00 -1.395622253417968750e+00 1.947103023529052734e+00 6.469079107046127319e-02 2.975253582000732422e+00 -1.220304131507873535e+00 -5.983458757400512695e-01 -9.150925278663635254e-01 1.823704123497009277e+00
-6.989922523498535156e-01 2.705748558044433594e+00 -7.219971418380737305e-01 -3.554956614971160889e-01 6.107751131057739258e-01 -1.446674704551696777e+00 -7.459522485733032227e-01 1.169987440109252930e+00 2.078558206558227539e-01 7.304189801216125488e-01 -7.372095584869384766e-01 1.679044485092163086e+00 -5.958184003829956055e-01 7.335053086280822754e-01 2.149583250284194946e-01 3.069751262664794922e+00 -3.281187117099761963e-01 -2.482305467128753662e-01 -1.004119887948036194e-01 1.798400640487670898e+00
-6.587459444999694824e-01 1.149929881095886230e+00 -9.734434485435485840e-01 -6.818591356277465820e-01 8.958576917648315430e-01 -6.095364093780517578e-01 5.266476273536682129e-01 -7.783928513526916504e-02 1.511583328247070312e-01 9.990440011024475098e-01 -6.778743863105773926e-01 2.121470451354980469e+00 -1.104831814765930176e+00 2.120179891586303711e+00 5.499796867370605469e-01 2.529724597930908203e+00 -6.761915087699890137e-01 -4.421817362308502197e-01 -6.388071775436401367e-01 2.165600776672363281e+00
1.987743973731994629e+00 -5.272920131683349609e+00 -4.292847156524658203e+00 -2.008536338806152344e+00 -7.154015302658081055e-01 1.322689890861511230e+00 2.333594560623168945e+00 -1.029785752296447754e+00 6.251632213592529297e+00 1.976428627967834473e+00 -1.609002590179443359e+00 5.418805122375488281e+00 2.423033475875854492e+00 -2.674234509468078613e-01 -2.449352025985717773e+00 1.585104167461395264e-01 -2.048163890838623047e+00 -8.183850646018981934e-01 -6.921648025512695312e+00 -1.559435248374938965e+00
3.744404554367065430e+00 3.037543773651123047e+00 1.913200139999389648e+00 -3.163753986358642578e+00 1.164939254522323608e-01 -1.021088600158691406e+00 -5.941152572631835938e-02 -4.189892113208770752e-02 1.670907735824584961e+00 -3.268806934356689453e+00 -1.815219283103942871e+00 -2.682681940495967865e-02 1.344272345304489136e-01 6.796647071838378906e+00 1.624116778373718262e+00 -5.166927576065063477e-01 1.761373579502105713e-01 -5.734285116195678711e-01 -1.800286293029785156e+00 3.105595111846923828e+00
-1.154382228851318359e+00 1.503428101539611816e+00 2.371902942657470703e+00 -1.805594086647033691e+00 1.311184048652648926e+00 -7.395172715187072754e-01 4.879169464111328125e+00 -9.243152618408203125e+00 -1.874465584754943848e+00 1.819867134094238281e+00 1.788591623306274414e+00 6.365413665771484375e+00 7.461761236190795898e-01 6.012418746948242188e+00 -4.384425163269042969e+00 3.743761479854583740e-01 -1.641236424446105957e+00 2.429651021957397461e-01 2.746989727020263672e+00 -3.802787959575653076e-01
2.617994785308837891e+00 4.675611495971679688e+00 -4.851662814617156982e-01 -4.386540889739990234e+00 -2.831134319305419922e+00 5.937889814376831055e-01 5.241501808166503906e+00 1.591360807418823242e+00 8.880416750907897949e-01 1.069182634353637695e+00 6.233537673950195312e+00 -1.668071150779724121e-01 1.550757169723510742e+00 1.263412594795227051e+00 -1.542457938194274902e-01 3.161464214324951172e+00 1.529440522193908691e+00 -1.319778561592102051e-01 4.010736942291259766e+00 -1.192957609891891479e-01
-2.730702638626098633e+00 3.008056163787841797e+00 -2.935887873172760010e-01 2.375906467437744141e+00 2.384587287902832031e+00 -3.683484554290771484e+00 -4.226578474044799805e-01 1.719636797904968262e+00 -1.792104125022888184e+00 6.466946601867675781e+00 1.493182778358459473e+00 2.836313724517822266e+00 3.811393678188323975e-01 4.525074481964111328e+00 5.805683612823486328e+00 -2.974002361297607422e+00 -3.173829555511474609e+00 5.506178855895996094e+00 4.280987739562988281e+00 1.087232828140258789e+00
8.203203082084655762e-01 6.114452838897705078e+00 6.821965575218200684e-01 3.852263391017913818e-01 3.709836483001708984e+00 -2.654540300369262695e+00 2.058696269989013672e+00 4.094795286655426025e-01 -3.771778106689453125e+00 5.192259311676025391e+00 -2.344273328781127930e+00 -4.630284309387207031e+00 2.117171764373779297e+00 -7.903085947036743164e-01 -2.422176837921142578e+00 1.215101122856140137e+00 2.196628570556640625e+00 8.210168480873107910e-01 -1.540376394987106323e-01 -1.156907916069030762e+00
-2.273467063903808594e+00 -9.981315582990646362e-02 4.654302597045898438e+00 3.066063165664672852e+00 -1.033274412155151367e+00 3.362848281860351562e+00 -1.997095465660095215e+00 5.489762306213378906e+00 -1.401565074920654297e+00 1.463135719299316406e+00 3.739287853240966797e+00 7.177886962890625000e-01 -8.643961906433105469e+00 -1.987707376480102539e+00 -1.292600631713867188e+00 3.830849170684814453e+00 5.722445487976074219e+00 6.988632202148437500e+00 1.566120505332946777e+00 4.124198913574218750e+00
6.531276106834411621e-01 -4.727932929992675781e+00 -2.143376588821411133e+00 8.035972714424133301e-01 -4.893186569213867188e+00 2.595764160156250000e+00 -4.745797812938690186e-01 -1.045717597007751465e+00 -2.827147208154201508e-02 4.173560142517089844e+00 2.336334466934204102e+00 3.117940425872802734e+00 3.922550201416015625e+00 3.081245660781860352e+00 -4.645930290222167969e+00 -2.232701778411865234e+00 -2.301022052764892578e+00 -9.672891497611999512e-01 1.959437012672424316e+00 -3.351925611495971680e+00
4.202641963958740234e+00 -7.143026590347290039e-01 2.451666116714477539e+00 -1.621032834053039551e+00 -3.497639656066894531e+00 -2.714210748672485352e-01 3.026196956634521484e+00 2.479995250701904297e+00 -1.816632896661758423e-01 -7.749493122100830078e-01 1.107789397239685059e+00 5.639699101448059082e-01 4.994905889034271240e-01 -1.754265725612640381e-01 9.538096785545349121e-01 1.837995529174804688e+00 3.146499097347259521e-01 -2.740899801254272461e+00 9.744588136672973633e-01 -1.107534527778625488e+00
2.892548739910125732e-01 1.261668443679809570e+00 4.460119724273681641e+00 2.775091648101806641e+00 1.293043732643127441e+00 -1.917744129896163940e-01 2.549791574478149414e+00 2.515478372573852539e+00 -1.871499538421630859e+00 2.831224679946899414e+00 -1.420192003250122070e+00 2.925107479095458984e-01 -4.368731498718261719e+00 -1.065335273742675781e+00 2.902689218521118164e+00 -1.546496152877807617e-01 -2.024002552032470703e+00 -1.531833708286285400e-01 -1.163381576538085938e+00 -2.518278360366821289e+00
6.196114420890808105e-01 -4.385071098804473877e-01 4.196669101715087891e+00 3.272281885147094727e+00 2.792284727096557617e+00 3.144823312759399414e+00 1.056150078773498535e+00 -1.701521724462509155e-01 2.871395349502563477e+00 3.470539569854736328e+00 1.973404288291931152e+00 -7.081912457942962646e-02 -2.682933092117309570e+00 2.501028299331665039e+00 -1.335281491279602051e+00 -2.514126896858215332e-01 -3.407872915267944336e+00 -2.590481638908386230e-01 1.611082792282104492e+00 -7.115527391433715820e-01
2.629528522491455078e+00 -4.744677066802978516e+00 1.923497200012207031e+00 5.806238651275634766e+00 1.901897668838500977e+00 2.967641115188598633e+00 3.297140836715698242e+00 -3.394984006881713867e+00 6.022415161132812500e+00 -1.240144610404968262e+00 4.250115752220153809e-01 -2.514460325241088867e+00 1.336332678794860840e+00 1.210090637207031250e+00 2.656706333160400391e+00 1.635808348655700684e+00 -2.419618129730224609e+00 4.649993479251861572e-01 -1.617233991622924805e+00 -8.249905705451965332e-01
5.919267609715461731e-02 -2.140466570854187012e-01 3.357321262359619141e+00 -3.825006723403930664e+00 -3.568954706192016602e+00 -2.220105648040771484e+00 -8.469726562500000000e+00 -1.986660003662109375e+00 3.853648424148559570e+00 -2.977995872497558594e+00 -1.535940170288085938e+00 -5.523642063140869141e+00 4.958340644836425781e+00 1.236448049545288086e+00 7.622452259063720703e+00 -1.299209356307983398e+00 2.641530513763427734e+00 -8.186271667480468750e+00 4.111484527587890625e+00 -5.754987239837646484e+00
2.979003429412841797e+00 3.582850933074951172e+00 4.893638610839843750e+00 1.077622026205062866e-01 5.351507067680358887e-01 -3.330307245254516602e+00 3.253515958786010742e+00 8.764017820358276367e-01 -7.519252300262451172e-01 -7.623600959777832031e-01 -1.972579002380371094e+00 -3.010733842849731445e+00 1.059892654418945312e+00 4.924813270568847656e+00 -3.997330188751220703e+00 -1.957206845283508301e+00 1.410095810890197754e+00 2.363416433334350586e+00 1.503350496292114258e+00 -8.822159171104431152e-01
-1.159025907516479492e+00 -1.909795403480529785e+00 1.922227263450622559e+00 1.108691692352294922e+00 -1.314876556396484375e+00 -3.630544424057006836e+00 2.267875194549560547e+00 4.609214782714843750e+00 1.931592822074890137e+00 -4.743310928344726562e+00 -1.858246564865112305e+00 2.185163974761962891e+00 -3.920014858245849609e+00 4.346798419952392578e+00 1.087521553039550781e+00 -1.906794548034667969e+00 -1.392261624336242676e+00 9.061354994773864746e-01 -1.690859079360961914e+00 4.623028278350830078e+00
2.900297403335571289e+00 9.302083253860473633e-01 -1.303938627243041992e+00 2.941645383834838867e+00 2.391857147216796875e+00 7.704457640647888184e-01 -2.632874011993408203e+00 1.333701491355895996e+00 8.731364011764526367e-01 -4.662126898765563965e-01 4.601081848144531250e+00 1.499485731124877930e+00 1.696230173110961914e+00 -4.037826538085937500e+00 -2.388433933258056641e+00 5.940669059753417969e+00 4.945347309112548828e+00 -1.729829311370849609e+00 -2.950174808502197266e+00 -2.668802976608276367e+00
-1.415624022483825684e+00 1.892324924468994141e+00 3.022027015686035156e-01 -6.094068288803100586e-01 3.074171841144561768e-01 9.438191652297973633e-01 1.379075884819030762e+00 -6.155291199684143066e-01 1.921630740165710449e+00 1.893927216529846191e+00 2.274411439895629883e+00 -1.458088755607604980e+00 -1.425893306732177734e+00 -2.985431551933288574e-01 -1.222334623336791992e+00 6.258727610111236572e-02 -2.253259181976318359e+00 -8.787846565246582031e-01 -1.615458846092224121e+00 -3.005683898925781250e+00
4.586169242858886719e+00 -3.835002183914184570e+00 3.055817782878875732e-01 2.540361166000366211e+00 -1.764334797859191895e+00 -6.594377994537353516e+00 1.685308098793029785e+00 -1.332234382629394531e+00 -5.486968040466308594e+00 3.062015295028686523e+00 -9.566146135330200195e-01 -2.080478668212890625e+00 -1.520029544830322266e+00 2.298937797546386719e+00 1.919862478971481323e-01 3.108759403228759766e+00 -2.638571977615356445e+00 6.431949138641357422e+00 1.875396251678466797e+00 6.037862300872802734e-01
5.001299381256103516e+00 2.799863368272781372e-02 1.407095551490783691e+00 3.678475320339202881e-01 -6.459055542945861816e-01 -4.146160602569580078e+00 8.460180759429931641e-01 -7.625454664230346680e-01 -6.654022932052612305e-01 -1.338426113128662109e+00 -1.493656516075134277e+00 2.438773870468139648e+00 -1.619428247213363647e-01 4.234703540802001953e+00 2.057152509689331055e+00 2.117421627044677734e+00 3.933721303939819336e+00 -9.385668635368347168e-01 -4.619759917259216309e-01 2.855154037475585938e+00
2.824607133865356445e+00 -9.189769029617309570e-01 2.761580705642700195e+00 -1.900115489959716797e+00 -1.774628609418869019e-01 -3.966029882431030273e+00 4.950435638427734375e+00 -2.839954614639282227e+00 -2.269730091094970703e+00 5.609297752380371094e+00 -7.283291816711425781e-01 8.912804603576660156e+00 -3.769032955169677734e+00 -3.530884027481079102e+00 -2.017821550369262695e+00 -2.076922655105590820e+00 4.247133731842041016e+00 -1.493545055389404297e+00 -2.000169992446899414e+00 1.507741928100585938e+00
3.374755680561065674e-01 1.359851121902465820e+00 -1.216373324394226074e+00 -8.446128368377685547e-01 1.084023565053939819e-01 2.102649211883544922e+00 3.744163513183593750e+00 1.266011357307434082e+00 1.902138113975524902e+00 5.885559916496276855e-01 -1.348682522773742676e+00 2.589071035385131836e+00 -6.518801450729370117e-01 6.346212387084960938e+00 2.198642492294311523e+00 1.253991842269897461e+00 -3.505047082901000977e+00 2.251906991004943848e-01 5.347424745559692383e-01 4.192538738250732422e+00
8.617691397666931152e-01 4.081480503082275391e+00 -1.331543922424316406e+00 -1.422288298606872559e+00 7.007976770401000977e-01 -1.211024522781372070e+00 6.762633323669433594e-01 1.951526761054992676e+00 -4.316569566726684570e-01 1.098970413208007812e+00 -1.137293219566345215e+00 1.412163138389587402e+00 -1.190646648406982422e+00 4.938602447509765625e+00 1.209412813186645508e+00 2.190124750137329102e+00 -8.583332896232604980e-01 1.124792695045471191e+00 1.143978834152221680e+00 1.444050073623657227e+00
1.375084161758422852e+00 3.390627861022949219e+00 -1.067296862602233887e+00 -1.620505809783935547e+00 -1.817981600761413574e-01 1.164860486984252930e+00 3.206221580505371094e+00 2.975425958633422852e+00 -2.609881877899169922e+00 3.907756805419921875e+00 -1.474735327064990997e-02 1.532835602760314941e+00 1.797741770744323730e+00 3.633430480957031250e+00 -3.096055388450622559e-01 3.626768112182617188e+00 -2.267838954925537109e+00 8.341776132583618164e-01 3.533974885940551758e-01 -8.002588152885437012e-01
