-2.050947904586791992e+00 -3.297163009643554688e+00 1.724318742752075195e+00 3.287589788436889648e+00 -9.072728753089904785e-01 -1.438505887985229492e+00 2.738730907440185547e+00 3.475336790084838867e+00 1.158674001693725586e+00 9.544726610183715820e-01 -5.040561199188232422e+00 3.384019374847412109e+00 -2.020506858825683594e+00 -2.668462753295898438e+00 -3.725519418716430664e+00 3.501260519027709961e+00 4.325005054473876953e+00 2.761415004730224609e+00 6.213083267211914062e+00 9.326732754707336426e-01
-2.899799346923828125e+00 1.368903756141662598e+00 6.454452872276306152e-01 3.905559062957763672e+00 -5.802243947982788086e-01 -3.841469526290893555e+00 -4.455040097236633301e-01 -2.611857175827026367e+00 4.468688011169433594e+00 1.117937490344047546e-01 6.616547107696533203e+00 1.716595292091369629e+00 1.003528386354446411e-01 -3.190545082092285156e+00 -2.373370647430419922e+00 -2.516106367111206055e+00 1.265478730201721191e+00 2.460339784622192383e+00 -2.602829694747924805e+00 2.740204334259033203e-01
2.590023517608642578e+00 2.480312585830688477e+00 9.155365824699401855e-01 -2.407474368810653687e-01 1.129842042922973633e+00 2.363368749618530273e+00 4.813939332962036133e-01 2.984279155731201172e+00 -6.526007056236267090e-01 2.033742427825927734e+00 2.676061868667602539e+00 -1.081674814224243164e+00 -1.161509193480014801e-02 -3.323983669281005859e+00 4.469266831874847412e-01 7.000727057456970215e-01 3.372761487960815430e+00 -3.852346181869506836e+00 2.195780515670776367e+00 1.709606885910034180e+00
-5.413582324981689453e+00 4.220865249633789062e+00 -4.043466567993164062e+00 3.959892749786376953e+00 2.021142482757568359e+00 -3.114130258560180664e+00 1.178097844123840332e+00 -1.978797435760498047e+00 5.965382456779479980e-01 -1.571576714515686035e+00 -1.795777797698974609e+00 3.011716365814208984e+00 1.588511466979980469e+00 1.629195213317871094e+00 3.314951658248901367e-01 1.797101736068725586e+00 -9.505578875541687012e-01 -3.022617340087890625e+00 1.176827669143676758e+00 4.842922687530517578e+00
-3.992147684097290039e+00 5.279115438461303711e-01 -2.606724977493286133e+00 -3.160051822662353516e+00 4.587400913238525391e+00 -3.626608610153198242e+00 6.838276386260986328e-01 4.400071144104003906e+00 1.774966865777969360e-01 1.847727417945861816e+00 5.309598445892333984e+00 -4.890895843505859375e+00 -2.230662345886230469e+00 -4.455854415893554688e+00 1.131766438484191895e+00 -8.947230875492095947e-02 -5.272834300994873047e-01 5.366120934486389160e-01 6.047563552856445312e-01 -5.505266785621643066e-01
-1.952814310789108276e-01 1.515224277973175049e-01 -1.052992224693298340e+00 3.082119226455688477e+00 -1.078563809394836426e+00 1.056865692138671875e+00 -2.879646301269531250e+00 1.551964581012725830e-01 -1.418288707733154297e+00 2.356441974639892578e+00 -1.790145039558410645e+00 -1.340150117874145508e+00 3.359011650085449219e+00 -6.232279777526855469e+00 2.102558851242065430e+00 2.912935972213745117e+00 -1.095597982406616211e+00 2.548666894435882568e-01 -3.142032146453857422e+00 -1.991930961608886719e+00
-4.137495517730712891e+00 -1.291468501091003418e+00 2.588838338851928711e+00 5.933252811431884766e+00 1.424416780471801758e+00 -4.859927654266357422e+00 -1.297543287277221680e+00 -8.142147064208984375e-01 6.724265217781066895e-01 1.008073329925537109e+00 1.972730875015258789e+00 -4.387650489807128906e+00 -1.740414738655090332e+00 2.608455121517181396e-01 -3.699053049087524414e+00 2.811637639999389648e+00 4.344739913940429688e+00 1.985544085502624512e+00 3.973360955715179443e-01 1.021387100219726562e+00
2.290107011795043945e+00 2.458345741033554077e-01 4.671773910522460938e+00 7.163835525512695312e+00 1.211118221282958984e+00 -1.345206737518310547e+00 2.067408084869384766e+00 -3.047996461391448975e-01 1.584111750125885010e-01 -1.001857757568359375e+00 -5.080224514007568359e+00 7.802919149398803711e-01 -2.267215013504028320e+00 2.237784624099731445e+00 -3.551394701004028320e+00 1.877832293510437012e+00 -2.183628082275390625e+00 -5.135568976402282715e-01 3.290058135986328125e+00 2.909538269042968750e+00
9.436281919479370117e-01 -3.210383415222167969e+00 1.875472784042358398e+00 1.229207754135131836e+00 2.256663799285888672e+00 2.362135887145996094e+00 2.668444156646728516e+00 4.109042167663574219e+00 -2.682874679565429688e+00 -1.135324120521545410e+00 9.219397306442260742e-01 2.503837108612060547e+00 -1.105035901069641113e+00 5.094022955745458603e-03 -6.717196702957153320e-01 3.971981108188629150e-01 4.170051515102386475e-01 5.939929008483886719e+00 -5.149499416351318359e+00 -2.140511989593505859e+00
1.483232736587524414e+00 3.720249176025390625e+00 -2.446252822875976562e+00 4.814726412296295166e-01 -1.599787116050720215e+00 1.971248626708984375e+00 -4.908160567283630371e-01 -1.094974160194396973e+00 1.182057142257690430e+00 -4.442551612854003906e+00 2.599578619003295898e+00 1.682688117027282715e+00 4.199616432189941406e+00 1.130437254905700684e+00 1.029245138168334961e+00 4.516656398773193359e+00 8.752512335777282715e-01 4.210245311260223389e-01 2.212109327316284180e+00 -8.076733350753784180e-01
-5.636389255523681641e-01 2.271892309188842773e+00 -3.041290044784545898e+00 8.447129726409912109e-01 5.489568710327148438e-01 -1.157835349440574646e-01 3.393792867660522461e+00 4.105034828186035156e+00 3.669901847839355469e+00 5.211412906646728516e+00 2.683225393295288086e+00 -2.790530920028686523e+00 -3.731724977493286133e+00 1.499325156211853027e+00 8.091095834970474243e-03 -1.651108413934707642e-01 5.768890380859375000e-01 -3.952434301376342773e+00 -1.118081092834472656e+00 -2.795487403869628906e+00
-2.530829191207885742e+00 4.445299148559570312e+00 -1.047745466232299805e+00 -1.759238839149475098e+00 1.159566402435302734e+00 -2.161296367645263672e+00 1.167883872985839844e+00 3.001636505126953125e+00 -2.495921611785888672e+00 -2.092032432556152344e+00 -6.129739284515380859e-01 2.137831926345825195e+00 2.150814771652221680e+00 -2.901247739791870117e+00 -2.045836687088012695e+00 4.243466854095458984e+00 1.475799202919006348e+00 3.069011449813842773e+00 1.290052890777587891e+00 3.164392948150634766e+00
-4.692470073699951172e+00 -2.176019906997680664e+00 -1.428146362304687500e+00 -3.453003764152526855e-01 -2.608990192413330078e+00 -3.242662906646728516e+00 3.841037750244140625e-01 -1.643850803375244141e+00 -2.959607124328613281e+00 -1.835990697145462036e-01 -3.533585071563720703e+00 5.487946510314941406e+00 4.571290016174316406e-01 -7.690045833587646484e-01 -8.651076555252075195e-01 2.299667835235595703e+00 2.326805830001831055e+00 2.553442001342773438e+00 -2.892324924468994141e+00 -1.180438637733459473e+00
-2.739284038543701172e+00 -5.008418560028076172e+00 -2.366333484649658203e+00 -5.284081459045410156e+00 2.343955039978027344e+00 -5.358896732330322266e+00 -1.197912216186523438e+00 5.456800460815429688e+00 3.644537925720214844e-01 3.774392127990722656e+00 8.541973829269409180e-01 4.554250717163085938e+00 -3.690026283264160156e+00 1.128461062908172607e-01 -1.633985519409179688e+00 2.717398881912231445e+00 3.961616277694702148e+00 1.887409329414367676e+00 -2.255659783259034157e-03 2.149101972579956055e+00
4.209138870239257812e+00 -1.418861269950866699e+00 4.568951129913330078e+00 9.234222173690795898e-01 1.263210535049438477e+00 -9.627205133438110352e-01 -3.798763513565063477e+00 2.434083461761474609e+00 -4.651659965515136719e+00 -3.973468840122222900e-01 -1.215661764144897461e+00 7.998693585395812988e-01 8.382612466812133789e-01 -1.511472105979919434e+00 6.732194423675537109e-01 6.602683067321777344e-01 -6.413330078125000000e+00 -4.502657890319824219e+00 4.887805938720703125e+00 -3.344563007354736328e+00
2.509969234466552734e+00 1.715854763984680176e+00 9.744620323181152344e-01 1.578678607940673828e+00 6.049491405487060547e+00 7.620152235031127930e-01 -5.938188433647155762e-01 2.575059533119201660e-01 2.859287500381469727e+00 2.619431257247924805e+00 -2.119462788105010986e-01 1.878695249557495117e+00 -2.083662986755371094e+00 1.243874788284301758e+00 3.375650167465209961e+00 -2.154550790786743164e+00 -3.673671722412109375e+00 5.224650859832763672e+00 -2.367887496948242188e+00 5.435956001281738281e+00
-1.028227448463439941e+00 -3.130213916301727295e-01 4.255022525787353516e+00 2.466859102249145508e+00 -8.714185953140258789e-01 5.115180015563964844e+00 7.547249644994735718e-02 2.162143468856811523e+00 -2.104901075363159180e+00 -4.098187983036041260e-01 3.798437356948852539e+00 8.513736724853515625e-01 3.953274965286254883e+00 5.871575355529785156e+00 -2.954862833023071289e+00 3.046076297760009766e+00 -3.649414777755737305e+00 2.334573507308959961e+00 -8.532565832138061523e-01 -3.566135644912719727e+00
1.138796448707580566e+00 -2.941639423370361328e+00 8.414624333381652832e-01 -1.413858890533447266e+00 -1.021783709526062012e+00 -2.610380649566650391e+00 5.120638847351074219e+00 -4.168097972869873047e+00 -1.425438404083251953e+00 4.660367369651794434e-01 -2.765269279479980469e+00 -1.690822392702102661e-01 1.787698268890380859e+00 9.078316092491149902e-01 5.660035610198974609e-01 3.023385763168334961e+00 3.737016677856445312e+00 -4.227656841278076172e+00 3.169794797897338867e+00 -1.433018922805786133e+00
-5.485718324780464172e-02 1.150152802467346191e+00 -9.895451664924621582e-01 -3.324854075908660889e-01 6.885141730308532715e-01 1.272656679153442383e+00 1.552316546440124512e+00 3.784987688064575195e+00 2.722911357879638672e+00 1.178176164627075195e+00 4.454738616943359375e+00 3.318526029586791992e+00 -2.254064321517944336e+00 -7.310821413993835449e-01 7.717694640159606934e-01 -8.933233618736267090e-01 8.969265818595886230e-01 -1.586915135383605957e+00 4.324832439422607422e+00 -1.253837823867797852e+00
3.742681026458740234e+00 1.196963071823120117e+00 1.079377532005310059e+00 2.317109346389770508e+00 3.969040155410766602e+00 -3.309944272041320801e-01 6.918807625770568848e-01 7.604020088911056519e-02 -3.978677034378051758e+00 -9.785739779472351074e-01 -1.068146586418151855e+00 -1.922997832298278809e+00 4.397057056427001953e+00 -4.643528163433074951e-01 1.160990715026855469e+00 1.457632660865783691e+00 -1.652102112770080566e+00 -2.250714063644409180e+00 7.861202359199523926e-01 -4.648282527923583984e+00
-7.180142402648925781e-01 -2.047055482864379883e+00 -1.277425646781921387e+00 -1.642642498016357422e+00 -9.841082096099853516e-01 1.413113713264465332e+00 2.257170915603637695e+00 2.468732118606567383e+00 -9.241949915885925293e-01 -7.470206618309020996e-01 -2.300622701644897461e+00 1.639223575592041016e+00 -2.593119382858276367e+00 -5.367177963256835938e+00 1.177592635154724121e+00 -7.468217611312866211e-01 2.668490171432495117e+00 2.837439298629760742e+00 1.709265947341918945e+00 -3.237697124481201172e+00
-3.360713645815849304e-02 -1.150956273078918457e+00 2.198722124099731445e+00 -2.418369203805923462e-01 2.106161117553710938e+00 3.133337974548339844e+00 -3.294312477111816406e+00 -6.196111440658569336e-01 -1.320264220237731934e+00 3.586153090000152588e-01 -1.577241420745849609e+00 -8.756551146507263184e-01 4.028282642364501953e+00 2.193106412887573242e+00 1.528765797615051270e+00 -1.245877861976623535e+00 1.613937497138977051e+00 -2.361996918916702271e-01 -4.268531799316406250e+00 1.353981733322143555e+00
2.918258607387542725e-01 3.810290813446044922e+00 -4.518234729766845703e+00 -1.962762594223022461e+00 -1.526894450187683105e+00 -1.160905957221984863e+00 2.804527997970581055e+00 -3.972429752349853516e+00 -1.379995226860046387e+00 -2.559019565582275391e+00 -1.549806594848632812e+00 -1.374103575944900513e-01 2.910031795501708984e+00 1.210801005363464355e-01 1.911877751350402832e+00 -6.605031490325927734e-01 -3.060388326644897461e+00 -4.061357975006103516e+00 2.050306558609008789e+00 2.395351648330688477e+00
-3.370108604431152344e+00 4.380454063415527344e+00 1.588405728340148926e+00 -1.555499315261840820e+00 -5.587681531906127930e-01 1.785325288772583008e+00 4.413314819335937500e+00 -1.414764970541000366e-01 2.183419227600097656e+00 -1.823016762733459473e+00 -2.427042722702026367e+00 -3.609153255820274353e-02 -3.727043151855468750e+00 -1.151510119438171387e+00 2.245198965072631836e+00 -2.679420948028564453e+00 -8.659341931343078613e-01 -1.366408944129943848e+00 1.748918533325195312e+00 1.591627597808837891e-01
-1.843966126441955566e+00 7.731453776359558105e-01 1.019003510475158691e+00 1.511759161949157715e+00 -3.722974956035614014e-01 -8.235599398612976074e-01 -3.793971776962280273e+00 -8.596197962760925293e-01 -1.189070820808410645e+00 1.818137407302856445e+00 -2.015128850936889648e+00 -1.352778911590576172e+00 2.220694065093994141e+00 -1.065152764320373535e+00 -8.298268318176269531e-01 -5.709712505340576172e-01 9.015936851501464844e-01 1.131015539169311523e+00 8.358630537986755371e-01 -2.439881324768066406e+00
1.071676850318908691e+00 1.483197689056396484e+00 -7.138965278863906860e-02 -8.004649281501770020e-01 5.266993999481201172e+00 2.968299865722656250e+00 2.388746738433837891e+00 -3.645271301269531250e+00 3.318582773208618164e-01 -2.300105094909667969e+00 -3.740789592266082764e-01 -3.486295700073242188e+00 3.308443546295166016e+00 6.676528453826904297e-01 2.849848747253417969e+00 9.002284705638885498e-02 1.286732077598571777e+00 -3.149447441101074219e-01 -4.150309562683105469e+00 -6.306695342063903809e-01
-7.349531166255474091e-03 -2.250872611999511719e+00 4.693949699401855469e+00 -9.934248924255371094e-01 -2.679461717605590820e+00 -3.075426816940307617e-02 -9.580471515655517578e-01 1.331037759780883789e+00 1.307163834571838379e+00 1.668744564056396484e+00 7.717646956443786621e-01 -8.726695179939270020e-01 2.622858285903930664e+00 -1.979389429092407227e+00 1.851584434509277344e+00 -2.321191549301147461e+00 -2.035530567169189453e+00 1.368889957666397095e-01 -3.190057754516601562e+00 -8.485113382339477539e-01
-2.009997606277465820e+00 3.110275745391845703e+00 -7.651693820953369141e-01 7.307760119438171387e-01 -6.304609775543212891e-01 -7.823594808578491211e-01 -3.444648087024688721e-01 -2.620572566986083984e+00 -3.422329425811767578e+00 -2.209601640701293945e+00 -6.569421887397766113e-01 -2.785332679748535156e+00 1.104625105857849121e+00 -3.114087820053100586e+00 1.419340491294860840e+00 1.302560329437255859e+00 -1.214227080345153809e+00 9.717700630426406860e-02 -1.179091572761535645e+00 -5.631508231163024902e-01
7.032852172851562500e-01 -4.500771999359130859e+00 -2.156419277191162109e+00 3.921218395233154297e+00 2.840789794921875000e+00 1.901697874069213867e+00 -3.698902726173400879e-01 -4.945353984832763672e+00 5.583483576774597168e-01 -1.307410240173339844e+00 4.615811824798583984e+00 4.653045654296875000e+00 -8.924672007560729980e-02 -2.010904788970947266e+00 -7.724143862724304199e-01 3.361294984817504883e+00 2.622128486633300781e+00 3.267430782318115234e+00 2.384387969970703125e+00 2.570595264434814453e+00
-1.540519595146179199e-01 -2.973281621932983398e+00 3.256189823150634766e+00 -6.240037679672241211e-01 -1.525523424148559570e+00 3.961224555969238281e+00 -1.446519136428833008e+00 -5.877150297164916992e-01 8.673423528671264648e-01 1.262792199850082397e-01 -2.666471242904663086e+00 1.878253459930419922e+00 -9.833393096923828125e-01 -2.869585752487182617e+00 7.221021652221679688e-01 -2.811482906341552734e+00 -1.467772006988525391e+00 -5.384734272956848145e-01 -5.329291895031929016e-02 1.738929271697998047e+00
3.353815555572509766e+00 1.088525578379631042e-01 2.679239273071289062e+00 7.785474658012390137e-01 -3.248618841171264648e+00 -4.051388740539550781e+00 -3.293251276016235352e+00 -8.829652667045593262e-01 -2.012372970581054688e+00 -5.862000584602355957e-01 -3.078918933868408203e+00 -9.901742339134216309e-01 4.347685337066650391e+00 -4.705720022320747375e-02 -2.346927165985107422e+00 -6.014437414705753326e-03 1.581501245498657227e+00 -1.045586943626403809e+00 9.855352342128753662e-02 4.646518707275390625e+00
-3.579024314880371094e+00 6.166341781616210938e+00 4.226526737213134766e+00 2.405684232711791992e+00 6.259371638298034668e-01 2.802304267883300781e+00 -1.288025856018066406e+00 -3.691688299179077148e+00 9.936311244964599609e-01 -1.688526868820190430e+00 2.372704505920410156e+00 -7.597232460975646973e-01 -2.442177057266235352e+00 -3.598159790039062500e+00 1.193557500839233398e+00 -3.429098844528198242e+00 -2.930516004562377930e+00 -1.361899375915527344e+00 -2.716420888900756836e+00 -1.329543709754943848e+00
-2.001066952943801880e-01 3.267817735671997070e+00 5.788108706474304199e-01 -6.134940981864929199e-01 -3.016593754291534424e-01 8.891224265098571777e-01 -3.660024404525756836e+00 -2.118551731109619141e+00 -5.430327892303466797e+00 5.517587661743164062e+00 -2.737278938293457031e+00 3.544236123561859131e-01 4.490619659423828125e+00 7.324132323265075684e-01 -2.063474178314208984e+00 4.422079026699066162e-01 6.255271434783935547e-01 -4.216002464294433594e+00 -5.336285114288330078e+00 -6.434392333030700684e-01
-4.407379627227783203e+00 -6.661479473114013672e-01 2.542131185531616211e+00 -1.068403944373130798e-02 7.844561934471130371e-01 5.857228636741638184e-01 -1.308356761932373047e+00 -2.257373094558715820e+00 6.582202911376953125e-01 -1.249729156494140625e+00 4.496897697448730469e+00 -5.634351253509521484e+00 2.079499006271362305e+00 3.670229196548461914e+00 1.036152243614196777e+00 6.304374217987060547e+00 -2.664626836776733398e-01 2.002300977706909180e+00 8.298853039741516113e-01 -5.790343880653381348e-01
-2.237243175506591797e+00 3.008641004562377930e+00 9.641149640083312988e-02 3.908679008483886719e+00 3.437704801559448242e+00 5.857254028320312500e+00 1.931147463619709015e-02 -3.172661781311035156e+00 -1.649379253387451172e+00 3.072837591171264648e+00 1.217362999916076660e+00 5.241137981414794922e+00 -5.018249988555908203e+00 1.956759452819824219e+00 -1.804253578186035156e+00 3.780500173568725586e+00 -4.769210815429687500e-01 4.057892322540283203e+00 -2.161706209182739258e+00 1.138929843902587891e+00
-6.980177879333496094e+00 -2.623645961284637451e-01 2.225671768188476562e+00 1.484415292739868164e+00 2.001515388488769531e+00 -2.592196702957153320e+00 -4.011929035186767578e+00 -4.203528463840484619e-01 6.415861606597900391e+00 8.350296020507812500e-01 -1.706651091575622559e+00 -2.413764238357543945e+00 6.990820765495300293e-01 1.653807282447814941e+00 -2.309185743331909180e+00 -2.283140420913696289e+00 4.895719051361083984e+00 3.276702404022216797e+00 2.534369230270385742e+00 -3.212067842483520508e+00
-1.939162969589233398e+00 1.248852491378784180e+00 -2.535617589950561523e+00 -1.366881728172302246e+00 4.410665035247802734e+00 -3.771379470825195312e+00 -1.437174081802368164e+00 9.881889224052429199e-01 2.866982221603393555e+00 2.108017683029174805e+00 -2.049047470092773438e+00 -8.646631240844726562e-01 4.381187915802001953e+00 2.571957588195800781e+00 1.476955771446228027e+00 4.710452556610107422e+00 1.771233797073364258e+00 -5.092535018920898438e-01 1.336613744497299194e-01 2.413515806198120117e+00
5.033632755279541016e+00 -2.324595451354980469e+00 1.384552121162414551e+00 1.225353479385375977e+00 3.032144546508789062e+00 2.933493614196777344e+00 4.296897888183593750e+00 1.689689040184020996e+00 8.028453588485717773e-01 -5.125275611877441406e+00 -1.080694317817687988e+00 2.820839405059814453e+00 3.463914155960083008e+00 3.884796619415283203e+00 1.551902741193771362e-01 -1.556371688842773438e+00 4.585402965545654297e+00 2.326586395502090454e-01 -5.555077791213989258e-01 -3.941129922866821289e+00
-2.081141710281372070e+00 7.339298725128173828e-01 -2.330467224121093750e+00 -1.193078160285949707e+00 2.355329513549804688e+00 9.009788036346435547e-01 -7.820818424224853516e-01 -1.391479820013046265e-01 -3.183999061584472656e+00 4.609710872173309326e-01 1.709337472915649414e+00 -8.344780802726745605e-01 -8.649625778198242188e-01 3.082498073577880859e+00 -1.940827131271362305e+00 3.346392512321472168e-01 -1.751469969749450684e-01 2.230651855468750000e+00 2.465503931045532227e+00 -2.146997600793838501e-01
2.673138618469238281e+00 -1.847005486488342285e+00 7.980100512504577637e-01 1.791908144950866699e-01 3.109454512596130371e-01 2.341136217117309570e+00 1.465029716491699219e+00 -3.238184690475463867e+00 -2.885333597660064697e-01 -1.225036263465881348e+00 1.347053527832031250e+00 -4.737137317657470703e+00 1.918542146682739258e+00 3.896031141281127930e+00 3.410214781761169434e-01 -2.260875403881072998e-01 -4.715985655784606934e-01 3.474285602569580078e+00 -4.046432495117187500e+00 8.019652366638183594e-01
7.963064312934875488e-01 2.709275484085083008e+00 2.503241539001464844e+00 -2.036157995462417603e-01 -9.329625368118286133e-01 -2.297747135162353516e+00 -8.649749159812927246e-01 2.945470333099365234e+00 -5.429913520812988281e+00 -4.268246650695800781e+00 4.341957569122314453e+00 2.910478591918945312e+00 -5.693304061889648438e+00 9.320859313011169434e-01 2.931771039962768555e+00 1.763060212135314941e+00 6.996667385101318359e-01 1.168047428131103516e+00 1.862183809280395508e+00 -1.187204837799072266e+00
-8.615049123764038086e-01 -2.727898597717285156e+00 3.241920948028564453e+00 -1.501655578613281250e+00 1.170055508613586426e+00 4.266385078430175781e+00 -4.239735603332519531e+00 -1.024628162384033203e+00 2.842131137847900391e+00 -1.859652698040008545e-01 1.899104475975036621e+00 1.220912337303161621e+00 1.625329732894897461e+00 1.453644871711730957e+00 4.954344749450683594e+00 1.127082347869873047e+00 3.724181652069091797e+00 -4.028136134147644043e-01 2.686024665832519531e+00 2.021275043487548828e+00
-3.538803815841674805e+00 -7.776117324829101562e-01 1.445436596870422363e+00 -2.937594890594482422e+00 -3.539695739746093750e-01 3.351606607437133789e+00 -1.847963809967041016e+00 -3.182523488998413086e+00 -2.762214183807373047e+00 4.901491641998291016e+00 2.933269023895263672e+00 3.426210880279541016e+00 -5.625021457672119141e-01 -2.269694328308105469e+00 4.757264256477355957e-01 1.448431134223937988e+00 -2.494274616241455078e+00 -6.705231666564941406e-01 1.666773557662963867e-01 -3.614638149738311768e-01
2.851994037628173828e+00 1.627302050590515137e+00 2.389686107635498047e+00 1.118509396910667419e-01 -2.475543737411499023e+00 7.272509336471557617e-01 -2.882678508758544922e+00 -3.189091682434082031e+00 -7.174727320671081543e-02 -2.110008239746093750e+00 -3.360150337219238281e+00 -6.684523224830627441e-01 4.662427902221679688e-01 1.211975574493408203e+00 2.261026382446289062e+00 -4.822688102722167969e+00 -1.849951386451721191e+00 1.252836883068084717e-01 2.310101270675659180e+00 -1.552432775497436523e+00
3.246622323989868164e+00 8.116475343704223633e-01 -3.540076017379760742e-01 -4.188950538635253906e+00 -5.176840424537658691e-01 -1.651943325996398926e+00 5.262037754058837891e+00 2.304785251617431641e+00 -2.007184982299804688e+00 3.775017738342285156e+00 -5.640505552291870117e-01 -2.538922071456909180e+00 5.441743731498718262e-01 -1.317840576171875000e+00 -1.784553527832031250e+00 -1.094775274395942688e-01 -9.709579944610595703e-01 4.433514118194580078e+00 1.292823910713195801e+00 2.091035366058349609e+00
-9.814232587814331055e-01 1.165322214365005493e-01 4.821930885314941406e+00 -2.617121636867523193e-01 -2.157794475555419922e+00 2.359261989593505859e+00 -9.721007943153381348e-01 -1.724349617958068848e+00 1.560893774032592773e+00 -2.912308692932128906e+00 5.788064599037170410e-01 9.443190693855285645e-01 2.399742126464843750e+00 -9.125385880470275879e-01 1.032793879508972168e+00 7.184668779373168945e-01 -1.759619235992431641e+00 1.331756114959716797e+00 -5.006187438964843750e+00 -3.151571750640869141e-01
-3.310204029083251953e+00 2.028276920318603516e+00 -3.082335948944091797e+00 5.507732868194580078e+00 -2.474854886531829834e-02 1.308279335498809814e-01 -3.865635395050048828e+00 -1.887604296207427979e-01 -2.368187665939331055e+00 -2.694640398025512695e+00 2.159601688385009766e+00 -1.462534666061401367e+00 4.930202484130859375e+00 -6.162282228469848633e-01 1.230601072311401367e+00 9.359127879142761230e-01 3.256019592285156250e+00 -9.096449017524719238e-01 2.057466506958007812e+00 -1.320102810859680176e-01
1.137802004814147949e-01 1.707441329956054688e+00 2.007967472076416016e+00 -7.045816183090209961e-01 6.398586630821228027e-01 -1.588882327079772949e+00 3.356776475906372070e+00 -2.935572147369384766e+00 8.338531255722045898e-01 -1.708165168762207031e+00 5.961068153381347656e+00 6.031904816627502441e-01 2.825362086296081543e-01 2.664569318294525146e-01 -2.178601503372192383e+00 1.796805858612060547e+00 1.278330564498901367e+00 4.540409088134765625e+00 4.228625297546386719e+00 4.911147654056549072e-01
-4.699029922485351562e+00 -1.348292231559753418e-01 2.388391971588134766e+00 -3.555259704589843750e+00 2.100310087203979492e+00 1.495975255966186523e+00 -4.476483762264251709e-01 3.433280289173126221e-01 2.434953689575195312e+00 -2.647185325622558594e+00 -2.278064012527465820e+00 9.497584700584411621e-01 -3.783850669860839844e+00 -1.181497097015380859e+00 -2.373309850692749023e+00 -2.225688219070434570e+00 -4.885976314544677734e-01 6.289674639701843262e-01 3.238491773605346680e+00 1.946357488632202148e+00
9.779177904129028320e-01 -2.889452934265136719e+00 6.482965350151062012e-01 3.992120265960693359e+00 -1.174431681632995605e+00 -1.442661762237548828e+00 -5.287915706634521484e+00 -1.951428651809692383e+00 -3.585989236831665039e+00 2.096359252929687500e+00 5.361989498138427734e+00 -3.320104360580444336e+00 -7.184394598007202148e-01 3.003509283065795898e+00 1.090840339660644531e+00 -3.400029659271240234e+00 4.313909053802490234e+00 2.918595552444458008e+00 -2.284025907516479492e+00 1.787952423095703125e+00
4.540551662445068359e+00 -2.600281953811645508e+00 1.223284721374511719e+00 -3.046581983566284180e+00 -4.898400783538818359e+00 -4.122107028961181641e+00 -9.392742514610290527e-01 -1.308546423912048340e+00 2.408884763717651367e+00 2.040147781372070312e+00 -1.090545296669006348e+00 5.562252521514892578e+00 5.240660190582275391e+00 -2.925541400909423828e+00 -1.510146975517272949e+00 -2.700098752975463867e+00 -6.451644301414489746e-01 8.853508234024047852e-01 1.132886052131652832e+00 1.179356336593627930e+00
1.574121832847595215e+00 -1.635523200035095215e+00 4.583407878875732422e+00 -4.602905750274658203e+00 7.288554310798645020e-01 -1.067679405212402344e+00 5.757140517234802246e-01 1.615278422832489014e-01 3.293650627136230469e+00 -7.331362366676330566e-01 -3.759092330932617188e+00 1.542264580726623535e+00 1.374320626258850098e+00 -3.168855190277099609e+00 -7.567883133888244629e-01 -2.254401445388793945e+00 -5.365643501281738281e-01 -4.155048847198486328e+00 -2.351143121719360352e+00 -8.575224876403808594e-01
5.325942516326904297e+00 -4.563722610473632812e-01 -1.846251130104064941e+00 -1.911405324935913086e+00 -6.587249636650085449e-01 2.929157018661499023e+00 2.506604671478271484e+00 -3.588388919830322266e+00 1.715638488531112671e-01 -9.929652810096740723e-01 3.440506935119628906e+00 1.077211499214172363e+00 1.235055565834045410e+00 1.139704346656799316e+00 2.565620422363281250e+00 -1.452489137649536133e+00 -4.467736244201660156e+00 -1.094219803810119629e+00 2.559469461441040039e+00 1.043446540832519531e+00
3.307515382766723633e+00 4.872183129191398621e-02 -2.852752923965454102e+00 6.897673606872558594e-01 -4.938478469848632812e+00 2.601512968540191650e-01 1.067671418190002441e+00 5.257359147071838379e-01 2.037333250045776367e+00 -9.540792703628540039e-01 -1.539681196212768555e+00 -2.249526023864746094e+00 -2.841206789016723633e-01 2.384196281433105469e+00 2.207050800323486328e+00 -1.327652573585510254e+00 -4.750287532806396484e+00 5.709681987762451172e+00 -5.798522830009460449e-01 -5.354351043701171875e+00
9.106469899415969849e-02 -4.021247386932373047e+00 -3.821485042572021484e-01 2.936631441116333008e+00 3.844882488250732422e+00 -7.854144573211669922e-01 -3.190449237823486328e+00 -1.404508762061595917e-02 2.290608167648315430e+00 2.217657327651977539e+00 4.211451530456542969e+00 1.551686048507690430e+00 2.313641548156738281e+00 3.731897354125976562e+00 2.339371204376220703e+00 1.418832968920469284e-02 -4.858958244323730469e+00 -3.996845722198486328e+00 -4.469347298145294189e-01 1.760849595069885254e+00
-2.962059020996093750e+00 -4.732776165008544922e+00 1.003902792930603027e+00 2.152980566024780273e+00 -3.962207794189453125e+00 -8.828375935554504395e-01 -3.014022588729858398e+00 -4.250952899456024170e-01 -2.693846464157104492e+00 4.571330070495605469e+00 6.969794631004333496e-01 9.923706650733947754e-01 3.140606403350830078e+00 3.994201421737670898e+00 1.704654335975646973e+00 -9.251810610294342041e-02 -2.856175899505615234e-01 -2.815184354782104492e+00 -1.020150184631347656e+00 3.857965469360351562e+00
8.439876437187194824e-01 -3.061705112457275391e+00 -1.616653203964233398e+00 2.112980127334594727e+00 3.371104001998901367e-01 -3.286108493804931641e+00 -7.255981564521789551e-01 3.088370323181152344e+00 1.164599537849426270e+00 1.731876611709594727e+00 -1.647220849990844727e+00 -1.027093380689620972e-01 1.831066489219665527e+00 2.521734952926635742e+00 -4.399869441986083984e-01 -4.061677455902099609e+00 1.521792173385620117e+00 1.790095716714859009e-01 -3.274452447891235352e+00 4.000177383422851562e+00
-8.037246465682983398e-01 1.926068186759948730e+00 -1.470836997032165527e+00 -4.211463332176208496e-01 4.095970630645751953e+00 3.105462074279785156e+00 -3.632322788238525391e+00 1.534287452697753906e+00 -2.602056264877319336e+00 -5.872562527656555176e-01 1.238088607788085938e+00 -1.201149914413690567e-02 -4.392712116241455078e+00 1.390470027923583984e+00 -3.143260955810546875e+00 1.770877599716186523e+00 -1.579385042190551758e+00 -2.598961591720581055e+00 3.108093976974487305e+00 -2.490404844284057617e+00
3.448378562927246094e+00 2.581964015960693359e+00 4.195851325988769531e+00 -2.753169298171997070e+00 -6.557881832122802734e-01 1.065331220626831055e+00 7.076790332794189453e-01 3.443857431411743164e+00 -2.706571817398071289e+00 1.051081657409667969e+00 2.379413843154907227e+00 1.149457216262817383e+00 -2.451017379760742188e+00 -1.515671014785766602e+00 1.367512583732604980e+00 1.800909161567687988e+00 -4.313495635986328125e+00 9.694558978080749512e-01 7.249262928962707520e-01 2.118834495544433594e+00
1.150104165077209473e+00 -6.506098508834838867e-01 2.895099163055419922e+00 -2.681348085403442383e+00 1.540467858314514160e+00 -2.786350011825561523e+00 4.504028558731079102e-01 -2.076403856277465820e+00 4.123263359069824219e+00 -1.557166934013366699e+00 -2.006518840789794922e+00 -2.145319461822509766e+00 9.770141243934631348e-01 2.136574268341064453e+00 5.113363742828369141e+00 1.869950652122497559e+00 1.962229967117309570e+00 -8.657915145158767700e-02 2.435656785964965820e+00 5.620099544525146484e+00
2.019424200057983398e+00 5.653919696807861328e+00 -2.222342252731323242e+00 -2.721444606781005859e+00 5.871866703033447266e+00 3.058571100234985352e+00 3.454081535339355469e+00 -3.004222869873046875e+00 3.123746156692504883e+00 2.573297262191772461e+00 -3.706751108169555664e+00 5.267736315727233887e-01 -4.791529178619384766e-01 2.482159137725830078e+00 -4.866576492786407471e-01 4.276418089866638184e-01 2.448630094528198242e+00 -1.104597449302673340e+00 7.329323291778564453e-01 1.322131007909774780e-01
1.992368936538696289e+00 3.949419498443603516e+00 -2.597938776016235352e+00 -1.485196828842163086e+00 1.193429708480834961e+00 -5.516040325164794922e+00 -1.761965870857238770e+00 1.175867393612861633e-01 3.883200645446777344e+00 1.215009093284606934e+00 -4.530648231506347656e+00 -3.410267591476440430e+00 1.684376358985900879e+00 2.263308763504028320e+00 3.340782523155212402e-01 -2.259660482406616211e+00 -2.600094079971313477e-01 -2.434977531433105469e+00 3.510248661041259766e-01 5.244246721267700195e-01
5.357841014862060547e+00 -1.559217691421508789e+00 -1.016101002693176270e+00 -1.179389476776123047e+00 -8.637526035308837891e-01 9.687729179859161377e-02 -1.843740224838256836e+00 1.123268008232116699e+00 -1.756418228149414062e+00 3.421057224273681641e+00 -2.568763256072998047e+00 -4.662533760070800781e+00 1.205496549606323242e+00 -3.363323956727981567e-02 -1.143362283706665039e+00 3.192818641662597656e+00 6.786430478096008301e-01 -2.672630071640014648e+00 2.035376548767089844e+00 5.941165089607238770e-01
-4.110182285308837891e+00 -1.609821438789367676e+00 2.539466619491577148e+00 -1.728559494018554688e+00 4.831824779510498047e+00 1.776102781295776367e+00 2.387186765670776367e+00 -1.297751069068908691e-01 -4.702884197235107422e+00 -6.829548478126525879e-01 2.033933401107788086e+00 4.153377532958984375e+00 -3.931105613708496094e+00 -4.200747609138488770e-01 7.775423675775527954e-02 2.328702211380004883e+00 -7.116602659225463867e-01 4.659079551696777344e+00 6.136894226074218750e-01 -1.575896859169006348e+00
1.227557659149169922e+00 3.648310899734497070e+00 1.022012710571289062e+00 -8.874560594558715820e-01 -3.523444652557373047e+00 1.070089578628540039e+00 6.389059424400329590e-01 -3.424258232116699219e-01 5.852036476135253906e-01 7.968543171882629395e-01 -7.865501046180725098e-01 1.393321454524993896e-01 2.798777341842651367e+00 1.565509140491485596e-01 3.955350518226623535e-01 4.311846733093261719e+00 -1.561556816101074219e+00 -5.177765846252441406e+00 -1.696529865264892578e+00 -2.281140804290771484e+00
-3.683935880661010742e+00 -1.936532258987426758e-01 3.331004619598388672e+00 -1.573186993598937988e+00 -3.571766138076782227e+00 -1.731062978506088257e-01 2.726380348205566406e+00 -2.494364500045776367e+00 5.526525497436523438e+00 9.746789932250976562e-01 -1.063360929489135742e+00 2.552367150783538818e-01 -2.575809717178344727e+00 -1.362372398376464844e+00 1.106523752212524414e+00 -1.268326997756958008e+00 4.806061744689941406e+00 2.525114774703979492e+00 -2.238444566726684570e+00 -3.739313840866088867e+00
4.218273639678955078e+00 -2.245396614074707031e+00 4.784055709838867188e+00 1.025443434715270996e+00 -1.597052216529846191e+00 -2.794489383697509766e+00 1.405163645744323730e+00 3.041893720626831055e+00 4.757972359657287598e-01 -3.549226045608520508e+00 3.760955095291137695e+00 1.357519268989562988e+00 1.289010167121887207e+00 -2.399511933326721191e-01 1.595494985580444336e+00 -5.613289475440979004e-01 4.695405960083007812e+00 8.098414540290832520e-01 3.835491538047790527e-01 3.911311388015747070e+00
-1.312802791595458984e+00 -1.413784742355346680e+00 -4.458110809326171875e+00 1.018694043159484863e+00 3.022857666015625000e+00 4.001370429992675781e+00 -2.630910158157348633e+00 1.006188273429870605e+00 -4.730425477027893066e-01 -1.730442643165588379e+00 3.202076435089111328e+00 -4.072304248809814453e+00 -2.055882930755615234e+00 3.223881244659423828e+00 -4.207285404205322266e+00 -3.297453820705413818e-01 3.407655239105224609e+00 3.367264509201049805e+00 3.619054079055786133e+00 -1.112532258033752441e+00
1.062721967697143555e+00 1.434734344482421875e+00 -1.157258510589599609e+00 2.357264757156372070e-01 1.170636892318725586e+00 3.581913948059082031e+00 -1.323286294937133789e+00 3.072322845458984375e+00 4.048402786254882812e+00 -2.243460178375244141e+00 2.377302885055541992e+00 1.765844941139221191e+00 -4.434214115142822266e+00 -1.045216619968414307e-01 -2.929378032684326172e+00 -5.208557704463601112e-04 -1.243247985839843750e+00 -1.294797062873840332e+00 7.393825054168701172e-02 -2.248693227767944336e+00
2.123498916625976562e+00 2.823700904846191406e+00 -1.711870193481445312e+00 -2.204012155532836914e+00 2.761592626571655273e+00 -4.384573459625244141e+00 -3.843738555908203125e+00 4.266752243041992188e+00 -1.938483595848083496e+00 -2.974223613739013672e+00 1.596340179443359375e+00 -4.876040816307067871e-01 -4.835241794586181641e+00 -2.576935291290283203e+00 -3.157311677932739258e-01 -8.737527132034301758e-01 5.050253868103027344e-01 3.020186901092529297e+00 5.441786766052246094e+00 3.485082387924194336e+00
-1.566487252712249756e-01 -7.448592782020568848e-01 3.414091587066650391e+00 -9.763892292976379395e-01 1.333936929702758789e+00 -1.709461212158203125e+00 -1.123256087303161621e+00 3.265452861785888672e+00 -1.725583076477050781e+00 -4.121079444885253906e+00 5.497794747352600098e-01 2.722099542617797852e+00 1.850820779800415039e+00 -4.895006179809570312e+00 -1.309257388114929199e+00 4.720495045185089111e-01 7.710879445075988770e-01 3.173331022262573242e+00 -7.806860208511352539e-01 -7.899211645126342773e-01
3.066518306732177734e+00 -2.706171512603759766e+00 1.512812614440917969e+00 -3.497288703918457031e+00 -1.137295842170715332e+00 -3.524504423141479492e+00 5.328126996755599976e-02 3.215093374252319336e+00 1.026096582412719727e+00 -1.414843440055847168e+00 -1.695412516593933105e+00 -1.374233961105346680e+00 3.152309060096740723e-01 -6.715294718742370605e-01 -8.211253583431243896e-02 -1.841385722160339355e+00 -1.054081201553344727e+00 -2.201849937438964844e+00 -2.642539262771606445e+00 2.140098512172698975e-01
3.562062740325927734e+00 -4.449718296527862549e-01 -4.924929141998291016e-01 -5.709522962570190430e-01 -2.709872722625732422e+00 -1.422377228736877441e+00 3.252582788467407227e+00 8.139305114746093750e-01 -5.759579181671142578e+00 3.255494117736816406e+00 3.164273500442504883e+00 -1.858824610710144043e+00 3.461924567818641663e-02 4.662824153900146484e+00 4.847305774688720703e+00 -3.094324588775634766e+00 -4.783861935138702393e-01 4.658806622028350830e-01 1.356397747993469238e+00 -9.908178448677062988e-01
6.751535832881927490e-02 -1.474788188934326172e+00 3.084929227828979492e+00 -2.484909296035766602e+00 -2.850524783134460449e-01 1.741392493247985840e+00 -3.776971578598022461e+00 -7.508321404457092285e-01 1.739332675933837891e+00 4.075935840606689453e+00 -4.512547969818115234e+00 -6.036004424095153809e-01 1.029796004295349121e+00 2.450512409210205078e+00 4.718914985656738281e+00 5.097018718719482422e+00 -1.314692735671997070e+00 -7.610205411911010742e-01 2.131278038024902344e+00 -8.721282333135604858e-02
5.350770473480224609e+00 1.207198739051818848e+00 -1.494863390922546387e+00 4.785414695739746094e+00 3.468752622604370117e+00 2.185807466506958008e+00 2.196227788925170898e+00 -5.863499164581298828e+00 -4.513937532901763916e-01 4.511352062225341797e+00 -2.514162361621856689e-01 -5.702118277549743652e-01 1.223201155662536621e+00 -8.735237121582031250e-01 1.322177529335021973e+00 5.204935550689697266e+00 1.443097472190856934e+00 1.621895909309387207e+00 -2.925470113754272461e+00 -3.114141464233398438e+00
1.071865439414978027e+00 2.142390489578247070e+00 2.468989603221416473e-02 1.757705807685852051e+00 4.175047278404235840e-01 3.070953369140625000e+00 1.046207427978515625e+00 -1.744049787521362305e+00 -4.218204915523529053e-01 2.610931158065795898e+00 -7.620444893836975098e-01 -2.432924985885620117e+00 -5.312300324440002441e-01 -1.680823922157287598e+00 1.808775782585144043e+00 -1.145767450332641602e+00 -2.159477949142456055e+00 2.895646810531616211e+00 -1.885495662689208984e+00 -1.778742313385009766e+00
-4.869712591171264648e-01 2.354496479034423828e+00 2.391254663467407227e+00 2.969176769256591797e+00 -4.438315391540527344e+00 2.648847579956054688e+00 1.781185388565063477e+00 -5.215291023254394531e+00 2.083023339509963989e-01 -3.244455575942993164e+00 2.723611354827880859e+00 2.758334636688232422e+00 -1.367372393608093262e+00 -1.159274458885192871e+00 7.593137025833129883e-01 1.354029774665832520e+00 -4.262627601623535156e+00 1.657892942428588867e+00 1.289135456085205078e+00 1.339401602745056152e+00
-1.133807539939880371e+00 -4.446258068084716797e+00 9.312720894813537598e-01 2.087620258331298828e+00 -5.365037441253662109e+00 1.570276618003845215e-01 -2.580504655838012695e+00 1.336586475372314453e+00 -2.989184141159057617e+00 -1.934343814849853516e+00 1.893002152442932129e+00 7.603656649589538574e-01 4.714640140533447266e+00 1.081622362136840820e+00 6.429795622825622559e-01 -3.485728025436401367e+00 -3.445007801055908203e+00 3.159487247467041016e+00 3.442202806472778320e-01 -2.687813282012939453e+00
4.193974018096923828e+00 -1.387803163379430771e-02 -8.874763846397399902e-01 3.351350307464599609e+00 -5.128186225891113281e+00 -3.005748093128204346e-01 -8.172361850738525391e-01 1.011187911033630371e+00 -1.799470543861389160e+00 3.232761383056640625e+00 -1.201880931854248047e+00 -6.078776121139526367e-01 5.267355442047119141e-01 3.802413940429687500e+00 -9.904666543006896973e-01 -6.162959337234497070e-01 4.040186405181884766e+00 2.146198302507400513e-01 4.955152398906648159e-04 -1.563155651092529297e+00
-5.069417357444763184e-01 -1.119835853576660156e+00 1.866532444953918457e+00 -1.565844297409057617e+00 5.161219239234924316e-01 -2.538865327835083008e+00 2.700048208236694336e+00 -8.755251020193099976e-02 4.398437500000000000e+00 2.331364393234252930e+00 2.963804639875888824e-02 1.044203400611877441e+00 -1.722001910209655762e+00 -1.029617309570312500e+00 -3.406629323959350586e+00 1.692942380905151367e+00 -2.923768043518066406e+00 -8.772276043891906738e-01 -3.606686353683471680e+00 -4.503649234771728516e+00
2.921705961227416992e+00 5.595242381095886230e-01 -5.809759140014648438e+00 -1.196207404136657715e+00 3.622213125228881836e+00 -1.322096228599548340e+00 2.655288219451904297e+00 3.886590600013732910e-01 -3.243208885192871094e+00 3.726756811141967773e+00 5.417674064636230469e+00 -3.303767919540405273e+00 -3.529258728027343750e+00 4.158611774444580078e+00 -3.528858423233032227e+00 3.337424278259277344e+00 1.581732869148254395e+00 -4.740329980850219727e-01 1.619685411453247070e+00 5.102173805236816406e+00
-2.280094623565673828e-01 5.352599024772644043e-01 3.939230442047119141e+00 9.020549654960632324e-01 -3.470145165920257568e-01 -1.473625183105468750e+00 1.025118589401245117e+00 2.133364677429199219e+00 -2.895417690277099609e+00 -1.900690317153930664e+00 -1.257271647453308105e+00 -2.411164999008178711e+00 5.584620952606201172e+00 -5.250980257987976074e-01 -9.352878332138061523e-01 5.042006492614746094e+00 -1.182967305183410645e+00 -3.633143424987792969e+00 -3.657506465911865234e+00 2.176495313644409180e+00
-1.407410621643066406e+00 -1.001602649688720703e+00 -6.575044393539428711e-01 2.606480717658996582e-01 4.188459873199462891e+00 -1.301378250122070312e+00 5.328796386718750000e+00 -1.081090807914733887e+00 -4.480714797973632812e+00 3.784041404724121094e+00 1.763996005058288574e+00 1.866354346275329590e+00 1.247129559516906738e+00 4.192625045776367188e+00 -4.491502285003662109e+00 -1.587706685066223145e+00 3.933331668376922607e-01 2.381693422794342041e-01 -3.010964870452880859e+00 2.264990091323852539e+00
-1.345872282981872559e+00 1.645863413810729980e+00 2.683867216110229492e+00 -4.437757492065429688e+00 6.068870425224304199e-01 2.082858800888061523e+00 -2.290849924087524414e+00 4.384322166442871094e+00 -2.145310878753662109e+00 -1.635184407234191895e+00 4.455703258514404297e+00 -3.008452892303466797e+00 -5.949007511138916016e+00 2.040949821472167969e+00 -1.284535974264144897e-01 -6.526144742965698242e-01 -2.921373583376407623e-03 -2.328692674636840820e+00 1.239580273628234863e+00 5.331063270568847656e-01
-2.944521665573120117e+00 1.223026752471923828e+00 -2.154013156890869141e+00 -2.073070049285888672e+00 -1.950210094451904297e+00 3.160399913787841797e+00 3.411277055740356445e+00 -4.768934249877929688e+00 1.230444550514221191e+00 1.405602842569351196e-01 -4.506350994110107422e+00 -6.793352961540222168e-01 6.694649457931518555e-01 2.768427729606628418e-01 3.821717798709869385e-01 3.034784197807312012e-01 3.735830783843994141e-01 -2.966920137405395508e+00 3.273162603378295898e+00 3.363026142120361328e+00
-1.311296224594116211e+00 -8.310021162033081055e-01 1.738075256347656250e+00 5.096398353576660156e+00 -2.967070937156677246e-01 2.214927196502685547e+00 -1.872519135475158691e+00 -4.576116800308227539e-01 -2.883737564086914062e+00 -1.868624091148376465e-01 -1.778773069381713867e-01 2.297799587249755859e+00 -3.915193319320678711e+00 -5.580204129219055176e-01 4.726970195770263672e-01 3.793069124221801758e+00 -2.624149799346923828e+00 -3.885685443878173828e+00 -3.133732795715332031e+00 1.410808801651000977e+00
1.634183883666992188e+00 -1.631891369819641113e+00 1.116788387298583984e+00 4.222968101501464844e+00 -7.120759487152099609e-01 5.306780815124511719e+00 -2.342643260955810547e+00 1.378537178039550781e+00 -5.875544548034667969e+00 -6.125559806823730469e-01 -2.700436115264892578e+00 -1.219252347946166992e+00 -4.031666755676269531e+00 1.257894515991210938e+00 -3.605647087097167969e+00 4.850308895111083984e-01 3.621514320373535156e+00 -1.133125543594360352e+00 -4.517136573791503906e+00 4.196663498878479004e-01
1.674504995346069336e+00 9.597352147102355957e-01 2.317657947540283203e+00 4.090593814849853516e+00 -2.313708543777465820e+00 1.383963704109191895e+00 3.783793449401855469e+00 -3.010891914367675781e+00 -5.373721599578857422e+00 -3.602082431316375732e-01 -3.609631955623626709e-01 -1.039117574691772461e+00 9.816876053810119629e-01 3.728735923767089844e+00 -2.311624765396118164e+00 -2.056695222854614258e+00 -6.617636978626251221e-02 -1.581443667411804199e+00 -1.858331561088562012e+00 9.411953687667846680e-01
4.940514564514160156e+00 2.871821403503417969e+00 -2.753056764602661133e+00 2.489615678787231445e+00 1.060184955596923828e+00 2.629818916320800781e+00 1.384917497634887695e+00 3.574994504451751709e-01 -3.011868000030517578e+00 -9.030026793479919434e-01 4.356846809387207031e+00 -4.769227981567382812e+00 3.205895185470581055e+00 2.051258087158203125e+00 -1.078535556793212891e+00 2.908385515213012695e+00 4.257836818695068359e+00 2.749150991439819336e+00 -1.144302845001220703e+00 5.741028785705566406e+00
1.411540865898132324e+00 3.513529300689697266e+00 4.927747547626495361e-01 -2.002995967864990234e+00 3.931439876556396484e+00 1.183531999588012695e+00 2.433685541152954102e+00 -1.737323760986328125e+00 -3.889827728271484375e+00 2.419616878032684326e-01 -6.019316911697387695e-01 -3.224203348159790039e+00 1.711224436759948730e+00 -8.005650043487548828e-01 4.211538434028625488e-01 -4.416191101074218750e+00 -3.221387863159179688e+00 -1.216986060142517090e+00 -2.521411657333374023e+00 4.660794258117675781e+00
-6.318413019180297852e-01 -2.360911130905151367e+00 3.718293428421020508e+00 -2.924650430679321289e+00 -1.835521221160888672e+00 4.085225582122802734e+00 1.038423180580139160e+00 -2.219987511634826660e-01 2.741117238998413086e+00 -2.889333724975585938e+00 -1.881812572479248047e+00 1.294540405273437500e+00 1.266166448593139648e+00 -3.854516744613647461e+00 7.231391072273254395e-01 5.032556653022766113e-01 -4.634783744812011719e+00 -2.992959976196289062e+00 -1.395437121391296387e+00 -7.950466275215148926e-01
-5.597451686859130859e+00 -1.793599247932434082e+00 -4.278752803802490234e-01 -1.575264573097229004e+00 -3.088744640350341797e+00 -3.153133764863014221e-02 -2.800671577453613281e+00 -1.585870027542114258e+00 2.740968205034732819e-02 5.490621089935302734e+00 -7.279269695281982422e-01 9.834721684455871582e-01 1.475296735763549805e+00 -2.003980576992034912e-01 -5.358110666275024414e-01 -3.814158439636230469e+00 2.251585721969604492e+00 -3.428545236587524414e+00 2.430741310119628906e+00 2.797003030776977539e+00
1.649336934089660645e+00 4.196338653564453125e+00 -1.859568715095520020e+00 -2.353904724121093750e+00 -6.042823791503906250e-01 -4.903789997100830078e+00 2.378443241119384766e+00 1.441371202468872070e+00 9.696675837039947510e-02 2.224386453628540039e+00 -1.113942861557006836e+00 6.307649612426757812e-01 -1.085234619677066803e-02 -3.193192481994628906e+00 -2.019632577896118164e+00 -1.065897345542907715e+00 -2.413655996322631836e+00 -2.009868383407592773e+00 3.628465175628662109e+00 -7.030904889106750488e-01
1.792944312095642090e+00 -3.845999240875244141e+00 6.741130948066711426e-01 -8.052403926849365234e-01 2.264817953109741211e+00 -9.963500499725341797e-01 -2.081304550170898438e+00 -8.044108152389526367e-01 4.282395362854003906e+00 -4.234461784362792969e+00 -1.929673552513122559e-01 -1.702737212181091309e+00 3.351770877838134766e+00 -1.715133786201477051e+00 2.246567487716674805e+00 5.605409145355224609e-01 9.894421100616455078e-01 2.426376819610595703e+00 4.371793746948242188e+00 -2.558449029922485352e+00
