-4.029007434844970703e+00 -3.139921665191650391e+00 -3.963337421417236328e+00 6.026956439018249512e-01 2.182259082794189453e+00 -3.222247362136840820e+00 7.797448039054870605e-01 -2.587351560592651367e+00 3.318272590637207031e+00 -7.798131108283996582e-01 2.206525802612304688e+00 3.027164459228515625e+00 -4.170685291290283203e+00 -1.373355865478515625e+00 -9.700559377670288086e-01 -4.187248229980468750e+00 1.299389481544494629e+00 -3.111541032791137695e+00 -4.016758918762207031e+00 8.544145226478576660e-01
1.981598019599914551e+00 1.527592062950134277e+00 3.493463993072509766e+00 8.948151588439941406e+00 -5.719631314277648926e-01 -6.966340065002441406e+00 2.500746488571166992e+00 -1.202723979949951172e+00 1.063087940216064453e+00 4.097460210323333740e-01 1.435915112495422363e+00 -1.264374971389770508e+00 1.254228115081787109e+00 -1.547729521989822388e-01 4.805634915828704834e-01 1.937201619148254395e+00 1.824163079261779785e+00 8.747739791870117188e-01 -4.688393115997314453e+00 2.960011720657348633e+00
-2.655367612838745117e+00 -1.087846636772155762e+00 2.185122013092041016e+00 7.540292739868164062e-01 -2.498589456081390381e-01 -1.159258008003234863e+00 -1.114762350916862488e-01 -1.358170032501220703e+00 -2.531886994838714600e-01 9.938060045242309570e-01 -1.507929563522338867e+00 -2.799710333347320557e-01 -7.246458530426025391e-01 3.153674602508544922e-01 -4.434679448604583740e-01 5.509070158004760742e-01 -8.750043809413909912e-03 -7.964606881141662598e-01 -9.826948046684265137e-01 -1.143288731575012207e+00
1.165657162666320801e+00 4.781775351148098707e-04 -2.168961524963378906e+00 1.437203884124755859e+00 -2.071972131729125977e+00 -2.505226373672485352e+00 -1.950189232826232910e+00 -8.337340354919433594e-01 5.237612247467041016e+00 2.149777263402938843e-01 -1.046215891838073730e+00 2.371605485677719116e-02 3.343405008316040039e+00 1.080622747540473938e-01 -1.629738688468933105e+00 1.213681459426879883e+00 -1.271646261215209961e+00 8.805193305015563965e-01 3.464016675949096680e+00 -2.191713333129882812e+00
4.886208474636077881e-01 -1.260221481323242188e+00 -2.942167282104492188e+00 -2.680499553680419922e+00 2.288631916046142578e+00 1.929559826850891113e+00 -4.415824413299560547e+00 3.186335265636444092e-01 -3.659199237823486328e+00 -3.884489297866821289e+00 -5.353195667266845703e+00 -1.424735307693481445e+00 -3.313931941986083984e+00 -1.885670237243175507e-02 -2.282720804214477539e+00 -1.282392382621765137e+00 -1.704461216926574707e+00 -7.897547632455825806e-02 9.108304232358932495e-02 1.794455528259277344e+00
1.687031537294387817e-01 4.879339694976806641e+00 -2.785910844802856445e+00 -9.051665663719177246e-01 3.585443973541259766e+00 1.935034632682800293e+00 -4.680126190185546875e+00 5.293326377868652344e+00 -3.948568344116210938e+00 -4.926777362823486328e+00 3.079617261886596680e+00 4.995054721832275391e+00 2.548218071460723877e-01 1.832854509353637695e+00 1.536738514900207520e+00 -2.106522321701049805e+00 3.291887044906616211e+00 1.877378344535827637e+00 -1.587824225425720215e+00 1.314352154731750488e+00
-5.195362567901611328e-01 -4.759775161743164062e+00 -6.515659332275390625e+00 2.341831684112548828e+00 3.922411203384399414e+00 1.014648318290710449e+00 -1.994704127311706543e+00 -6.804366588592529297e+00 -1.374973535537719727e+00 3.781520426273345947e-01 -2.039027214050292969e+00 1.307014107704162598e+00 -2.475786209106445312e-01 8.145765960216522217e-02 -1.136869788169860840e+00 4.059595584869384766e+00 2.279995679855346680e+00 2.728258609771728516e+00 6.866616010665893555e-01 1.456252694129943848e+00
3.516520977020263672e+00 4.349750995635986328e+00 -3.676616430282592773e+00 2.496542215347290039e+00 -2.041908025741577148e+00 -1.422929406166076660e+00 1.068845391273498535e+00 -2.339131832122802734e+00 3.565029621124267578e+00 9.304314106702804565e-02 -8.492044210433959961e-01 -1.655971407890319824e+00 -6.281311988830566406e+00 -7.529658079147338867e-01 -7.457286715507507324e-01 3.879059314727783203e+00 -5.535199642181396484e-01 1.243458747863769531e+00 -1.447210669517517090e+00 -2.370317459106445312e+00
2.004414796829223633e+00 4.985113620758056641e+00 2.803916215896606445e+00 -3.583548069000244141e+00 4.234491348266601562e+00 -3.642371594905853271e-01 -2.274768352508544922e+00 -2.669662237167358398e+00 1.251524806022644043e+00 -5.803664684295654297e+00 -8.337856531143188477e-01 -1.311296075582504272e-01 3.541298389434814453e+00 -2.430437356233596802e-01 -4.352763175964355469e+00 6.569955945014953613e-01 -2.314148843288421631e-01 -6.660542964935302734e+00 5.438253283500671387e-01 -5.554452419281005859e+00
-2.047099828720092773e+00 2.885713577270507812e+00 -1.825412735342979431e-02 -6.491689682006835938e-01 5.691937446594238281e+00 -2.994183301925659180e+00 -3.213300704956054688e+00 1.517222404479980469e+00 1.606575965881347656e+00 2.103556871414184570e+00 4.046487331390380859e+00 1.935833811759948730e+00 3.381310939788818359e+00 4.509147167205810547e+00 4.853932380676269531e+00 -1.452449202537536621e+00 1.840015649795532227e+00 -1.432068347930908203e-01 -3.429904699325561523e+00 2.210097074508666992e+00
5.332944542169570923e-02 -1.335012674331665039e+00 1.765542477369308472e-01 2.174455881118774414e+00 -2.279932796955108643e-01 3.882457613945007324e-01 7.302589416503906250e-01 -1.190044403076171875e+00 2.999104976654052734e+00 -2.918603658676147461e+00 3.626753091812133789e+00 -2.951091229915618896e-01 2.059353351593017578e+00 1.855682879686355591e-01 -1.657635807991027832e+00 -4.019347429275512695e-01 -1.438013195991516113e+00 -4.353083204478025436e-03 6.349542737007141113e-01 7.559774518013000488e-01
-2.350760936737060547e+00 1.776881575584411621e+00 -2.572850465774536133e+00 -1.165657714009284973e-01 2.759426593780517578e+00 3.111398696899414062e+00 -1.151731014251708984e+00 3.593621253967285156e+00 -2.727460145950317383e+00 2.846941471099853516e+00 2.412769556045532227e+00 -4.212064743041992188e+00 -2.948598563671112061e-01 9.082620143890380859e-01 3.639453887939453125e+00 3.844971179962158203e+00 -9.955067038536071777e-01 -5.600890159606933594e+00 -6.887049078941345215e-01 1.368383765220642090e+00
-1.927828192710876465e+00 -4.078371524810791016e+00 -1.127972126007080078e+00 -5.463330745697021484e+00 -2.138329029083251953e+00 -2.397543191909790039e+00 -3.791955485939979553e-02 -1.268257737159729004e+00 -2.392263412475585938e+00 -4.381135940551757812e+00 3.130017518997192383e+00 -2.096055030822753906e+00 -7.221212983131408691e-01 -3.516857624053955078e-01 3.871772050857543945e+00 2.154836416244506836e+00 -2.299772739410400391e+00 1.271840929985046387e+00 1.959110021591186523e+00 -2.949725866317749023e+00
-2.152262926101684570e+00 -8.686695694923400879e-01 -1.958584189414978027e-01 -4.530661106109619141e+00 -1.967924952507019043e+00 6.524583339691162109e+00 -1.662267208099365234e+00 2.924943208694458008e+00 3.661599159240722656e+00 1.019316911697387695e+00 -1.312942028045654297e+00 -7.776655197143554688e+00 -2.190195083618164062e+00 -2.877019643783569336e+00 7.676097154617309570e-01 -3.690023422241210938e+00 2.063821792602539062e+00 2.927169561386108398e+00 -1.777193427085876465e+00 1.034565091133117676e+00
1.160262823104858398e+00 -6.193768024444580078e+00 -3.873167753219604492e+00 -6.170659065246582031e+00 7.157227993011474609e-01 -4.224003553390502930e-01 1.622141957283020020e+00 -3.949236571788787842e-01 -2.985282897949218750e+00 -5.939132571220397949e-01 2.184052467346191406e+00 -4.179996967315673828e+00 -1.268211364746093750e+00 3.399518013000488281e+00 -5.184182524681091309e-01 -1.425285696983337402e+00 -2.386555820703506470e-01 -1.149314284324645996e+00 -3.142937421798706055e-01 -2.743239402770996094e+00
3.786388874053955078e+00 -5.627991676330566406e+00 3.496422529220581055e+00 3.594242095947265625e+00 7.328610420227050781e+00 1.415925979614257812e+00 -1.350285887718200684e+00 -1.703528404235839844e+00 6.202918529510498047e+00 -4.628931522369384766e+00 2.031736373901367188e+00 1.404290199279785156e+00 -4.157746315002441406e+00 -1.097445249557495117e+00 -2.265458106994628906e+00 -4.287297248840332031e+00 5.851336956024169922e+00 -1.428174495697021484e+00 -3.352474927902221680e+00 8.440585434436798096e-02
2.211488008499145508e+00 2.842139720916748047e+00 -5.625393390655517578e+00 -2.308314085006713867e+00 5.979705333709716797e+00 9.539569616317749023e-01 5.298687934875488281e+00 -2.055837392807006836e+00 2.627325534820556641e+00 8.303703069686889648e-01 3.361897706985473633e+00 -2.482723474502563477e+00 5.241667747497558594e+00 -4.610373973846435547e+00 -5.731957554817199707e-01 1.278150677680969238e+00 -1.100825309753417969e+00 -7.295303344726562500e+00 -1.290388464927673340e+00 6.343870639801025391e+00
-4.473595619201660156e+00 4.356193542480468750e+00 5.759548544883728027e-01 -4.862000346183776855e-01 -2.084059238433837891e+00 -3.158798456192016602e+00 -2.061316929757595062e-02 8.363746643066406250e+00 -1.155365347862243652e+00 5.138013362884521484e+00 2.091991901397705078e+00 -1.511103153228759766e+00 3.503237724304199219e+00 4.172636985778808594e+00 3.273958683013916016e+00 -5.346024632453918457e-01 -3.023046731948852539e+00 8.657045364379882812e-01 -6.283145904541015625e+00 -1.641096115112304688e+00
-5.209474563598632812e-01 -6.750112175941467285e-01 -2.084666490554809570e+00 2.284983396530151367e+00 9.458321928977966309e-01 2.415312290191650391e+00 3.583233833312988281e+00 2.457468032836914062e+00 1.212100386619567871e+00 -2.029473543167114258e+00 2.321749448776245117e+00 -4.318680465221405029e-01 1.268178701400756836e+00 -5.136301517486572266e-01 -1.389016151428222656e+00 -2.475265026092529297e+00 -1.477638840675354004e+00 -1.158846378326416016e+00 -1.636571645736694336e+00 -3.628140091896057129e-01
-3.923020601272583008e+00 1.371239185333251953e+00 -3.681625604629516602e+00 9.429653286933898926e-01 -1.777693510055541992e+00 8.699807524681091309e-01 1.589012145996093750e-01 3.431762456893920898e-01 5.398204326629638672e-01 -3.907725095748901367e+00 -1.467018961906433105e+00 -1.029016733169555664e+00 3.947119951248168945e+00 2.061986446380615234e+00 -2.211858987808227539e+00 2.534489154815673828e+00 1.049016639590263367e-01 -7.926395535469055176e-02 3.440993130207061768e-01 2.607178211212158203e+00
7.768914103507995605e-01 -3.598200678825378418e-01 1.426434397697448730e+00 1.916115283966064453e+00 3.138836622238159180e+00 -5.261583924293518066e-01 2.829999290406703949e-02 -1.905680537223815918e+00 -3.530002593994140625e+00 7.585954666137695312e-01 9.104878455400466919e-02 -1.560666084289550781e+00 -2.691228628158569336e+00 3.518718779087066650e-01 2.231123924255371094e+00 -1.061204791069030762e+00 -5.157719612121582031e+00 -3.335197210311889648e+00 1.596760034561157227e+00 3.563544988632202148e+00
-2.165589094161987305e+00 4.875405430793762207e-01 6.765596866607666016e-01 -8.949414491653442383e-01 2.030319690704345703e+00 1.570523142814636230e+00 2.701712131500244141e+00 6.516426801681518555e-01 -1.620418310165405273e+00 -1.598197579383850098e+00 -6.617999076843261719e-01 -2.430875599384307861e-01 -1.427986502647399902e+00 4.138737201690673828e+00 -1.562840700149536133e+00 -1.631904125213623047e+00 4.164386987686157227e-01 1.684947609901428223e+00 1.990550756454467773e+00 -3.050898075103759766e+00
-4.742251396179199219e+00 1.242367029190063477e+00 -2.248137235641479492e+00 -2.334817945957183838e-01 -2.454792261123657227e+00 2.088796138763427734e+00 4.559017717838287354e-01 1.615139842033386230e+00 -2.138811200857162476e-01 -4.323659837245941162e-02 1.367220282554626465e+00 -2.300867080688476562e+00 3.690595328807830811e-01 4.074013233184814453e+00 -2.863569021224975586e+00 5.371447801589965820e-01 2.266044855117797852e+00 -3.415286302566528320e+00 2.873654842376708984e+00 -1.721890807151794434e+00
-1.536867737770080566e+00 2.383269309997558594e+00 -1.887011289596557617e+00 -2.442165136337280273e+00 -4.486535549163818359e+00 3.243204116821289062e+00 1.284402847290039062e+00 4.789962291717529297e+00 -3.040045738220214844e+00 1.181833967566490173e-01 -8.537563085556030273e-01 -4.000082015991210938e+00 -2.493743181228637695e+00 3.978909254074096680e-01 -4.351431846618652344e+00 -2.461600065231323242e+00 7.223450541496276855e-01 -1.039710998535156250e+00 1.417363286018371582e+00 -5.569352507591247559e-01
4.490608349442481995e-02 -1.733683586120605469e+00 1.121243000030517578e+00 -9.893896579742431641e-01 -4.029309272766113281e+00 1.060392022132873535e+00 -1.658969044685363770e+00 3.311585664749145508e+00 3.502803564071655273e+00 -4.137209653854370117e-01 -3.903210878372192383e+00 -1.230681300163269043e+00 -3.520324468612670898e+00 2.511242926120758057e-01 -7.678984403610229492e-01 1.970066130161285400e-01 3.056612253189086914e+00 -2.260671705007553101e-01 3.876668453216552734e+00 -7.149933576583862305e-01
-3.516470432281494141e+00 -2.140277147293090820e+00 1.352432966232299805e+00 -9.969708919525146484e-01 3.099367618560791016e-01 7.057883590459823608e-02 1.612343192100524902e-01 3.299163579940795898e-01 1.763065457344055176e+00 9.159626364707946777e-01 5.598972439765930176e-01 -6.307839751243591309e-01 1.852109551429748535e+00 1.934699416160583496e+00 3.888281583786010742e-01 -5.086123943328857422e-01 1.830282330513000488e+00 -2.428703546524047852e+00 7.296212911605834961e-01 -2.398679971694946289e+00
-5.358059406280517578e-01 -1.985111832618713379e+00 -4.819339886307716370e-02 -4.590893745422363281e+00 1.400354027748107910e+00 -2.999221801757812500e+00 -1.915941119194030762e+00 -3.522810935974121094e+00 -8.123110234737396240e-02 -2.999568879604339600e-01 -1.171494275331497192e-01 -9.039792418479919434e-01 4.762269020080566406e+00 1.017978668212890625e+00 3.851020932197570801e-01 3.258795499801635742e+00 -3.437106132507324219e+00 -4.278959035873413086e-01 -2.035113334655761719e+00 -6.771721243858337402e-01
-1.715296864509582520e+00 -1.583130717277526855e+00 -1.761333644390106201e-01 3.709094047546386719e+00 -2.080572366714477539e+00 3.255311012268066406e+00 -7.155825942754745483e-02 4.917185306549072266e-01 1.253023982048034668e+00 1.230421781539916992e+00 -1.301337838172912598e+00 2.302294969558715820e+00 1.323277950286865234e+00 3.566669940948486328e+00 -2.171960830688476562e+00 1.077798288315534592e-02 2.398088216781616211e+00 -2.492846965789794922e+00 7.668097019195556641e-01 -7.125840783119201660e-01
-6.824682354927062988e-01 -2.394513130187988281e+00 7.995961308479309082e-01 1.520355820655822754e+00 -6.713537573814392090e-01 5.368099808692932129e-01 7.964963465929031372e-02 -7.774038314819335938e-01 -2.640899658203125000e+00 1.417579293251037598e+00 -3.183102369308471680e+00 1.199367165565490723e+00 -1.705576539039611816e+00 -3.771750926971435547e-01 8.129729330539703369e-02 4.860690534114837646e-01 -1.598908007144927979e-01 -3.130539178848266602e+00 -5.765830874443054199e-01 -1.796656012535095215e+00
-2.422440797090530396e-01 -3.693929433822631836e+00 6.610030531883239746e-01 4.203557968139648438e-02 1.608147978782653809e+00 -1.373003363609313965e+00 -1.429270982742309570e+00 -2.165903747081756592e-01 -1.529225587844848633e+00 -1.086724027991294861e-01 -2.004126787185668945e+00 -2.849121570587158203e+00 2.051447391510009766e+00 2.406345844268798828e+00 -8.616622090339660645e-01 1.047673225402832031e+00 -9.873907566070556641e-01 -1.389834642410278320e+00 -5.327602863311767578e+00 -5.176794528961181641e-01
4.293689727783203125e+00 1.015769004821777344e+00 -2.326730340719223022e-01 -2.976070404052734375e+00 4.359141826629638672e+00 -2.850731134414672852e+00 3.640747547149658203e+00 -3.580082654953002930e+00 -2.122713804244995117e+00 -1.226120352745056152e+00 1.395668029785156250e+00 1.187597870826721191e+00 1.092951893806457520e+00 4.134480476379394531e+00 5.587755203247070312e+00 -1.647201061248779297e+00 -9.374603033065795898e-01 2.254773616790771484e+00 1.147485733032226562e+00 6.790409088134765625e-01
-2.496366739273071289e+00 -2.015899181365966797e+00 2.413665652275085449e-01 -2.567165613174438477e+00 -5.316308736801147461e-01 5.108472824096679688e+00 1.053565502166748047e+00 -2.152687788009643555e+00 -5.571755409240722656e+00 -2.642833709716796875e+00 -3.281109035015106201e-01 -2.013211488723754883e+00 -2.946705818176269531e+00 -9.843198955059051514e-02 -1.728436946868896484e+00 1.604925543069839478e-01 6.458466649055480957e-01 1.385742187500000000e+00 3.682340860366821289e+00 -5.701495647430419922e+00
2.002923250198364258e+00 -3.789186716079711914e+00 -5.356954574584960938e+00 -3.850124597549438477e+00 -2.274349451065063477e+00 4.657313823699951172e+00 -1.066848397254943848e+00 3.628858804702758789e+00 -3.479650259017944336e+00 1.084813833236694336e+00 -2.100844860076904297e+00 -1.388469815254211426e+00 -3.327174425125122070e+00 -2.710206270217895508e+00 5.544890165328979492e-01 -6.859913468360900879e-01 -2.976765871047973633e+00 -5.032534599304199219e+00 2.303917646408081055e+00 -1.402458786964416504e+00
3.338489055633544922e+00 4.181570529937744141e+00 -2.244544029235839844e+00 4.709378719329833984e+00 1.146082401275634766e+00 9.635357856750488281e-01 -2.404599666595458984e+00 5.891146063804626465e-01 -2.172832965850830078e+00 5.356085300445556641e+00 3.254544734954833984e+00 -9.598281234502792358e-02 -2.240862846374511719e+00 -2.041839599609375000e+00 -4.978168010711669922e+00 -1.777885079383850098e+00 3.267222642898559570e-01 8.151684403419494629e-01 -4.820406064391136169e-02 -5.438581481575965881e-02
2.100161790847778320e+00 2.600690603256225586e+00 -2.442105531692504883e+00 -4.370490610599517822e-01 3.555474281311035156e-01 6.961092948913574219e-01 -3.943461477756500244e-01 -3.501866817474365234e+00 -3.166790679097175598e-02 1.746591031551361084e-01 3.750004291534423828e+00 3.897283077239990234e+00 -7.006281614303588867e-01 -2.106113582849502563e-01 2.036029338836669922e+00 -9.504500776529312134e-02 5.128193855285644531e+00 2.867002725601196289e+00 3.611746430397033691e-01 -3.045901298522949219e+00
-5.126120567321777344e+00 -4.377642273902893066e-02 7.509427070617675781e-01 -9.771368503570556641e-01 3.489911079406738281e+00 -1.833845734596252441e+00 -2.908985614776611328e-01 4.713163852691650391e+00 4.529834270477294922e+00 -5.100729942321777344e+00 -1.864584861323237419e-03 8.892118930816650391e-01 2.694547653198242188e+00 2.372655391693115234e+00 -5.595671534538269043e-01 -1.701782345771789551e+00 -1.428766250610351562e+00 -9.414660453796386719e+00 -4.172308921813964844e+00 -8.984231203794479370e-02
-1.074809908866882324e+00 6.420654058456420898e-01 -1.718597054481506348e+00 3.899132490158081055e+00 -2.221206575632095337e-02 3.969997882843017578e+00 9.473302960395812988e-01 2.109957218170166016e+00 2.999891519546508789e+00 -3.382786750793457031e+00 5.796348571777343750e+00 -1.712786316871643066e+00 -4.533318877220153809e-01 -2.461320161819458008e-01 2.200194150209426880e-01 -1.140053153038024902e+00 -2.534453272819519043e-01 -1.160984992980957031e+00 2.975054979324340820e+00 1.653368830680847168e+00
-2.561854362487792969e+00 -7.015432119369506836e-01 3.165368080139160156e+00 -1.169304490089416504e+00 -1.658064126968383789e-01 -3.852008104324340820e+00 1.488375186920166016e+00 2.944081127643585205e-01 3.799448311328887939e-01 1.200748085975646973e+00 -1.750053286552429199e+00 -1.367515087127685547e+00 -3.093579709529876709e-01 1.869120597839355469e-01 -2.340686321258544922e+00 -2.471013784408569336e+00 -2.631615877151489258e+00 1.088898405432701111e-01 -1.320211648941040039e+00 -2.230312488973140717e-02
6.567769646644592285e-01 3.334569334983825684e-01 2.357079267501831055e+00 -3.474368453025817871e-01 2.193817377090454102e+00 -7.587195038795471191e-01 -8.058733940124511719e-01 -4.661551713943481445e-01 1.224908709526062012e+00 -5.952405333518981934e-01 2.202215909957885742e+00 -3.327137947082519531e+00 -1.228591918945312500e+00 3.747379541397094727e+00 1.398681402206420898e+00 6.094865202903747559e-01 -3.466976642608642578e+00 5.632127523422241211e-01 2.102753877639770508e+00 2.541911840438842773e+00
-2.352319002151489258e+00 -3.754793167114257812e+00 2.480352640151977539e+00 1.679127454757690430e+00 3.093339681625366211e+00 6.048259139060974121e-01 2.974334478378295898e+00 -2.195446342229843140e-01 -2.846369266510009766e+00 3.589541912078857422e+00 -5.053541660308837891e-01 -4.656229913234710693e-01 -3.003596782684326172e+00 2.248982906341552734e+00 -1.995242357254028320e+00 -4.477309703826904297e+00 -2.808084726333618164e+00 -3.528454780578613281e+00 1.036986634135246277e-01 -1.599741339683532715e+00
-7.223747968673706055e-01 -4.735241413116455078e+00 3.015444278717041016e-01 2.310236692428588867e+00 1.461316466331481934e+00 -5.214500904083251953e+00 1.853328466415405273e+00 -4.757201671600341797e+00 -1.532096624374389648e+00 -1.075741171836853027e+00 3.220315694808959961e+00 1.358517169952392578e+00 3.466009140014648438e+00 3.769075497984886169e-02 -4.702246665954589844e+00 2.262841939926147461e+00 -1.289791166782379150e-01 1.907423257827758789e+00 7.459394931793212891e+00 3.671452701091766357e-01
9.792411327362060547e-01 4.250611305236816406e+00 -1.086234927177429199e+00 -4.134967327117919922e+00 2.027431249618530273e+00 -2.786660194396972656e+00 5.026785373687744141e+00 -1.050053000450134277e+00 -1.019047260284423828e+00 3.955740690231323242e+00 -1.842697024345397949e+00 6.011631488800048828e-01 5.840726494789123535e-01 3.131430864334106445e+00 -6.444608211517333984e+00 -5.927045345306396484e+00 1.701294898986816406e+00 1.922945380210876465e+00 -2.358423322439193726e-01 4.591846942901611328e+00
4.512657165527343750e+00 -3.719109535217285156e+00 7.102923393249511719e-01 -7.402235269546508789e-01 -2.881649494171142578e+00 -7.193410396575927734e+00 -1.317016720771789551e+00 1.303799629211425781e+00 -2.002559185028076172e+00 -4.594020366668701172e+00 -1.480602741241455078e+00 -3.181920051574707031e+00 2.735080003738403320e+00 2.473525285720825195e+00 -2.004908084869384766e+00 6.589654445648193359e+00 5.505880355834960938e+00 1.516387104988098145e+00 -1.760385632514953613e-01 7.448209524154663086e-01
-3.411370754241943359e+00 -2.600816190242767334e-01 1.752186894416809082e+00 1.656814932823181152e+00 8.868172764778137207e-01 9.315701723098754883e-01 2.791151285171508789e+00 -2.485884189605712891e+00 3.835388898849487305e+00 5.401242256164550781e+00 -3.045485973358154297e+00 1.440444469451904297e+00 1.950512528419494629e+00 4.752481937408447266e+00 -3.277244091033935547e+00 -2.141150474548339844e+00 2.691568374633789062e+00 -9.059946537017822266e-01 5.115658044815063477e-01 5.416032075881958008e-01
-3.258072376251220703e+00 4.786779403686523438e+00 -7.236744165420532227e-01 -2.320314407348632812e+00 -2.467071533203125000e+00 3.497076749801635742e+00 3.428302288055419922e+00 -5.396592140197753906e+00 2.702793121337890625e+00 -6.062038615345954895e-02 1.552513480186462402e+00 1.687946438789367676e+00 5.687416553497314453e+00 5.618109703063964844e+00 -3.739218235015869141e+00 9.675633907318115234e-01 -4.367446303367614746e-01 5.609498500823974609e+00 -1.565723180770874023e+00 3.153838157653808594e+00
-2.055030107498168945e+00 2.787079811096191406e+00 3.056330919265747070e+00 1.024709105491638184e+00 -1.859632253646850586e+00 1.933284521102905273e+00 5.788071155548095703e-01 -2.991517066955566406e+00 -3.123066425323486328e+00 1.620299100875854492e+00 2.079681396484375000e+00 -2.981271147727966309e-01 7.049394398927688599e-02 2.422326087951660156e+00 3.059010267257690430e+00 -1.091453954577445984e-01 3.963024914264678955e-01 -3.474750220775604248e-01 -3.404918909072875977e+00 -3.131468534469604492e+00
-2.883739769458770752e-01 -1.201110363006591797e+00 1.097599148750305176e+00 1.910676360130310059e+00 -3.533836841583251953e+00 2.061037123203277588e-01 3.692455887794494629e-01 -1.455159902572631836e+00 -1.248322606086730957e+00 1.625729680061340332e+00 -3.326051950454711914e+00 4.909328520298004150e-01 1.433223128318786621e+00 -7.798659205436706543e-01 -1.336216211318969727e+00 -1.085148692131042480e+00 1.897942423820495605e+00 -2.564952850341796875e+00 -2.149129867553710938e+00 -9.537534713745117188e-01
1.106313705444335938e+00 -2.313506603240966797e+00 -1.366610288619995117e+00 -1.508955955505371094e+00 -1.209530591964721680e+00 -2.468161821365356445e+00 2.360825300216674805e+00 7.738738059997558594e-01 1.905299067497253418e+00 9.846404194831848145e-01 2.275312900543212891e+00 -1.018437027931213379e+00 1.771225571632385254e+00 3.365167379379272461e+00 3.815147161483764648e+00 8.586683124303817749e-02 1.230862140655517578e+00 2.629632472991943359e+00 -1.532207369804382324e+00 -2.699120283126831055e+00
1.521969884634017944e-01 -2.175885438919067383e+00 -3.220065593719482422e+00 -1.832308769226074219e-01 5.603518486022949219e-01 2.955186843872070312e+00 4.281126499176025391e+00 3.472547292709350586e+00 -1.230022013187408447e-01 9.499060511589050293e-01 2.418222427368164062e+00 -3.354720175266265869e-01 -1.274746358394622803e-01 2.933171272277832031e+00 3.978113889694213867e+00 -2.692457199096679688e+00 1.537691712379455566e+00 1.675137877464294434e+00 -2.357961416244506836e+00 -1.432749927043914795e-01
-2.932116508483886719e+00 -1.708853840827941895e+00 -2.699017524719238281e-01 -2.377038002014160156e+00 3.241473197937011719e+00 7.162036895751953125e+00 -3.126968383789062500e+00 6.900448203086853027e-01 -2.346024811267852783e-01 3.080636262893676758e+00 -2.178921937942504883e+00 -1.846319794654846191e+00 -6.085835099220275879e-01 -4.045908451080322266e+00 -4.946759700775146484e+00 1.376284480094909668e+00 1.673960447311401367e+00 7.009818553924560547e-01 3.698241949081420898e+00 -1.488446712493896484e+00
-3.848961591720581055e+00 -1.666351079940795898e+00 6.299056053161621094e+00 -9.551846385002136230e-01 1.599769353866577148e+00 -4.004912376403808594e-01 1.733043670654296875e+00 -1.926581263542175293e+00 1.195895671844482422e+00 -2.048915624618530273e+00 2.340469598770141602e+00 -3.468774318695068359e+00 -4.785721778869628906e+00 -2.903572559356689453e+00 -5.459251880645751953e+00 7.825919151306152344e+00 4.619972229003906250e+00 -1.393867611885070801e+00 1.155939817428588867e+00 4.022986412048339844e+00
-2.818870306015014648e+00 -3.673624992370605469e-01 -2.667469978332519531e+00 6.716370105743408203e+00 -1.617407917976379395e+00 -3.930572271347045898e+00 6.090841293334960938e-01 7.389895319938659668e-01 -1.053261160850524902e+00 6.427256584167480469e+00 -2.088979244232177734e+00 -2.042521476745605469e+00 1.647334218025207520e+00 1.512612104415893555e+00 3.597684860229492188e+00 -7.177593708038330078e-01 1.517400294542312622e-01 3.352702379226684570e+00 1.612677931785583496e+00 -5.795500755310058594e+00
-1.009822845458984375e+00 -1.696479916572570801e+00 -7.488172650337219238e-01 8.191441297531127930e-01 -1.046442031860351562e+00 -2.598528385162353516e+00 -1.935778141021728516e+00 2.988371610641479492e+00 7.533466815948486328e-01 -3.540236234664916992e+00 1.725047111511230469e+00 -2.970230579376220703e+00 4.588178634643554688e+00 -2.474559307098388672e+00 4.941256523132324219e+00 -3.803606748580932617e+00 7.676539897918701172e+00 -1.871158719062805176e+00 1.203045487403869629e+00 -4.259438037872314453e+00
3.732091903686523438e+00 2.913858175277709961e+00 -6.503548622131347656e-01 1.428850769996643066e+00 -8.860046267509460449e-01 8.487589359283447266e-01 9.461863636970520020e-01 -7.479190349578857422e+00 -4.074477195739746094e+00 -4.576385498046875000e+00 -6.879661679267883301e-01 3.558650255203247070e+00 -2.675873041152954102e+00 -6.190425157546997070e-01 4.278911948204040527e-01 2.438151359558105469e+00 -1.928435921669006348e+00 -1.002528285980224609e+01 1.800306677818298340e+00 4.575548648834228516e+00
2.157880067825317383e+00 3.619227170944213867e+00 4.105340540409088135e-01 -2.986114621162414551e-01 -1.464677691459655762e+00 9.365616738796234131e-02 2.959674119949340820e+00 -3.985585689544677734e+00 2.114977598190307617e+00 -2.863277912139892578e+00 3.597742795944213867e+00 -1.050394296646118164e+00 7.598912715911865234e-01 -1.731557846069335938e-01 2.623513698577880859e+00 -2.536079406738281250e+00 2.502130746841430664e+00 -1.477621674537658691e+00 2.474857807159423828e+00 1.815753579139709473e+00
-3.762433052062988281e+00 4.926311671733856201e-01 -9.471634030342102051e-01 6.974570751190185547e-01 2.002327203750610352e+00 2.671412006020545959e-02 3.487414598464965820e+00 1.068547368049621582e+00 -7.673875093460083008e-01 -1.934440493583679199e+00 -3.395109415054321289e+00 1.998295783996582031e-01 3.536038637161254883e+00 6.811282634735107422e-01 -4.892205238342285156e+00 2.716538190841674805e+00 -2.261732101440429688e+00 1.298553347587585449e+00 7.203692942857742310e-02 -1.236695170402526855e+00
1.619442820549011230e+00 3.285332620143890381e-01 1.538702845573425293e+00 -3.739923000335693359e+00 1.157844424247741699e+00 -1.363913416862487793e+00 1.448191285133361816e+00 -8.858872652053833008e-01 5.973849892616271973e-01 -4.606394767761230469e+00 2.513162851333618164e+00 -2.375882148742675781e+00 5.011485815048217773e-01 1.546798944473266602e+00 2.480094671249389648e+00 1.250002145767211914e+00 -2.326409101486206055e+00 3.453577995300292969e+00 3.756851911544799805e+00 1.781243324279785156e+00
-8.111205101013183594e-01 -2.035970211029052734e+00 8.020783066749572754e-01 -4.853278398513793945e-01 -3.157485246658325195e+00 2.151267290115356445e+00 4.938578307628631592e-01 -1.040360450744628906e+00 2.912656307220458984e+00 -3.810193061828613281e+00 -2.788668870925903320e+00 2.017838880419731140e-03 2.842629194259643555e+00 -2.669936418533325195e+00 5.825733542442321777e-01 1.560642868280410767e-01 -3.651141002774238586e-02 -2.559935331344604492e+00 4.276180744171142578e+00 2.979249954223632812e+00
7.149441838264465332e-01 1.036259531974792480e+00 1.677566170692443848e+00 -1.714444756507873535e-01 -6.699608564376831055e-01 -4.283899664878845215e-01 -5.316729545593261719e-01 -1.562578529119491577e-01 2.262189626693725586e+00 -2.125875234603881836e+00 3.091926336288452148e+00 -3.060706615447998047e+00 1.577582716941833496e+00 4.495216369628906250e+00 6.790016293525695801e-01 -7.685649991035461426e-01 -1.921416044235229492e+00 6.407467722892761230e-01 1.187678575515747070e+00 2.543546915054321289e+00
2.267150163650512695e+00 7.405192255973815918e-01 2.327327966690063477e+00 7.951426506042480469e-01 2.509734928607940674e-01 -9.572134017944335938e-01 4.646930694580078125e-01 2.964824438095092773e-01 1.199218258261680603e-01 -1.303565859794616699e+00 7.117267251014709473e-01 -1.593337178230285645e+00 -7.366039603948593140e-02 4.704885482788085938e+00 -5.079512000083923340e-01 -2.502648830413818359e+00 -2.644926786422729492e+00 1.024895668029785156e+00 1.232283748686313629e-02 1.126444101333618164e+00
-1.988441310822963715e-02 9.859837889671325684e-01 -2.065418660640716553e-01 3.841961026191711426e-01 1.032753825187683105e+00 -4.082451820373535156e+00 -2.233346998691558838e-01 -8.245252370834350586e-01 2.575307130813598633e+00 1.171438574790954590e+00 3.560185909271240234e+00 -4.908288955688476562e+00 1.417665481567382812e+00 5.871517062187194824e-01 2.209658861160278320e+00 1.233907818794250488e+00 -9.346222281455993652e-01 5.513929367065429688e+00 3.027601003646850586e+00 1.127243518829345703e+00
4.224772751331329346e-02 -2.708299160003662109e+00 8.666962981224060059e-01 -5.501317381858825684e-01 -2.728805065155029297e+00 2.037502050399780273e+00 3.442273139953613281e-01 -2.739103794097900391e+00 -2.996184527873992920e-01 -3.235749483108520508e+00 -1.327992439270019531e+00 1.084975004196166992e+00 -1.178396463394165039e+00 7.295209765434265137e-01 -1.658782362937927246e+00 1.134480834007263184e+00 -1.921243071556091309e+00 -6.805238127708435059e-01 3.983038902282714844e+00 -1.724170744419097900e-01
-2.437740802764892578e+00 -1.038202404975891113e+00 -8.578131198883056641e-01 -2.098419904708862305e+00 2.691256403923034668e-01 2.334099262952804565e-01 3.467011213302612305e+00 1.037423759698867798e-01 -3.565035164356231689e-01 -2.199554681777954102e+00 1.976896762847900391e+00 -1.929695963859558105e+00 3.999357223510742188e+00 -6.596174836158752441e-01 2.828942298889160156e+00 5.795330405235290527e-01 -1.317262291908264160e+00 -8.738368749618530273e-01 -5.773249864578247070e-01 -1.099128365516662598e+00
7.596415877342224121e-01 -1.704118609428405762e+00 2.827753305435180664e+00 2.260823011398315430e+00 2.650415182113647461e+00 -5.926634669303894043e-01 -5.890838503837585449e-01 -3.292844295501708984e-01 1.191811919212341309e+00 -3.085213601589202881e-01 -3.471077442169189453e+00 -3.619620800018310547e+00 2.513193130493164062e+00 -3.172094106674194336e+00 2.267125248908996582e-01 1.321041941642761230e+00 -1.398026108741760254e+00 9.664568901062011719e-01 2.396208047866821289e+00 7.780432701110839844e-02
6.581570506095886230e-01 -2.532040357589721680e+00 -8.817911744117736816e-01 1.886809110641479492e+00 -1.310764998197555542e-01 1.520271778106689453e+00 1.896291494369506836e+00 -1.332172989845275879e+00 1.309113949537277222e-01 -3.107783079147338867e+00 -3.452366590499877930e+00 1.426689982414245605e+00 3.682442605495452881e-01 4.635571241378784180e-01 -5.698217749595642090e-01 -2.268912643194198608e-01 -7.333893775939941406e-01 -1.708103418350219727e-01 1.766455411911010742e+00 2.330555915832519531e+00
-4.339904785156250000e-01 -2.077117204666137695e+00 9.135116338729858398e-01 -1.625220417976379395e+00 -6.081978678703308105e-01 -8.363039046525955200e-02 -1.159165143966674805e+00 -8.490366339683532715e-01 -3.418161869049072266e-01 -9.957746863365173340e-01 4.390949010848999023e-01 -2.334825038909912109e+00 -7.223032116889953613e-01 1.207001924514770508e+00 -5.084126591682434082e-01 4.215258657932281494e-01 -4.015135288238525391e+00 -2.372644901275634766e+00 8.292380571365356445e-01 2.827112674713134766e+00
-1.860788226127624512e+00 2.513121627271175385e-02 3.562836408615112305e+00 -2.812896490097045898e+00 1.085371255874633789e+00 1.154506206512451172e+00 -1.821660995483398438e+00 -8.603840470314025879e-01 -1.328280121088027954e-01 -6.616991162300109863e-01 1.473106384277343750e+00 -2.789284884929656982e-01 -7.198378443717956543e-01 -2.333213239908218384e-01 -3.771985471248626709e-01 -9.927942156791687012e-01 -4.267780303955078125e+00 -1.060378432273864746e+00 4.814397811889648438e+00 -2.711330413818359375e+00
1.535724282264709473e+00 2.024051904678344727e+00 1.971686005592346191e+00 8.414810895919799805e-01 1.043273210525512695e+00 8.734679222106933594e-01 -3.031679093837738037e-01 -1.107966661453247070e+00 -8.538614958524703979e-02 -2.576612710952758789e+00 1.675694584846496582e+00 -2.126002311706542969e+00 5.740036368370056152e-01 4.331281661987304688e+00 1.174060225486755371e+00 -1.766013503074645996e+00 -2.267361164093017578e+00 1.283624172210693359e+00 4.572198688983917236e-01 1.214234232902526855e+00
1.022774696350097656e+00 -5.209004878997802734e-02 1.313158512115478516e+00 -2.752164304256439209e-01 3.103030622005462646e-01 -7.007343769073486328e-01 4.143586456775665283e-01 -1.287988781929016113e+00 4.574121534824371338e-01 -3.248752832412719727e+00 2.183580636978149414e+00 -3.282229661941528320e+00 1.519523739814758301e+00 3.837507486343383789e+00 2.506193161010742188e+00 -6.471604108810424805e-01 -1.595865368843078613e+00 7.987215518951416016e-01 -7.146740555763244629e-01 1.727881193161010742e+00
2.176270246505737305e+00 -3.012693881988525391e+00 2.867688536643981934e-01 3.028033077716827393e-01 -2.825139999389648438e+00 1.999468445777893066e+00 1.153971433639526367e+00 -1.861304283142089844e+00 -3.102663159370422363e-01 -3.954333066940307617e+00 -1.602554321289062500e+00 2.629047870635986328e+00 5.145119428634643555e-01 7.403560876846313477e-01 -1.871681213378906250e+00 1.088408157229423523e-01 -6.842972636222839355e-01 -3.861158490180969238e-01 3.290568590164184570e+00 5.179829597473144531e-01
-1.037367343902587891e+00 3.389123439788818359e+00 2.062466859817504883e+00 2.666784286499023438e+00 1.552282810211181641e+00 9.279703497886657715e-01 1.812389969825744629e+00 -8.544642925262451172e-01 8.403304815292358398e-01 3.279728591442108154e-01 -2.140367507934570312e+00 -1.136508107185363770e+00 1.643972635269165039e+00 4.990637302398681641e+00 9.367898702621459961e-01 -2.253772020339965820e+00 7.000661492347717285e-01 -8.714301586151123047e-01 -1.023382544517517090e+00 -1.099022388458251953e+00
1.651719093322753906e+00 1.382265210151672363e+00 -2.868681907653808594e+00 -1.515918076038360596e-01 -1.546479612588882446e-01 3.076338052749633789e+00 3.069762706756591797e+00 5.766756057739257812e+00 -2.191335916519165039e+00 -9.789229035377502441e-01 -4.731000587344169617e-02 5.362696170806884766e+00 -2.238253355026245117e+00 -9.307362437248229980e-01 3.885069131851196289e+00 5.740751624107360840e-01 -2.310410261154174805e+00 -2.017987251281738281e+00 4.177018165588378906e+00 1.137111783027648926e+00
-1.974541425704956055e+00 1.009074211120605469e+00 -1.825192570686340332e+00 2.694011628627777100e-01 1.100635647773742676e+00 -2.300163060426712036e-01 3.661996603012084961e+00 3.850505828857421875e+00 8.187100291252136230e-01 2.812992095947265625e+00 8.825794458389282227e-01 -7.217827796936035156e+00 1.943846821784973145e+00 -1.540094256401062012e+00 -2.606374025344848633e+00 -3.702543497085571289e+00 8.891559243202209473e-01 1.594971776008605957e+00 3.395524740219116211e+00 -7.447142601013183594e-01
-6.021462082862854004e-01 -2.950849771499633789e+00 -4.642987251281738281e+00 -1.155121564865112305e+00 -1.210463792085647583e-01 -3.102657556533813477e+00 4.099627971649169922e+00 -8.026262521743774414e-01 -2.508679389953613281e+00 -3.189117193222045898e+00 -1.125314116477966309e+00 -2.990722417831420898e+00 -1.450017094612121582e+00 2.912658452987670898e-01 -4.480455815792083740e-01 -3.570825338363647461e+00 -1.808984279632568359e+00 1.627209305763244629e+00 3.878906250000000000e+00 7.500836849212646484e-01
-3.358337879180908203e+00 -8.015648722648620605e-01 3.611446857452392578e+00 -4.100461006164550781e+00 2.906623363494873047e+00 -1.026011109352111816e+00 -2.505264997482299805e+00 1.000915408134460449e+00 2.912059724330902100e-01 -1.210374385118484497e-01 1.750282168388366699e+00 -4.741476535797119141e+00 -3.559070825576782227e+00 1.566916704177856445e+00 2.508461236953735352e+00 -2.735002756118774414e+00 2.075144648551940918e-01 -5.006460666656494141e+00 3.193887948989868164e+00 1.861785769462585449e+00
-3.399605512619018555e+00 -5.233339309692382812e+00 1.459505319595336914e+00 1.077967286109924316e+00 3.940607070922851562e+00 2.879551410675048828e+00 7.070869207382202148e-01 -4.852184653282165527e-01 4.870450973510742188e+00 1.669452905654907227e+00 -2.584473609924316406e+00 2.595853209495544434e-01 -3.060393095016479492e+00 -5.470319390296936035e-01 2.317027091979980469e+00 -2.655269145965576172e+00 3.113291859626770020e-01 -1.831813715398311615e-02 2.500552654266357422e+00 4.189442098140716553e-02
-1.925284028053283691e+00 -4.393188476562500000e+00 -2.812879085540771484e+00 2.345509290695190430e+00 -4.455707550048828125e+00 1.507549643516540527e+00 -2.116600036621093750e+00 3.354770183563232422e+00 7.421841844916343689e-03 4.090109840035438538e-02 -1.112796306610107422e+00 4.514368057250976562e+00 -6.883204579353332520e-01 -1.966725707054138184e+00 -4.087532997131347656e+00 2.943367958068847656e+00 -3.682189941406250000e+00 1.144933819770812988e+00 -1.914699435234069824e+00 4.780650615692138672e+00
-2.475777626037597656e+00 -4.324004650115966797e-01 1.523592948913574219e+00 2.530526161193847656e+00 2.398178339004516602e+00 2.712903976440429688e+00 3.786670684814453125e+00 1.819955706596374512e-01 1.663421541452407837e-01 6.334273815155029297e+00 -2.029961585998535156e+00 -9.103627800941467285e-01 -2.885201930999755859e+00 2.332013845443725586e+00 1.170588016510009766e+00 -2.300946712493896484e+00 1.803461313247680664e-01 -7.043744623661041260e-02 -2.268142223358154297e+00 -1.505825042724609375e+00
5.349450707435607910e-01 1.814478993415832520e+00 2.876664638519287109e+00 -2.157179355621337891e+00 -3.565581560134887695e+00 -3.127731084823608398e+00 -2.728334903717041016e+00 -2.578150272369384766e+00 9.138900041580200195e-01 5.367147326469421387e-01 5.722553730010986328e-01 -8.105422258377075195e-01 -2.968264520168304443e-01 -3.741210222244262695e+00 3.560198068618774414e+00 -1.036435961723327637e+00 -3.747507333755493164e+00 2.188303709030151367e+00 2.500058889389038086e+00 6.924925744533538818e-02
4.066617786884307861e-01 7.032915115356445312e+00 -9.849618673324584961e-01 1.034890174865722656e+00 -2.237734198570251465e-01 -1.547061800956726074e+00 5.315313816070556641e+00 1.619338154792785645e+00 -4.149558067321777344e+00 -1.505179047584533691e+00 -3.488026857376098633e+00 -4.803022861480712891e+00 4.766371726989746094e+00 -2.770471572875976562e+00 1.569676518440246582e+00 1.748531341552734375e+00 1.527291655540466309e+00 4.659940898418426514e-01 9.790301322937011719e-02 2.215404987335205078e+00
3.250689268112182617e+00 3.307505130767822266e+00 2.050030708312988281e+00 2.048930644989013672e+00 1.476730108261108398e+00 4.565484523773193359e-01 3.711796522140502930e+00 -2.781432569026947021e-01 -1.802294135093688965e+00 4.876923561096191406e-01 2.919144868850708008e+00 1.535219669342041016e+00 -2.012428045272827148e+00 1.345624685287475586e+00 1.408064484596252441e+00 -9.583212733268737793e-01 -1.605646014213562012e+00 -1.225722193717956543e+00 -2.767291367053985596e-01 -1.746946096420288086e+00
-2.144230604171752930e+00 3.691429615020751953e+00 -6.856802105903625488e-01 -4.129617214202880859e+00 5.439958095550537109e+00 2.421660184860229492e+00 6.903350353240966797e+00 3.653163433074951172e+00 3.209972620010375977e+00 3.134932756423950195e+00 -7.348998785018920898e-01 3.584302902221679688e+00 -1.553575038909912109e+00 -5.436381816864013672e+00 -4.965182781219482422e+00 4.784724712371826172e+00 5.394789576530456543e-01 -2.574511528015136719e+00 -3.557510137557983398e+00 -1.709278583526611328e+00
-2.389002561569213867e+00 -5.986558794975280762e-01 7.911522388458251953e-01 2.996551990509033203e+00 -1.079323053359985352e+00 3.503832519054412842e-01 -1.200655698776245117e+00 4.482438862323760986e-01 -4.339390277862548828e+00 -1.638369560241699219e+00 2.438986539840698242e+00 -7.134384155273437500e+00 1.197675764560699463e-01 -8.188613057136535645e-01 3.118576109409332275e-01 -2.838997364044189453e+00 3.788010358810424805e+00 2.943497419357299805e+00 -2.758841514587402344e-01 -2.916362047195434570e+00
-3.547656238079071045e-01 -1.553274631500244141e+00 6.639389991760253906e-01 1.850685238838195801e+00 -8.197435140609741211e-01 1.902839183807373047e+00 -4.349261760711669922e+00 1.208179950714111328e+00 -3.455741167068481445e+00 3.365828990936279297e+00 -1.497761249542236328e+00 1.036657020449638367e-02 5.293639302253723145e-01 2.129693746566772461e+00 -1.060223102569580078e+00 -1.489661693572998047e+00 -5.857422828674316406e+00 -3.107512712478637695e+00 -4.375148713588714600e-01 -5.870068073272705078e-01
1.378739356994628906e+00 -4.068438529968261719e+00 -1.486897826194763184e+00 -2.897096395492553711e+00 2.070039510726928711e+00 1.553161740303039551e-01 1.832708835601806641e+00 3.013716459274291992e+00 -1.999200105667114258e+00 3.112280130386352539e+00 4.800002574920654297e+00 -5.789276123046875000e+00 7.214297056198120117e-01 2.153074026107788086e+00 -2.544627428054809570e+00 3.577221035957336426e-01 2.603631496429443359e+00 -3.272434234619140625e+00 -2.189713001251220703e+00 2.171499252319335938e+00
-1.732826709747314453e+00 -1.738585710525512695e+00 -5.835337042808532715e-01 2.414509534835815430e+00 5.795178413391113281e+00 2.914131641387939453e+00 1.384117484092712402e+00 -2.138429164886474609e+00 -4.659718275070190430e-01 -5.727439403533935547e+00 2.419061183929443359e+00 8.225811272859573364e-02 2.059491723775863647e-01 1.479420185089111328e+00 1.225631117820739746e+00 -2.494192361831665039e+00 4.750705242156982422e+00 5.236784934997558594e+00 1.518811225891113281e+00 -7.325688004493713379e-01
-6.272701025009155273e-01 4.766479134559631348e-01 -5.440309047698974609e-01 1.170634746551513672e+00 -3.104141950607299805e-01 -2.862658798694610596e-01 -1.325021505355834961e+00 -4.825107574462890625e+00 -1.109168410301208496e+00 -1.672615528106689453e+00 -5.129382610321044922e+00 1.843092918395996094e+00 1.720118045806884766e+00 -4.660430550575256348e-01 -5.356570482254028320e-01 3.951478481292724609e+00 -1.733923852443695068e-01 7.460025548934936523e-01 1.548935174942016602e+00 7.643040269613265991e-02
-5.046021461486816406e+00 -1.204539537429809570e+00 1.118274964392185211e-02 6.691049337387084961e-01 -1.534639477729797363e+00 2.678645372390747070e+00 1.999042510986328125e+00 1.654798507690429688e+00 1.681520223617553711e+00 -2.321614265441894531e+00 -1.474969387054443359e-01 -2.002571105957031250e+00 5.103483676910400391e+00 -3.801918983459472656e+00 -3.642914593219757080e-01 2.749083042144775391e+00 1.427312254905700684e+00 -1.617635726928710938e+00 2.976920604705810547e+00 -7.491593956947326660e-01
1.334625959396362305e+00 7.324886322021484375e-01 -2.445776700973510742e+00 -1.161948442459106445e+00 2.748053073883056641e-01 -5.381725311279296875e+00 5.083432674407958984e+00 2.326776504516601562e+00 -1.341423392295837402e+00 -4.669854164123535156e+00 3.791290283203125000e+00 -4.545574188232421875e+00 3.773890972137451172e+00 -3.307789325714111328e+00 4.782315790653228760e-01 -4.064947605133056641e+00 1.511362075805664062e+00 2.224552482366561890e-01 -1.590044736862182617e+00 2.219598293304443359e+00
-4.891020059585571289e-01 7.070934027433395386e-02 -1.493247389793395996e+00 -1.425772428512573242e+00 -2.817468881607055664e+00 -1.125846028327941895e+00 1.940335184335708618e-01 -1.178783416748046875e+00 3.107401847839355469e+00 2.734996378421783447e-01 -4.237097740173339844e+00 -3.547650575637817383e-01 4.165596961975097656e+00 3.202348053455352783e-01 -3.552558898925781250e+00 -2.015957593917846680e+00 -1.570665240287780762e+00 -3.710480928421020508e+00 3.213185787200927734e+00 2.751260280609130859e+00
5.525482654571533203e+00 -3.497623205184936523e-01 2.513674497604370117e+00 -5.466379165649414062e+00 -1.736476302146911621e+00 -2.209014892578125000e+00 -1.370499253273010254e+00 -2.418512821197509766e+00 4.592130661010742188e+00 3.536758184432983398e+00 6.527681350708007812e-01 -2.572550535202026367e+00 -6.234360933303833008e-01 1.859102845191955566e-01 3.813841581344604492e+00 1.772795021533966064e-01 5.929623842239379883e-01 -4.142154216766357422e+00 3.109358072280883789e+00 7.277893424034118652e-01
3.193046092987060547e+00 -2.685850143432617188e+00 3.599083662033081055e+00 -4.949187278747558594e+00 4.335598945617675781e+00 -4.546194553375244141e+00 2.008173614740371704e-01 4.253623008728027344e+00 -2.788694143295288086e+00 3.103009760379791260e-01 2.816057920455932617e+00 -1.466329693794250488e+00 2.520543336868286133e-01 3.476773977279663086e+00 -2.398409843444824219e+00 1.308262705802917480e+00 -2.159024953842163086e+00 -2.996880531311035156e+00 -1.333807706832885742e+00 1.199667215347290039e+00
-1.446382254362106323e-01 2.788666725158691406e+00 2.879417240619659424e-01 -7.034399360418319702e-02 -2.023643255233764648e+00 -1.315134167671203613e-01 -4.267678856849670410e-01 4.683682918548583984e+00 5.082591176033020020e-01 4.356284439563751221e-01 2.850264072418212891e+00 -9.922326356172561646e-02 -2.986920356750488281e+00 3.332299232482910156e+00 1.449139833450317383e+00 4.413697719573974609e-01 2.453440904617309570e+00 -4.183519840240478516e+00 2.807438135147094727e+00 2.462485551834106445e+00
-9.014961719512939453e-01 -4.309633255004882812e+00 2.441913843154907227e+00 -1.835290908813476562e+00 2.582200169563293457e-01 -6.537552475929260254e-01 2.084111928939819336e+00 1.522040218114852905e-01 -5.323712825775146484e-01 -3.023729324340820312e+00 4.488210380077362061e-01 8.031061887741088867e-01 -5.288124084472656250e+00 8.060395717620849609e-01 5.727192878723144531e+00 2.389794826507568359e+00 5.818530321121215820e-01 -6.025020480155944824e-01 1.324950695037841797e+00 3.455131351947784424e-01
