-4.386386394500732422e+00
-5.939012169837951660e-01
7.316284179687500000e-01
1.571015119552612305e+00
-1.777831315994262695e+00
1.846334099769592285e+00
-1.974259853363037109e+00
-1.358865857124328613e+00
-3.370132923126220703e+00
-8.340091109275817871e-01
3.175995588302612305e+00
-4.438471198081970215e-01
1.730975627899169922e+00
-9.471293538808822632e-02
9.107261896133422852e-01
-1.539136528968811035e+00
1.654366254806518555e+00
-1.004532072693109512e-02
-2.420942068099975586e+00
-3.412188887596130371e-01
1.063490986824035645e+00
1.437448382377624512e+00
1.123131632804870605e+00
9.366584420204162598e-01
-1.774871349334716797e+00
-2.153721809387207031e+00
1.717703342437744141e+00
-2.831204235553741455e-01
1.990172028541564941e+00
-1.397934675216674805e+00
-1.250981569290161133e+00
3.602922677993774414e+00
-7.284806966781616211e-01
-1.864627957344055176e+00
3.173164725303649902e-01
-1.246140956878662109e+00
6.753491163253784180e-01
1.340021133422851562e+00
4.808198928833007812e+00
1.041180372238159180e+00
