-1.068149685859680176e+00
-2.375816553831100464e-01
-1.628032922744750977e-01
-4.246421456336975098e-01
1.065942525863647461e+00
-1.541022300720214844e+00
-1.613677740097045898e-01
-3.444146811962127686e-01
8.376988768577575684e-01
-5.104052275419235229e-02
1.151475310325622559e+00
1.540182352066040039e+00
7.621777653694152832e-01
-8.532577157020568848e-01
-6.776087880134582520e-01
-1.042285919189453125e+00
-7.518143057823181152e-01
-2.536073923110961914e-01
-1.733042478561401367e+00
-2.024560928344726562e+00
-1.150311708450317383e+00
6.902623176574707031e-01
-3.266506433486938477e+00
-2.071495771408081055e+00
6.229373216629028320e-01
-9.650361537933349609e-01
-1.090758562088012695e+00
6.490055322647094727e-01
4.179225862026214600e-01
-1.366820335388183594e-01
-6.148426532745361328e-01
-1.078307509422302246e+00
2.482167005538940430e+00
5.450716614723205566e-01
4.333053827285766602e-01
-1.203656196594238281e+00
6.889805197715759277e-01
-1.581581115722656250e+00
-8.476923108100891113e-01
-1.141322135925292969e+00
