1.092746376991271973e+00
2.664925158023834229e-02
1.261225640773773193e-01
8.956962227821350098e-01
2.888087987899780273e+00
1.146339535713195801e+00
5.259059667587280273e-01
-1.066274046897888184e+00
4.022211432456970215e-01
1.920743733644485474e-01
6.123089194297790527e-01
-2.423037439584732056e-01
2.676867842674255371e-01
-1.811646819114685059e+00
1.513466000556945801e+00
-1.187050223350524902e+00
-4.254461824893951416e-01
-1.424083411693572998e-01
1.968256533145904541e-01
1.396563529968261719e+00
5.103531479835510254e-01
4.245153963565826416e-01
-6.100374460220336914e-01
1.394682526588439941e+00
-1.213168263435363770e+00
-2.895887792110443115e-01
8.349279761314392090e-01
3.158876895904541016e-01
-1.852359771728515625e+00
1.587706685066223145e+00
-3.544735610485076904e-01
8.484777063131332397e-02
2.669348120689392090e-01
1.626088097691535950e-02
-1.309195011854171753e-01
-1.573239207267761230e+00
8.286947607994079590e-01
4.099617600440979004e-01
2.322410583496093750e+00
7.155845314264297485e-02
2.905413508415222168e-01
-1.521716952323913574e+00
4.007685184478759766e-01
-1.811888694763183594e+00
1.419554233551025391e+00
2.995692253112792969e+00
-4.329414963722229004e-01
-1.026086330413818359e+00
-3.650279641151428223e-01
-4.993863105773925781e-01
-1.948469758033752441e+00
-4.478923380374908447e-01
-1.576872020959854126e-01
1.499355435371398926e+00
1.280330866575241089e-01
4.547919034957885742e-01
-1.595993876457214355e+00
-5.388357639312744141e-01
4.118985831737518311e-01
-1.288930654525756836e+00
-1.053207635879516602e+00
-2.768403589725494385e-01
1.556677818298339844e+00
-1.769035682082176208e-02
-3.089058101177215576e-01
1.234069108963012695e+00
7.558520436286926270e-01
1.793913841247558594e-01
1.645184516906738281e+00
-7.234073877334594727e-01
8.617126941680908203e-01
1.261353731155395508e+00
-1.692507505416870117e+00
-1.510942339897155762e+00
-1.304195046424865723e+00
-1.006403267383575439e-01
-4.700682461261749268e-01
5.041362047195434570e-01
-1.701651692390441895e+00
1.942647337913513184e+00
