3.113095283508300781e+00
-7.224237918853759766e-01
2.493799924850463867e-01
3.293219804763793945e-01
8.031766414642333984e-01
-9.572196006774902344e-01
2.201031684875488281e+00
7.021777033805847168e-01
2.007394075393676758e+00
-1.950470447540283203e+00
-8.840899169445037842e-02
-7.333180308341979980e-02
2.486277580261230469e+00
-1.351405978202819824e+00
-2.168859481811523438e+00
-2.494695782661437988e-01
1.474023517221212387e-02
1.704787373542785645e+00
-3.584194481372833252e-01
1.205051839351654053e-01
1.020525455474853516e+00
-7.241360843181610107e-02
1.996834874153137207e-01
-1.720302820205688477e+00
-2.112099647521972656e+00
1.166216969490051270e+00
-1.514049887657165527e+00
6.800122261047363281e-01
-5.265357494354248047e-01
6.976956725120544434e-01
-2.055198669433593750e+00
-1.251418113708496094e+00
-4.253769814968109131e-01
1.079401373863220215e+00
-4.989710450172424316e-02
-3.874765634536743164e-01
1.108264327049255371e+00
1.148193851113319397e-01
7.018163204193115234e-01
7.462984323501586914e-02
-8.870065808296203613e-01
-1.445617079734802246e+00
-7.846185564994812012e-02
-3.274096846580505371e-01
4.392054378986358643e-01
-1.201280117034912109e+00
1.424425005912780762e+00
-6.060563325881958008e-01
-1.010756492614746094e-01
9.781318902969360352e-01
