-1.537827700376510620e-01
-5.564555168151855469e+00
-2.204143762588500977e+00
-1.721998602151870728e-01
1.379899978637695312e-01
3.842517361044883728e-02
-8.136836290359497070e-01
2.197883367538452148e+00
1.995547413825988770e+00
2.663549661636352539e+00
1.303750157356262207e+00
1.490987896919250488e+00
6.760740280151367188e-01
-1.884170770645141602e+00
3.811362266540527344e+00
-1.492847561836242676e+00
3.582964181900024414e+00
-4.391703128814697266e+00
-1.666681885719299316e+00
9.657087922096252441e-02
5.517602920532226562e+00
-1.390689134597778320e+00
-8.843264579772949219e-01
5.413383007049560547e+00
-3.745929002761840820e+00
-1.078556537628173828e+00
-2.876191616058349609e+00
5.781147956848144531e+00
3.607962131500244141e-01
-1.670812606811523438e+00
4.037676453590393066e-01
1.462402224540710449e+00
2.762501955032348633e+00
-3.961541891098022461e+00
2.410932779312133789e+00
-4.573846817016601562e+00
3.080402135848999023e+00
1.393153905868530273e+00
1.446096062660217285e+00
-3.553287267684936523e+00
-1.391846179962158203e+00
-1.553895235061645508e+00
-2.050352096557617188e+00
1.498973727226257324e+00
3.831502437591552734e+00
-2.359024286270141602e+00
-2.183151543140411377e-01
7.983812689781188965e-01
-4.705967903137207031e+00
5.946270227432250977e-01
-1.514472603797912598e+00
7.855375409126281738e-01
-1.565215587615966797e+00
-4.317586898803710938e+00
5.060484409332275391e+00
5.848946571350097656e-01
-1.846782676875591278e-02
4.576214790344238281e+00
3.946171283721923828e+00
3.279750347137451172e+00
