5.505136847496032715e-01 3.737558797001838684e-02
1.457219272851943970e-01 -3.243308067321777344e-01
-1.267173767089843750e+00 -8.912498354911804199e-01
8.554251194000244141e-01 3.431476652622222900e-01
1.941071897745132446e-01 -2.735033035278320312e-01
-8.535200357437133789e-01 -4.137518405914306641e-01
-7.443301081657409668e-01 -2.794690430164337158e-01
1.100978493690490723e+00 4.406757950782775879e-01
1.232025980949401855e+00 7.114526629447937012e-01
4.709608852863311768e-01 -3.074911981821060181e-02
6.325191855430603027e-01 -1.682861000299453735e-01
3.872761428356170654e-01 8.358452320098876953e-01
6.351652741432189941e-01 1.371719539165496826e-01
7.394378781318664551e-01 1.942622214555740356e-01
-7.128820568323135376e-02 4.683770239353179932e-01
-5.323132276535034180e-01 -1.218047887086868286e-01
-8.067911863327026367e-01 -1.219231724739074707e+00
-6.356690526008605957e-01 -2.013907395303249359e-02
-3.544453382492065430e-01 -8.232685327529907227e-01
5.089096426963806152e-01 -2.431528717279434204e-01
-3.883420228958129883e-01 1.701142489910125732e-01
1.967489957809448242e+00 1.477466821670532227e+00
-1.165302321314811707e-01 -7.207838296890258789e-01
6.159530878067016602e-01 1.454518139362335205e-01
2.062826007604598999e-01 7.758739590644836426e-01
-5.063670277595520020e-01 1.974472999572753906e-01
1.527987420558929443e-01 -3.444855511188507080e-01
-4.913132488727569580e-01 1.752310097217559814e-01
1.106670141220092773e+00 5.055322647094726562e-01
-4.932120442390441895e-01 4.349087178707122803e-02
-3.299989402294158936e-01 1.882225424051284790e-01
5.071059465408325195e-01 5.249194055795669556e-02
3.806819915771484375e-01 -2.248612418770790100e-02
1.699570268392562866e-01 6.904466152191162109e-01
5.798445940017700195e-01 2.001711577177047729e-01
-3.930807411670684814e-01 1.218530908226966858e-01
-3.105941712856292725e-01 3.689426481723785400e-01
8.827543854713439941e-01 3.949147760868072510e-01
1.091958761215209961e+00 5.641339421272277832e-01
3.778707683086395264e-01 -1.881205439567565918e-01
-3.269358277320861816e-01 1.647761315107345581e-01
-6.183522939682006836e-01 -2.244805246591567993e-01
-2.861194610595703125e-01 -6.795428991317749023e-01
-2.996504902839660645e-01 -8.091991543769836426e-01
2.317100167274475098e-01 -2.228634953498840332e-01
-1.303174793720245361e-01 -7.416931390762329102e-01
-7.725708931684494019e-02 -5.073389410972595215e-01
-7.268901467323303223e-01 -1.239036798477172852e+00
-3.240180313587188721e-01 -7.771827578544616699e-01
-9.471374154090881348e-01 -5.011892914772033691e-01
