4.341745674610137939e-01 -4.676742255687713623e-01
8.923529982566833496e-01 3.981553949415683746e-03
-9.065402746200561523e-01 -1.533797144889831543e+00
4.749295413494110107e-01 -1.831677854061126709e-01
-2.675547897815704346e-01 4.378386139869689941e-01
-1.256218433380126953e+00 -1.907044053077697754e+00
-3.708038330078125000e-01 -1.654218435287475586e+00
-4.565719664096832275e-01 2.783059179782867432e-01
1.071330189704895020e+00 -6.474402546882629395e-02
-7.564225792884826660e-02 -7.964663505554199219e-01
2.933686375617980957e-01 9.098721742630004883e-01
-1.700757145881652832e-01 -5.905553102493286133e-01
6.392266750335693359e-01 1.674746394157409668e+00
2.129872143268585205e-01 9.557935595512390137e-01
-1.046208292245864868e-01 5.433310270309448242e-01
7.519215345382690430e-01 8.324164897203445435e-02
4.133121967315673828e-01 7.880082130432128906e-01
-1.349980831146240234e-01 -6.139222383499145508e-01
-8.814668655395507812e-01 -2.956319451332092285e-01
-3.093354105949401855e-01 1.528279781341552734e+00
-1.299665927886962891e+00 -1.866522878408432007e-01
2.966622412204742432e-01 9.212206602096557617e-01
-9.438433647155761719e-01 -4.387506246566772461e-01
5.618441104888916016e-01 -7.504372857511043549e-03
-5.283794999122619629e-01 4.999561309814453125e-01
1.043320298194885254e+00 1.717382669448852539e+00
1.685725003480911255e-01 -5.147999525070190430e-01
5.403593182563781738e-01 1.102137565612792969e+00
5.365393161773681641e-01 8.169445395469665527e-02
2.672209441661834717e-01 8.841099739074707031e-01
-5.674065649509429932e-02 8.204337954521179199e-01
1.150453448295593262e+00 -9.362457692623138428e-02
-2.160535901784896851e-01 4.695960283279418945e-01
1.057239413261413574e+00 2.770676016807556152e-01
-1.066933870315551758e+00 -4.535073935985565186e-01
-5.886520147323608398e-01 3.391747772693634033e-01
-1.566951274871826172e-01 -6.383045315742492676e-01
-1.748979836702346802e-01 -9.414587616920471191e-01
-1.624343514442443848e+00 -1.087728500366210938e+00
4.450717866420745850e-01 7.884315848350524902e-01
-1.288470268249511719e+00 -4.556935429573059082e-01
-5.547123551368713379e-01 4.339606463909149170e-01
-9.088431298732757568e-02 6.042991280555725098e-01
-7.227671146392822266e-02 5.677256584167480469e-01
2.533870935440063477e-01 9.110495448112487793e-01
4.329259395599365234e-01 1.036950588226318359e+00
-5.631865262985229492e-01 8.650808781385421753e-02
-4.637083411216735840e-01 1.529102206230163574e+00
-5.207315087318420410e-01 1.414495408535003662e-01
6.578835844993591309e-01 -5.655997991561889648e-02
