1.929467916488647461e-01 5.930416584014892578e-01
1.010686516761779785e+00 7.001060843467712402e-01
4.240891039371490479e-01 -7.693614810705184937e-02
5.175119638442993164e-01 2.162658870220184326e-01
6.978267431259155273e-01 3.593614399433135986e-01
-5.802538394927978516e-01 -2.715508043766021729e-01
3.782383725047111511e-02 -3.221370279788970947e-01
-8.606992661952972412e-02 3.590850830078125000e-01
-8.701869249343872070e-01 -4.800677001476287842e-01
-5.128139853477478027e-01 -1.127885580062866211e-01
3.528732657432556152e-01 -6.793180480599403381e-03
-1.380851417779922485e-01 1.763026565313339233e-01
8.857759088277816772e-02 4.303907155990600586e-01
-6.770943999290466309e-01 -3.151089847087860107e-01
-8.825607895851135254e-01 -1.176518440246582031e+00
1.267898321151733398e+00 1.000336289405822754e+00
2.742414474487304688e-01 5.901638269424438477e-01
2.955322153866291046e-02 3.311403393745422363e-01
-4.530310034751892090e-01 -8.166767954826354980e-01
-5.688232779502868652e-01 -1.136527955532073975e-01
3.117735981941223145e-01 6.440555453300476074e-01
-1.727828830480575562e-01 2.267333418130874634e-01
-5.881822705268859863e-01 1.284867376089096069e-01
2.242217063903808594e-01 5.549985766410827637e-01
1.366047501564025879e+00 9.746554493904113770e-01
6.272330135107040405e-02 4.905883371829986572e-01
6.166581511497497559e-01 2.424902468919754028e-01
1.805530905723571777e+00 1.166959643363952637e+00
2.338030040264129639e-01 -2.292459458112716675e-01
-1.788855195045471191e-01 -4.540794193744659424e-01
-7.023292183876037598e-01 -1.021566987037658691e+00
7.082534432411193848e-01 9.707224965095520020e-01
6.821343898773193359e-01 2.623011767864227295e-01
-1.092973113059997559e+00 -6.050221920013427734e-01
4.990603029727935791e-01 6.692690402269363403e-02
-1.667957901954650879e-01 2.595347762107849121e-01
-1.092802643775939941e+00 -6.555215120315551758e-01
1.025737076997756958e-01 5.099217295646667480e-01
1.252995729446411133e+00 -9.363974928855895996e-01
3.590993285179138184e-01 -3.965013325214385986e-01
-3.715672492980957031e-01 -7.590922117233276367e-01
6.664844155311584473e-01 1.102217435836791992e+00
-4.409505724906921387e-01 9.494010359048843384e-02
-1.583579629659652710e-01 -5.875273346900939941e-01
8.176376819610595703e-01 1.166508197784423828e+00
-1.063017621636390686e-01 -4.480662047863006592e-01
7.746635079383850098e-01 3.752586841583251953e-01
1.375309705734252930e+00 9.703860282897949219e-01
-9.114007353782653809e-01 -6.231214404106140137e-01
4.153971001505851746e-02 -4.076621234416961670e-01
