8.229191899299621582e-01 1.341323256492614746e+00
5.341256856918334961e-01 1.022314310073852539e+00
7.351820468902587891e-01 1.860772669315338135e-01
-4.641928672790527344e-01 2.686733193695545197e-02
4.113264381885528564e-01 -1.687628775835037231e-01
-5.473356842994689941e-01 1.687503755092620850e-01
4.382131695747375488e-01 -2.233596742153167725e-01
-1.316851675510406494e-01 -7.645159959793090820e-01
-1.547041058540344238e+00 -9.594735503196716309e-01
3.493787050247192383e-01 -1.214288026094436646e-01
-8.301469683647155762e-02 -5.131341218948364258e-01
3.840168416500091553e-01 -9.437968581914901733e-02
-4.524046182632446289e-01 -8.796778917312622070e-01
1.175221800804138184e+00 6.923472881317138672e-01
4.095255732536315918e-01 -1.188246980309486389e-01
-1.322174310684204102e+00 -5.941399335861206055e-01
1.790240257978439331e-01 -2.908413112163543701e-01
-7.090276479721069336e-01 -2.577505707740783691e-01
3.417357802391052246e-01 9.095560312271118164e-01
-8.195294141769409180e-01 -2.240213453769683838e-01
-3.943169116973876953e-01 1.726978421211242676e-01
-8.740779757499694824e-02 -5.336497426033020020e-01
5.248618125915527344e-01 -1.262765228748321533e-01
-8.377512693405151367e-01 -3.542275130748748779e-01
-3.963417410850524902e-01 -1.231433391571044922e+00
-5.868120789527893066e-01 -1.100011348724365234e+00
-6.207249164581298828e-01 -1.068338304758071899e-01
-7.120744585990905762e-01 -1.593415439128875732e-01
-1.028079390525817871e-01 -6.483249068260192871e-01
-5.370396189391613007e-03 5.149865150451660156e-01
