-7.667326927185058594e-01 -1.338278055191040039e-01
5.832922644913196564e-03 -4.478692412376403809e-01
-1.476181745529174805e-01 -8.197763562202453613e-01
-4.214522987604141235e-02 6.114223003387451172e-01
-2.190569788217544556e-01 5.887846350669860840e-01
-1.006798982620239258e+00 -1.609630137681961060e-01
-7.806891798973083496e-01 -1.387915968894958496e+00
-3.717170357704162598e-01 -1.327800512313842773e+00
-1.073965430259704590e-01 -5.899804830551147461e-01
7.956141829490661621e-01 3.755956515669822693e-02
-1.630613952875137329e-01 -1.089774847030639648e+00
-1.055571675300598145e+00 -3.658224940299987793e-01
5.711368322372436523e-01 1.051893830299377441e+00
4.369199573993682861e-01 -4.244482517242431641e-01
-7.284601926803588867e-01 -9.593076258897781372e-02
-2.691566348075866699e-01 3.289125561714172363e-01
3.302519619464874268e-01 1.475528240203857422e+00
-3.877680599689483643e-01 1.865164041519165039e-01
7.011460065841674805e-01 1.030665710568428040e-01
-5.667864084243774414e-01 -1.117473244667053223e+00
-8.780736327171325684e-01 -1.372211128473281860e-01
1.285043716430664062e+00 6.552160382270812988e-01
7.080782949924468994e-02 8.865868449211120605e-01
5.296372342854738235e-03 6.337726712226867676e-01
-5.436323881149291992e-01 -1.167229056358337402e+00
-8.204251527786254883e-01 7.724431902170181274e-02
7.763675451278686523e-01 1.316875070333480835e-01
-4.508717060089111328e-01 3.909315764904022217e-01
1.905731409788131714e-01 7.388753294944763184e-01
7.487640380859375000e-01 -5.173368379473686218e-02
1.482573151588439941e+00 4.077537655830383301e-01
2.071073353290557861e-01 -5.650820136070251465e-01
-6.610829234123229980e-01 -1.312881588935852051e+00
-7.000396847724914551e-01 2.933257818222045898e-01
-2.585591375827789307e-01 -1.239364624023437500e+00
-1.098237395286560059e+00 -4.849035441875457764e-01
-2.676582932472229004e-01 -8.799985647201538086e-01
-1.827866882085800171e-01 -5.349180102348327637e-01
2.632788121700286865e-01 9.336013793945312500e-01
-3.943230807781219482e-01 -1.117816925048828125e+00
5.764600038528442383e-01 -6.530470401048660278e-02
2.168668508529663086e-01 -3.251846730709075928e-01
6.796130537986755371e-01 1.787907630205154419e-01
5.999531745910644531e-01 -2.322427630424499512e-01
1.119466423988342285e-01 1.019602537155151367e+00
-1.172524809837341309e+00 -2.354944348335266113e-01
-2.245257049798965454e-02 5.716245174407958984e-01
9.673316478729248047e-01 3.146001100540161133e-01
4.489796161651611328e-01 8.887427300214767456e-02
-1.148851439356803894e-01 -6.811114549636840820e-01
9.208324551582336426e-01 1.915091276168823242e-01
5.595075488090515137e-01 1.099644899368286133e-01
-5.810310244560241699e-01 9.829635918140411377e-02
-9.063460230827331543e-01 -2.742000818252563477e-01
-1.070830702781677246e+00 -4.639230966567993164e-01
-7.304072380065917969e-01 -1.303117036819458008e+00
2.969960868358612061e-01 1.172639846801757812e+00
2.640824019908905029e-01 -2.347405701875686646e-01
7.858567833900451660e-01 2.981552481651306152e-01
9.639082551002502441e-01 2.664272785186767578e-01
