0.640625 0.6303085088729858 604.0 3540.0 8509.0 1805.0
0.748046875 0.7588878273963928 1189.0 2266.0 9783.0 1220.0
0.80859375 0.7882141470909119 1220.0 1873.0 10176.0 1189.0
0.79296875 0.7848941683769226 1342.0 2043.0 10006.0 1067.0
0.779296875 0.797828197479248 1391.0 1905.0 10144.0 1018.0
0.830078125 0.8013556599617004 1426.0 1889.0 10160.0 983.0
0.8125 0.8017706274986267 1494.0 1951.0 10098.0 915.0
0.818359375 0.7942315936088562 1561.0 2127.0 9922.0 848.0
0.82421875 0.8017706274986267 1564.0 2021.0 10028.0 845.0
0.84375 0.8120763301849365 1558.0 1866.0 10183.0 851.0
0.79296875 0.8165721297264099 1571.0 1814.0 10235.0 838.0
0.841796875 0.8155346512794495 1567.0 1825.0 10224.0 842.0
0.814453125 0.8139438629150391 1599.0 1880.0 10169.0 810.0
0.83203125 0.8121455311775208 1629.0 1936.0 10113.0 780.0
0.83984375 0.8211370706558228 1582.0 1759.0 10290.0 827.0
0.845703125 0.8196154236793518 1618.0 1817.0 10232.0 791.0
0.830078125 0.8284686803817749 1616.0 1687.0 10362.0 793.0
0.837890625 0.8144279718399048 1679.0 1953.0 10096.0 730.0
0.8203125 0.817747950553894 1669.0 1895.0 10154.0 740.0
0.83203125 0.8187854290008545 1674.0 1885.0 10164.0 735.0
0.82421875 0.8272236585617065 1669.0 1758.0 10291.0 740.0
0.828125 0.8227279186248779 1683.0 1837.0 10212.0 726.0
0.8203125 0.8258403539657593 1673.0 1782.0 10267.0 736.0
0.818359375 0.8209295868873596 1705.0 1885.0 10164.0 704.0
0.84765625 0.8231428861618042 1709.0 1857.0 10192.0 700.0
0.830078125 0.8176096081733704 1719.0 1947.0 10102.0 690.0
0.849609375 0.8242495656013489 1709.0 1841.0 10208.0 700.0
0.8359375 0.8313044905662537 1691.0 1721.0 10328.0 718.0
0.87109375 0.8286070227622986 1705.0 1774.0 10275.0 704.0
0.82421875 0.8248720169067383 1738.0 1861.0 10188.0 671.0
0.833984375 0.8288145065307617 1710.0 1776.0 10273.0 699.0
0.83984375 0.8289528489112854 1745.0 1809.0 10240.0 664.0
0.859375 0.8367685675621033 1711.0 1662.0 10387.0 698.0
0.869140625 0.8319961428642273 1754.0 1774.0 10275.0 655.0
0.83203125 0.8393968939781189 1697.0 1610.0 10439.0 712.0
0.822265625 0.8292986750602722 1770.0 1829.0 10220.0 639.0
0.83984375 0.834416925907135 1734.0 1719.0 10330.0 675.0
0.859375 0.8423018455505371 1718.0 1589.0 10460.0 691.0
0.845703125 0.8375985622406006 1763.0 1702.0 10347.0 646.0
0.84765625 0.8270161747932434 1810.0 1902.0 10147.0 599.0
0.86328125 0.8382210731506348 1768.0 1698.0 10351.0 641.0
0.845703125 0.8280536532402039 1801.0 1878.0 10171.0 608.0
0.85546875 0.825425386428833 1810.0 1925.0 10124.0 599.0
0.86328125 0.8340019583702087 1769.0 1760.0 10289.0 640.0
0.85546875 0.8332411050796509 1793.0 1795.0 10254.0 616.0
0.87109375 0.8403651714324951 1753.0 1652.0 10397.0 656.0
0.8203125 0.8343477845191956 1782.0 1768.0 10281.0 627.0
0.849609375 0.8383594155311584 1805.0 1733.0 10316.0 604.0
0.853515625 0.8332411050796509 1803.0 1805.0 10244.0 606.0
0.87890625 0.8416793346405029 1778.0 1658.0 10391.0 631.0
0.828125 0.8412643671035767 1805.0 1691.0 10358.0 604.0
0.84375 0.8438234925270081 1796.0 1645.0 10404.0 613.0
0.869140625 0.8382210731506348 1800.0 1730.0 10319.0 609.0
0.845703125 0.8466593027114868 1803.0 1611.0 10438.0 606.0
0.86328125 0.8441693186759949 1795.0 1639.0 10410.0 614.0
0.849609375 0.8399502038955688 1814.0 1719.0 10330.0 595.0
0.828125 0.8425785303115845 1803.0 1670.0 10379.0 606.0
0.857421875 0.8525384068489075 1755.0 1478.0 10571.0 654.0
0.876953125 0.8490109443664551 1787.0 1561.0 10488.0 622.0
0.875 0.8417485356330872 1818.0 1697.0 10352.0 591.0
0.87109375 0.8450684547424316 1784.0 1615.0 10434.0 625.0
0.82421875 0.8409185409545898 1814.0 1705.0 10344.0 595.0
0.83984375 0.8427168130874634 1833.0 1698.0 10351.0 576.0
0.8828125 0.845898449420929 1814.0 1633.0 10416.0 595.0
0.853515625 0.8467284440994263 1815.0 1622.0 10427.0 594.0
0.865234375 0.8429934978485107 1831.0 1692.0 10357.0 578.0
0.869140625 0.845345139503479 1795.0 1622.0 10427.0 614.0
0.841796875 0.8409185409545898 1848.0 1739.0 10310.0 561.0
0.8359375 0.8451376557350159 1837.0 1667.0 10382.0 572.0
0.8515625 0.8481809496879578 1806.0 1592.0 10457.0 603.0
0.84375 0.8500484228134155 1817.0 1576.0 10473.0 592.0
0.85546875 0.8529533743858337 1793.0 1510.0 10539.0 616.0
0.849609375 0.8531608581542969 1798.0 1512.0 10537.0 611.0
0.8359375 0.8489417433738708 1841.0 1616.0 10433.0 568.0
0.857421875 0.853022575378418 1808.0 1524.0 10525.0 601.0
0.85546875 0.8539908528327942 1796.0 1498.0 10551.0 613.0
0.84765625 0.8595933318138123 1804.0 1425.0 10624.0 605.0
0.853515625 0.8541291952133179 1832.0 1532.0 10517.0 577.0
0.869140625 0.8533684015274048 1861.0 1572.0 10477.0 548.0
0.875 0.8496333956718445 1849.0 1614.0 10435.0 560.0
0.8671875 0.8462442755699158 1868.0 1682.0 10367.0 541.0
0.83984375 0.8508784174919128 1857.0 1604.0 10445.0 552.0
0.892578125 0.8598008155822754 1783.0 1401.0 10648.0 626.0
0.859375 0.8557891845703125 1834.0 1510.0 10539.0 575.0
0.8828125 0.8595933318138123 1784.0 1405.0 10644.0 625.0
0.875 0.8528842329978943 1849.0 1567.0 10482.0 560.0
0.873046875 0.8551666736602783 1820.0 1505.0 10544.0 589.0
0.85546875 0.8562041521072388 1838.0 1508.0 10541.0 571.0
0.87109375 0.8528842329978943 1863.0 1581.0 10468.0 546.0
0.849609375 0.8559966683387756 1840.0 1513.0 10536.0 569.0
0.853515625 0.8568958640098572 1832.0 1492.0 10557.0 577.0
0.87109375 0.849564254283905 1867.0 1633.0 10416.0 542.0
0.87890625 0.8522617220878601 1870.0 1597.0 10452.0 539.0
0.865234375 0.8533684015274048 1852.0 1563.0 10486.0 557.0
0.841796875 0.8493567705154419 1872.0 1641.0 10408.0 537.0
0.892578125 0.855720043182373 1865.0 1542.0 10507.0 544.0
0.859375 0.8550283312797546 1846.0 1533.0 10516.0 563.0
0.86328125 0.8634666204452515 1835.0 1400.0 10649.0 574.0
0.87109375 0.8492184281349182 1886.0 1657.0 10392.0 523.0
0.880859375 0.8555817008018494 1865.0 1544.0 10505.0 544.0
0.869140625 0.8548900485038757 1864.0 1553.0 10496.0 545.0
0.859375 0.8559966683387756 1880.0 1553.0 10496.0 529.0
0.888671875 0.8570341467857361 1861.0 1519.0 10530.0 548.0
0.888671875 0.8575183153152466 1849.0 1500.0 10549.0 560.0
0.8671875 0.8574491739273071 1854.0 1506.0 10543.0 555.0
0.86328125 0.8548900485038757 1867.0 1556.0 10493.0 542.0
0.8515625 0.8617374300956726 1823.0 1413.0 10636.0 586.0
0.880859375 0.8606308102607727 1851.0 1457.0 10592.0 558.0
0.88671875 0.850532591342926 1894.0 1646.0 10403.0 515.0
0.845703125 0.8494951128959656 1885.0 1652.0 10397.0 524.0
0.841796875 0.8573108315467834 1839.0 1493.0 10556.0 570.0
0.841796875 0.8592474460601807 1854.0 1480.0 10569.0 555.0
0.849609375 0.8515700697898865 1907.0 1644.0 10405.0 502.0
0.888671875 0.855858325958252 1872.0 1547.0 10502.0 537.0
0.857421875 0.8560658693313599 1879.0 1551.0 10498.0 530.0
0.8828125 0.8559275269508362 1873.0 1547.0 10502.0 536.0
0.859375 0.8550975322723389 1876.0 1562.0 10487.0 533.0
0.884765625 0.8552358746528625 1897.0 1581.0 10468.0 512.0
0.873046875 0.8555817008018494 1885.0 1564.0 10485.0 524.0
0.861328125 0.8583483099937439 1831.0 1470.0 10579.0 578.0
0.869140625 0.8571724891662598 1887.0 1543.0 10506.0 522.0
0.869140625 0.8461059331893921 1915.0 1731.0 10318.0 494.0
0.876953125 0.8498409390449524 1921.0 1683.0 10366.0 488.0
0.87109375 0.8555124998092651 1891.0 1571.0 10478.0 518.0
0.87109375 0.8534375429153442 1897.0 1607.0 10442.0 512.0
0.880859375 0.8589708209037781 1856.0 1486.0 10563.0 553.0
0.873046875 0.8544750213623047 1913.0 1608.0 10441.0 496.0
0.876953125 0.8567575216293335 1881.0 1543.0 10506.0 528.0
0.859375 0.8544058799743652 1906.0 1602.0 10447.0 503.0
0.876953125 0.8583483099937439 1853.0 1492.0 10557.0 556.0
0.84765625 0.8549591898918152 1887.0 1575.0 10474.0 522.0
0.849609375 0.8555817008018494 1905.0 1584.0 10465.0 504.0
0.859375 0.8611841201782227 1873.0 1471.0 10578.0 536.0
0.87890625 0.8550975322723389 1903.0 1589.0 10460.0 506.0
0.8515625 0.8574491739273071 1894.0 1546.0 10503.0 515.0
0.8671875 0.8645732402801514 1841.0 1390.0 10659.0 568.0
0.86328125 0.8599391579627991 1868.0 1484.0 10565.0 541.0
0.892578125 0.8586249947547913 1905.0 1540.0 10509.0 504.0
0.873046875 0.8574491739273071 1875.0 1527.0 10522.0 534.0
0.896484375 0.8574491739273071 1896.0 1548.0 10501.0 513.0
0.875 0.8586941361427307 1868.0 1502.0 10547.0 541.0
0.8671875 0.8669248819351196 1849.0 1364.0 10685.0 560.0
0.828125 0.862982451915741 1878.0 1450.0 10599.0 531.0
0.875 0.8612532615661621 1894.0 1491.0 10558.0 515.0
0.876953125 0.860492467880249 1905.0 1513.0 10536.0 504.0
0.876953125 0.854751706123352 1907.0 1598.0 10451.0 502.0
0.87890625 0.8618066310882568 1852.0 1441.0 10608.0 557.0
0.875 0.8528842329978943 1936.0 1654.0 10395.0 473.0
0.8671875 0.8551666736602783 1942.0 1627.0 10422.0 467.0
0.865234375 0.8615990877151489 1870.0 1462.0 10587.0 539.0
0.865234375 0.8566191792488098 1924.0 1588.0 10461.0 485.0
0.857421875 0.8512242436408997 1924.0 1666.0 10383.0 485.0
0.84765625 0.8631899356842041 1865.0 1434.0 10615.0 544.0
0.875 0.8605616092681885 1852.0 1459.0 10590.0 557.0
0.84375 0.8503942489624023 1930.0 1684.0 10365.0 479.0
0.865234375 0.8488726019859314 1930.0 1706.0 10343.0 479.0
0.873046875 0.8569650053977966 1888.0 1547.0 10502.0 521.0
0.869140625 0.8591783046722412 1898.0 1525.0 10524.0 511.0
0.888671875 0.8557891845703125 1909.0 1585.0 10464.0 500.0
0.859375 0.8582791686058044 1902.0 1542.0 10507.0 507.0
0.865234375 0.8571724891662598 1922.0 1578.0 10471.0 487.0
0.86328125 0.8624290823936462 1893.0 1473.0 10576.0 516.0
0.8828125 0.8584175109863281 1890.0 1528.0 10521.0 519.0
0.880859375 0.8613916039466858 1865.0 1460.0 10589.0 544.0
0.88671875 0.858555793762207 1895.0 1531.0 10518.0 514.0
0.8671875 0.8600082993507385 1894.0 1509.0 10540.0 515.0
0.861328125 0.8593857884407043 1895.0 1519.0 10530.0 514.0
0.900390625 0.859524130821228 1911.0 1533.0 10516.0 498.0
0.884765625 0.851085901260376 1924.0 1668.0 10381.0 485.0
0.8671875 0.8701065182685852 1845.0 1314.0 10735.0 564.0
0.865234375 0.8577257990837097 1901.0 1549.0 10500.0 508.0
0.8828125 0.8598699569702148 1875.0 1492.0 10557.0 534.0
0.849609375 0.8580024838447571 1901.0 1545.0 10504.0 508.0
0.880859375 0.8612532615661621 1877.0 1474.0 10575.0 532.0
0.84375 0.8601466417312622 1869.0 1482.0 10567.0 540.0
0.85546875 0.8608382940292358 1878.0 1481.0 10568.0 531.0
0.873046875 0.8591091632843018 1877.0 1505.0 10544.0 532.0
0.876953125 0.854751706123352 1914.0 1605.0 10444.0 495.0
0.873046875 0.862982451915741 1874.0 1446.0 10603.0 535.0
0.876953125 0.8548900485038757 1916.0 1605.0 10444.0 493.0
0.90625 0.8655415773391724 1872.0 1407.0 10642.0 537.0
0.87890625 0.8641582727432251 1880.0 1435.0 10614.0 529.0
0.890625 0.8628441095352173 1881.0 1455.0 10594.0 528.0
