0.369140625 0.36775487661361694 1699.0 8431.0 3618.0 710.0
0.751953125 0.7487204074859619 1429.0 2653.0 9396.0 980.0
0.7734375 0.7579194903373718 1580.0 2671.0 9378.0 829.0
0.76171875 0.7715451717376709 1575.0 2469.0 9580.0 834.0
0.794921875 0.7721676826477051 1692.0 2577.0 9472.0 717.0
0.796875 0.796859860420227 1702.0 2230.0 9819.0 707.0
0.775390625 0.7806750535964966 1751.0 2513.0 9536.0 658.0
0.818359375 0.7956148982048035 1743.0 2289.0 9760.0 666.0
0.767578125 0.7840641736984253 1852.0 2565.0 9484.0 557.0
0.822265625 0.8010789752006531 1813.0 2280.0 9769.0 596.0
0.83203125 0.8214828968048096 1749.0 1921.0 10128.0 660.0
0.837890625 0.8009406328201294 1796.0 2265.0 9784.0 613.0
0.79296875 0.804122269153595 1870.0 2293.0 9756.0 539.0
0.822265625 0.8102088570594788 1833.0 2168.0 9881.0 576.0
0.826171875 0.8059206008911133 1889.0 2286.0 9763.0 520.0
0.80859375 0.8289528489112854 1802.0 1866.0 10183.0 607.0
0.828125 0.8209987282752991 1899.0 2078.0 9971.0 510.0
0.826171875 0.815050482749939 1880.0 2145.0 9904.0 529.0
0.849609375 0.8204454183578491 1869.0 2056.0 9993.0 540.0
0.8203125 0.8198229074478149 1898.0 2094.0 9955.0 511.0
0.8359375 0.8243879079818726 1885.0 2015.0 10034.0 524.0
0.83984375 0.82252037525177 1889.0 2046.0 10003.0 520.0
0.849609375 0.8362152576446533 1816.0 1775.0 10274.0 593.0
0.845703125 0.8339327573776245 1854.0 1846.0 10203.0 555.0
0.849609375 0.8245953917503357 1899.0 2026.0 10023.0 510.0
0.828125 0.8317885994911194 1893.0 1916.0 10133.0 516.0
0.890625 0.8242495656013489 1919.0 2051.0 9998.0 490.0
0.84765625 0.8307511210441589 1881.0 1919.0 10130.0 528.0
0.81640625 0.8216212391853333 1935.0 2105.0 9944.0 474.0
0.8515625 0.8239037394523621 1926.0 2063.0 9986.0 483.0
0.80859375 0.8282611966133118 1925.0 1999.0 10050.0 484.0
0.833984375 0.8324111104011536 1923.0 1937.0 10112.0 486.0
0.84765625 0.8371835947036743 1884.0 1829.0 10220.0 525.0
0.8671875 0.8380827307701111 1897.0 1829.0 10220.0 512.0
0.83984375 0.8398118615150452 1882.0 1789.0 10260.0 527.0
0.873046875 0.840157687664032 1889.0 1791.0 10258.0 520.0
0.8359375 0.8338636159896851 1924.0 1917.0 10132.0 485.0
0.84765625 0.8246645331382751 1972.0 2098.0 9951.0 437.0
0.826171875 0.8220362663269043 1975.0 2139.0 9910.0 434.0
0.87890625 0.839189350605011 1905.0 1821.0 10228.0 504.0
0.857421875 0.835385262966156 1933.0 1904.0 10145.0 476.0
0.86328125 0.8273620009422302 1974.0 2061.0 9988.0 435.0
0.859375 0.8360769152641296 1905.0 1866.0 10183.0 504.0
0.859375 0.8450684547424316 1907.0 1738.0 10311.0 502.0
0.8515625 0.8372527360916138 1901.0 1845.0 10204.0 508.0
0.8359375 0.8415409922599792 1938.0 1820.0 10229.0 471.0
0.845703125 0.8332411050796509 1953.0 1955.0 10094.0 456.0
0.83984375 0.832134485244751 1922.0 1940.0 10109.0 487.0
0.841796875 0.8349010944366455 1949.0 1927.0 10122.0 460.0
0.810546875 0.8300594687461853 1958.0 2006.0 10043.0 451.0
0.87890625 0.8431318402290344 1887.0 1746.0 10303.0 522.0
0.8671875 0.8418868184089661 1903.0 1780.0 10269.0 506.0
0.849609375 0.8419560194015503 1924.0 1800.0 10249.0 485.0
0.845703125 0.8481117486953735 1893.0 1680.0 10369.0 516.0
0.873046875 0.8378060460090637 1938.0 1874.0 10175.0 471.0
0.861328125 0.8484575748443604 1884.0 1666.0 10383.0 525.0
0.87890625 0.840572714805603 1940.0 1836.0 10213.0 469.0
0.875 0.852054238319397 1851.0 1581.0 10468.0 558.0
0.826171875 0.840572714805603 1936.0 1832.0 10217.0 473.0
0.845703125 0.8317885994911194 1980.0 2003.0 10046.0 429.0
0.841796875 0.8441693186759949 1934.0 1778.0 10271.0 475.0
0.8671875 0.8398810625076294 1971.0 1877.0 10172.0 438.0
0.859375 0.8436160087585449 1921.0 1773.0 10276.0 488.0
0.875 0.856273353099823 1860.0 1529.0 10520.0 549.0
0.8515625 0.8412643671035767 1965.0 1851.0 10198.0 444.0
0.865234375 0.8418868184089661 1922.0 1799.0 10250.0 487.0
0.865234375 0.848595917224884 1941.0 1721.0 10328.0 468.0
0.837890625 0.8463826179504395 1922.0 1734.0 10315.0 487.0
0.859375 0.84686678647995 1932.0 1737.0 10312.0 477.0
0.876953125 0.8471434712409973 1922.0 1723.0 10326.0 487.0
0.888671875 0.8493567705154419 1923.0 1692.0 10357.0 486.0
0.8515625 0.8358694314956665 1964.0 1928.0 10121.0 445.0
0.87109375 0.8418176770210266 1933.0 1811.0 10238.0 476.0
0.865234375 0.836906909942627 1965.0 1914.0 10135.0 444.0
0.845703125 0.847835123538971 1930.0 1721.0 10328.0 479.0
0.869140625 0.8471434712409973 1917.0 1718.0 10331.0 492.0
0.876953125 0.844791829586029 1912.0 1747.0 10302.0 497.0
0.865234375 0.8425785303115845 1947.0 1814.0 10235.0 462.0
0.87890625 0.8546133637428284 1879.0 1572.0 10477.0 530.0
0.890625 0.8440309762954712 1933.0 1779.0 10270.0 476.0
0.85546875 0.838636040687561 1953.0 1877.0 10172.0 456.0
0.8671875 0.8474892973899841 1927.0 1723.0 10326.0 482.0
0.8671875 0.8452067971229553 1937.0 1766.0 10283.0 472.0
0.861328125 0.8421635031700134 1956.0 1829.0 10220.0 453.0
0.859375 0.8402960300445557 1967.0 1867.0 10182.0 442.0
0.8671875 0.8503942489624023 1906.0 1660.0 10389.0 503.0
0.85546875 0.8528842329978943 1891.0 1609.0 10440.0 518.0
0.87109375 0.8527458906173706 1921.0 1641.0 10408.0 488.0
0.875 0.8388435244560242 1966.0 1887.0 10162.0 443.0
0.87890625 0.847835123538971 1918.0 1709.0 10340.0 491.0
0.880859375 0.8519850373268127 1946.0 1677.0 10372.0 463.0
0.841796875 0.8506709337234497 1933.0 1683.0 10366.0 476.0
0.880859375 0.8463826179504395 1936.0 1748.0 10301.0 473.0
0.869140625 0.8465209603309631 1950.0 1760.0 10289.0 459.0
0.8203125 0.8402960300445557 1996.0 1896.0 10153.0 413.0
0.869140625 0.845898449420929 1952.0 1771.0 10278.0 457.0
0.89453125 0.8485267758369446 1941.0 1722.0 10327.0 468.0
0.859375 0.8573799729347229 1894.0 1547.0 10502.0 515.0
0.875 0.8464518189430237 1929.0 1740.0 10309.0 480.0
0.865234375 0.8475584387779236 1934.0 1729.0 10320.0 475.0
0.869140625 0.8528842329978943 1910.0 1628.0 10421.0 499.0
0.875 0.8571033477783203 1890.0 1547.0 10502.0 519.0
0.853515625 0.8492184281349182 1947.0 1718.0 10331.0 462.0
0.86328125 0.8411951661109924 1946.0 1833.0 10216.0 463.0
0.890625 0.8499792218208313 1942.0 1702.0 10347.0 467.0
0.87109375 0.8445842862129211 1961.0 1799.0 10250.0 448.0
0.857421875 0.8521925806999207 1891.0 1619.0 10430.0 518.0
0.890625 0.8593857884407043 1902.0 1526.0 10523.0 507.0
0.873046875 0.8519158959388733 1948.0 1680.0 10369.0 461.0
0.85546875 0.8528150320053101 1931.0 1650.0 10399.0 478.0
0.875 0.8530917167663574 1950.0 1665.0 10384.0 459.0
0.876953125 0.848595917224884 1969.0 1749.0 10300.0 440.0
0.859375 0.8416793346405029 1998.0 1878.0 10171.0 411.0
0.87109375 0.8541291952133179 1927.0 1627.0 10422.0 482.0
0.880859375 0.8476967811584473 1946.0 1739.0 10310.0 463.0
0.900390625 0.8624982833862305 1892.0 1471.0 10578.0 517.0
0.87109375 0.8506017327308655 1918.0 1669.0 10380.0 491.0
0.85546875 0.8455526232719421 1948.0 1772.0 10277.0 461.0
0.8515625 0.8506017327308655 1934.0 1685.0 10364.0 475.0
0.896484375 0.8467284440994263 1927.0 1734.0 10315.0 482.0
0.89453125 0.8562041521072388 1895.0 1565.0 10484.0 514.0
0.873046875 0.8536450266838074 1934.0 1641.0 10408.0 475.0
0.873046875 0.857241690158844 1913.0 1568.0 10481.0 496.0
0.83984375 0.8533684015274048 1945.0 1656.0 10393.0 464.0
0.87109375 0.8535758852958679 1949.0 1657.0 10392.0 460.0
0.875 0.8535758852958679 1909.0 1617.0 10432.0 500.0
0.86328125 0.849564254283905 1930.0 1696.0 10353.0 479.0
0.88671875 0.8521925806999207 1961.0 1689.0 10360.0 448.0
0.86328125 0.8594549894332886 1891.0 1514.0 10535.0 518.0
0.876953125 0.8441001772880554 1986.0 1831.0 10218.0 423.0
0.888671875 0.8452759981155396 1950.0 1778.0 10271.0 459.0
0.861328125 0.8545442223548889 1932.0 1626.0 10423.0 477.0
0.8671875 0.8414718508720398 1974.0 1857.0 10192.0 435.0
0.849609375 0.845898449420929 1967.0 1786.0 10263.0 442.0
0.884765625 0.8457601070404053 1979.0 1800.0 10249.0 430.0
0.853515625 0.8579333424568176 1936.0 1581.0 10468.0 473.0
0.8359375 0.8497717380523682 1982.0 1745.0 10304.0 427.0
0.873046875 0.8525384068489075 1942.0 1665.0 10384.0 467.0
0.8515625 0.8315119743347168 2025.0 2052.0 9997.0 384.0
0.845703125 0.8449993133544922 1981.0 1813.0 10236.0 428.0
0.873046875 0.8584175109863281 1889.0 1527.0 10522.0 520.0
0.88671875 0.8470742702484131 1925.0 1727.0 10322.0 484.0
0.83984375 0.8518467545509338 1922.0 1655.0 10394.0 487.0
0.859375 0.8517775535583496 1926.0 1660.0 10389.0 483.0
0.86328125 0.861045777797699 1903.0 1503.0 10546.0 506.0
0.8671875 0.8539217114448547 1914.0 1617.0 10432.0 495.0
0.873046875 0.8499792218208313 1929.0 1689.0 10360.0 480.0
0.853515625 0.8454142808914185 1956.0 1782.0 10267.0 453.0
0.876953125 0.8466593027114868 1953.0 1761.0 10288.0 456.0
0.87890625 0.8465901017189026 1969.0 1778.0 10271.0 440.0
0.849609375 0.8532300591468811 1920.0 1633.0 10416.0 489.0
0.900390625 0.8481809496879578 1953.0 1739.0 10310.0 456.0
0.875 0.8535066843032837 1932.0 1641.0 10408.0 477.0
0.8828125 0.8490800857543945 1960.0 1733.0 10316.0 449.0
0.859375 0.8586941361427307 1920.0 1554.0 10495.0 489.0
0.884765625 0.8460367918014526 1981.0 1798.0 10251.0 428.0
0.880859375 0.854751706123352 1904.0 1595.0 10454.0 505.0
0.890625 0.8586941361427307 1884.0 1518.0 10531.0 525.0
0.8828125 0.8490109443664551 1972.0 1746.0 10303.0 437.0
0.89453125 0.8573108315467834 1895.0 1549.0 10500.0 514.0
0.88671875 0.8413335084915161 1985.0 1870.0 10179.0 424.0
0.87890625 0.8472126126289368 1932.0 1732.0 10317.0 477.0
0.86328125 0.8561350107192993 1900.0 1571.0 10478.0 509.0
0.89453125 0.8589016199111938 1901.0 1532.0 10517.0 508.0
0.87109375 0.8449301719665527 1951.0 1784.0 10265.0 458.0
0.875 0.8418176770210266 1974.0 1852.0 10197.0 435.0
0.86328125 0.8469359278678894 1980.0 1784.0 10265.0 429.0
0.845703125 0.8474200963973999 1979.0 1776.0 10273.0 430.0
0.880859375 0.8542675375938416 1961.0 1659.0 10390.0 448.0
0.869140625 0.8485267758369446 1950.0 1731.0 10318.0 459.0
0.86328125 0.8579333424568176 1916.0 1561.0 10488.0 493.0
0.880859375 0.855858325958252 1937.0 1612.0 10437.0 472.0
0.859375 0.8548208475112915 1936.0 1626.0 10423.0 473.0
0.86328125 0.8523308634757996 1923.0 1649.0 10400.0 486.0
0.880859375 0.8510167598724365 1965.0 1710.0 10339.0 444.0
0.84765625 0.8536450266838074 1953.0 1660.0 10389.0 456.0
0.89453125 0.8544058799743652 1951.0 1647.0 10402.0 458.0
0.8359375 0.8517775535583496 1944.0 1678.0 10371.0 465.0
0.87109375 0.8575875163078308 1931.0 1581.0 10468.0 478.0
0.85546875 0.8427168130874634 1970.0 1835.0 10214.0 439.0
0.87890625 0.8508092164993286 1957.0 1705.0 10344.0 452.0
0.841796875 0.8500484228134155 1939.0 1698.0 10351.0 470.0
0.85546875 0.8561350107192993 1929.0 1600.0 10449.0 480.0
0.8671875 0.8613916039466858 1897.0 1492.0 10557.0 512.0
0.869140625 0.8427168130874634 1972.0 1837.0 10212.0 437.0
0.849609375 0.8546825051307678 1928.0 1620.0 10429.0 481.0
0.85546875 0.8554433584213257 1919.0 1600.0 10449.0 490.0
0.875 0.8526766896247864 1952.0 1673.0 10376.0 457.0
0.859375 0.8563424944877625 1938.0 1606.0 10443.0 471.0
0.904296875 0.8624982833862305 1904.0 1483.0 10566.0 505.0
0.8828125 0.8562041521072388 1908.0 1578.0 10471.0 501.0
0.876953125 0.8524692058563232 1952.0 1676.0 10373.0 457.0
0.85546875 0.8494259119033813 1961.0 1729.0 10320.0 448.0
0.857421875 0.8501867651939392 1952.0 1709.0 10340.0 457.0
0.853515625 0.8586941361427307 1924.0 1558.0 10491.0 485.0
0.87109375 0.849564254283905 1981.0 1747.0 10302.0 428.0
0.833984375 0.8492875695228577 1997.0 1767.0 10282.0 412.0
0.873046875 0.8537142276763916 1927.0 1633.0 10416.0 482.0
0.896484375 0.8544750213623047 1944.0 1639.0 10410.0 465.0
0.88671875 0.8566883206367493 1941.0 1604.0 10445.0 468.0
0.87890625 0.847835123538971 2002.0 1793.0 10256.0 407.0
0.869140625 0.8555817008018494 1949.0 1628.0 10421.0 460.0
0.890625 0.856826663017273 1950.0 1611.0 10438.0 459.0
0.873046875 0.8635357618331909 1920.0 1484.0 10565.0 489.0
0.8671875 0.8459676504135132 2002.0 1820.0 10229.0 407.0
0.861328125 0.8594549894332886 1944.0 1567.0 10482.0 465.0
0.87890625 0.8580024838447571 1950.0 1594.0 10455.0 459.0
0.880859375 0.8595933318138123 1931.0 1552.0 10497.0 478.0
0.876953125 0.8624982833862305 1885.0 1464.0 10585.0 524.0
0.87109375 0.8608382940292358 1919.0 1522.0 10527.0 490.0
0.8828125 0.8526766896247864 1959.0 1680.0 10369.0 450.0
0.8515625 0.860077440738678 1948.0 1562.0 10487.0 461.0
0.888671875 0.8607691526412964 1923.0 1527.0 10522.0 486.0
0.88671875 0.855305016040802 1971.0 1654.0 10395.0 438.0
0.88671875 0.8577257990837097 1951.0 1599.0 10450.0 458.0
0.8671875 0.8486651182174683 1974.0 1753.0 10296.0 435.0
0.88671875 0.8685157299041748 1903.0 1395.0 10654.0 506.0
0.873046875 0.856826663017273 1955.0 1616.0 10433.0 454.0
0.8671875 0.8580716848373413 1944.0 1587.0 10462.0 465.0
0.875 0.8582099676132202 1944.0 1585.0 10464.0 465.0
0.86328125 0.854336678981781 1953.0 1650.0 10399.0 456.0
0.87890625 0.8590399622917175 1926.0 1555.0 10494.0 483.0
0.876953125 0.8591783046722412 1963.0 1590.0 10459.0 446.0
0.865234375 0.8549591898918152 1979.0 1667.0 10382.0 430.0
0.890625 0.8508784174919128 1958.0 1705.0 10344.0 451.0
0.87109375 0.8493567705154419 1967.0 1736.0 10313.0 442.0
0.8828125 0.8582791686058044 1941.0 1581.0 10468.0 468.0
0.884765625 0.856273353099823 1936.0 1605.0 10444.0 473.0
0.849609375 0.8563424944877625 1957.0 1625.0 10424.0 452.0
0.880859375 0.8587633371353149 1923.0 1556.0 10493.0 486.0
0.865234375 0.8580716848373413 1911.0 1554.0 10495.0 498.0
0.849609375 0.8467976450920105 1997.0 1803.0 10246.0 412.0
0.884765625 0.854336678981781 1968.0 1665.0 10384.0 441.0
0.87890625 0.8681698441505432 1866.0 1363.0 10686.0 543.0
0.908203125 0.8571033477783203 1958.0 1615.0 10434.0 451.0
0.890625 0.8529533743858337 1964.0 1681.0 10368.0 445.0
0.873046875 0.8573799729347229 1927.0 1580.0 10469.0 482.0
0.8515625 0.8522617220878601 1954.0 1681.0 10368.0 455.0
0.896484375 0.8576566576957703 1913.0 1562.0 10487.0 496.0
0.890625 0.8573108315467834 1952.0 1606.0 10443.0 457.0
0.890625 0.8590399622917175 1940.0 1569.0 10480.0 469.0
0.865234375 0.8679623603820801 1870.0 1370.0 10679.0 539.0
0.888671875 0.8503942489624023 1949.0 1703.0 10346.0 460.0
0.87109375 0.8536450266838074 1954.0 1661.0 10388.0 455.0
0.865234375 0.8541983962059021 1945.0 1644.0 10405.0 464.0
0.859375 0.86146080493927 1922.0 1516.0 10533.0 487.0
0.880859375 0.8496333956718445 1941.0 1706.0 10343.0 468.0
0.890625 0.8586249947547913 1960.0 1595.0 10454.0 449.0
0.84765625 0.8461059331893921 1991.0 1807.0 10242.0 418.0
0.87109375 0.8567575216293335 1936.0 1598.0 10451.0 473.0
0.87109375 0.8569650053977966 1953.0 1612.0 10437.0 456.0
0.884765625 0.8609766364097595 1913.0 1514.0 10535.0 496.0
0.876953125 0.8555817008018494 1947.0 1626.0 10423.0 462.0
0.8515625 0.8492875695228577 1969.0 1739.0 10310.0 440.0
0.876953125 0.8570341467857361 1911.0 1569.0 10480.0 498.0
0.88671875 0.8598008155822754 1927.0 1545.0 10504.0 482.0
0.861328125 0.8638815879821777 1927.0 1486.0 10563.0 482.0
0.845703125 0.8567575216293335 1955.0 1617.0 10432.0 454.0
0.884765625 0.8544750213623047 1941.0 1636.0 10413.0 468.0
0.87109375 0.851085901260376 1979.0 1723.0 10326.0 430.0
0.8828125 0.853783369064331 1947.0 1652.0 10397.0 462.0
0.8515625 0.8449993133544922 1987.0 1819.0 10230.0 422.0
0.892578125 0.8544058799743652 1969.0 1665.0 10384.0 440.0
0.89453125 0.856826663017273 1957.0 1618.0 10431.0 452.0
0.884765625 0.8467976450920105 1974.0 1780.0 10269.0 435.0
0.87109375 0.8523308634757996 1963.0 1689.0 10360.0 446.0
0.830078125 0.8462442755699158 1984.0 1798.0 10251.0 425.0
0.875 0.8497025966644287 1969.0 1733.0 10316.0 440.0
0.890625 0.8492875695228577 1936.0 1706.0 10343.0 473.0
0.84765625 0.8573108315467834 1960.0 1614.0 10435.0 449.0
0.84375 0.8497717380523682 1966.0 1729.0 10320.0 443.0
0.896484375 0.8669248819351196 1874.0 1389.0 10660.0 535.0
0.865234375 0.8561350107192993 1933.0 1604.0 10445.0 476.0
0.833984375 0.8464518189430237 1994.0 1805.0 10244.0 415.0
0.875 0.8619449734687805 1901.0 1488.0 10561.0 508.0
0.900390625 0.8474892973899841 1968.0 1764.0 10285.0 441.0
0.828125 0.8556508421897888 1970.0 1648.0 10401.0 439.0
0.8828125 0.8550283312797546 1944.0 1631.0 10418.0 465.0
0.849609375 0.8535758852958679 1937.0 1645.0 10404.0 472.0
0.876953125 0.8483192920684814 1945.0 1729.0 10320.0 464.0
0.85546875 0.8499792218208313 1950.0 1710.0 10339.0 459.0
0.87890625 0.8560658693313599 1914.0 1586.0 10463.0 495.0
0.892578125 0.8575183153152466 1933.0 1584.0 10465.0 476.0
0.880859375 0.859524130821228 1931.0 1553.0 10496.0 478.0
0.869140625 0.8521925806999207 1957.0 1685.0 10364.0 452.0
0.873046875 0.8528150320053101 1956.0 1675.0 10374.0 453.0
0.884765625 0.8628441095352173 1898.0 1472.0 10577.0 511.0
0.865234375 0.8576566576957703 1953.0 1602.0 10447.0 456.0
0.89453125 0.8551666736602783 1958.0 1643.0 10406.0 451.0
0.873046875 0.8539908528327942 1938.0 1640.0 10409.0 471.0
0.87890625 0.8579333424568176 1947.0 1592.0 10457.0 462.0
0.87109375 0.8521233797073364 1943.0 1672.0 10377.0 466.0
0.890625 0.8484575748443604 1947.0 1729.0 10320.0 462.0
0.880859375 0.8535758852958679 1954.0 1662.0 10387.0 455.0
0.857421875 0.8517084121704102 1951.0 1686.0 10363.0 458.0
0.904296875 0.8561350107192993 1971.0 1642.0 10407.0 438.0
0.87890625 0.8549591898918152 1963.0 1651.0 10398.0 446.0
0.865234375 0.858555793762207 1940.0 1576.0 10473.0 469.0
0.865234375 0.8555124998092651 1955.0 1635.0 10414.0 454.0
0.87109375 0.8539217114448547 1932.0 1635.0 10414.0 477.0
0.876953125 0.8553742170333862 1943.0 1625.0 10424.0 466.0
0.869140625 0.8499100804328918 1967.0 1728.0 10321.0 442.0
0.86328125 0.8589016199111938 1932.0 1563.0 10486.0 477.0
0.89453125 0.8541983962059021 1995.0 1694.0 10355.0 414.0
0.908203125 0.8581408262252808 1914.0 1556.0 10493.0 495.0
0.869140625 0.8550283312797546 1951.0 1638.0 10411.0 458.0
0.84765625 0.8517084121704102 1962.0 1697.0 10352.0 447.0
0.880859375 0.8578641414642334 1936.0 1582.0 10467.0 473.0
0.861328125 0.8571724891662598 1947.0 1603.0 10446.0 462.0
0.8828125 0.8544750213623047 1937.0 1632.0 10417.0 472.0
0.8984375 0.855720043182373 1949.0 1626.0 10423.0 460.0
0.8515625 0.8592474460601807 1932.0 1558.0 10491.0 477.0
0.8671875 0.8519158959388733 1969.0 1701.0 10348.0 440.0
0.87890625 0.8580024838447571 1963.0 1607.0 10442.0 446.0
0.85546875 0.8545442223548889 1960.0 1654.0 10395.0 449.0
0.89453125 0.8550975322723389 1930.0 1616.0 10433.0 479.0
0.89453125 0.8640890717506409 1913.0 1469.0 10580.0 496.0
0.861328125 0.8541291952133179 1973.0 1673.0 10376.0 436.0
0.845703125 0.8563424944877625 1965.0 1633.0 10416.0 444.0
0.888671875 0.8539217114448547 1938.0 1641.0 10408.0 471.0
0.890625 0.8559966683387756 1945.0 1618.0 10431.0 464.0
0.90625 0.8500484228134155 1992.0 1751.0 10298.0 417.0
0.87890625 0.850117564201355 1991.0 1749.0 10300.0 418.0
0.876953125 0.8593166470527649 1945.0 1570.0 10479.0 464.0
0.90625 0.8503942489624023 1958.0 1712.0 10337.0 451.0
0.87890625 0.8554433584213257 1957.0 1638.0 10411.0 452.0
0.849609375 0.8524000644683838 1958.0 1683.0 10366.0 451.0
0.87890625 0.8557891845703125 1959.0 1635.0 10414.0 450.0
0.869140625 0.8616682887077332 1945.0 1536.0 10513.0 464.0
0.859375 0.8517084121704102 1967.0 1702.0 10347.0 442.0
0.849609375 0.8445151448249817 2000.0 1839.0 10210.0 409.0
0.845703125 0.8530917167663574 1943.0 1658.0 10391.0 466.0
0.900390625 0.8560658693313599 1936.0 1608.0 10441.0 473.0
0.880859375 0.8544058799743652 1955.0 1651.0 10398.0 454.0
0.896484375 0.8528842329978943 1949.0 1667.0 10382.0 460.0
0.884765625 0.8538525104522705 1943.0 1647.0 10402.0 466.0
0.89453125 0.8559966683387756 1926.0 1599.0 10450.0 483.0
0.86328125 0.8570341467857361 1931.0 1589.0 10460.0 478.0
0.88671875 0.8484575748443604 1986.0 1768.0 10281.0 423.0
0.85546875 0.8485267758369446 1978.0 1759.0 10290.0 431.0
0.865234375 0.8519850373268127 1971.0 1702.0 10347.0 438.0
0.888671875 0.8591783046722412 1935.0 1562.0 10487.0 474.0
0.880859375 0.8562041521072388 1934.0 1604.0 10445.0 475.0
0.861328125 0.8618757724761963 1934.0 1522.0 10527.0 475.0
0.86328125 0.8580716848373413 1951.0 1594.0 10455.0 458.0
0.853515625 0.8594549894332886 1934.0 1557.0 10492.0 475.0
0.859375 0.8566191792488098 1925.0 1589.0 10460.0 484.0
0.88671875 0.8641582727432251 1921.0 1476.0 10573.0 488.0
0.904296875 0.8517775535583496 1966.0 1699.0 10349.0 443.0
0.876953125 0.8532992005348206 1955.0 1667.0 10382.0 454.0
0.8984375 0.8554433584213257 1915.0 1596.0 10453.0 494.0
0.890625 0.8589708209037781 1954.0 1584.0 10465.0 455.0
0.8984375 0.8595933318138123 1950.0 1571.0 10478.0 459.0
0.873046875 0.8602157831192017 1953.0 1565.0 10484.0 456.0
0.876953125 0.8597316145896912 1956.0 1575.0 10474.0 453.0
0.87109375 0.8559966683387756 1965.0 1638.0 10411.0 444.0
0.890625 0.8615990877151489 1969.0 1561.0 10488.0 440.0
0.875 0.8568958640098572 1949.0 1609.0 10440.0 460.0
0.8828125 0.8561350107192993 1956.0 1627.0 10422.0 453.0
0.888671875 0.8567575216293335 1954.0 1616.0 10433.0 455.0
0.880859375 0.8491492867469788 1988.0 1760.0 10289.0 421.0
0.87890625 0.8594549894332886 1948.0 1571.0 10478.0 461.0
0.892578125 0.855305016040802 1947.0 1630.0 10419.0 462.0
0.861328125 0.850532591342926 1978.0 1730.0 10319.0 431.0
0.861328125 0.8521925806999207 1973.0 1701.0 10348.0 436.0
0.876953125 0.8561350107192993 1956.0 1627.0 10422.0 453.0
0.87109375 0.8500484228134155 1986.0 1745.0 10304.0 423.0
0.876953125 0.8532992005348206 1946.0 1658.0 10391.0 463.0
0.875 0.852054238319397 1962.0 1692.0 10357.0 447.0
0.86328125 0.8615990877151489 1947.0 1539.0 10510.0 462.0
0.869140625 0.8567575216293335 1931.0 1593.0 10456.0 478.0
0.873046875 0.8589016199111938 1977.0 1608.0 10441.0 432.0
0.896484375 0.8571033477783203 1958.0 1615.0 10434.0 451.0
0.869140625 0.8517775535583496 1995.0 1729.0 10320.0 414.0
0.884765625 0.8672707080841064 1886.0 1396.0 10653.0 523.0
0.85546875 0.8557891845703125 1971.0 1647.0 10402.0 438.0
0.880859375 0.8615990877151489 1941.0 1533.0 10516.0 468.0
0.869140625 0.8492184281349182 1983.0 1754.0 10295.0 426.0
0.87109375 0.8587633371353149 1945.0 1578.0 10471.0 464.0
0.876953125 0.8606999516487122 1964.0 1569.0 10480.0 445.0
0.875 0.8628441095352173 1916.0 1490.0 10559.0 493.0
0.869140625 0.8644348978996277 1926.0 1477.0 10572.0 483.0
0.8828125 0.8562041521072388 1951.0 1621.0 10428.0 458.0
0.8828125 0.8606308102607727 1947.0 1553.0 10496.0 462.0
0.8515625 0.853022575378418 1979.0 1695.0 10354.0 430.0
0.875 0.8568958640098572 1942.0 1602.0 10447.0 467.0
0.8671875 0.8454142808914185 1983.0 1809.0 10240.0 426.0
0.86328125 0.8563424944877625 1936.0 1604.0 10445.0 473.0
0.880859375 0.8571033477783203 1956.0 1613.0 10436.0 453.0
0.876953125 0.8586249947547913 1945.0 1580.0 10469.0 464.0
0.892578125 0.8548208475112915 1969.0 1659.0 10390.0 440.0
0.892578125 0.8517775535583496 1981.0 1715.0 10334.0 428.0
0.873046875 0.8602157831192017 1923.0 1535.0 10514.0 486.0
0.8515625 0.8514317274093628 1990.0 1729.0 10320.0 419.0
0.87890625 0.8594549894332886 1948.0 1571.0 10478.0 461.0
0.859375 0.8528150320053101 1977.0 1696.0 10353.0 432.0
0.88671875 0.8445151448249817 1995.0 1834.0 10215.0 414.0
0.869140625 0.8609766364097595 1913.0 1514.0 10535.0 496.0
0.89453125 0.8553742170333862 1970.0 1652.0 10397.0 439.0
0.859375 0.8643657565116882 1941.0 1493.0 10556.0 468.0
0.89453125 0.8609074354171753 1957.0 1559.0 10490.0 452.0
0.876953125 0.858555793762207 1956.0 1592.0 10457.0 453.0
0.876953125 0.857241690158844 1927.0 1582.0 10467.0 482.0
0.880859375 0.8574491739273071 1965.0 1617.0 10432.0 444.0
0.896484375 0.8653340935707092 1932.0 1470.0 10579.0 477.0
0.853515625 0.8494259119033813 1985.0 1753.0 10296.0 424.0
0.873046875 0.8492875695228577 1980.0 1750.0 10299.0 429.0
0.845703125 0.8550283312797546 1982.0 1669.0 10380.0 427.0
0.865234375 0.8511550426483154 1996.0 1739.0 10310.0 413.0
0.873046875 0.8550283312797546 1978.0 1665.0 10384.0 431.0
0.875 0.8494951128959656 1984.0 1751.0 10298.0 425.0
0.892578125 0.859524130821228 1942.0 1564.0 10485.0 467.0
0.884765625 0.8580716848373413 1948.0 1591.0 10458.0 461.0
0.880859375 0.8554433584213257 1947.0 1628.0 10421.0 462.0
0.884765625 0.8644348978996277 1886.0 1437.0 10612.0 523.0
0.87890625 0.8548208475112915 1973.0 1663.0 10386.0 436.0
0.888671875 0.8615299463272095 1918.0 1511.0 10538.0 491.0
0.84375 0.8570341467857361 1972.0 1630.0 10419.0 437.0
0.87109375 0.844376802444458 2010.0 1851.0 10198.0 399.0
0.87109375 0.8571724891662598 1949.0 1605.0 10444.0 460.0
0.87109375 0.8602849841117859 1940.0 1551.0 10498.0 469.0
0.876953125 0.8592474460601807 1914.0 1540.0 10509.0 495.0
0.87890625 0.8576566576957703 1922.0 1571.0 10478.0 487.0
0.859375 0.8524692058563232 1986.0 1710.0 10339.0 423.0
0.87109375 0.8496333956718445 1995.0 1760.0 10289.0 414.0
0.884765625 0.856273353099823 1964.0 1633.0 10416.0 445.0
0.890625 0.8544058799743652 1993.0 1689.0 10360.0 416.0
0.890625 0.8532300591468811 1946.0 1659.0 10390.0 463.0
0.904296875 0.8681698441505432 1871.0 1368.0 10681.0 538.0
0.869140625 0.850532591342926 1964.0 1716.0 10333.0 445.0
0.8828125 0.8475584387779236 1976.0 1771.0 10278.0 433.0
0.8828125 0.8601466417312622 1945.0 1558.0 10491.0 464.0
0.8984375 0.8553742170333862 1969.0 1651.0 10398.0 440.0
0.876953125 0.8599391579627991 1918.0 1534.0 10515.0 491.0
0.900390625 0.8519850373268127 1957.0 1688.0 10361.0 452.0
0.869140625 0.8555817008018494 1967.0 1646.0 10403.0 442.0
0.888671875 0.8619449734687805 1935.0 1522.0 10527.0 474.0
0.880859375 0.8561350107192993 1960.0 1631.0 10418.0 449.0
0.873046875 0.8605616092681885 1920.0 1527.0 10522.0 489.0
0.845703125 0.8550283312797546 1977.0 1664.0 10385.0 432.0
0.8671875 0.8536450266838074 1994.0 1701.0 10348.0 415.0
0.876953125 0.8488034009933472 1970.0 1747.0 10302.0 439.0
0.880859375 0.8541291952133179 1936.0 1636.0 10413.0 473.0
0.873046875 0.8553742170333862 1973.0 1655.0 10394.0 436.0
0.869140625 0.8634666204452515 1917.0 1482.0 10567.0 492.0
0.85546875 0.8487342596054077 1980.0 1758.0 10291.0 429.0
0.900390625 0.860492467880249 1920.0 1528.0 10521.0 489.0
0.876953125 0.8633282780647278 1921.0 1488.0 10561.0 488.0
0.876953125 0.8548208475112915 1950.0 1640.0 10409.0 459.0
0.875 0.8499792218208313 1975.0 1735.0 10314.0 434.0
0.8671875 0.853022575378418 1983.0 1699.0 10350.0 426.0
0.873046875 0.8566883206367493 1979.0 1642.0 10407.0 430.0
0.8984375 0.8589016199111938 1939.0 1570.0 10479.0 470.0
0.888671875 0.8580024838447571 1945.0 1589.0 10460.0 464.0
0.904296875 0.8664407134056091 1908.0 1430.0 10619.0 501.0
0.865234375 0.8491492867469788 2001.0 1773.0 10276.0 408.0
0.8828125 0.8510167598724365 1973.0 1718.0 10331.0 436.0
0.884765625 0.8618757724761963 1938.0 1526.0 10523.0 471.0
0.86328125 0.8636741042137146 1937.0 1499.0 10550.0 472.0
0.861328125 0.8574491739273071 1945.0 1597.0 10452.0 464.0
0.859375 0.8483884334564209 2013.0 1796.0 10253.0 396.0
0.849609375 0.8519158959388733 1973.0 1705.0 10344.0 436.0
0.869140625 0.8575875163078308 1951.0 1601.0 10448.0 458.0
0.865234375 0.8545442223548889 1950.0 1644.0 10405.0 459.0
0.884765625 0.8594549894332886 1917.0 1540.0 10509.0 492.0
0.900390625 0.8623599410057068 1953.0 1534.0 10515.0 456.0
0.875 0.8573799729347229 1935.0 1588.0 10461.0 474.0
0.873046875 0.8580716848373413 1954.0 1597.0 10452.0 455.0
0.869140625 0.8492875695228577 1993.0 1763.0 10286.0 416.0
0.861328125 0.8569650053977966 1944.0 1603.0 10446.0 465.0
0.884765625 0.8573799729347229 1956.0 1609.0 10440.0 453.0
0.896484375 0.8541291952133179 1971.0 1671.0 10378.0 438.0
0.853515625 0.864711582660675 1949.0 1496.0 10553.0 460.0
0.88671875 0.8553742170333862 1950.0 1632.0 10417.0 459.0
0.8515625 0.8375294208526611 2005.0 1945.0 10104.0 404.0
0.8984375 0.8589708209037781 1942.0 1572.0 10477.0 467.0
0.873046875 0.8530917167663574 1963.0 1678.0 10371.0 446.0
0.87890625 0.8574491739273071 1939.0 1591.0 10458.0 470.0
0.8828125 0.8579333424568176 1966.0 1611.0 10438.0 443.0
0.8671875 0.8545442223548889 1961.0 1655.0 10394.0 448.0
0.89453125 0.8615299463272095 1904.0 1497.0 10552.0 505.0
0.87109375 0.8536450266838074 1949.0 1656.0 10393.0 460.0
0.859375 0.8627749085426331 1932.0 1507.0 10542.0 477.0
0.87890625 0.8577257990837097 1950.0 1598.0 10451.0 459.0
0.880859375 0.8544750213623047 1962.0 1657.0 10392.0 447.0
0.873046875 0.8563424944877625 1963.0 1631.0 10418.0 446.0
0.84765625 0.8589708209037781 1977.0 1607.0 10442.0 432.0
0.875 0.8593166470527649 1961.0 1586.0 10463.0 448.0
0.873046875 0.8569650053977966 1974.0 1633.0 10416.0 435.0
0.869140625 0.8626366257667542 1943.0 1520.0 10529.0 466.0
0.87109375 0.8554433584213257 1960.0 1641.0 10408.0 449.0
0.87109375 0.8589708209037781 1957.0 1587.0 10462.0 452.0
0.859375 0.8548208475112915 1988.0 1678.0 10371.0 421.0
0.86328125 0.8590399622917175 1968.0 1597.0 10452.0 441.0
0.87109375 0.8598699569702148 1944.0 1561.0 10488.0 465.0
0.880859375 0.855305016040802 1981.0 1664.0 10385.0 428.0
0.8515625 0.8519158959388733 1985.0 1717.0 10332.0 424.0
0.87890625 0.8591783046722412 1952.0 1579.0 10470.0 457.0
0.880859375 0.8564116954803467 1977.0 1644.0 10405.0 432.0
0.826171875 0.8589708209037781 1987.0 1617.0 10432.0 422.0
0.859375 0.8502559065818787 1959.0 1715.0 10334.0 450.0
0.880859375 0.8483884334564209 1981.0 1764.0 10285.0 428.0
0.87890625 0.859524130821228 1955.0 1577.0 10472.0 454.0
0.90625 0.8536450266838074 1973.0 1680.0 10369.0 436.0
0.873046875 0.8598699569702148 1966.0 1583.0 10466.0 443.0
0.853515625 0.8611841201782227 1944.0 1542.0 10507.0 465.0
0.888671875 0.8462442755699158 1995.0 1809.0 10240.0 414.0
0.875 0.8559275269508362 1960.0 1634.0 10415.0 449.0
0.89453125 0.855305016040802 1979.0 1662.0 10387.0 430.0
0.896484375 0.8589016199111938 1982.0 1613.0 10436.0 427.0
0.896484375 0.8550975322723389 1961.0 1647.0 10402.0 448.0
0.859375 0.860077440738678 1957.0 1571.0 10478.0 452.0
0.884765625 0.8615990877151489 1955.0 1547.0 10502.0 454.0
0.880859375 0.8535758852958679 1975.0 1683.0 10366.0 434.0
0.8828125 0.8456218242645264 1997.0 1820.0 10229.0 412.0
0.88671875 0.8561350107192993 1969.0 1640.0 10409.0 440.0
0.8671875 0.8508784174919128 1986.0 1733.0 10316.0 423.0
0.849609375 0.8564808368682861 1962.0 1628.0 10421.0 447.0
0.87890625 0.8592474460601807 1954.0 1580.0 10469.0 455.0
0.90234375 0.8613916039466858 1937.0 1532.0 10517.0 472.0
0.86328125 0.858555793762207 1958.0 1594.0 10455.0 451.0
0.884765625 0.857241690158844 1932.0 1587.0 10462.0 477.0
0.873046875 0.8469359278678894 1996.0 1800.0 10249.0 413.0
0.8671875 0.8609766364097595 1954.0 1555.0 10494.0 455.0
0.876953125 0.8477659225463867 1999.0 1791.0 10258.0 410.0
0.86328125 0.8557891845703125 1950.0 1626.0 10423.0 459.0
0.900390625 0.8568958640098572 1952.0 1612.0 10437.0 457.0
0.841796875 0.853783369064331 1986.0 1691.0 10358.0 423.0
0.87109375 0.8480426073074341 2017.0 1805.0 10244.0 392.0
0.888671875 0.852054238319397 1963.0 1693.0 10356.0 446.0
0.875 0.8542675375938416 1974.0 1672.0 10377.0 435.0
0.86328125 0.8604232668876648 1943.0 1552.0 10497.0 466.0
0.849609375 0.8584175109863281 1940.0 1578.0 10471.0 469.0
0.875 0.8636049032211304 1945.0 1508.0 10541.0 464.0
0.87109375 0.8613224625587463 1916.0 1512.0 10537.0 493.0
0.8828125 0.8481117486953735 2001.0 1788.0 10261.0 408.0
0.859375 0.8554433584213257 1987.0 1668.0 10381.0 422.0
0.876953125 0.8574491739273071 1938.0 1590.0 10459.0 471.0
0.880859375 0.8582099676132202 1950.0 1591.0 10458.0 459.0
0.892578125 0.8605616092681885 1955.0 1562.0 10487.0 454.0
0.87890625 0.8609074354171753 1957.0 1559.0 10490.0 452.0
0.880859375 0.860492467880249 1969.0 1577.0 10472.0 440.0
0.900390625 0.8581408262252808 1949.0 1591.0 10458.0 460.0
0.87890625 0.8503251075744629 1989.0 1744.0 10305.0 420.0
0.87109375 0.8544058799743652 1958.0 1654.0 10395.0 451.0
0.888671875 0.8599391579627991 1943.0 1559.0 10490.0 466.0
0.880859375 0.8598699569702148 1951.0 1568.0 10481.0 458.0
0.849609375 0.8573799729347229 1991.0 1644.0 10405.0 418.0
0.884765625 0.8503942489624023 1976.0 1730.0 10319.0 433.0
0.869140625 0.8463134765625 1982.0 1795.0 10254.0 427.0
0.8828125 0.8606999516487122 1948.0 1553.0 10496.0 461.0
0.87109375 0.8515700697898865 1992.0 1729.0 10320.0 417.0
0.888671875 0.8608382940292358 1942.0 1545.0 10504.0 467.0
0.853515625 0.8574491739273071 1984.0 1636.0 10413.0 425.0
0.845703125 0.8506017327308655 1970.0 1721.0 10328.0 439.0
0.853515625 0.8584866523742676 1943.0 1580.0 10469.0 466.0
0.884765625 0.8576566576957703 1950.0 1599.0 10450.0 459.0
0.884765625 0.8640890717506409 1960.0 1516.0 10533.0 449.0
0.89453125 0.8644348978996277 1938.0 1489.0 10560.0 471.0
0.87890625 0.8645732402801514 1925.0 1474.0 10575.0 484.0
0.8671875 0.853022575378418 1967.0 1683.0 10366.0 442.0
0.869140625 0.8613224625587463 1940.0 1536.0 10513.0 469.0
0.859375 0.8529533743858337 1991.0 1708.0 10341.0 418.0
0.888671875 0.8645732402801514 1912.0 1461.0 10588.0 497.0
0.873046875 0.8564808368682861 1955.0 1621.0 10428.0 454.0
0.888671875 0.8632590770721436 1933.0 1501.0 10548.0 476.0
0.880859375 0.8606308102607727 1964.0 1570.0 10479.0 445.0
0.8671875 0.8550283312797546 1985.0 1672.0 10377.0 424.0
0.869140625 0.8599391579627991 1936.0 1552.0 10497.0 473.0
0.865234375 0.8619449734687805 1939.0 1526.0 10523.0 470.0
0.8828125 0.8578641414642334 1977.0 1623.0 10426.0 432.0
0.876953125 0.8591091632843018 1928.0 1556.0 10493.0 481.0
0.884765625 0.8482500910758972 1965.0 1750.0 10299.0 444.0
0.859375 0.8559275269508362 1980.0 1654.0 10395.0 429.0
0.873046875 0.8512933850288391 1979.0 1720.0 10329.0 430.0
0.91015625 0.8569650053977966 1946.0 1605.0 10444.0 463.0
0.896484375 0.8578641414642334 1944.0 1590.0 10459.0 465.0
0.869140625 0.8641582727432251 1944.0 1499.0 10550.0 465.0
0.857421875 0.8488726019859314 1975.0 1751.0 10298.0 434.0
0.904296875 0.8528150320053101 1962.0 1681.0 10368.0 447.0
0.880859375 0.8618066310882568 1934.0 1523.0 10526.0 475.0
0.865234375 0.8548900485038757 1959.0 1648.0 10401.0 450.0
0.861328125 0.8598008155822754 1957.0 1575.0 10474.0 452.0
0.86328125 0.8554433584213257 1955.0 1636.0 10413.0 454.0
0.90625 0.8660948872566223 1922.0 1449.0 10600.0 487.0
0.884765625 0.8608382940292358 1964.0 1567.0 10482.0 445.0
0.86328125 0.8528150320053101 1998.0 1717.0 10332.0 411.0
0.873046875 0.8498409390449524 1974.0 1736.0 10313.0 435.0
0.87109375 0.8635357618331909 1930.0 1494.0 10555.0 479.0
0.865234375 0.8612532615661621 1973.0 1570.0 10479.0 436.0
0.873046875 0.8541983962059021 1986.0 1685.0 10364.0 423.0
0.875 0.8525384068489075 1979.0 1702.0 10347.0 430.0
0.841796875 0.8519158959388733 1989.0 1721.0 10328.0 420.0
0.859375 0.844791829586029 2006.0 1841.0 10208.0 403.0
0.892578125 0.8640890717506409 1945.0 1501.0 10548.0 464.0
0.890625 0.8634666204452515 1938.0 1503.0 10546.0 471.0
0.87890625 0.8560658693313599 1980.0 1652.0 10397.0 429.0
0.8671875 0.8524692058563232 1980.0 1704.0 10345.0 429.0
0.875 0.855720043182373 1979.0 1656.0 10393.0 430.0
0.8828125 0.8609766364097595 1924.0 1525.0 10524.0 485.0
0.876953125 0.850117564201355 1979.0 1737.0 10312.0 430.0
0.880859375 0.8626366257667542 1912.0 1489.0 10560.0 497.0
0.884765625 0.8525384068489075 1974.0 1697.0 10352.0 435.0
0.8671875 0.8555124998092651 1993.0 1673.0 10376.0 416.0
0.857421875 0.8594549894332886 1965.0 1588.0 10461.0 444.0
0.865234375 0.8574491739273071 1971.0 1623.0 10426.0 438.0
0.861328125 0.8604232668876648 1969.0 1578.0 10471.0 440.0
0.890625 0.8545442223548889 1985.0 1679.0 10370.0 424.0
0.859375 0.8532992005348206 2005.0 1717.0 10332.0 404.0
0.87890625 0.861045777797699 1964.0 1564.0 10485.0 445.0
0.875 0.8636741042137146 1961.0 1523.0 10526.0 448.0
0.8828125 0.8609074354171753 1942.0 1544.0 10505.0 467.0
0.88671875 0.8551666736602783 1986.0 1671.0 10378.0 423.0
0.84765625 0.8625674247741699 1940.0 1518.0 10531.0 469.0
0.875 0.8577257990837097 1972.0 1620.0 10429.0 437.0
0.873046875 0.8535758852958679 1970.0 1678.0 10371.0 439.0
0.857421875 0.8582791686058044 1973.0 1613.0 10436.0 436.0
0.859375 0.8612532615661621 1943.0 1540.0 10509.0 466.0
0.873046875 0.8608382940292358 1949.0 1552.0 10497.0 460.0
0.880859375 0.8670632243156433 1917.0 1430.0 10619.0 492.0
0.84765625 0.8589016199111938 1976.0 1607.0 10442.0 433.0
0.904296875 0.8575875163078308 1970.0 1620.0 10429.0 439.0
0.853515625 0.8549591898918152 1968.0 1656.0 10393.0 441.0
0.869140625 0.8550975322723389 1952.0 1638.0 10411.0 457.0
0.87890625 0.8566191792488098 1960.0 1624.0 10425.0 449.0
0.89453125 0.850532591342926 1996.0 1748.0 10301.0 413.0
0.869140625 0.852054238319397 1983.0 1713.0 10336.0 426.0
0.888671875 0.8569650053977966 1976.0 1635.0 10414.0 433.0
0.876953125 0.8646424412727356 1927.0 1475.0 10574.0 482.0
0.87109375 0.8548208475112915 1986.0 1676.0 10373.0 423.0
0.873046875 0.8600082993507385 1961.0 1576.0 10473.0 448.0
0.85546875 0.8546825051307678 1966.0 1658.0 10391.0 443.0
0.8671875 0.8586941361427307 1956.0 1590.0 10459.0 453.0
0.884765625 0.8608382940292358 1951.0 1554.0 10495.0 458.0
0.8984375 0.8670632243156433 1919.0 1432.0 10617.0 490.0
0.8828125 0.8596624732017517 1960.0 1580.0 10469.0 449.0
0.869140625 0.8692073822021484 1903.0 1385.0 10664.0 506.0
0.865234375 0.8493567705154419 1986.0 1755.0 10294.0 423.0
0.859375 0.8579333424568176 1975.0 1620.0 10429.0 434.0
0.88671875 0.8645040988922119 1930.0 1480.0 10569.0 479.0
0.865234375 0.8544058799743652 1987.0 1683.0 10366.0 422.0
0.873046875 0.8594549894332886 1976.0 1599.0 10450.0 433.0
0.85546875 0.8502559065818787 2006.0 1762.0 10287.0 403.0
0.859375 0.8591091632843018 1955.0 1583.0 10466.0 454.0
0.912109375 0.8636049032211304 1943.0 1506.0 10543.0 466.0
0.888671875 0.8531608581542969 1969.0 1683.0 10366.0 440.0
0.876953125 0.8490109443664551 2008.0 1782.0 10267.0 401.0
0.865234375 0.863743245601654 1957.0 1518.0 10531.0 452.0
0.859375 0.8535758852958679 2004.0 1712.0 10337.0 405.0
0.861328125 0.8654032349586487 1964.0 1501.0 10548.0 445.0
0.896484375 0.8618757724761963 1953.0 1541.0 10508.0 456.0
0.8671875 0.8602157831192017 1987.0 1599.0 10450.0 422.0
0.888671875 0.8565499782562256 1968.0 1633.0 10416.0 441.0
