0.4833984375 0.4918384253978729 1407.0 6345.0 5704.0 1002.0
0.7314453125 0.7117167115211487 1152.0 2911.0 9138.0 1257.0
0.76171875 0.7341955900192261 1226.0 2660.0 9389.0 1183.0
0.7529296875 0.7642135620117188 1203.0 2203.0 9846.0 1206.0
0.8203125 0.7936782240867615 1195.0 1769.0 10280.0 1214.0
0.8154296875 0.8131830096244812 1155.0 1447.0 10602.0 1254.0
0.802734375 0.8191312551498413 1172.0 1378.0 10671.0 1237.0
0.8251953125 0.8261170387268066 1168.0 1273.0 10776.0 1241.0
0.8408203125 0.8297136425971985 1181.0 1234.0 10815.0 1228.0
0.845703125 0.8332411050796509 1181.0 1183.0 10866.0 1228.0
0.8466796875 0.8325494527816772 1246.0 1258.0 10791.0 1163.0
0.818359375 0.8332411050796509 1249.0 1251.0 10798.0 1160.0
0.857421875 0.8335177898406982 1277.0 1275.0 10774.0 1132.0
0.8388671875 0.8327569365501404 1268.0 1277.0 10772.0 1141.0
0.8544921875 0.8361460566520691 1267.0 1227.0 10822.0 1142.0
0.8447265625 0.8346244096755981 1296.0 1278.0 10771.0 1113.0
0.8486328125 0.8350394368171692 1313.0 1289.0 10760.0 1096.0
0.828125 0.8379443883895874 1318.0 1252.0 10797.0 1091.0
0.8310546875 0.8398118615150452 1311.0 1218.0 10831.0 1098.0
0.8408203125 0.8347627520561218 1350.0 1330.0 10719.0 1059.0
0.8447265625 0.8398118615150452 1345.0 1252.0 10797.0 1064.0
0.8515625 0.8390510678291321 1346.0 1264.0 10785.0 1063.0
0.8310546875 0.8366302251815796 1378.0 1331.0 10718.0 1031.0
0.859375 0.8404343724250793 1338.0 1236.0 10813.0 1071.0
0.845703125 0.8397427201271057 1373.0 1281.0 10768.0 1036.0
0.86328125 0.8393968939781189 1367.0 1280.0 10769.0 1042.0
0.826171875 0.8400885462760925 1389.0 1292.0 10757.0 1020.0
0.8505859375 0.8395351767539978 1393.0 1304.0 10745.0 1016.0
0.8671875 0.839604377746582 1385.0 1295.0 10754.0 1024.0
0.8662109375 0.8423709869384766 1394.0 1264.0 10785.0 1015.0
0.85546875 0.841126024723053 1407.0 1295.0 10754.0 1002.0
0.84375 0.8412643671035767 1376.0 1262.0 10787.0 1033.0
0.8388671875 0.8400193452835083 1409.0 1313.0 10736.0 1000.0
0.859375 0.8389818668365479 1427.0 1346.0 10703.0 982.0
0.833984375 0.8406418561935425 1421.0 1316.0 10733.0 988.0
0.841796875 0.8371835947036743 1430.0 1375.0 10674.0 979.0
0.8466796875 0.8374602198600769 1427.0 1368.0 10681.0 982.0
0.85546875 0.8390510678291321 1409.0 1327.0 10722.0 1000.0
0.8447265625 0.8396735191345215 1409.0 1318.0 10731.0 1000.0
0.8564453125 0.8405035138130188 1416.0 1313.0 10736.0 993.0
0.8564453125 0.8402960300445557 1407.0 1307.0 10742.0 1002.0
0.861328125 0.8409185409545898 1422.0 1313.0 10736.0 987.0
0.8486328125 0.8380135297775269 1448.0 1381.0 10668.0 961.0
0.865234375 0.8416101932525635 1426.0 1307.0 10742.0 983.0
0.8525390625 0.8419560194015503 1427.0 1303.0 10746.0 982.0
0.84765625 0.8391202092170715 1451.0 1368.0 10681.0 958.0
0.86328125 0.8393968939781189 1452.0 1365.0 10684.0 957.0
0.8486328125 0.8413335084915161 1417.0 1302.0 10747.0 992.0
0.8447265625 0.8414027094841003 1433.0 1317.0 10732.0 976.0
0.83203125 0.8447226285934448 1433.0 1269.0 10780.0 976.0
0.8837890625 0.8415409922599792 1467.0 1349.0 10700.0 942.0
0.8544921875 0.8411951661109924 1449.0 1336.0 10713.0 960.0
0.86328125 0.8419560194015503 1460.0 1336.0 10713.0 949.0
0.8603515625 0.8436851501464844 1446.0 1297.0 10752.0 963.0
0.841796875 0.842094361782074 1443.0 1317.0 10732.0 966.0
0.84765625 0.8407109975814819 1467.0 1361.0 10688.0 942.0
0.86328125 0.844376802444458 1451.0 1292.0 10757.0 958.0
0.8603515625 0.8444460034370422 1466.0 1306.0 10743.0 943.0
0.84375 0.8433393239974976 1455.0 1311.0 10738.0 954.0
0.87109375 0.8426476716995239 1477.0 1343.0 10706.0 932.0
0.8544921875 0.8444460034370422 1463.0 1303.0 10746.0 946.0
0.8759765625 0.8435468077659607 1481.0 1334.0 10715.0 928.0
0.8505859375 0.843408465385437 1476.0 1331.0 10718.0 933.0
0.8837890625 0.8427860140800476 1461.0 1325.0 10724.0 948.0
0.8544921875 0.8450684547424316 1476.0 1307.0 10742.0 933.0
0.857421875 0.8443076610565186 1467.0 1309.0 10740.0 942.0
0.861328125 0.8458293080329895 1472.0 1292.0 10757.0 937.0
0.857421875 0.8454834818840027 1472.0 1297.0 10752.0 937.0
0.8466796875 0.8439618349075317 1484.0 1331.0 10718.0 925.0
0.8466796875 0.8447226285934448 1479.0 1315.0 10734.0 930.0
0.8486328125 0.8436160087585449 1457.0 1309.0 10740.0 952.0
0.849609375 0.8409876823425293 1499.0 1389.0 10660.0 910.0
0.86328125 0.8451376557350159 1468.0 1298.0 10751.0 941.0
0.8583984375 0.845898449420929 1467.0 1286.0 10763.0 942.0
0.861328125 0.8461059331893921 1445.0 1261.0 10788.0 964.0
0.8583984375 0.845898449420929 1471.0 1290.0 10759.0 938.0
0.8486328125 0.848595917224884 1444.0 1224.0 10825.0 965.0
0.8583984375 0.8440309762954712 1485.0 1331.0 10718.0 924.0
0.8447265625 0.8427168130874634 1483.0 1348.0 10701.0 926.0
0.8544921875 0.8436160087585449 1479.0 1331.0 10718.0 930.0
0.884765625 0.8443076610565186 1474.0 1316.0 10733.0 935.0
0.828125 0.8446534872055054 1489.0 1326.0 10723.0 920.0
0.8564453125 0.8438926339149475 1493.0 1341.0 10708.0 916.0
0.859375 0.8449301719665527 1492.0 1325.0 10724.0 917.0
0.8623046875 0.8455526232719421 1484.0 1308.0 10741.0 925.0
0.8671875 0.8455526232719421 1470.0 1294.0 10755.0 939.0
0.841796875 0.8484575748443604 1461.0 1243.0 10806.0 948.0
0.8583984375 0.8437543511390686 1478.0 1328.0 10721.0 931.0
0.8740234375 0.8465901017189026 1483.0 1292.0 10757.0 926.0
0.8564453125 0.8406418561935425 1502.0 1397.0 10652.0 907.0
0.8466796875 0.8426476716995239 1478.0 1344.0 10705.0 931.0
0.8564453125 0.8464518189430237 1465.0 1276.0 10773.0 944.0
0.861328125 0.8441693186759949 1482.0 1326.0 10723.0 927.0
0.8740234375 0.8448609709739685 1474.0 1308.0 10741.0 935.0
0.859375 0.8447226285934448 1481.0 1317.0 10732.0 928.0
0.8623046875 0.844791829586029 1488.0 1323.0 10726.0 921.0
0.876953125 0.8443076610565186 1491.0 1333.0 10716.0 918.0
0.8701171875 0.842094361782074 1489.0 1363.0 10686.0 920.0
0.86328125 0.8441001772880554 1481.0 1326.0 10723.0 928.0
0.8505859375 0.8467284440994263 1484.0 1291.0 10758.0 925.0
0.8505859375 0.8402268886566162 1502.0 1403.0 10646.0 907.0
0.8642578125 0.8475584387779236 1485.0 1280.0 10769.0 924.0
0.861328125 0.8447226285934448 1504.0 1340.0 10709.0 905.0
0.8623046875 0.8481809496879578 1500.0 1286.0 10763.0 909.0
0.8623046875 0.8467284440994263 1497.0 1304.0 10745.0 912.0
0.8564453125 0.8436160087585449 1504.0 1356.0 10693.0 905.0
0.8544921875 0.8442384600639343 1514.0 1357.0 10692.0 895.0
0.84765625 0.8442384600639343 1520.0 1363.0 10686.0 889.0
0.8701171875 0.8499100804328918 1487.0 1248.0 10801.0 922.0
0.86328125 0.8476967811584473 1501.0 1294.0 10755.0 908.0
0.8681640625 0.8481117486953735 1502.0 1289.0 10760.0 907.0
0.875 0.8456218242645264 1526.0 1349.0 10700.0 883.0
0.8701171875 0.8456218242645264 1515.0 1338.0 10711.0 894.0
0.8505859375 0.8451376557350159 1516.0 1346.0 10703.0 893.0
0.873046875 0.8488034009933472 1498.0 1275.0 10774.0 911.0
0.8818359375 0.8436160087585449 1530.0 1382.0 10667.0 879.0
0.8671875 0.8482500910758972 1515.0 1300.0 10749.0 894.0
0.8583984375 0.8474892973899841 1507.0 1303.0 10746.0 902.0
0.865234375 0.8451376557350159 1549.0 1379.0 10670.0 860.0
0.8603515625 0.8461059331893921 1522.0 1338.0 10711.0 887.0
0.873046875 0.845898449420929 1505.0 1324.0 10725.0 904.0
0.849609375 0.8436851501464844 1529.0 1380.0 10669.0 880.0
0.8662109375 0.8486651182174683 1527.0 1306.0 10743.0 882.0
0.8515625 0.8499100804328918 1503.0 1264.0 10785.0 906.0
0.865234375 0.8474200963973999 1529.0 1326.0 10723.0 880.0
0.8583984375 0.8452759981155396 1546.0 1374.0 10675.0 863.0
0.8544921875 0.8434776663780212 1534.0 1388.0 10661.0 875.0
0.869140625 0.8465209603309631 1529.0 1339.0 10710.0 880.0
0.875 0.8459676504135132 1535.0 1353.0 10696.0 874.0
0.85546875 0.8444460034370422 1545.0 1385.0 10664.0 864.0
0.8603515625 0.8500484228134155 1523.0 1282.0 10767.0 886.0
0.8505859375 0.8485267758369446 1510.0 1291.0 10758.0 899.0
0.87109375 0.8492184281349182 1526.0 1297.0 10752.0 883.0
0.8623046875 0.8472126126289368 1523.0 1323.0 10726.0 886.0
0.87890625 0.8474892973899841 1510.0 1306.0 10743.0 899.0
0.8544921875 0.84686678647995 1527.0 1332.0 10717.0 882.0
0.845703125 0.8488726019859314 1509.0 1285.0 10764.0 900.0
0.8583984375 0.8452067971229553 1522.0 1351.0 10698.0 887.0
0.8662109375 0.8475584387779236 1534.0 1329.0 10720.0 875.0
0.8662109375 0.8490800857543945 1534.0 1307.0 10742.0 875.0
0.857421875 0.8481809496879578 1529.0 1315.0 10734.0 880.0
0.86328125 0.8472126126289368 1531.0 1331.0 10718.0 878.0
0.86328125 0.8441001772880554 1539.0 1384.0 10665.0 870.0
0.8740234375 0.8479734659194946 1519.0 1308.0 10741.0 890.0
0.880859375 0.8481117486953735 1534.0 1321.0 10728.0 875.0
0.859375 0.8472126126289368 1542.0 1342.0 10707.0 867.0
0.8779296875 0.845345139503479 1539.0 1366.0 10683.0 870.0
0.869140625 0.8434776663780212 1538.0 1392.0 10657.0 871.0
0.8662109375 0.8465901017189026 1532.0 1341.0 10708.0 877.0
0.857421875 0.8472817540168762 1514.0 1313.0 10736.0 895.0
0.8720703125 0.844376802444458 1543.0 1384.0 10665.0 866.0
