1.055061459541320801e+00 -2.012877225875854492e+00 5.955204486846923828e+00 -2.673434317111968994e-01 4.121146202087402344e+00 -7.781111001968383789e-01 -2.833978176116943359e+00 2.937413930892944336e+00 5.573314189910888672e+00 3.884787321090698242e+00
-4.293320178985595703e+00 5.312891006469726562e-01 1.841870546340942383e+00 -1.808267951011657715e+00 8.280104637145996094e+00 -5.446421146392822266e+00 -3.024132490158081055e+00 7.163961410522460938e+00 -6.406193256378173828e+00 5.989369750022888184e-01
6.888836622238159180e-01 8.033742904663085938e-01 1.417624592781066895e+00 -1.957365036010742188e+00 6.286273598670959473e-01 3.632738888263702393e-01 1.850631088018417358e-02 -7.085355520248413086e-01 9.787025451660156250e-01 8.896275609731674194e-02
8.775583505630493164e-01 -1.679213285446166992e+00 -3.167210817337036133e-01 -4.615290164947509766e+00 -9.877130389213562012e-01 3.197642564773559570e-01 1.053548693656921387e+00 9.455548971891403198e-02 3.936644315719604492e+00 -1.260237455368041992e+00
-2.439766168594360352e+00 6.425256133079528809e-01 3.183924913406372070e+00 3.020105361938476562e+00 -2.903707265853881836e+00 1.869164258241653442e-01 1.403721332550048828e+00 9.145127981901168823e-02 -2.630930423736572266e+00 -1.744419693946838379e+00
3.851062297821044922e+00 3.325609207153320312e+00 -3.077661752700805664e+00 -1.087380647659301758e+00 -9.191870689392089844e-01 7.013662338256835938e+00 3.163531780242919922e+00 2.135420083999633789e+00 3.770134449005126953e-01 -2.157359123229980469e+00
1.006330370903015137e+00 -3.302702188491821289e+00 -2.350382328033447266e+00 -1.442927956581115723e+00 -4.568009853363037109e+00 1.566530823707580566e+00 3.447278976440429688e+00 4.760003089904785156e+00 3.833362817764282227e+00 1.638837933540344238e+00
4.894855245947837830e-02 -2.861004114151000977e+00 -2.236007302999496460e-01 5.970654487609863281e+00 1.771920800209045410e+00 -4.073105454444885254e-01 2.029528141021728516e+00 -1.183336138725280762e+00 5.102908611297607422e+00 1.150091290473937988e+00
6.720180988311767578e+00 -2.711487531661987305e+00 -5.717264652252197266e+00 5.773046970367431641e+00 -2.498209029436111450e-01 -1.313323259353637695e+00 7.242252677679061890e-02 2.055409669876098633e+00 -2.557055950164794922e+00 -2.709270477294921875e+00
-2.429714679718017578e+00 -5.972181633114814758e-02 -1.223827719688415527e+00 -5.907290935516357422e+00 -8.654234409332275391e-01 -4.278134346008300781e+00 -3.981735467910766602e+00 5.809182167053222656e+00 2.939057052135467529e-01 -1.936807513236999512e+00
-2.987300157546997070e-01 -3.345288634300231934e-01 -3.980560004711151123e-01 8.178551197052001953e-01 2.553938150405883789e+00 -4.025117158889770508e-01 1.193121075630187988e+00 9.367603659629821777e-01 -1.749267101287841797e+00 2.331344604492187500e+00
-1.821270704269409180e+00 3.641970753669738770e-01 -1.259357184171676636e-01 -3.795259594917297363e-01 8.394902348518371582e-01 -5.715903639793395996e-01 7.563181221485137939e-02 4.233975410461425781e-01 -1.773980021476745605e+00 6.070800423622131348e-01
-8.121895194053649902e-01 -2.190062284469604492e+00 1.534384965896606445e+00 1.771833598613739014e-01 -1.908289313316345215e+00 1.213578224182128906e+00 -2.851042032241821289e+00 -1.743571758270263672e+00 -1.152906775474548340e+00 -3.937255740165710449e-01
-1.923814177513122559e+00 -1.387377500534057617e+00 3.271341323852539062e+00 5.565328598022460938e-01 -2.294637203216552734e+00 5.913345813751220703e-01 -5.260590314865112305e-01 -6.150742769241333008e-01 -4.666790485382080078e+00 1.229917049407958984e+00
2.867407351732254028e-02 -8.007500648498535156e+00 2.543543815612792969e+00 -3.962958097457885742e+00 -3.663627207279205322e-01 -2.405248641967773438e+00 7.035829544067382812e+00 3.145975351333618164e+00 -1.644991278648376465e+00 -5.194726943969726562e+00
4.977790832519531250e+00 -1.514477252960205078e+00 3.566094636917114258e-01 1.773663282394409180e+00 -2.658516645431518555e+00 -1.756872177124023438e+00 4.434865951538085938e+00 -1.536124587059020996e+00 -1.906242966651916504e+00 4.068214893341064453e+00
1.227084517478942871e+00 -3.896388053894042969e+00 2.362987279891967773e+00 3.609286844730377197e-01 -3.177291393280029297e+00 2.797310829162597656e+00 4.352184012532234192e-02 -2.498177528381347656e+00 2.543288946151733398e+00 6.143679141998291016e+00
-9.481484413146972656e+00 5.013051986694335938e+00 -1.164400959014892578e+01 2.404108524322509766e+00 -3.491292953491210938e+00 2.588652133941650391e+00 -4.333040714263916016e-01 -7.224740982055664062e-01 8.218860626220703125e-01 -1.820134282112121582e+00
-3.212918639183044434e-01 1.199124008417129517e-02 -3.322824537754058838e-01 8.683771491050720215e-01 2.824858903884887695e+00 -4.707699120044708252e-01 1.223281860351562500e+00 9.853589534759521484e-01 -1.598745942115783691e+00 2.170165061950683594e+00
8.102539777755737305e-01 3.706259727478027344e-01 9.594581127166748047e-01 -1.127882003784179688e+00 3.027123689651489258e+00 1.310899972915649414e+00 -1.203821539878845215e+00 -2.532679438591003418e-01 -5.759054422378540039e-01 -4.647919833660125732e-01
-7.620658874511718750e-01 1.709113597869873047e+00 1.360226631164550781e+00 4.088351428508758545e-01 1.832404136657714844e+00 -3.950750529766082764e-01 -5.382072329521179199e-01 2.264243811368942261e-01 -1.501080393791198730e+00 -1.967436790466308594e+00
-6.727102398872375488e-01 -1.300198078155517578e+00 1.245910286903381348e+00 -6.509336829185485840e-01 -8.438672423362731934e-01 -3.912781476974487305e-01 5.861378312110900879e-01 -7.657880187034606934e-01 -2.902031898498535156e+00 -2.386432886123657227e+00
2.055900245904922485e-01 2.996319532394409180e-01 1.376997470855712891e+00 3.077808380126953125e+00 -3.799633085727691650e-01 -4.144251346588134766e-02 -9.995289444923400879e-01 -8.453970551490783691e-01 -1.358487844467163086e+00 -3.904845237731933594e+00
-2.036753416061401367e+00 4.864838123321533203e+00 3.999104976654052734e+00 3.346248269081115723e-01 -3.897690534591674805e+00 -1.316778779029846191e+00 5.481044054031372070e-01 1.555188417434692383e+00 2.984781980514526367e+00 -9.791954755783081055e-01
-2.484028816223144531e+00 -9.350852370262145996e-01 -1.729696869850158691e+00 -8.481894731521606445e-01 -1.169990539550781250e+00 -9.351993203163146973e-01 -1.185059770941734314e-01 -1.011156201362609863e+00 -1.310027122497558594e+00 -8.835035562515258789e-01
1.320825934410095215e+00 2.288799524307250977e+00 -2.562422275543212891e+00 -2.136693239212036133e+00 -5.363432168960571289e-01 3.321824073791503906e-01 -6.152042746543884277e-01 -2.256292104721069336e+00 2.944728136062622070e+00 -6.703540682792663574e-01
-1.631467819213867188e+00 -7.966812849044799805e-01 -2.019316911697387695e+00 -2.452503144741058350e-01 1.781575381755828857e-01 1.421008944511413574e+00 -3.124044895172119141e+00 -5.560132861137390137e-01 9.381505846977233887e-01 -5.147757530212402344e-01
-1.266726613044738770e+00 -8.964725136756896973e-01 -1.928630828857421875e+00 3.307421207427978516e-01 2.672186195850372314e-01 1.657012701034545898e+00 -3.396203041076660156e+00 1.524962902069091797e+00 5.346034169197082520e-01 -1.564491391181945801e+00
5.478294491767883301e-01 1.031197905540466309e+00 3.005125224590301514e-01 -7.962245345115661621e-01 -5.459389686584472656e-01 -1.627598285675048828e+00 -7.546139955520629883e-01 1.278759986162185669e-01 4.097981452941894531e-01 -7.154732346534729004e-01
-7.394098639488220215e-01 -6.090094447135925293e-01 -3.105371594429016113e-01 -8.334037065505981445e-01 -7.141023874282836914e-01 -1.731382459402084351e-01 -8.973054289817810059e-01 -7.221088409423828125e-01 -1.570316314697265625e+00 2.326641976833343506e-01
-2.382313966751098633e+00 -1.526447653770446777e+00 6.207789778709411621e-01 -1.909540616907179356e-03 -1.532107710838317871e+00 5.234251022338867188e-01 -1.659563064575195312e+00 -7.769887447357177734e-01 -2.395149469375610352e+00 7.727401852607727051e-01
-4.527044773101806641e+00 8.751685619354248047e-01 -3.296607017517089844e+00 2.195305585861206055e+00 -3.683577775955200195e+00 2.959610223770141602e+00 1.980910003185272217e-01 6.261181086301803589e-02 3.694518327713012695e+00 -2.794824600219726562e+00
-3.634154796600341797e-01 -1.509625673294067383e+00 -5.043860912322998047e+00 7.361212372779846191e-01 -2.642940998077392578e+00 2.934481620788574219e+00 1.726390004158020020e+00 8.870272636413574219e+00 -1.480791330337524414e+00 7.116426944732666016e+00
9.540861248970031738e-01 -3.722687482833862305e+00 3.010937213897705078e+00 -2.855015754699707031e+00 1.841035962104797363e+00 -1.735649704933166504e+00 -1.356481313705444336e+00 3.422752618789672852e+00 7.021362781524658203e-01 -4.941021919250488281e+00
1.444105058908462524e-01 1.592110395431518555e+00 1.881850123405456543e+00 3.038557171821594238e-01 -1.048874616622924805e+00 -4.270654201507568359e+00 5.439065456390380859e+00 -2.280544757843017578e+00 2.299199819564819336e+00 6.031867265701293945e-01
-2.070462226867675781e+00 2.147113800048828125e+00 -2.627176344394683838e-01 5.563820362091064453e+00 -2.394436836242675781e+00 3.779226541519165039e-01 5.260192394256591797e+00 1.027531549334526062e-01 -1.589283943176269531e+00 2.537820577621459961e+00
-1.728412508964538574e-01 7.162352558225393295e-03 -1.903653293848037720e-01 1.080332040786743164e+00 2.773468971252441406e+00 -4.827008247375488281e-01 1.227523922920227051e+00 1.102737426757812500e+00 -1.677902460098266602e+00 2.195831298828125000e+00
2.556693851947784424e-01 8.834948390722274780e-02 5.354495644569396973e-01 -9.517194628715515137e-01 3.287488937377929688e+00 1.881211996078491211e+00 -6.568775773048400879e-01 -6.191862225532531738e-01 -9.120538830757141113e-01 3.815093263983726501e-02
-7.691351175308227539e-01 1.805350422859191895e+00 1.427752971649169922e+00 4.375555515289306641e-01 1.945013403892517090e+00 -3.618066012859344482e-01 -4.873557686805725098e-01 2.975695133209228516e-01 -1.533701896667480469e+00 -1.914983391761779785e+00
-3.945195674896240234e-01 -1.374689936637878418e+00 1.590102791786193848e+00 -1.028885245323181152e+00 -6.550529003143310547e-01 1.378944963216781616e-01 5.380626916885375977e-01 -1.138577342033386230e+00 -2.968060731887817383e+00 -2.617990016937255859e+00
-2.066507339477539062e+00 -9.235530495643615723e-01 -6.241204142570495605e-01 2.698089554905891418e-02 -1.701112389564514160e+00 -1.586991310119628906e+00 9.219407439231872559e-01 -1.870542049407958984e+00 -2.064054489135742188e+00 -2.375211000442504883e+00
1.107932478189468384e-01 2.821224927902221680e+00 1.509898900985717773e+00 4.108077526092529297e+00 -3.936702251434326172e+00 1.688730597496032715e+00 -1.313082456588745117e+00 4.958099424839019775e-01 -1.200388789176940918e+00 2.052116870880126953e+00
2.472547292709350586e+00 -8.685683012008666992e-01 -4.879226684570312500e-01 -4.251160323619842529e-01 1.570964217185974121e+00 4.560234546661376953e+00 -1.257324218750000000e+00 1.453016638755798340e+00 -9.357981681823730469e-01 -3.492326736450195312e+00
-3.598290920257568359e+00 3.865822792053222656e+00 5.518211722373962402e-01 4.269197940826416016e+00 -8.072072267532348633e-01 -2.643849134445190430e+00 -3.446506261825561523e-01 -7.121584415435791016e-01 8.252804279327392578e-01 -1.321055054664611816e+00
-3.041289091110229492e+00 -2.995225489139556885e-01 -2.906910181045532227e+00 -8.524985909461975098e-01 4.167648255825042725e-01 7.679227590560913086e-01 -2.607857227325439453e+00 -1.224241256713867188e+00 8.193332552909851074e-01 1.478487610816955566e+00
-1.614941477775573730e+00 2.410906791687011719e+00 -3.167791604995727539e+00 -2.406124114990234375e+00 -1.745276927947998047e+00 -2.016704797744750977e+00 1.654361009597778320e+00 -1.218950152397155762e+00 2.551100254058837891e+00 -5.634430050849914551e-02
-6.450780481100082397e-02 5.088919997215270996e-01 -2.446685284376144409e-01 -9.179441332817077637e-01 -5.360873788595199585e-02 -1.683275938034057617e+00 -1.318741589784622192e-01 3.818924725055694580e-01 -1.273476611822843552e-02 2.764467000961303711e-01
-2.260340213775634766e+00 -9.145908355712890625e-01 -1.975309133529663086e+00 -7.627210617065429688e-01 -1.744737774133682251e-01 -2.176795721054077148e+00 2.414916306734085083e-01 6.247982382774353027e-01 -1.466619372367858887e+00 -3.307414650917053223e-01
-2.275329589843750000e+00 2.411084622144699097e-02 1.349151432514190674e-01 -4.020415246486663818e-02 -1.022449254989624023e+00 -1.734922289848327637e+00 -9.357579350471496582e-01 -4.748368263244628906e-01 -1.942075252532958984e+00 1.652065396308898926e+00
-2.561727285385131836e+00 -1.527613520622253418e+00 -1.012982964515686035e+00 -7.415542006492614746e-01 -2.166201114654541016e+00 -2.374453544616699219e+00 -1.114576101303100586e+00 -1.591355919837951660e+00 -2.088966846466064453e+00 1.046531677246093750e+00
4.702716767787933350e-01 -8.879389762878417969e-01 3.191096782684326172e+00 1.917323619127273560e-01 -4.603890478610992432e-01 -2.240006685256958008e+00 -2.472552537918090820e+00 -2.309880971908569336e+00 -3.317001104354858398e+00 2.024913549423217773e+00
3.625289916992187500e+00 1.038983702659606934e+00 -2.041708946228027344e+00 2.787949323654174805e+00 -3.518578529357910156e+00 -5.135189533233642578e+00 -4.356594562530517578e+00 -1.116494774818420410e+00 2.708479404449462891e+00 1.809140563011169434e+00
-4.986050605773925781e+00 9.952062964439392090e-01 -1.084751844406127930e+00 -2.269050836563110352e+00 -1.903023958206176758e+00 -1.843287587165832520e+00 7.388715147972106934e-01 1.405040264129638672e+00 3.830511569976806641e+00 6.302540779113769531e+00
8.347028732299804688e+00 2.961289167404174805e+00 -6.341124057769775391e+00 6.008981227874755859e+00 -8.464016914367675781e+00 -2.681355714797973633e+00 1.671217083930969238e+00 1.574252843856811523e+00 1.552635788917541504e+00 2.249318599700927734e+00
-2.874442934989929199e-01 3.065637079998850822e-03 -2.614107131958007812e-01 1.020043969154357910e+00 2.814331769943237305e+00 -6.051867008209228516e-01 1.276744484901428223e+00 1.053943634033203125e+00 -1.611050128936767578e+00 2.349929571151733398e+00
3.256575167179107666e-01 -1.230114623904228210e-01 4.698414504528045654e-01 -8.175249099731445312e-01 3.515261173248291016e+00 2.057491540908813477e+00 -5.255837440490722656e-01 -7.488052248954772949e-01 -1.048610568046569824e+00 2.881234586238861084e-01
-8.386319279670715332e-01 1.709240555763244629e+00 1.370088815689086914e+00 2.668185234069824219e-01 2.130037307739257812e+00 -3.031944036483764648e-01 -5.254374742507934570e-01 1.701629459857940674e-01 -1.506171345710754395e+00 -1.827533364295959473e+00
-7.443290948867797852e-01 1.696315169334411621e+00 1.350065827369689941e+00 3.145791888236999512e-01 2.011798620223999023e+00 -2.590187191963195801e-01 -5.538917779922485352e-01 2.107964456081390381e-01 -1.459053874015808105e+00 -1.980686068534851074e+00
-7.876381874084472656e-01 1.649788737297058105e+00 1.257752180099487305e+00 4.026481509208679199e-01 2.041984558105468750e+00 -2.859037220478057861e-01 -5.411617755889892578e-01 1.234231218695640564e-01 -1.525425076484680176e+00 -1.999167203903198242e+00
-8.300149440765380859e-01 1.636251449584960938e+00 1.297635793685913086e+00 4.376823306083679199e-01 2.007789850234985352e+00 -4.035581052303314209e-01 -5.570591688156127930e-01 3.578980565071105957e-01 -1.526617646217346191e+00 -1.967976331710815430e+00
-7.295555472373962402e-01 2.410126447677612305e+00 3.027310132980346680e+00 1.709357380867004395e+00 4.110788702964782715e-01 3.130249977111816406e-01 -3.840794861316680908e-01 2.479175806045532227e+00 -9.363159537315368652e-01 2.330473661422729492e-01
-8.059993386268615723e-01 1.598951101303100586e+00 1.266216039657592773e+00 3.892568945884704590e-01 2.082169532775878906e+00 -4.172367751598358154e-01 -4.473807215690612793e-01 2.902671098709106445e-01 -1.508941173553466797e+00 -1.937588572502136230e+00
2.763437926769256592e-01 8.365848064422607422e-01 6.407189369201660156e-01 -7.486789226531982422e-01 2.205535888671875000e+00 3.790461122989654541e-01 -8.976374268531799316e-01 1.235035285353660583e-01 -1.040299296379089355e+00 -1.147317886352539062e+00
-7.252399921417236328e-01 1.761424303054809570e+00 1.465214371681213379e+00 3.463595509529113770e-01 1.992667317390441895e+00 -3.473622500896453857e-01 -5.341703891754150391e-01 3.406305611133575439e-01 -1.480126380920410156e+00 -1.925053477287292480e+00
-8.009710907936096191e-01 1.702285289764404297e+00 1.319099783897399902e+00 3.932941257953643799e-01 1.994372129440307617e+00 -3.951673805713653564e-01 -4.508223235607147217e-01 3.591587543487548828e-01 -1.504277706146240234e+00 -1.950606703758239746e+00
-7.161362767219543457e-01 1.727089285850524902e+00 1.410080909729003906e+00 5.117581486701965332e-01 2.004863500595092773e+00 -4.674623012542724609e-01 -5.008663535118103027e-01 4.152106642723083496e-01 -1.565597414970397949e+00 -1.894106984138488770e+00
-7.622753977775573730e-01 1.705832719802856445e+00 1.323304295539855957e+00 4.843627512454986572e-01 2.007748365402221680e+00 -2.647260725498199463e-01 -5.055644512176513672e-01 3.142766654491424561e-01 -1.607601404190063477e+00 -1.986533284187316895e+00
-7.340449690818786621e-01 1.742883920669555664e+00 1.309833526611328125e+00 4.422894716262817383e-01 1.924430131912231445e+00 -3.808890879154205322e-01 -5.119657516479492188e-01 4.469932615756988525e-01 -1.651703476905822754e+00 -1.839467525482177734e+00
-8.196278214454650879e-01 1.669266462326049805e+00 1.306012749671936035e+00 4.617035984992980957e-01 1.926127672195434570e+00 -4.839998781681060791e-01 -4.306406080722808838e-01 4.000947773456573486e-01 -1.571033120155334473e+00 -1.905472040176391602e+00
-6.726775765419006348e-01 1.646526098251342773e+00 1.201113820075988770e+00 1.733377277851104736e-01 2.178953886032104492e+00 -2.305693328380584717e-01 -5.653939247131347656e-01 3.873109519481658936e-01 -1.277760505676269531e+00 -1.703687787055969238e+00
-6.439318060874938965e-01 1.780967950820922852e+00 1.443323493003845215e+00 4.289155900478363037e-01 1.913172483444213867e+00 -5.031132698059082031e-01 -6.133390069007873535e-01 2.629665434360504150e-01 -1.550768733024597168e+00 -1.991519331932067871e+00
-2.715420961380004883e+00 -8.986612558364868164e-01 2.466538250446319580e-01 -8.520655632019042969e-01 1.788530349731445312e+00 1.853121519088745117e+00 -1.265165925025939941e+00 -1.831764221191406250e+00 -1.307000517845153809e+00 -2.515409708023071289e+00
-2.272582530975341797e+00 1.210715651512145996e+00 -7.004317045211791992e-01 -1.516851663589477539e+00 -8.123420178890228271e-03 1.217886805534362793e+00 -5.713607370853424072e-02 -5.627838134765625000e+00 1.235702514648437500e+00 1.321900248527526855e+00
-2.126464605331420898e+00 3.505213499069213867e+00 1.161342620849609375e+00 5.610927104949951172e+00 -8.828338980674743652e-01 -1.294338583946228027e+00 1.683744430541992188e+00 6.449822783470153809e-01 -2.491444349288940430e+00 -3.416416883468627930e+00
-7.639118432998657227e-01 3.465275526046752930e+00 -3.943281173706054688e+00 8.986412882804870605e-01 4.418699741363525391e+00 3.427402973175048828e+00 2.177967309951782227e+00 -2.671092748641967773e+00 -1.086494207382202148e+00 -9.166418910026550293e-01
-1.224687099456787109e+00 6.306945800781250000e+00 -7.208862900733947754e-01 2.286143302917480469e+00 1.368466377258300781e+00 -2.102800846099853516e+00 1.040918111801147461e+00 -1.315737128257751465e+00 -7.256706357002258301e-01 2.501492738723754883e+00
-1.732817530632019043e+00 4.466484069824218750e+00 -2.739683866500854492e+00 1.113496780395507812e+00 5.839363485574722290e-02 -8.545162677764892578e-01 7.209346890449523926e-01 -3.037703990936279297e+00 -2.947828173637390137e-01 1.834758877754211426e+00
-4.253226220607757568e-01 -2.253237485885620117e+00 -1.420971274375915527e+00 2.589353621006011963e-01 7.897104620933532715e-01 -4.289901256561279297e-01 -4.827845096588134766e+00 -4.044958651065826416e-01 -3.479486703872680664e-01 -7.520429491996765137e-01
-2.168487310409545898e-01 -1.142755985260009766e+00 -1.624215006828308105e+00 7.163212299346923828e-01 1.666705727577209473e+00 -1.030086040496826172e+00 -3.069503068923950195e+00 1.154914498329162598e+00 -2.674330711364746094e+00 -3.820082917809486389e-02
-6.719699501991271973e-01 -1.354310393333435059e+00 -4.172159433364868164e-01 -1.631659626960754395e+00 9.996664524078369141e-01 -3.051072597503662109e+00 -4.006108343601226807e-01 -1.434572100639343262e+00 5.283391475677490234e-01 1.468084216117858887e+00
-1.837389349937438965e+00 -4.461099803447723389e-01 -1.067569375038146973e+00 -1.159089446067810059e+00 2.065701246261596680e+00 -9.226263314485549927e-02 2.361092090606689453e+00 6.668338775634765625e-01 -8.937156200408935547e-01 1.813974022865295410e+00
1.143307924270629883e+00 -1.489406824111938477e+00 -3.365726709365844727e+00 -1.636449456214904785e+00 3.924759387969970703e+00 -1.482312798500061035e+00 3.225449800491333008e+00 -5.404469370841979980e-01 -7.579545974731445312e-01 -3.016329407691955566e-01
1.585747718811035156e+00 -1.410643458366394043e+00 -2.836569547653198242e+00 -1.529970169067382812e+00 4.247322559356689453e+00 -2.010983467102050781e+00 2.966665267944335938e+00 4.788633286952972412e-01 -1.569930791854858398e+00 -3.794115781784057617e-01
1.700794100761413574e+00 3.711374759674072266e+00 1.380669832229614258e+00 -6.463737010955810547e+00 4.433834552764892578e+00 2.060718536376953125e+00 2.618138313293457031e+00 -4.051780223846435547e+00 -1.411147832870483398e+00 -2.250811338424682617e+00
3.415227413177490234e+00 2.222132921218872070e+00 -2.727885484695434570e+00 -1.367694973945617676e+00 -1.511386394500732422e+00 4.015192687511444092e-01 -5.240303039550781250e+00 -1.165547490119934082e+00 1.465632081031799316e+00 2.683021426200866699e-01
-1.936795473098754883e+00 2.194370269775390625e+00 -2.810121774673461914e+00 1.622383117675781250e+00 -9.686386585235595703e-01 2.171042203903198242e+00 -4.966710507869720459e-02 4.516583442687988281e+00 -1.236479520797729492e+00 -4.598506093025207520e-01
2.859798192977905273e+00 1.310565590858459473e+00 -4.997195005416870117e-01 -2.248119354248046875e+00 -1.936712563037872314e-01 1.557507634162902832e+00 -2.833749532699584961e+00 -2.096806764602661133e+00 4.764600276947021484e+00 4.733822822570800781e+00
-1.957699656486511230e+00 9.141760468482971191e-01 1.817741394042968750e+00 -5.296279430389404297e+00 1.377182602882385254e+00 1.466932773590087891e+00 1.295747399330139160e+00 -8.021083474159240723e-01 1.227523803710937500e+00 8.648548722267150879e-01
1.741233348846435547e+00 4.691713452339172363e-01 -4.624149322509765625e+00 3.459590911865234375e+00 3.293939590454101562e+00 -1.474625587463378906e+00 3.169646739959716797e+00 -3.546486139297485352e+00 4.974576950073242188e+00 1.013895511627197266e+00
-8.296370506286621094e-01 3.356228113174438477e+00 5.734252333641052246e-01 9.927325248718261719e-01 9.675672650337219238e-01 -1.925844430923461914e+00 3.973494768142700195e-01 1.504740238189697266e+00 -1.105556190013885498e-01 -2.986452579498291016e+00
-1.723887205123901367e+00 2.629450321197509766e+00 -1.538760662078857422e+00 4.781174659729003906e+00 2.614821910858154297e+00 -2.882907629013061523e+00 -2.427304983139038086e+00 5.005947947502136230e-01 -1.553109735250473022e-01 -1.444697380065917969e+00
-7.176365703344345093e-02 -2.268131256103515625e+00 2.536584377288818359e+00 -1.371652245521545410e+00 4.230827838182449341e-02 1.919023394584655762e+00 2.051698118448257446e-01 -3.903209924697875977e+00 -3.604141235351562500e+00 -1.909842014312744141e+00
1.469248056411743164e+00 2.359570026397705078e+00 -5.349731445312500000e+00 -2.433400154113769531e+00 1.410495162010192871e+00 1.395420908927917480e+00 5.230783224105834961e-01 -4.308562755584716797e+00 8.912596702575683594e-01 4.854037165641784668e-01
1.053114458918571472e-01 1.241607293486595154e-01 1.504755735397338867e+00 -5.838981270790100098e-01 1.786946415901184082e+00 1.317720532417297363e+00 -1.195058822631835938e+00 -3.156962692737579346e-01 -1.933600068092346191e+00 -2.215254068374633789e+00
