-7.689490795135498047e+00 1.353174328804016113e+00 -1.081602573394775391e+01 7.893362045288085938e-01 7.812336921691894531e+00 9.342214465141296387e-01 -1.308300399780273438e+01 -9.480870246887207031e+00 9.481056928634643555e-01 4.360288143157958984e+00
-5.226794719696044922e+00 -7.894422054290771484e+00 -1.221611690521240234e+01 6.577950954437255859e+00 4.333798885345458984e+00 -1.372659397125244141e+01 -9.825405120849609375e+00 4.761370122432708740e-01 8.790586471557617188e+00 1.847281098365783691e+00
-2.416864633560180664e+00 1.605813264846801758e+00 -1.834772706031799316e+00 -2.799494266510009766e+00 -1.828978657722473145e+00 -9.201231002807617188e-01 -1.685083031654357910e+00 3.918209969997406006e-01 -1.631896138191223145e+00 4.468441307544708252e-01
-5.609048604965209961e-01 6.434949874877929688e+00 -5.816370010375976562e+00 -1.481252193450927734e+00 7.586814403533935547e+00 9.942851662635803223e-01 7.774275541305541992e-01 8.355850219726562500e+00 -9.757988929748535156e+00 -7.918788194656372070e-01
-4.275319576263427734e+00 -3.368590831756591797e+00 3.924663543701171875e+00 1.523126959800720215e+00 4.635390758514404297e+00 -5.079848766326904297e+00 2.271177291870117188e+00 7.857813686132431030e-02 -5.851487159729003906e+00 -5.356961250305175781e+00
1.130996322631835938e+01 -1.251835107803344727e+00 2.057344436645507812e+00 7.354387760162353516e+00 5.221734523773193359e+00 -1.096101856231689453e+01 5.694237709045410156e+00 2.472169548273086548e-01 3.052362680435180664e+00 -7.213009595870971680e-01
1.494269013404846191e+00 1.341765594482421875e+01 -4.289810180664062500e+00 1.200045871734619141e+01 1.236254882812500000e+01 4.683333396911621094e+00 4.046816825866699219e+00 -4.353451728820800781e+00 1.202930259704589844e+01 -8.944108009338378906e+00
2.468841552734375000e+00 -5.482301712036132812e-01 -4.395373344421386719e+00 1.182944679260253906e+01 -5.300671100616455078e+00 -9.114236235618591309e-01 -9.455517768859863281e+00 8.151854515075683594e+00 6.249261856079101562e+00 -3.379471004009246826e-01
-3.028535842895507812e+00 5.637935161590576172e+00 -4.227625846862792969e+00 1.343812227249145508e+00 -3.401534557342529297e-01 -5.126188278198242188e+00 5.032721996307373047e+00 6.033464074134826660e-01 2.637064695358276367e+00 -8.483100891113281250e+00
-1.778145217895507812e+01 2.655910015106201172e+00 -4.034433364868164062e+00 1.155340766906738281e+01 6.443124294281005859e+00 -3.108236789703369141e+00 1.450658798217773438e+00 -4.853911876678466797e+00 -1.488671493530273438e+01 6.313475131988525391e+00
-1.226800441741943359e+00 2.656856060028076172e+00 -2.627389430999755859e+00 -5.292900085449218750e+00 -1.273303747177124023e+00 -1.281714200973510742e+00 -2.993544340133666992e+00 -2.346722841262817383e+00 -1.117646247148513794e-01 -7.647914290428161621e-01
-1.374843716621398926e+00 -2.337804794311523438e+00 4.025824740529060364e-02 1.942854642868041992e+00 -2.827365875244140625e+00 -2.550230026245117188e-01 -1.170680046081542969e+00 -1.231552481651306152e+00 -6.004413127899169922e+00 2.332507848739624023e+00
-2.766747474670410156e+00 5.710237622261047363e-01 6.872943878173828125e+00 3.211118698120117188e+00 -2.547126293182373047e+00 -1.096449494361877441e+00 1.007664799690246582e+00 -5.223118662834167480e-01 -2.699639201164245605e-01 -1.623904824256896973e+00
-1.836296319961547852e+00 2.337583065032958984e+00 9.093867301940917969e+00 3.349707603454589844e+00 3.749473989009857178e-01 -1.468104958534240723e+00 -6.612579822540283203e-01 -4.435723721981048584e-01 -9.703565835952758789e-01 -7.551429867744445801e-01
-3.379487991333007812e+00 1.003972291946411133e+00 8.234212875366210938e+00 -1.642425656318664551e-01 1.230017852783203125e+01 4.623593807220458984e+00 -5.245507717132568359e+00 5.877198696136474609e+00 -5.263245105743408203e+00 -6.558204650878906250e+00
-8.027256727218627930e-01 7.294887065887451172e+00 -4.956550121307373047e+00 1.484100246429443359e+01 9.639744758605957031e+00 8.876101493835449219e+00 6.806375980377197266e+00 -7.307868003845214844e-01 -7.090902328491210938e-02 8.477517127990722656e+00
-5.205703258514404297e+00 -2.128818035125732422e+00 -5.370983123779296875e+00 -2.095436453819274902e-01 -2.758187949657440186e-01 -6.187610149383544922e+00 7.031992435455322266e+00 1.271737337112426758e+00 1.228344365954399109e-01 -9.033721923828125000e+00
-8.952919960021972656e+00 2.685069322586059570e+00 3.200573682785034180e+00 -1.456336736679077148e+00 -2.167596435546875000e+01 -7.110329627990722656e+00 8.706174850463867188e+00 -1.660732269287109375e+01 -4.002414703369140625e+00 7.013149261474609375e+00
-2.232690572738647461e+00 2.350552558898925781e+00 -3.582847118377685547e+00 -8.694833755493164062e+00 1.360895931720733643e-01 -4.970516860485076904e-01 -1.222868084907531738e+00 -3.488318443298339844e+00 -3.928638100624084473e-01 -6.732888221740722656e-01
-8.435361385345458984e-01 -2.332608550786972046e-01 -3.247958123683929443e-01 -4.105127811431884766e+00 -3.432268857955932617e+00 -3.331404924392700195e+00 -4.288906097412109375e+00 -2.317198991775512695e+00 -2.992620706558227539e+00 3.217865228652954102e+00
-5.742068290710449219e-01 -2.593750476837158203e+00 2.245466709136962891e+00 -1.761240959167480469e+00 -2.015653610229492188e+00 -3.520274162292480469e-01 -3.180053710937500000e+00 -3.954329490661621094e+00 -4.672829151153564453e+00 4.034268856048583984e+00
4.957962989807128906e+00 -3.241170167922973633e+00 2.491621732711791992e+00 1.160772681236267090e+00 -2.047909021377563477e+00 5.484910488128662109e+00 -3.722369670867919922e-01 -6.918734550476074219e+00 -2.063596248626708984e+00 -5.131704807281494141e+00
3.905259132385253906e+00 -3.555741548538208008e+00 4.718577861785888672e+00 -1.301382541656494141e+00 -4.278592169284820557e-01 4.707991600036621094e+00 -2.964843511581420898e+00 -4.666645050048828125e+00 -2.021451711654663086e+00 -5.146999359130859375e+00
6.999821662902832031e+00 -3.498069763183593750e+00 4.841074943542480469e+00 -1.413412213325500488e+00 -1.363953948020935059e+00 4.431992530822753906e+00 -2.175074338912963867e+00 -2.971324443817138672e+00 -1.617424607276916504e+00 -4.717919826507568359e+00
-1.423963308334350586e-01 -1.394296765327453613e+00 4.949483871459960938e+00 -2.378669023513793945e+00 -2.343127965927124023e+00 3.574350833892822266e+00 -4.211360514163970947e-01 -7.263258695602416992e-01 4.520218849182128906e+00 -4.157307147979736328e-01
1.586843609809875488e+00 -2.966075181961059570e+00 3.142088651657104492e+00 -3.040586709976196289e+00 -3.710919618606567383e-01 2.477602005004882812e+00 1.579035282135009766e+00 1.237318038940429688e+00 5.883178710937500000e+00 5.741888880729675293e-01
1.777240872383117676e+00 -3.230002164840698242e+00 4.146517515182495117e-01 -1.917972087860107422e+00 -1.563589334487915039e+00 1.035223960876464844e+00 4.320455074310302734e+00 2.452879905700683594e+00 6.337394237518310547e+00 3.332776308059692383e+00
2.256633758544921875e+00 -2.534386873245239258e+00 2.256999462842941284e-01 -2.316467761993408203e+00 -1.061942458152770996e+00 -1.646312028169631958e-01 4.906093597412109375e+00 3.052019119262695312e+00 6.409212589263916016e+00 4.920383453369140625e+00
-5.213546156883239746e-01 7.940825819969177246e-01 1.884975671768188477e+00 -1.623916029930114746e+00 -2.369722127914428711e+00 2.779100418090820312e+00 2.145123481750488281e+00 4.376480877399444580e-01 3.059061288833618164e+00 1.186915636062622070e+00
-2.453312158584594727e+00 1.288313508033752441e+00 3.817603111267089844e+00 6.452577114105224609e-01 -3.282614231109619141e+00 -2.452848851680755615e-01 1.797014117240905762e+00 -1.224519535899162292e-01 1.951493620872497559e+00 -1.932370066642761230e-01
-2.646341085433959961e+00 1.635558962821960449e+00 6.800376892089843750e+00 2.775716543197631836e+00 -2.495420217514038086e+00 -4.004556238651275635e-01 7.256903052330017090e-01 -3.366639018058776855e-01 -4.012083411216735840e-01 -5.699160099029541016e-01
-1.936881184577941895e+00 3.388573169708251953e+00 9.100412368774414062e+00 3.584161758422851562e+00 -5.038368701934814453e-01 -2.146007776260375977e+00 -4.057420492172241211e-01 -6.725859045982360840e-01 -1.385203242301940918e+00 4.262328147888183594e-01
6.837930202484130859e+00 4.765300273895263672e+00 3.061883687973022461e+00 -2.309589385986328125e+00 6.301659107208251953e+00 8.897614479064941406e-01 3.913789749145507812e+00 1.237499427795410156e+01 -4.229077339172363281e+00 -1.139565110206604004e+00
1.440919685363769531e+01 7.650191307067871094e+00 -7.819076061248779297e+00 -7.429190158843994141e+00 -1.573219180107116699e+00 -9.158683776855468750e+00 2.669418573379516602e+00 -1.243753242492675781e+01 -4.580275058746337891e+00 -3.581662654876708984e+00
-5.412366390228271484e+00 -4.070395469665527344e+00 -6.457273483276367188e+00 8.336979150772094727e-01 5.036367774009704590e-01 -2.867622375488281250e+00 7.264132499694824219e+00 3.040761232376098633e+00 -2.285602331161499023e+00 -6.992793083190917969e+00
1.164505672454833984e+01 -1.642450243234634399e-01 -1.249965763092041016e+01 -1.504390716552734375e+01 5.404696464538574219e+00 -4.302837848663330078e-01 -1.600449180603027344e+01 3.807074785232543945e+00 4.099888324737548828e+00 -7.441331386566162109e+00
-2.174041271209716797e+00 2.595272779464721680e+00 -3.761331558227539062e+00 -8.859811782836914062e+00 -3.668885827064514160e-01 -8.259673118591308594e-01 -1.263184309005737305e+00 -3.428159475326538086e+00 -9.754655361175537109e-01 -1.014601826667785645e+00
-1.418243765830993652e+00 1.174678921699523926e+00 -4.232287108898162842e-01 -7.638273715972900391e+00 -2.717224359512329102e+00 -2.369392871856689453e+00 -5.438413143157958984e+00 -1.991586685180664062e+00 -1.902059555053710938e+00 2.471553087234497070e+00
-8.802419900894165039e-01 -2.690120220184326172e+00 2.251953840255737305e+00 -1.797522425651550293e+00 -1.983598709106445312e+00 -5.108927488327026367e-01 -2.981596708297729492e+00 -4.028335571289062500e+00 -4.695789337158203125e+00 4.077271461486816406e+00
3.668880939483642578e+00 -3.832446813583374023e+00 3.767478942871093750e+00 5.440347194671630859e-01 -2.734594345092773438e+00 4.785748004913330078e+00 -2.234511852264404297e+00 -9.328852653503417969e+00 -1.253129959106445312e+00 -6.324982166290283203e+00
4.264398097991943359e+00 -5.361416339874267578e+00 2.289221286773681641e+00 -1.270987987518310547e+00 1.887309074401855469e+00 5.876468658447265625e+00 -5.007895827293395996e-01 -5.260139465332031250e+00 -4.688689708709716797e+00 -6.571285724639892578e+00
6.375539779663085938e+00 -4.729141235351562500e+00 4.443389415740966797e+00 -5.721291065216064453e+00 -4.815805256366729736e-01 1.880064725875854492e+00 -3.958073139190673828e+00 -2.148398637771606445e+00 -1.055146574974060059e+00 -4.461078166961669922e+00
-1.706682890653610229e-01 -2.062908649444580078e+00 3.459125280380249023e+00 -7.241753935813903809e-01 7.070266246795654297e+00 1.222120475769042969e+01 4.445953369140625000e-01 -6.646558284759521484e+00 -4.059857368469238281e+00 -4.763599634170532227e-01
1.465794944763183594e+01 -4.165242195129394531e+00 -5.134403705596923828e+00 5.329111099243164062e+00 3.462079763412475586e+00 -1.221515750885009766e+01 1.815839648246765137e+00 2.061277008056640625e+01 -9.883510589599609375e+00 -8.342302322387695312e+00
3.078357696533203125e+00 -2.325960636138916016e+00 9.491390734910964966e-02 2.840943336486816406e-01 3.959538936614990234e-01 5.939238071441650391e-01 2.831657171249389648e+00 2.203393697738647461e+00 -5.838016271591186523e-01 8.013327598571777344e+00
2.182760477066040039e+00 6.966878175735473633e-01 -1.207804679870605469e+00 3.893764257431030273e+00 -6.554796695709228516e+00 4.677840709686279297e+00 4.774634361267089844e+00 -4.839755535125732422e+00 -4.438871860504150391e+00 2.757586717605590820e+00
-2.297701120376586914e+00 1.998131275177001953e+00 -1.016560122370719910e-01 -1.311508297920227051e+00 -3.431057691574096680e+00 1.951992154121398926e+00 2.798038005828857422e+00 7.543931603431701660e-01 2.624649286270141602e+00 -7.419915199279785156e-01
-3.468608856201171875e+00 1.782119035720825195e+00 1.161360263824462891e+00 1.556552648544311523e+00 -7.908483743667602539e-01 2.126052618026733398e+00 1.353866815567016602e+00 4.492475986480712891e-01 -4.753025531768798828e+00 7.549497485160827637e-01
-2.935132980346679688e+00 5.195793151855468750e+00 5.358169078826904297e+00 3.455464601516723633e+00 -3.899562120437622070e+00 -3.234385550022125244e-01 4.023472785949707031e+00 -7.767516374588012695e-02 -3.912819862365722656e+00 -5.589887499809265137e-01
-4.231612086296081543e-01 5.064486503601074219e+00 5.913316726684570312e+00 2.328853130340576172e+00 -3.508443832397460938e+00 -6.679677963256835938e-01 3.917459726333618164e+00 1.839045524597167969e+00 -2.680409193038940430e+00 6.030092239379882812e-01
1.987604141235351562e+00 1.018751049041748047e+01 5.752404212951660156e+00 1.424714565277099609e+00 -6.755670070648193359e+00 5.714144229888916016e+00 1.747101843357086182e-01 2.894163131713867188e+00 -4.257997989654541016e+00 -3.737001180648803711e+00
4.468277931213378906e+00 1.765506029129028320e+00 4.490061759948730469e+00 -2.801375865936279297e+00 7.800716400146484375e+00 5.898374557495117188e+00 -6.978930830955505371e-01 1.345365524291992188e+01 -2.711408138275146484e-01 -5.252802848815917969e+00
3.045942783355712891e+00 1.002401542663574219e+01 6.067800045013427734e+00 -7.088239192962646484e+00 5.265260696411132812e+00 -5.524017810821533203e+00 -3.827846050262451172e+00 6.445136070251464844e+00 3.937828540802001953e+00 -7.898577451705932617e-01
1.083763980865478516e+01 -3.208027362823486328e+00 1.007946431636810303e-01 -1.372744464874267578e+01 -9.069259643554687500e+00 4.959050178527832031e+00 -1.623034667968750000e+01 6.554079055786132812e-01 -3.035804748535156250e+00 -1.321217417716979980e+00
-1.606082081794738770e+00 2.544716119766235352e+00 -3.720785617828369141e+00 -8.234255790710449219e+00 -5.119737982749938965e-01 -3.868013322353363037e-01 -1.395992755889892578e+00 -4.103837966918945312e+00 -4.211335480213165283e-01 -7.054659724235534668e-01
-1.653892159461975098e+00 1.163961052894592285e+00 -5.646399855613708496e-01 -8.020252227783203125e+00 -2.267427682876586914e+00 -2.049003839492797852e+00 -5.671820163726806641e+00 -2.226914644241333008e+00 -1.558003902435302734e+00 2.336483001708984375e+00
-9.118622541427612305e-01 -2.758428812026977539e+00 2.311502933502197266e+00 -2.472913980484008789e+00 -2.228164434432983398e+00 9.989859908819198608e-02 -3.398683786392211914e+00 -3.831087827682495117e+00 -4.510319709777832031e+00 3.748215436935424805e+00
-7.916289567947387695e-01 -2.581467628479003906e+00 2.151862859725952148e+00 -2.299328804016113281e+00 -2.267882108688354492e+00 -1.362394094467163086e-01 -3.423621177673339844e+00 -3.930314540863037109e+00 -4.373107433319091797e+00 4.323425769805908203e+00
-9.178168773651123047e-01 -2.799303531646728516e+00 2.262112855911254883e+00 -2.466781616210937500e+00 -2.058724164962768555e+00 1.991368979215621948e-01 -3.214611053466796875e+00 -4.230132102966308594e+00 -4.419834613800048828e+00 4.242032527923583984e+00
-9.220333099365234375e-01 -2.769777536392211914e+00 2.292498588562011719e+00 -2.295624971389770508e+00 -2.169619083404541016e+00 1.756214797496795654e-01 -3.156506299972534180e+00 -4.207956790924072266e+00 -4.171126365661621094e+00 4.024038791656494141e+00
-3.867959499359130859e+00 -4.027377128601074219e+00 -3.349864482879638672e-01 -6.019501686096191406e+00 -2.770668745040893555e+00 4.479598045349121094e+00 -6.101089954376220703e+00 4.091824531555175781e+00 -7.418026447296142578e+00 -6.350629806518554688e+00
-8.916497826576232910e-01 -3.013549804687500000e+00 2.145335435867309570e+00 -2.199083328247070312e+00 -2.154621362686157227e+00 -2.032698541879653931e-01 -3.325251579284667969e+00 -4.586585521697998047e+00 -4.525412559509277344e+00 4.253901958465576172e+00
7.800526916980743408e-02 5.671241283416748047e-01 1.316908359527587891e+00 -4.843031883239746094e+00 -3.576151371002197266e+00 6.688223481178283691e-01 -3.045967817306518555e+00 -1.158463835716247559e+00 -2.085554599761962891e+00 4.150222301483154297e+00
-7.554787993431091309e-01 -2.666130781173706055e+00 2.220655679702758789e+00 -1.997092008590698242e+00 -2.025991678237915039e+00 -3.118194937705993652e-01 -2.964887619018554688e+00 -4.276830673217773438e+00 -4.397907733917236328e+00 4.311567783355712891e+00
-1.040575981140136719e+00 -2.934152841567993164e+00 2.271079063415527344e+00 -2.193763256072998047e+00 -2.004668474197387695e+00 1.117821708321571350e-01 -3.072822332382202148e+00 -4.127954959869384766e+00 -4.688909053802490234e+00 4.115852355957031250e+00
-8.337466716766357422e-01 -2.794495582580566406e+00 2.016415596008300781e+00 -2.175050497055053711e+00 -2.386556386947631836e+00 -2.310999333858489990e-01 -3.437475919723510742e+00 -4.162115573883056641e+00 -4.388547420501708984e+00 4.402961254119873047e+00
-7.613063454627990723e-01 -2.736034631729125977e+00 2.279234886169433594e+00 -1.914706468582153320e+00 -2.159600019454956055e+00 -7.838302105665206909e-02 -2.974906682968139648e+00 -4.185738563537597656e+00 -4.565491199493408203e+00 4.067894935607910156e+00
-8.321814537048339844e-01 -2.612979888916015625e+00 2.373970270156860352e+00 -1.974270462989807129e+00 -1.868673205375671387e+00 1.461873650550842285e-01 -3.130961418151855469e+00 -4.290682315826416016e+00 -4.717925548553466797e+00 3.897360801696777344e+00
-9.387327432632446289e-01 -2.703669548034667969e+00 1.965885400772094727e+00 -2.269518613815307617e+00 -1.762463808059692383e+00 1.228910982608795166e-01 -3.102152109146118164e+00 -4.236689567565917969e+00 -4.911898136138916016e+00 4.127758026123046875e+00
-1.668442636728286743e-01 -2.231228828430175781e+00 1.635039091110229492e+00 -2.074666023254394531e+00 -2.418124675750732422e+00 -2.707004845142364502e-01 -2.919934272766113281e+00 -4.004080295562744141e+00 -4.612821102142333984e+00 4.683093070983886719e+00
-8.350665569305419922e-01 -2.556979894638061523e+00 2.393162012100219727e+00 -2.203533887863159180e+00 -2.084101915359497070e+00 -5.190480351448059082e-01 -3.224253892898559570e+00 -4.367820739746093750e+00 -4.599390983581542969e+00 4.546067714691162109e+00
3.750735759735107422e+00 -4.588521003723144531e+00 3.920314311981201172e+00 8.411362171173095703e-01 -3.446772575378417969e+00 5.459867954254150391e+00 -2.202025890350341797e+00 -8.652034759521484375e+00 -8.153202533721923828e-01 -6.416228294372558594e+00
3.717660427093505859e+00 -3.897830963134765625e+00 4.335975646972656250e+00 -1.774453997611999512e+00 1.334167838096618652e+00 4.982015132904052734e+00 -2.290603160858154297e+00 -5.455862998962402344e+00 -3.527776718139648438e+00 -7.125367641448974609e+00
7.853947639465332031e+00 -4.450244903564453125e+00 5.055748462677001953e+00 -4.473392009735107422e+00 1.078799366950988770e+00 -9.519854187965393066e-01 -5.662105083465576172e+00 -4.687918663024902344e+00 -6.684094071388244629e-01 -5.307103157043457031e+00
4.286614418029785156e+00 3.721019506454467773e+00 8.726118087768554688e+00 -4.685203552246093750e+00 6.697911739349365234e+00 5.839686393737792969e-01 -2.441735029220581055e+00 -6.899137496948242188e+00 -3.647974252700805664e+00 -6.468230247497558594e+00
2.018034172058105469e+01 -8.856813311576843262e-01 -6.158212184906005859e+00 5.479070663452148438e+00 2.470058679580688477e+00 -9.083196640014648438e+00 9.683303833007812500e-01 1.999026489257812500e+01 -1.495752334594726562e+01 -6.771524429321289062e+00
8.017396926879882812e+00 -4.148230075836181641e+00 -1.646915316581726074e+00 1.970788985490798950e-01 -1.446900367736816406e+00 4.643077850341796875e+00 2.552726268768310547e+00 2.642493486404418945e+00 -1.957432627677917480e+00 8.930234909057617188e+00
-6.890164852142333984e+00 6.300971031188964844e+00 6.984733104705810547e+00 4.558558762073516846e-01 6.879251003265380859e+00 -1.010309886932373047e+01 3.766123354434967041e-01 -1.399787887930870056e-02 -3.771412372589111328e+00 7.686207294464111328e+00
9.614766836166381836e-01 4.323362350463867188e+00 3.339336633682250977e+00 -4.896852374076843262e-01 -4.973797321319580078e+00 1.453092217445373535e+00 1.327377200126647949e+00 3.458777904510498047e+00 2.033920049667358398e+00 1.372129559516906738e+00
-2.256537437438964844e+00 1.026056766510009766e+01 2.638839006423950195e+00 -2.134786128997802734e+00 -2.799130678176879883e+00 -3.053586959838867188e+00 3.313266038894653320e+00 -2.648668050765991211e+00 7.163976430892944336e-01 -5.429312705993652344e+00
-7.127474248409271240e-02 4.567583560943603516e+00 -1.121441245079040527e+00 -3.742909193038940430e+00 -4.442948818206787109e+00 -1.433336019515991211e+00 4.817605495452880859e+00 -5.540059089660644531e+00 4.142315864562988281e+00 -1.446074008941650391e+00
-7.677749395370483398e-01 8.864278793334960938e+00 4.609804153442382812e+00 2.609041452407836914e+00 -3.149284839630126953e+00 2.793501138687133789e+00 1.090372085571289062e+00 4.476974964141845703e+00 -4.038755416870117188e+00 -2.648303985595703125e+00
8.965432047843933105e-01 8.521823883056640625e+00 5.459162235260009766e+00 1.463043093681335449e+00 -6.002346515655517578e+00 5.843282699584960938e+00 1.036724686622619629e+00 2.869887351989746094e+00 -3.410635471343994141e+00 -4.535633563995361328e+00
4.787140369415283203e+00 -1.182477092742919922e+01 -3.740704536437988281e+00 -2.824129819869995117e+00 1.177096176147460938e+01 -1.806155681610107422e+00 2.044651412963867188e+01 -1.388265967369079590e+00 -4.725629806518554688e+00 -8.440428376197814941e-01
2.923532009124755859e+00 -2.828001976013183594e+00 -7.462221384048461914e-01 2.677188515663146973e-01 3.442165851593017578e+00 5.222698211669921875e+00 -8.122664093971252441e-01 2.735350370407104492e+00 2.519881725311279297e+00 1.789961099624633789e+00
-5.865025520324707031e+00 1.079130619764328003e-01 3.473525524139404297e+00 -1.943144202232360840e+00 -1.009367942810058594e+00 -3.318871930241584778e-02 4.395464420318603516e+00 1.625055074691772461e+00 2.087741613388061523e+00 2.981761217117309570e+00
2.031910419464111328e+00 -1.423536777496337891e+00 3.305513858795166016e+00 -4.425958633422851562e+00 -2.697922229766845703e+00 -6.408463418483734131e-02 1.448559403419494629e+00 2.203333377838134766e+00 6.122679710388183594e-01 -1.496896862983703613e+00
7.672514319419860840e-01 1.981842756271362305e+00 -2.164565324783325195e+00 -3.671391963958740234e+00 -2.803988695144653320e+00 4.724212169647216797e+00 1.186427235603332520e+00 -2.860750675201416016e+00 -1.483599185943603516e+00 -1.487762331962585449e+00
1.012970447540283203e+01 -1.886040806770324707e+00 5.573790073394775391e-01 7.286942481994628906e+00 -6.228817701339721680e-01 4.989532470703125000e+00 -1.419432830810546875e+01 5.164105296134948730e-01 8.109077215194702148e-01 -3.859887838363647461e+00
2.469867944717407227e+00 -1.674240827560424805e+00 3.174786567687988281e+00 -1.854236245155334473e+00 -1.725537896156311035e+00 2.443910598754882812e+00 -5.157430171966552734e+00 -4.855441093444824219e+00 -4.966082572937011719e+00 6.090181350708007812e+00
9.370111227035522461e-01 1.419539213180541992e+00 3.150690078735351562e+00 -8.405397415161132812e+00 -1.535632461309432983e-01 5.008133411407470703e+00 -8.033159255981445312e+00 -1.413960814476013184e+00 -1.688058495521545410e+00 -1.227915763854980469e+00
6.566498279571533203e+00 -3.476509153842926025e-01 5.727641582489013672e+00 -4.748272895812988281e+00 -1.016087889671325684e+00 4.232939720153808594e+00 -4.941805839538574219e+00 -6.500083923339843750e+00 -1.481368899345397949e+00 1.473747640848159790e-01
7.191760063171386719e+00 1.184807538986206055e+00 5.037618160247802734e+00 -5.141506195068359375e+00 -6.832142472267150879e-01 1.025720000267028809e+00 -3.102039337158203125e+00 -4.910819530487060547e+00 -3.029211997985839844e+00 1.964482665061950684e+00
-4.684278368949890137e-01 -3.724093198776245117e+00 2.115568161010742188e+00 -1.647554397583007812e+00 -3.109867334365844727e+00 1.012387037277221680e+00 -3.935636758804321289e+00 -3.914544582366943359e+00 -3.836580276489257812e+00 3.675949811935424805e+00
