6.809094429016113281e+00
-5.318737030029296875e+00
1.063382053375244141e+01
7.866359502077102661e-02
-5.816562175750732422e+00
-1.743611097335815430e+00
5.629881381988525391e+00
-6.686185836791992188e+00
8.454535484313964844e+00
1.271448802947998047e+01
7.694722175598144531e+00
1.024928474426269531e+01
6.103699684143066406e+00
3.703633785247802734e+00
1.113859415054321289e+00
2.511542320251464844e+00
8.941637277603149414e-01
1.099334001541137695e+00
1.184274554252624512e+00
8.163332939147949219e-01
-1.933653235435485840e+00
9.296628952026367188e+00
5.954439163208007812e+00
7.135338306427001953e+00
-1.256816506385803223e+00
5.226161956787109375e+00
6.613725662231445312e+00
-7.923743724822998047e+00
-4.702424049377441406e+00
-5.259086608886718750e+00
