-1.174168705940246582e+00
7.948924899101257324e-01
-5.531953573226928711e-01
3.926682472229003906e-01
5.755058526992797852e-01
-2.854987680912017822e-01
-7.515848875045776367e-01
-4.019445180892944336e-01
-6.065472960472106934e-01
-3.602105081081390381e-01
-1.756648421287536621e+00
-8.396994471549987793e-01
-1.347193479537963867e+00
5.274217724800109863e-01
-6.887576580047607422e-01
1.735962033271789551e-01
7.373182177543640137e-01
6.734099388122558594e-01
-1.371477007865905762e+00
-1.929923057556152344e+00
7.420184612274169922e-01
2.712584137916564941e-01
-1.588824093341827393e-01
-9.442290663719177246e-01
-7.316545844078063965e-01
-7.195636034011840820e-01
6.427839994430541992e-01
7.450578212738037109e-01
-7.464390993118286133e-02
6.936750411987304688e-01
3.709240853786468506e-01
6.775552630424499512e-01
5.003897473216056824e-02
-1.691411256790161133e+00
-2.668588161468505859e-01
1.799298077821731567e-01
1.655058383941650391e+00
-6.129481792449951172e-01
-5.693421512842178345e-02
7.529651373624801636e-02
