2.642941951751708984e+00
6.083942413330078125e+00
6.944335460662841797e+00
5.903440117835998535e-01
1.825466871261596680e+00
1.285325050354003906e+00
2.479360580444335938e+00
1.574271321296691895e+00
-3.610685586929321289e+00
-9.556496620178222656e+00
9.874969720840454102e-01
-4.182565510272979736e-01
-9.762424826622009277e-01
6.382747650146484375e+00
-9.334346055984497070e-01
6.590516567230224609e+00
-1.241505384445190430e+00
-3.368311166763305664e+00
-1.035520935058593750e+01
-2.179137945175170898e+00
3.302810430526733398e+00
1.822492599487304688e+00
1.237474441528320312e+00
-8.678617477416992188e-01
-2.502779960632324219e+00
-3.340556144714355469e+00
7.150086879730224609e+00
6.872184276580810547e+00
5.109273433685302734e+00
-9.916544556617736816e-01
-4.956707477569580078e+00
-5.033119201660156250e+00
-5.654159545898437500e+00
-4.135977268218994141e+00
-3.832079887390136719e+00
-8.344258308410644531e+00
-1.133480262756347656e+01
-2.286337375640869141e+00
-8.345785140991210938e-01
5.018909454345703125e+00
