1.364132761955261230e+00
1.041012406349182129e+00
-1.900811910629272461e+00
-3.477272689342498779e-01
-3.291501998901367188e-01
-7.900243401527404785e-01
6.659781336784362793e-01
-1.485925793647766113e+00
-5.452922582626342773e-01
-1.157292604446411133e+00
-1.885855793952941895e+00
8.379998207092285156e-01
8.345524072647094727e-01
1.849451661109924316e-01
6.206392645835876465e-01
4.526497721672058105e-01
-6.121430993080139160e-01
1.243155956268310547e+00
1.514865994453430176e+00
-1.689183413982391357e-01
1.860326409339904785e+00
-1.900774955749511719e+00
-5.752146840095520020e-01
1.639483928680419922e+00
-8.209760487079620361e-02
9.413703531026840210e-02
6.691814661026000977e-01
-9.864218235015869141e-01
-7.657454609870910645e-01
-3.748859167098999023e-01
