7.576203346252441406e-01
2.327388286590576172e+00
4.795389175415039062e-01
1.093967318534851074e+00
1.320747613906860352e+00
-5.607438683509826660e-01
-2.066507339477539062e+00
1.402470946311950684e+00
-3.553934693336486816e-01
-1.877339959144592285e+00
2.044545888900756836e+00
-3.655825182795524597e-02
5.050082206726074219e-01
-1.997038424015045166e-01
-2.054924249649047852e+00
3.348952159285545349e-02
-1.879467844963073730e+00
-1.713464975357055664e+00
-2.398868650197982788e-01
1.022841930389404297e+00
7.152080535888671875e-01
-5.010948777198791504e-01
-2.704910993576049805e+00
-7.390530109405517578e-01
-6.282664537429809570e-01
-2.132475376129150391e+00
-7.696946263313293457e-01
-3.650282025337219238e-01
-1.338593959808349609e-01
-5.945852398872375488e-01
1.042235970497131348e+00
-1.062880992889404297e+00
8.190198540687561035e-01
7.022245526313781738e-01
-6.203123331069946289e-01
8.346018195152282715e-01
-1.356951832771301270e+00
-3.396883010864257812e+00
-2.472678422927856445e+00
3.148270845413208008e+00
