-4.611670076847076416e-01
2.339973688125610352e+00
2.058155536651611328e+00
-1.949531435966491699e+00
-1.318242192268371582e+00
1.853015780448913574e+00
-4.189136028289794922e+00
-5.332241058349609375e-01
1.639516353607177734e+00
1.403377532958984375e+00
-1.697180628776550293e+00
-1.178363680839538574e+00
5.391542911529541016e-01
-1.354326844215393066e+00
9.298396706581115723e-01
-3.594788014888763428e-01
1.707573056221008301e+00
1.605213284492492676e+00
1.161615014076232910e+00
3.443609774112701416e-01
-1.088375091552734375e+00
1.112463712692260742e+00
5.901146531105041504e-01
-1.994696073234081268e-02
-1.490430116653442383e+00
1.845919936895370483e-01
7.093538045883178711e-01
-7.675501108169555664e-01
-3.241846799850463867e+00
-2.752683877944946289e+00
3.657131195068359375e-01
-3.142889738082885742e-01
-7.588371634483337402e-01
9.227456450462341309e-01
-1.041909217834472656e+00
-1.319378376007080078e+00
2.679564237594604492e+00
8.246746659278869629e-01
2.184211730957031250e+00
-6.610303521156311035e-01
4.123167991638183594e+00
-1.509203314781188965e-01
1.611239075660705566e+00
-8.515711426734924316e-01
-4.778313636779785156e-01
1.709794759750366211e+00
3.498623073101043701e-01
-6.881370395421981812e-02
-1.058694243431091309e+00
1.371843457221984863e+00
7.078984975814819336e-01
9.200170636177062988e-03
-1.358887702226638794e-01
2.010997295379638672e+00
-3.878566503524780273e+00
-6.689184904098510742e-01
-2.969320416450500488e-01
2.708372473716735840e-01
-9.302796721458435059e-01
-2.441669940948486328e+00
