4.535152018070220947e-01
1.118319869041442871e+00
1.832158207893371582e+00
5.771915912628173828e-01
1.858080863952636719e+00
-2.945881783962249756e-01
-5.765631198883056641e-01
1.786611914634704590e+00
5.895633697509765625e-01
2.807914614677429199e-01
1.181637644767761230e+00
-8.883583545684814453e-02
-1.007614731788635254e+00
1.846502900123596191e+00
9.314877986907958984e-01
7.150195837020874023e-01
2.247101664543151855e-01
-1.443862617015838623e-01
-1.187421679496765137e+00
4.994985759258270264e-01
9.634749889373779297e-01
-5.177515745162963867e-01
3.017662651836872101e-02
5.247148275375366211e-01
-5.150898173451423645e-02
2.739458084106445312e+00
-3.698626279830932617e+00
-4.897084832191467285e-01
2.581944704055786133e+00
2.087158441543579102e+00
-1.802066326141357422e+00
1.732803463935852051e+00
9.989982247352600098e-01
3.358043134212493896e-01
2.121569395065307617e+00
-2.092619419097900391e+00
-2.698009908199310303e-01
-3.389755263924598694e-02
-3.370114834979176521e-03
-8.382058143615722656e-01
