-8.012387752532958984e-01
8.216995745897293091e-02
-1.042299866676330566e-01
7.239797115325927734e-01
4.656411409378051758e-01
-5.283780097961425781e-01
2.951503992080688477e-01
-1.407156705856323242e+00
7.253128886222839355e-01
5.764350891113281250e-01
1.151176214218139648e+00
3.633892238140106201e-01
-1.386646986007690430e+00
-4.641992151737213135e-01
-1.081647515296936035e+00
-7.629783153533935547e-01
8.994769454002380371e-01
-1.098101735115051270e+00
-1.758252620697021484e+00
-5.748861432075500488e-01
4.991198778152465820e-01
-5.729488730430603027e-01
1.085074022412300110e-01
-2.780560851097106934e-01
1.615990161895751953e+00
5.757215023040771484e-01
-2.634079754352569580e-02
7.455451488494873047e-01
1.139311313629150391e+00
-1.915470719337463379e+00
-3.897113800048828125e-01
9.180884361267089844e-01
1.403118968009948730e+00
-2.726912200450897217e-01
3.377322256565093994e-01
-9.762269854545593262e-01
9.812091290950775146e-02
5.333582758903503418e-01
-4.080701172351837158e-01
1.407736182212829590e+00
-1.018559098243713379e+00
3.300562202930450439e-01
-1.074094176292419434e+00
-1.197947621345520020e+00
8.679895401000976562e-01
3.535870909690856934e-01
9.074363708496093750e-01
-4.558179527521133423e-02
1.957765221595764160e+00
3.779459297657012939e-01
-6.756173372268676758e-01
6.024821996688842773e-01
-6.597080826759338379e-01
2.715471088886260986e-01
-8.404222726821899414e-01
3.043905496597290039e-01
4.195115864276885986e-01
-4.281985759735107422e-01
1.796063065528869629e+00
7.090142369270324707e-01
-2.227402210235595703e+00
1.381446480751037598e+00
1.923108100891113281e-01
-1.828798055648803711e-01
9.715814590454101562e-01
-9.560877680778503418e-01
4.197395443916320801e-01
-8.036862015724182129e-01
5.472354888916015625e-01
5.057799220085144043e-01
-6.087233871221542358e-02
6.797985732555389404e-02
5.165507197380065918e-01
-4.222428202629089355e-01
-4.871719330549240112e-02
3.462049067020416260e-01
1.424607038497924805e+00
-3.874549865722656250e-01
1.364047527313232422e+00
3.190691173076629639e-01
