5.152390599250793457e-01
7.648852467536926270e-01
4.487352073192596436e-02
-1.664412766695022583e-01
-4.495110213756561279e-01
-9.400219321250915527e-01
5.561834573745727539e-01
-1.558212161064147949e+00
1.414055466651916504e+00
1.216555237770080566e+00
3.995185792446136475e-01
-1.231149911880493164e+00
8.459510803222656250e-01
-6.976862549781799316e-01
1.770615935325622559e+00
-1.500429034233093262e+00
-4.694158732891082764e-01
-8.582956790924072266e-01
2.883336693048477173e-02
-4.861618876457214355e-01
-1.042629957199096680e+00
-2.252649307250976562e+00
-1.376701235771179199e+00
-1.816687732934951782e-01
7.287295460700988770e-01
-1.581435352563858032e-01
7.976694107055664062e-01
2.139985799789428711e+00
-4.718076586723327637e-01
-1.352977752685546875e+00
-1.657671093940734863e+00
7.560523152351379395e-01
5.994454622268676758e-01
8.048855662345886230e-01
5.963671803474426270e-01
1.485723733901977539e+00
-1.058561682701110840e+00
-1.086097478866577148e+00
-1.814986467361450195e+00
1.250728487968444824e+00
-3.620962500572204590e-01
1.545306921005249023e+00
-1.387218356132507324e+00
9.392552971839904785e-01
3.729313015937805176e-01
6.935501694679260254e-01
-3.268203139305114746e-01
2.152545213699340820e+00
-1.214462280273437500e+00
1.079999357461929321e-01
