8.416067361831665039e-01 5.928085446357727051e-01
1.217117428779602051e+00 9.009748101234436035e-01
-1.083104848861694336e+00 -6.062828898429870605e-01
-6.359672546386718750e-01 -9.298894405364990234e-01
4.599212706089019775e-01 7.074900269508361816e-01
4.939433634281158447e-01 6.112144887447357178e-02
-8.630879521369934082e-01 -1.128275036811828613e+00
8.016632795333862305e-01 3.819167017936706543e-01
-1.140713766217231750e-01 3.409939110279083252e-01
3.286910355091094971e-01 5.548104643821716309e-01
5.215905606746673584e-02 -2.670671641826629639e-01
-8.890836238861083984e-01 -5.508728623390197754e-01
-5.102126598358154297e-01 -8.248024582862854004e-01
5.247091054916381836e-01 2.963153421878814697e-01
4.434646666049957275e-01 8.707941174507141113e-01
4.971408545970916748e-01 8.074395060539245605e-01
8.683695197105407715e-01 1.177276253700256348e+00
-2.715192437171936035e-01 -6.749662756919860840e-01
-1.129736423492431641e+00 -6.244218349456787109e-01
9.595363140106201172e-01 6.418053507804870605e-01
-3.123319447040557861e-01 -6.441517472267150879e-01
5.209483504295349121e-01 8.687978386878967285e-01
6.803386658430099487e-02 3.709103465080261230e-01
-2.962412834167480469e-01 -6.230709552764892578e-01
1.198111772537231445e+00 9.186435341835021973e-01
3.391741514205932617e-01 -1.126848459243774414e-01
-6.147403717041015625e-01 -2.570886611938476562e-01
-1.971098482608795166e-01 -4.901660382747650146e-01
-2.045536190271377563e-01 1.560344994068145752e-01
-1.133498311042785645e+00 -8.119191527366638184e-01
-9.651899337768554688e-01 -6.071017384529113770e-01
-1.173889994621276855e+00 -6.260583996772766113e-01
5.148698687553405762e-01 2.222540080547332764e-01
7.657616138458251953e-01 5.110955834388732910e-01
7.408149838447570801e-01 3.957177400588989258e-01
-3.184956610202789307e-01 -6.997296810150146484e-01
-8.273449540138244629e-01 -1.140053510665893555e+00
-7.938159704208374023e-01 -4.327491223812103271e-01
5.134132131934165955e-02 3.448571264743804932e-01
1.174214482307434082e+00 1.410019159317016602e+00
-7.500872611999511719e-01 -5.350193381309509277e-01
1.326508164405822754e+00 1.049030065536499023e+00
4.022326171398162842e-01 7.167260646820068359e-01
-1.526792883872985840e+00 -1.298356533050537109e+00
1.257036328315734863e+00 9.002551436424255371e-01
-1.582845687866210938e+00 -1.838276863098144531e+00
-1.209493204951286316e-01 2.415511608123779297e-01
-5.470005273818969727e-01 -9.632723331451416016e-01
-5.337493419647216797e-01 -2.267590016126632690e-01
4.109686613082885742e-01 7.383835911750793457e-01
-9.232727885246276855e-01 -5.031857490539550781e-01
3.498879969120025635e-01 -4.716414585709571838e-02
-3.191584050655364990e-01 -3.110584802925586700e-02
-5.864236354827880859e-01 -9.976643323898315430e-01
-8.753428608179092407e-02 -4.574142098426818848e-01
-3.206800520420074463e-01 -6.574747562408447266e-01
5.937804579734802246e-01 2.341223061084747314e-01
-3.423942327499389648e-01 2.984698116779327393e-02
-3.864295482635498047e-01 8.314499258995056152e-02
-5.792180299758911133e-01 -1.056014776229858398e+00
1.465087980031967163e-01 4.334552884101867676e-01
-1.085710525512695312e-01 -3.703359067440032959e-01
-4.430091083049774170e-01 -1.437682062387466431e-01
-7.039166688919067383e-01 -1.168701291084289551e+00
4.186137616634368896e-01 7.228099703788757324e-01
-2.110747098922729492e-01 -6.412335038185119629e-01
2.276229858398437500e-01 -2.578544616699218750e-01
6.453706026077270508e-01 3.411563634872436523e-01
-7.078726887702941895e-01 -3.497546613216400146e-01
1.812006682157516479e-01 6.089420318603515625e-01
-1.266414225101470947e-01 -4.206238389015197754e-01
-1.173357293009757996e-01 -5.226396918296813965e-01
5.356146097183227539e-01 2.504030764102935791e-01
-7.770945429801940918e-01 -4.124037325382232666e-01
7.845867872238159180e-01 1.047210931777954102e+00
-9.560739398002624512e-01 -6.775476932525634766e-01
1.633112691342830658e-02 -3.312072455883026123e-01
-3.400045335292816162e-01 7.320274412631988525e-02
-9.496736526489257812e-01 -6.378301978111267090e-01
-7.655966328456997871e-04 3.463604450225830078e-01
