-1.346709609031677246e+00 -1.644033908843994141e+00
9.169575572013854980e-01 7.404802441596984863e-01
-1.383245438337326050e-01 -3.844051361083984375e-01
-4.108509980142116547e-03 -1.180260330438613892e-01
-4.980760626494884491e-03 2.572098672389984131e-01
-1.085109949111938477e+00 -1.288761258125305176e+00
-8.300374150276184082e-01 -6.029474139213562012e-01
6.805380582809448242e-01 5.728415250778198242e-01
2.546481974422931671e-02 4.020777046680450439e-01
-7.783273458480834961e-01 -6.558884978294372559e-01
2.868545651435852051e-01 8.654173463582992554e-03
-9.414021968841552734e-01 -7.642280459403991699e-01
2.482927776873111725e-02 -4.426220953464508057e-01
-1.238292157649993896e-01 2.002819627523422241e-01
3.003796041011810303e-01 5.431116819381713867e-01
-8.380226492881774902e-01 -6.383546590805053711e-01
3.495714664459228516e-01 1.031574681401252747e-01
4.241655766963958740e-01 6.682439446449279785e-01
7.429764270782470703e-01 6.427493691444396973e-01
1.154865026473999023e+00 8.724133968353271484e-01
7.198116779327392578e-01 4.682325124740600586e-01
-1.230104088783264160e+00 -8.056182265281677246e-01
-3.545919358730316162e-01 -5.074996948242187500e-01
7.008051872253417969e-01 1.060012578964233398e+00
-1.965743601322174072e-01 -4.498681426048278809e-01
-4.345455765724182129e-01 -7.104965448379516602e-01
-6.725473999977111816e-01 -4.881744086742401123e-01
-8.722191303968429565e-02 1.861483156681060791e-01
6.874127984046936035e-01 4.492027163505554199e-01
-1.182539165019989014e-01 -4.074001610279083252e-01
-6.513943076133728027e-01 -4.138321578502655029e-01
4.973666071891784668e-01 9.199795126914978027e-01
-1.056110113859176636e-01 -2.640548646450042725e-01
-5.279967784881591797e-01 -7.431912422180175781e-01
5.295643582940101624e-02 2.356677800416946411e-01
-2.443651407957077026e-01 -6.237661242485046387e-01
6.385476589202880859e-01 3.572808206081390381e-01
3.357897102832794189e-01 -6.883580237627029419e-02
1.209168791770935059e+00 9.856929183006286621e-01
9.293984174728393555e-01 1.118950247764587402e+00
-4.347390830516815186e-01 -5.940958857536315918e-01
5.155266523361206055e-01 8.692415356636047363e-01
5.856527090072631836e-01 2.906017303466796875e-01
5.351291894912719727e-01 2.725837230682373047e-01
4.608636796474456787e-01 2.165113538503646851e-01
-9.789711833000183105e-01 -1.222796320915222168e+00
-3.677651286125183105e-01 -5.495926737785339355e-01
-7.541257143020629883e-01 -5.195966958999633789e-01
-9.732868075370788574e-01 -7.701029181480407715e-01
-7.701714038848876953e-01 -9.690129756927490234e-01
-8.397247195243835449e-01 -1.195746421813964844e+00
-1.512066960334777832e+00 -1.306426048278808594e+00
-2.946249246597290039e-01 -5.060867071151733398e-01
-6.262369155883789062e-01 -8.832842111587524414e-01
2.302850186824798584e-01 5.352627038955688477e-01
-3.099793195724487305e-01 -4.160982742905616760e-02
9.872112274169921875e-01 1.287941813468933105e+00
4.837579131126403809e-01 1.639176607131958008e-01
-9.870339035987854004e-01 -7.194436788558959961e-01
1.962016671895980835e-01 8.100106567144393921e-02
6.344781816005706787e-02 -6.511463224887847900e-02
-3.640752732753753662e-01 -1.909104287624359131e-01
-8.128811717033386230e-01 -6.160898208618164062e-01
-5.493057966232299805e-01 -8.391263484954833984e-01
4.302642047405242920e-01 1.269342899322509766e-01
-3.192608952522277832e-01 -1.327217966318130493e-01
1.064314603805541992e+00 7.681844234466552734e-01
-8.547805547714233398e-01 -5.036296248435974121e-01
3.365569710731506348e-01 5.367650985717773438e-01
-3.419067859649658203e-01 -3.903095051646232605e-02
7.469750046730041504e-01 1.006111025810241699e+00
-1.292007327079772949e+00 -1.044293165206909180e+00
-4.226407706737518311e-01 -6.687354445457458496e-01
-2.172601073980331421e-01 -3.356677293777465820e-01
-5.688683390617370605e-01 -7.838849425315856934e-01
-5.707954764366149902e-01 -7.987053394317626953e-01
1.256452202796936035e+00 8.430438041687011719e-01
-4.124443233013153076e-01 -5.747041702270507812e-01
4.775767922401428223e-01 4.035626724362373352e-02
-5.178970098495483398e-01 -2.910922467708587646e-01
