2.137794494628906250e-01 -3.530299663543701172e-01
6.237468719482421875e-01 1.502681821584701538e-01
-1.375099658966064453e+00 -7.836116552352905273e-01
3.787361979484558105e-01 -2.272062599658966064e-01
-7.871147394180297852e-01 -2.425577193498611450e-01
-5.220081806182861328e-01 -3.813892975449562073e-02
9.058766961097717285e-01 3.771947622299194336e-01
9.565976262092590332e-01 3.730090260505676270e-01
-9.031071513891220093e-02 5.437648296356201172e-01
-7.788419127464294434e-01 -2.720617949962615967e-01
-9.514694213867187500e-01 -4.733037650585174561e-01
-4.826234877109527588e-01 -9.119948148727416992e-01
-1.631447911262512207e+00 -1.146790146827697754e+00
9.819101095199584961e-01 5.126537084579467773e-01
5.173147656023502350e-03 4.864269793033599854e-01
7.279556393623352051e-01 2.591153979301452637e-01
-5.280345082283020020e-01 -2.641602186486124992e-03
-8.042569756507873535e-01 -3.165291845798492432e-01
-7.102841138839721680e-01 -1.631022691726684570e-01
6.036109328269958496e-01 1.173920631408691406e+00
7.813750505447387695e-01 2.953865528106689453e-01
-4.375141486525535583e-02 5.475866198539733887e-01
1.120272427797317505e-01 -5.230615139007568359e-01
-1.072092175483703613e+00 -6.299976110458374023e-01
-2.618324197828769684e-02 4.900625646114349365e-01
1.252003550529479980e+00 7.924222946166992188e-01
-1.660922169685363770e+00 -9.752123355865478516e-01
-3.570873141288757324e-01 -9.589262008666992188e-01
-2.043428182601928711e+00 -1.162720918655395508e+00
-2.987713739275932312e-02 3.450711369514465332e-01
4.889432191848754883e-01 -3.797083497047424316e-01
-3.417530357837677002e-01 -9.447975754737854004e-01
-2.223215699195861816e-01 -8.145627975463867188e-01
3.173174262046813965e-01 6.813338398933410645e-01
5.325133204460144043e-01 1.127566844224929810e-01
2.388739436864852905e-01 7.642837166786193848e-01
-1.842301040887832642e-01 2.848789095878601074e-01
8.234529495239257812e-01 2.723046541213989258e-01
1.063897609710693359e+00 1.432692646980285645e+00
-3.620270192623138428e-01 -8.966813683509826660e-01
-8.079583942890167236e-02 7.704787850379943848e-01
-4.009274244308471680e-01 7.392721623182296753e-02
-8.195172548294067383e-01 -1.382906287908554077e-01
1.774921119213104248e-01 -1.913166046142578125e-01
-1.223180070519447327e-01 -5.854975581169128418e-01
-7.435502409934997559e-01 -2.677883803844451904e-01
-1.703294634819030762e+00 -1.301597237586975098e+00
1.709207594394683838e-01 8.689209818840026855e-01
-8.063499927520751953e-01 -3.578198552131652832e-01
9.372102022171020508e-01 2.068553566932678223e-01
-2.199126332998275757e-01 2.885324358940124512e-01
1.354532390832901001e-01 -9.007254242897033691e-01
-3.770651221275329590e-01 2.884684205055236816e-01
2.487402707338333130e-01 -2.838482260704040527e-01
4.074427783489227295e-01 -1.829092204570770264e-01
-6.597243249416351318e-02 4.023786485195159912e-01
8.069697618484497070e-01 1.045586094260215759e-01
-6.344051361083984375e-01 -1.103000164031982422e+00
9.568588137626647949e-01 3.027598559856414795e-01
-7.365588545799255371e-01 -1.370732337236404419e-01
