-7.016835808753967285e-01 -5.762896537780761719e-01
-3.067288734018802643e-02 -3.564574420452117920e-01
-1.763468235731124878e-01 9.775118529796600342e-02
1.346650868654251099e-01 4.146212339401245117e-01
-5.146977901458740234e-01 -2.056675702333450317e-01
-1.034132599830627441e+00 -1.240903496742248535e+00
-1.132188320159912109e+00 -7.837925553321838379e-01
6.454220414161682129e-02 4.458169341087341309e-01
2.851699292659759521e-01 7.903631925582885742e-01
4.559055268764495850e-01 8.000301122665405273e-01
-5.153435468673706055e-01 -1.857808232307434082e-01
3.921025097370147705e-01 1.231891214847564697e-01
9.074382781982421875e-01 1.146523237228393555e+00
-1.231854796409606934e+00 -1.456253051757812500e+00
1.606570184230804443e-01 4.199317693710327148e-01
-6.317244768142700195e-01 -8.981996178627014160e-01
-3.822153210639953613e-01 -4.982271790504455566e-01
-1.796844154596328735e-01 3.390548229217529297e-01
-1.882620342075824738e-02 -3.117177486419677734e-01
2.162261754274368286e-01 1.220323219895362854e-01
4.081267118453979492e-01 1.991842538118362427e-01
1.024322509765625000e+00 7.971575856208801270e-01
4.739335775375366211e-01 1.828958392143249512e-01
5.817210078239440918e-01 7.483587861061096191e-01
-4.853396713733673096e-01 -3.464970290660858154e-01
2.780973315238952637e-01 1.526165474206209183e-02
-7.630493640899658203e-01 -5.576021075248718262e-01
9.966278672218322754e-01 1.678050279617309570e+00
-7.094960659742355347e-02 4.061734676361083984e-01
-9.708204269409179688e-01 -6.856380701065063477e-01
4.707718491554260254e-01 1.485486328601837158e-01
6.151953935623168945e-01 3.549552857875823975e-01
-1.103531360626220703e+00 -8.989861011505126953e-01
-1.402162909507751465e+00 -1.153873205184936523e+00
-3.813645839691162109e-01 -1.805810183286666870e-01
1.705939322710037231e-01 5.322288870811462402e-01
4.016687870025634766e-01 2.212911099195480347e-01
2.123224735260009766e-01 1.082661226391792297e-01
-8.347042798995971680e-01 -1.130916237831115723e+00
8.010594248771667480e-01 1.041388988494873047e+00
4.792304039001464844e-01 6.799080967903137207e-01
7.683066725730895996e-01 1.057589292526245117e+00
-8.703786730766296387e-01 -5.465749502182006836e-01
7.834000587463378906e-01 1.031057476997375488e+00
-3.004178106784820557e-01 -4.957135319709777832e-01
-3.588940501213073730e-01 1.150178164243698120e-01
6.495195627212524414e-01 3.575665652751922607e-01
-5.203250646591186523e-01 -2.496314793825149536e-01
4.060765206813812256e-01 1.508703827857971191e-01
3.238877654075622559e-01 4.572169780731201172e-01
