-1.124922037124633789e+00 -6.765049695968627930e-01
1.152652859687805176e+00 1.663551688194274902e+00
-8.735056221485137939e-02 -5.113523006439208984e-01
-1.734076380729675293e+00 -1.271049261093139648e+00
-3.225011825561523438e-01 1.348307430744171143e-01
4.334157407283782959e-01 -4.557930529117584229e-01
2.540965080261230469e-01 -5.375403165817260742e-01
1.313071608543395996e+00 8.594034910202026367e-01
9.538726210594177246e-01 1.366873025894165039e+00
-8.198663592338562012e-01 -2.936761975288391113e-01
-6.934425234794616699e-01 5.735131353139877319e-02
1.904662698507308960e-02 -7.282912135124206543e-01
-2.212598919868469238e-01 5.449466705322265625e-01
-1.470935702323913574e+00 -9.195080995559692383e-01
1.277744770050048828e+00 8.538267016410827637e-01
-1.470240354537963867e-01 2.913820147514343262e-01
-4.438754022121429443e-01 2.030622214078903198e-01
1.963441669940948486e-01 -3.337141871452331543e-01
-2.171513736248016357e-01 -7.329405546188354492e-01
-3.116071224212646484e-02 3.732836246490478516e-01
-2.385153025388717651e-01 2.782114446163177490e-01
-7.617357969284057617e-01 -3.138508796691894531e-01
-4.076623171567916870e-02 6.306234002113342285e-01
2.089146375656127930e-01 6.876366734504699707e-01
7.047548145055770874e-02 7.648348808288574219e-01
-7.329170107841491699e-01 -3.115227259695529938e-02
3.689737319946289062e-01 -2.056867331266403198e-01
5.010679364204406738e-01 9.430217742919921875e-01
9.959905743598937988e-01 1.336051344871520996e+00
6.582152843475341797e-01 2.782305479049682617e-01
3.832274973392486572e-01 7.540732026100158691e-01
-7.601556181907653809e-01 -6.593997031450271606e-02
2.295394241809844971e-01 -4.574620425701141357e-01
-3.112934827804565430e-01 1.633026599884033203e-01
-2.410711161792278290e-02 2.775363624095916748e-01
-6.622089445590972900e-02 3.841225802898406982e-01
1.240072492510080338e-02 3.594166040420532227e-01
6.865863204002380371e-01 1.180384635925292969e+00
4.174011647701263428e-01 -3.775254637002944946e-02
1.398895978927612305e+00 8.015801310539245605e-01
-1.307799100875854492e+00 -3.774754405021667480e-01
-1.294469237327575684e+00 -6.204957365989685059e-01
-1.294256448745727539e-01 -6.519230604171752930e-01
-5.381604433059692383e-01 -6.816668808460235596e-02
-9.203224778175354004e-01 -1.425622105598449707e+00
7.818423509597778320e-01 4.033357501029968262e-01
4.634106755256652832e-01 -1.137295737862586975e-01
7.518978118896484375e-01 4.006361961364746094e-01
-2.150184363126754761e-01 5.004493594169616699e-01
2.884822487831115723e-01 -1.560548990964889526e-01
