2.459337115287780762e-01 -1.689416170120239258e-01
-2.496896833181381226e-01 -1.027440070174634457e-03
1.624453961849212646e-01 -8.977650105953216553e-02
-6.211485266685485840e-01 -8.274053335189819336e-01
-4.271797239780426025e-01 -7.809736728668212891e-01
-3.768706023693084717e-01 -5.656356215476989746e-01
-8.342185020446777344e-01 -4.642154872417449951e-01
-1.801391243934631348e-01 -2.818877398967742920e-01
1.089803934097290039e+00 5.935095548629760742e-01
-2.983000874519348145e-01 -2.616576850414276123e-02
-2.768901176750659943e-03 -3.058724999427795410e-01
1.017892837524414062e+00 7.489570975303649902e-01
-7.115057706832885742e-01 -1.066562414169311523e+00
3.872215449810028076e-01 8.038893342018127441e-01
1.017457723617553711e+00 1.248698830604553223e+00
-8.822841644287109375e-01 -5.593757629394531250e-01
9.318673014640808105e-01 5.397142767906188965e-01
-3.840119391679763794e-02 1.371117085218429565e-01
-4.937267899513244629e-01 -7.545050382614135742e-01
-1.335550099611282349e-01 1.851007640361785889e-01
2.541911303997039795e-01 5.321836471557617188e-01
8.610147237777709961e-01 6.497510671615600586e-01
4.461700618267059326e-01 3.156631886959075928e-01
2.501733303070068359e-01 5.865951180458068848e-01
8.346396088600158691e-01 1.251484155654907227e+00
-5.667021870613098145e-02 2.477403432130813599e-01
-1.773421764373779297e-01 2.965349256992340088e-01
-4.037822484970092773e-01 8.934406191110610962e-02
5.890393257141113281e-01 8.155550956726074219e-01
5.287662148475646973e-02 5.411746501922607422e-01
5.024330615997314453e-01 8.421250581741333008e-01
3.850432634353637695e-01 8.503319323062896729e-02
-7.318271398544311523e-01 -5.249528884887695312e-01
7.362565398216247559e-01 3.424657285213470459e-01
-3.399781286716461182e-01 -7.607831954956054688e-01
-6.504067182540893555e-01 -3.064987659454345703e-01
-5.624764133244752884e-03 2.232965081930160522e-01
9.013510346412658691e-01 1.235019564628601074e+00
4.695442616939544678e-01 2.712885737419128418e-01
4.239964485168457031e-01 9.427922219038009644e-02
