2.525050938129425049e-01 6.552600264549255371e-01
4.174058139324188232e-01 -5.059956014156341553e-02
1.595153361558914185e-01 -2.076808810234069824e-01
-9.043688178062438965e-01 -4.441065490245819092e-01
-8.041853457689285278e-02 -5.201471447944641113e-01
2.199254482984542847e-01 5.806494951248168945e-01
-6.217020153999328613e-01 -6.702233105897903442e-02
-4.551336541771888733e-02 3.792115151882171631e-01
-1.193813443183898926e+00 -1.793672084808349609e+00
-1.018610239028930664e+00 -5.679557919502258301e-01
2.176040410995483398e-01 -1.613476872444152832e-01
-5.739699602127075195e-01 -1.688591092824935913e-01
4.231287837028503418e-01 9.210094213485717773e-01
2.074952274560928345e-01 -2.326448112726211548e-01
-1.010410070419311523e+00 -5.318838357925415039e-01
3.315374851226806641e-01 -9.932345896959304810e-02
-4.943397641181945801e-01 -9.915918111801147461e-02
3.946083188056945801e-01 -7.830735296010971069e-02
-4.439824819564819336e-01 -9.607923626899719238e-01
8.165936470031738281e-01 1.315234065055847168e+00
-1.739417314529418945e-01 5.063664913177490234e-01
1.823603659868240356e-01 7.607788443565368652e-01
-5.502782464027404785e-01 -1.517197489738464355e-01
2.612061798572540283e-01 -2.685709297657012939e-01
4.920002818107604980e-01 9.539733529090881348e-01
-8.039014935493469238e-01 -3.875769376754760742e-01
-9.349632859230041504e-01 -4.368202686309814453e-01
1.632857471704483032e-01 -2.495396882295608521e-01
3.636788576841354370e-02 -3.692898750305175781e-01
-5.015595555305480957e-01 -9.451589584350585938e-01
4.651256371289491653e-03 4.794875681400299072e-01
2.980992197990417480e-02 -5.094888806343078613e-01
1.117336750030517578e+00 7.275388240814208984e-01
5.032823681831359863e-01 9.235856682062149048e-02
-6.529991626739501953e-01 -1.724267154932022095e-01
1.224305272102355957e+00 7.109336256980895996e-01
-4.673970937728881836e-01 2.908513136208057404e-02
-3.003911972045898438e-01 1.449378281831741333e-01
-1.290907263755798340e-01 -5.596765279769897461e-01
2.849078774452209473e-01 -3.379503786563873291e-01
-2.037217915058135986e-01 -6.575222015380859375e-01
-2.139251381158828735e-01 2.813448905944824219e-01
-7.048869878053665161e-02 -6.031032204627990723e-01
9.775688648223876953e-01 5.822848081588745117e-01
4.200145304203033447e-01 -7.319463789463043213e-02
1.538522958755493164e+00 1.129670977592468262e+00
-1.176188826560974121e+00 -1.523412108421325684e+00
5.986801981925964355e-01 5.113160610198974609e-02
-6.248846650123596191e-01 -1.879424333572387695e+00
-3.244497254490852356e-02 -3.572112023830413818e-01
