-8.338840603828430176e-01 -3.749477565288543701e-01
-7.284827232360839844e-01 -1.258708357810974121e+00
-3.137565553188323975e-01 3.431290388107299805e-01
6.602445840835571289e-01 3.202058076858520508e-01
-1.055354848504066467e-01 -4.531703293323516846e-01
6.982143521308898926e-01 3.566116690635681152e-01
3.102161921560764313e-02 -4.385999739170074463e-01
4.278322458267211914e-01 8.071070536971092224e-03
-1.069791555404663086e+00 -6.177899837493896484e-01
5.945329666137695312e-01 2.073563039302825928e-01
-1.199084162712097168e+00 -1.593548536300659180e+00
-4.384564757347106934e-01 3.967055305838584900e-02
3.703065216541290283e-02 4.313384890556335449e-01
5.711058899760246277e-02 -5.184693932533264160e-01
-6.415584683418273926e-01 -1.104755997657775879e+00
-9.777218699455261230e-01 -4.792084693908691406e-01
-3.380266726016998291e-01 2.337865345180034637e-02
5.028235912322998047e-01 8.129292130470275879e-01
4.394739568233489990e-01 -1.401330232620239258e-01
3.222604393959045410e-01 7.302319407463073730e-01
7.357258796691894531e-01 1.144146084785461426e+00
-3.129070103168487549e-01 -7.303865551948547363e-01
-1.040118455886840820e+00 -1.606567621231079102e+00
-1.158477962017059326e-01 -1.110406756401062012e+00
1.700935214757919312e-01 -2.248419821262359619e-01
5.368469953536987305e-01 1.016373559832572937e-01
-4.097388088703155518e-01 -7.189854383468627930e-01
6.682875752449035645e-01 9.569869637489318848e-01
1.249451339244842529e-01 5.866367220878601074e-01
7.385613769292831421e-02 -4.103077352046966553e-01
7.767853140830993652e-01 2.844040095806121826e-01
1.376769095659255981e-01 -3.298687934875488281e-01
-9.539633058011531830e-03 3.984191715717315674e-01
-1.670095175504684448e-01 -5.615624785423278809e-01
-9.478796124458312988e-01 -4.878637790679931641e-01
3.657515943050384521e-01 -2.909623086452484131e-01
9.203130006790161133e-01 5.283133387565612793e-01
3.260771334171295166e-01 7.044914960861206055e-01
4.103652238845825195e-01 6.806384027004241943e-02
9.133088588714599609e-01 4.151572287082672119e-01
1.123308777809143066e+00 6.060085892677307129e-01
-1.915853470563888550e-01 1.937152594327926636e-01
1.976904869079589844e-01 -1.902144253253936768e-01
-4.728509783744812012e-01 -2.018364965915679932e-01
3.814579248428344727e-01 7.682838439941406250e-01
-2.564803361892700195e-01 1.960688531398773193e-01
8.213496804237365723e-01 3.958371877670288086e-01
3.926423490047454834e-01 7.301962971687316895e-01
-7.950596809387207031e-01 -4.793455898761749268e-01
4.631941318511962891e-01 8.276439309120178223e-01
