0.2978515625 0.28738492727279663 1735.0 18216.0 5883.0 674.0
0.8798828125 0.8883355855941772 812.0 1363.0 22736.0 1597.0
0.8876953125 0.8870529532432556 994.0 1579.0 22520.0 1415.0
0.89453125 0.8930888772010803 1000.0 1425.0 22674.0 1409.0
0.8955078125 0.8940320014953613 1087.0 1487.0 22612.0 1322.0
0.875 0.8938433527946472 1139.0 1544.0 22555.0 1270.0
0.90234375 0.8919948935508728 1259.0 1713.0 22386.0 1150.0
0.8984375 0.9007846713066101 1219.0 1440.0 22659.0 1190.0
0.8876953125 0.8967858552932739 1296.0 1623.0 22476.0 1113.0
0.892578125 0.8972008228302002 1312.0 1628.0 22471.0 1097.0
0.908203125 0.898445725440979 1296.0 1579.0 22520.0 1113.0
0.8994140625 0.895088255405426 1368.0 1740.0 22359.0 1041.0
0.9052734375 0.903425395488739 1284.0 1435.0 22664.0 1125.0
0.908203125 0.9047834873199463 1308.0 1423.0 22676.0 1101.0
0.890625 0.9050852656364441 1357.0 1464.0 22635.0 1052.0
0.900390625 0.9037271738052368 1432.0 1575.0 22524.0 977.0
0.916015625 0.902482271194458 1421.0 1597.0 22502.0 988.0
0.89453125 0.9070846438407898 1389.0 1443.0 22656.0 1020.0
0.9130859375 0.9053493142127991 1426.0 1526.0 22573.0 983.0
0.9189453125 0.9114229679107666 1365.0 1304.0 22795.0 1044.0
0.91796875 0.9040666818618774 1484.0 1618.0 22481.0 925.0
0.8955078125 0.9047457575798035 1447.0 1563.0 22536.0 962.0
0.9140625 0.9083672761917114 1421.0 1441.0 22658.0 988.0
0.919921875 0.9071978330612183 1474.0 1525.0 22574.0 935.0
0.91015625 0.912064254283905 1489.0 1411.0 22688.0 920.0
0.92578125 0.9044439196586609 1512.0 1636.0 22463.0 897.0
0.912109375 0.9073487520217896 1493.0 1540.0 22559.0 916.0
0.919921875 0.9117624759674072 1494.0 1424.0 22675.0 915.0
0.8994140625 0.9039535522460938 1603.0 1740.0 22359.0 806.0
0.900390625 0.9090463519096375 1549.0 1551.0 22548.0 860.0
0.923828125 0.9083672761917114 1549.0 1569.0 22530.0 860.0
0.90234375 0.9030481576919556 1614.0 1775.0 22324.0 795.0
0.9287109375 0.9105175733566284 1527.0 1490.0 22609.0 882.0
0.9208984375 0.9150822162628174 1518.0 1360.0 22739.0 891.0
0.912109375 0.9099516868591309 1569.0 1547.0 22552.0 840.0
0.923828125 0.9130451083183289 1533.0 1429.0 22670.0 876.0
0.9091796875 0.9117624759674072 1587.0 1517.0 22582.0 822.0
0.908203125 0.9130451083183289 1582.0 1478.0 22621.0 827.0
0.92578125 0.9098385572433472 1577.0 1558.0 22541.0 832.0
0.93359375 0.9181379079818726 1480.0 1241.0 22858.0 929.0
0.9169921875 0.9134600758552551 1567.0 1452.0 22647.0 842.0
0.9267578125 0.9169684648513794 1518.0 1310.0 22789.0 891.0
0.935546875 0.9148181676864624 1542.0 1391.0 22708.0 867.0
0.9287109375 0.9170816540718079 1534.0 1323.0 22776.0 875.0
0.9111328125 0.9151954054832458 1530.0 1369.0 22730.0 879.0
0.9150390625 0.9091594815254211 1594.0 1593.0 22506.0 815.0
0.912109375 0.9131582975387573 1563.0 1456.0 22643.0 846.0
0.92578125 0.9160253405570984 1543.0 1360.0 22739.0 866.0
0.91015625 0.9119888544082642 1590.0 1514.0 22585.0 819.0
0.8974609375 0.9125924110412598 1578.0 1486.0 22613.0 831.0
0.927734375 0.9108948111534119 1592.0 1545.0 22554.0 817.0
0.9267578125 0.920665442943573 1555.0 1249.0 22850.0 854.0
0.91796875 0.9202882051467896 1544.0 1248.0 22851.0 865.0
0.923828125 0.9152708649635315 1581.0 1418.0 22681.0 828.0
0.92578125 0.9157235622406006 1548.0 1373.0 22726.0 861.0
0.9140625 0.918515145778656 1550.0 1301.0 22798.0 859.0
0.9287109375 0.9164780378341675 1603.0 1408.0 22691.0 806.0
0.9208984375 0.9183642864227295 1555.0 1310.0 22789.0 854.0
0.9248046875 0.9159121513366699 1560.0 1380.0 22719.0 849.0
0.9384765625 0.919722318649292 1509.0 1228.0 22871.0 900.0
0.919921875 0.9164403080940247 1579.0 1385.0 22714.0 830.0
0.9189453125 0.9154595136642456 1606.0 1438.0 22661.0 803.0
0.9169921875 0.9193828105926514 1568.0 1296.0 22803.0 841.0
0.919921875 0.9158744812011719 1556.0 1377.0 22722.0 853.0
0.92578125 0.9184774160385132 1541.0 1293.0 22806.0 868.0
0.9404296875 0.9168930053710938 1531.0 1325.0 22774.0 878.0
0.9111328125 0.9088954329490662 1652.0 1658.0 22441.0 757.0
0.916015625 0.9156103730201721 1589.0 1417.0 22682.0 820.0
0.921875 0.9199109673500061 1555.0 1269.0 22830.0 854.0
0.9228515625 0.9190810322761536 1548.0 1284.0 22815.0 861.0
0.8994140625 0.9171947836875916 1567.0 1353.0 22746.0 842.0
0.9345703125 0.9177606701850891 1574.0 1345.0 22754.0 835.0
0.935546875 0.9176852107048035 1541.0 1314.0 22785.0 868.0
0.927734375 0.9191187620162964 1567.0 1302.0 22797.0 842.0
0.9140625 0.9147427082061768 1591.0 1442.0 22657.0 818.0
0.9345703125 0.9177606701850891 1575.0 1346.0 22753.0 834.0
0.92578125 0.9181379079818726 1579.0 1340.0 22759.0 830.0
0.91015625 0.9145163893699646 1644.0 1501.0 22598.0 765.0
0.919921875 0.9182888269424438 1567.0 1324.0 22775.0 842.0
0.9365234375 0.914176881313324 1620.0 1486.0 22613.0 789.0
0.9287109375 0.9152331352233887 1602.0 1440.0 22659.0 807.0
0.916015625 0.9151954054832458 1646.0 1485.0 22614.0 763.0
0.9140625 0.9199486970901489 1530.0 1243.0 22856.0 879.0
0.9189453125 0.9151954054832458 1583.0 1422.0 22677.0 826.0
0.9326171875 0.9183642864227295 1563.0 1318.0 22781.0 846.0
0.9248046875 0.912064254283905 1640.0 1562.0 22537.0 769.0
0.916015625 0.9180247187614441 1589.0 1353.0 22746.0 820.0
0.9111328125 0.916364848613739 1611.0 1419.0 22680.0 798.0
0.9248046875 0.9197977781295776 1529.0 1246.0 22853.0 880.0
0.9169921875 0.9131582975387573 1636.0 1529.0 22570.0 773.0
0.9189453125 0.9155349135398865 1612.0 1442.0 22657.0 797.0
0.927734375 0.9185906052589417 1583.0 1332.0 22767.0 826.0
0.9404296875 0.9193828105926514 1542.0 1270.0 22829.0 867.0
0.93359375 0.9150822162628174 1607.0 1449.0 22650.0 802.0
0.9208984375 0.9180624485015869 1588.0 1351.0 22748.0 821.0
0.91015625 0.9164780378341675 1644.0 1449.0 22650.0 765.0
0.91796875 0.9215708374977112 1547.0 1217.0 22882.0 862.0
0.9345703125 0.9128942489624023 1625.0 1525.0 22574.0 784.0
0.931640625 0.9182133674621582 1587.0 1346.0 22753.0 822.0
0.9248046875 0.9190433025360107 1567.0 1304.0 22795.0 842.0
0.93359375 0.9188169836997986 1609.0 1352.0 22747.0 800.0
0.9228515625 0.9175720810890198 1624.0 1400.0 22699.0 785.0
0.9140625 0.9159121513366699 1628.0 1448.0 22651.0 781.0
0.9130859375 0.9157990217208862 1635.0 1458.0 22641.0 774.0
0.931640625 0.9170061945915222 1640.0 1431.0 22668.0 769.0
0.9208984375 0.919684648513794 1622.0 1342.0 22757.0 787.0
0.9267578125 0.9150068163871765 1614.0 1458.0 22641.0 795.0
0.9296875 0.9157235622406006 1640.0 1465.0 22634.0 769.0
0.93359375 0.9207786321640015 1588.0 1279.0 22820.0 821.0
0.9169921875 0.9212313294410706 1554.0 1233.0 22866.0 855.0
0.9228515625 0.9220989942550659 1582.0 1238.0 22861.0 827.0
0.935546875 0.9195714592933655 1620.0 1343.0 22756.0 789.0
0.9208984375 0.9180624485015869 1637.0 1400.0 22699.0 772.0
0.9189453125 0.9196091890335083 1561.0 1283.0 22816.0 848.0
0.9267578125 0.9191187620162964 1615.0 1350.0 22749.0 794.0
0.923828125 0.9186283349990845 1635.0 1383.0 22716.0 774.0
0.9248046875 0.9217972159385681 1577.0 1241.0 22858.0 832.0
0.9306640625 0.9194205403327942 1614.0 1341.0 22758.0 795.0
0.919921875 0.9207031726837158 1537.0 1230.0 22869.0 872.0
0.919921875 0.9176474809646606 1598.0 1372.0 22727.0 811.0
0.9169921875 0.9202882051467896 1598.0 1302.0 22797.0 811.0
0.9111328125 0.9183642864227295 1598.0 1353.0 22746.0 811.0
0.9189453125 0.9189678430557251 1604.0 1343.0 22756.0 805.0
0.90625 0.919722318649292 1591.0 1310.0 22789.0 818.0
0.9287109375 0.9194205403327942 1617.0 1344.0 22755.0 792.0
0.916015625 0.9174211621284485 1626.0 1406.0 22693.0 783.0
0.9423828125 0.9205523133277893 1569.0 1266.0 22833.0 840.0
0.927734375 0.9171947836875916 1601.0 1387.0 22712.0 808.0
0.927734375 0.9210804104804993 1575.0 1258.0 22841.0 834.0
0.9306640625 0.9188169836997986 1612.0 1355.0 22744.0 797.0
0.919921875 0.918251097202301 1615.0 1373.0 22726.0 794.0
0.9267578125 0.9156858325004578 1627.0 1453.0 22646.0 782.0
0.9267578125 0.9183265566825867 1609.0 1365.0 22734.0 800.0
0.9296875 0.9187037944793701 1646.0 1392.0 22707.0 763.0
0.9296875 0.9165534973144531 1631.0 1434.0 22665.0 778.0
0.9345703125 0.9245133399963379 1545.0 1137.0 22962.0 864.0
0.923828125 0.9207409024238586 1572.0 1264.0 22835.0 837.0
0.916015625 0.916364848613739 1637.0 1445.0 22654.0 772.0
0.9140625 0.9210804104804993 1614.0 1297.0 22802.0 795.0
0.9326171875 0.9203636646270752 1593.0 1295.0 22804.0 816.0
0.9384765625 0.9231552481651306 1581.0 1209.0 22890.0 828.0
0.9169921875 0.9171193838119507 1653.0 1441.0 22658.0 756.0
0.91796875 0.9183265566825867 1592.0 1348.0 22751.0 817.0
0.9248046875 0.916591227054596 1630.0 1432.0 22667.0 779.0
0.9228515625 0.918515145778656 1647.0 1398.0 22701.0 762.0
0.9208984375 0.9209295511245728 1609.0 1296.0 22803.0 800.0
0.9296875 0.9200996160507202 1604.0 1313.0 22786.0 805.0
0.92578125 0.9157235622406006 1653.0 1478.0 22621.0 756.0
0.90625 0.9155349135398865 1660.0 1490.0 22609.0 749.0
0.9345703125 0.9217972159385681 1616.0 1280.0 22819.0 793.0
0.9404296875 0.9217217564582825 1594.0 1260.0 22839.0 815.0
0.9248046875 0.9182888269424438 1629.0 1386.0 22713.0 780.0
0.921875 0.9191187620162964 1662.0 1397.0 22702.0 747.0
0.9248046875 0.9185906052589417 1608.0 1357.0 22742.0 801.0
0.9248046875 0.9179493188858032 1641.0 1407.0 22692.0 768.0
0.9248046875 0.9202504754066467 1603.0 1308.0 22791.0 806.0
0.921875 0.919722318649292 1625.0 1344.0 22755.0 784.0
0.921875 0.9200618863105774 1615.0 1325.0 22774.0 794.0
0.9228515625 0.9187792539596558 1640.0 1384.0 22715.0 769.0
0.9248046875 0.921344518661499 1574.0 1250.0 22849.0 835.0
0.9130859375 0.9205523133277893 1613.0 1310.0 22789.0 796.0
0.91796875 0.9185528755187988 1641.0 1391.0 22708.0 768.0
0.927734375 0.9217594861984253 1564.0 1229.0 22870.0 845.0
0.931640625 0.9198355078697205 1595.0 1311.0 22788.0 814.0
0.9296875 0.9182133674621582 1640.0 1399.0 22700.0 769.0
0.9169921875 0.919722318649292 1645.0 1364.0 22735.0 764.0
0.93359375 0.9227025508880615 1543.0 1183.0 22916.0 866.0
0.9306640625 0.9199864268302917 1623.0 1335.0 22764.0 786.0
0.927734375 0.9181001782417297 1610.0 1372.0 22727.0 799.0
0.9287109375 0.9177606701850891 1617.0 1388.0 22711.0 792.0
0.9423828125 0.9220235347747803 1564.0 1222.0 22877.0 845.0
0.9306640625 0.9158744812011719 1647.0 1468.0 22631.0 762.0
0.91796875 0.9167044162750244 1673.0 1472.0 22627.0 736.0
0.9296875 0.9199109673500061 1606.0 1320.0 22779.0 803.0
0.9189453125 0.9158744812011719 1653.0 1474.0 22625.0 756.0
0.9248046875 0.9208540916442871 1613.0 1302.0 22797.0 796.0
0.9365234375 0.9205145835876465 1601.0 1299.0 22800.0 808.0
0.9365234375 0.9225139617919922 1569.0 1214.0 22885.0 840.0
0.9208984375 0.9130451083183289 1684.0 1580.0 22519.0 725.0
0.9296875 0.9210426807403564 1577.0 1261.0 22838.0 832.0
0.923828125 0.9180247187614441 1593.0 1357.0 22742.0 816.0
0.912109375 0.9154217839241028 1686.0 1519.0 22580.0 723.0
0.9326171875 0.9205145835876465 1620.0 1318.0 22781.0 789.0
0.9365234375 0.9220235347747803 1613.0 1271.0 22828.0 796.0
0.9208984375 0.9174966216087341 1641.0 1419.0 22680.0 768.0
0.9208984375 0.9191187620162964 1654.0 1389.0 22710.0 755.0
0.921875 0.9191564917564392 1638.0 1372.0 22727.0 771.0
0.9326171875 0.921608567237854 1577.0 1246.0 22853.0 832.0
0.9296875 0.9173457026481628 1652.0 1434.0 22665.0 757.0
0.9287109375 0.916364848613739 1667.0 1475.0 22624.0 742.0
0.9375 0.9183642864227295 1635.0 1390.0 22709.0 774.0
0.93359375 0.9200996160507202 1571.0 1280.0 22819.0 838.0
0.9208984375 0.9151199460029602 1646.0 1487.0 22612.0 763.0
0.9296875 0.9236456751823425 1583.0 1198.0 22901.0 826.0
0.9248046875 0.9190433025360107 1665.0 1402.0 22697.0 744.0
0.939453125 0.9214199781417847 1592.0 1266.0 22833.0 817.0
0.9384765625 0.9186660647392273 1615.0 1362.0 22737.0 794.0
0.9287109375 0.9207031726837158 1612.0 1305.0 22794.0 797.0
0.9189453125 0.918251097202301 1602.0 1360.0 22739.0 807.0
0.943359375 0.9214576482772827 1616.0 1289.0 22810.0 793.0
0.916015625 0.9181379079818726 1637.0 1398.0 22701.0 772.0
0.919921875 0.9194959998130798 1620.0 1345.0 22754.0 789.0
0.939453125 0.9167798161506653 1659.0 1456.0 22643.0 750.0
0.9228515625 0.9200241565704346 1629.0 1340.0 22759.0 780.0
0.9287109375 0.9202127456665039 1634.0 1340.0 22759.0 775.0
0.9345703125 0.9193450808525085 1662.0 1391.0 22708.0 747.0
0.9296875 0.9178361296653748 1623.0 1392.0 22707.0 786.0
0.9228515625 0.9207031726837158 1600.0 1293.0 22806.0 809.0
0.943359375 0.9189301133155823 1633.0 1373.0 22726.0 776.0
0.9384765625 0.9192319512367249 1645.0 1377.0 22722.0 764.0
0.927734375 0.9168175458908081 1640.0 1436.0 22663.0 769.0
0.9443359375 0.9162894487380981 1651.0 1461.0 22638.0 758.0
0.92578125 0.9214199781417847 1601.0 1275.0 22824.0 808.0
0.9130859375 0.9194959998130798 1625.0 1350.0 22749.0 784.0
0.9306640625 0.9198732376098633 1622.0 1337.0 22762.0 787.0
0.927734375 0.9174966216087341 1670.0 1448.0 22651.0 739.0
0.9306640625 0.9185906052589417 1617.0 1366.0 22733.0 792.0
0.923828125 0.9209295511245728 1602.0 1289.0 22810.0 807.0
0.9306640625 0.921872615814209 1566.0 1228.0 22871.0 843.0
0.9169921875 0.9181001782417297 1621.0 1383.0 22716.0 788.0
0.9189453125 0.9196091890335083 1630.0 1352.0 22747.0 779.0
0.9306640625 0.9212313294410706 1607.0 1286.0 22813.0 802.0
0.9228515625 0.9173457026481628 1652.0 1434.0 22665.0 757.0
0.9111328125 0.9216462969779968 1596.0 1264.0 22835.0 813.0
0.9306640625 0.917043924331665 1652.0 1442.0 22657.0 757.0
0.92578125 0.9180624485015869 1660.0 1423.0 22676.0 749.0
0.9287109375 0.9207786321640015 1555.0 1246.0 22853.0 854.0
0.9150390625 0.9194205403327942 1640.0 1367.0 22732.0 769.0
0.912109375 0.920401394367218 1618.0 1319.0 22780.0 791.0
0.9189453125 0.9168552756309509 1605.0 1400.0 22699.0 804.0
0.9248046875 0.917534351348877 1618.0 1395.0 22704.0 791.0
0.9326171875 0.918515145778656 1639.0 1390.0 22709.0 770.0
0.923828125 0.9176852107048035 1652.0 1425.0 22674.0 757.0
0.9267578125 0.919684648513794 1633.0 1353.0 22746.0 776.0
0.916015625 0.9204391241073608 1591.0 1291.0 22808.0 818.0
0.9296875 0.918515145778656 1595.0 1346.0 22753.0 814.0
0.9228515625 0.9201750159263611 1632.0 1339.0 22760.0 777.0
0.9306640625 0.9215708374977112 1579.0 1249.0 22850.0 830.0
0.9404296875 0.9238343238830566 1619.0 1229.0 22870.0 790.0
0.9287109375 0.9232307076454163 1607.0 1233.0 22866.0 802.0
0.9208984375 0.9199864268302917 1653.0 1365.0 22734.0 756.0
0.9296875 0.9220989942550659 1626.0 1282.0 22817.0 783.0
0.919921875 0.9171571135520935 1665.0 1452.0 22647.0 744.0
0.91796875 0.9160630702972412 1640.0 1456.0 22643.0 769.0
0.9228515625 0.9172702431678772 1633.0 1417.0 22682.0 776.0
0.9169921875 0.9196469187736511 1618.0 1339.0 22760.0 791.0
0.9296875 0.9190810322761536 1637.0 1373.0 22726.0 772.0
0.93359375 0.9188169836997986 1618.0 1361.0 22738.0 791.0
0.912109375 0.9196469187736511 1621.0 1342.0 22757.0 788.0
0.919921875 0.9208918213844299 1602.0 1290.0 22809.0 807.0
0.931640625 0.9176852107048035 1635.0 1408.0 22691.0 774.0
0.9384765625 0.9202127456665039 1586.0 1292.0 22807.0 823.0
0.921875 0.9186283349990845 1655.0 1403.0 22696.0 754.0
0.919921875 0.9210804104804993 1590.0 1273.0 22826.0 819.0
0.9326171875 0.9174211621284485 1617.0 1397.0 22702.0 792.0
0.9228515625 0.9186660647392273 1621.0 1368.0 22731.0 788.0
0.92578125 0.9225894212722778 1580.0 1223.0 22876.0 829.0
0.92578125 0.9188923835754395 1619.0 1360.0 22739.0 790.0
0.9365234375 0.917987048625946 1625.0 1390.0 22709.0 784.0
0.9150390625 0.9172325134277344 1606.0 1391.0 22708.0 803.0
0.9267578125 0.9199109673500061 1618.0 1332.0 22767.0 791.0
0.935546875 0.9209295511245728 1607.0 1294.0 22805.0 802.0
0.9296875 0.9222121834754944 1598.0 1251.0 22848.0 811.0
0.9228515625 0.9203259348869324 1613.0 1316.0 22783.0 796.0
0.9443359375 0.9230043888092041 1591.0 1223.0 22876.0 818.0
0.921875 0.9162139892578125 1658.0 1470.0 22629.0 751.0
0.9228515625 0.9187037944793701 1647.0 1393.0 22706.0 762.0
0.93359375 0.9199864268302917 1616.0 1328.0 22771.0 793.0
0.943359375 0.9199109673500061 1631.0 1345.0 22754.0 778.0
0.912109375 0.9176852107048035 1638.0 1411.0 22688.0 771.0
0.916015625 0.9134223461151123 1688.0 1574.0 22525.0 721.0
0.935546875 0.9229666590690613 1608.0 1241.0 22858.0 801.0
0.9326171875 0.9210049510002136 1630.0 1315.0 22784.0 779.0
0.923828125 0.9161385297775269 1645.0 1459.0 22640.0 764.0
0.9140625 0.9233816266059875 1559.0 1181.0 22918.0 850.0
0.927734375 0.9229289293289185 1610.0 1244.0 22855.0 799.0
0.923828125 0.9171193838119507 1662.0 1450.0 22649.0 747.0
0.9287109375 0.9218349456787109 1583.0 1246.0 22853.0 826.0
0.94140625 0.9235702157020569 1573.0 1190.0 22909.0 836.0
0.931640625 0.9181001782417297 1643.0 1405.0 22694.0 766.0
0.9375 0.9199864268302917 1641.0 1353.0 22746.0 768.0
0.9365234375 0.9193450808525085 1630.0 1359.0 22740.0 779.0
0.92578125 0.9179493188858032 1618.0 1384.0 22715.0 791.0
0.9345703125 0.9230043888092041 1579.0 1211.0 22888.0 830.0
0.9326171875 0.9222121834754944 1610.0 1263.0 22836.0 799.0
0.92578125 0.9213067889213562 1609.0 1286.0 22813.0 800.0
0.9306640625 0.9178738594055176 1658.0 1426.0 22673.0 751.0
0.9306640625 0.9188547134399414 1616.0 1358.0 22741.0 793.0
0.921875 0.9185906052589417 1632.0 1381.0 22718.0 777.0
0.9072265625 0.9196091890335083 1613.0 1335.0 22764.0 796.0
0.9287109375 0.9156858325004578 1669.0 1495.0 22604.0 740.0
0.9248046875 0.9221367239952087 1593.0 1248.0 22851.0 816.0
0.9345703125 0.9206277132034302 1609.0 1304.0 22795.0 800.0
0.921875 0.9214953780174255 1611.0 1283.0 22816.0 798.0
0.9326171875 0.9262863993644714 1588.0 1133.0 22966.0 821.0
0.9208984375 0.9213067889213562 1606.0 1283.0 22816.0 803.0
0.931640625 0.9193828105926514 1626.0 1354.0 22745.0 783.0
0.921875 0.9194959998130798 1690.0 1415.0 22684.0 719.0
0.9287109375 0.9212313294410706 1606.0 1285.0 22814.0 803.0
0.935546875 0.9222121834754944 1598.0 1251.0 22848.0 811.0
0.9482421875 0.923758864402771 1571.0 1183.0 22916.0 838.0
0.9228515625 0.9217217564582825 1601.0 1267.0 22832.0 808.0
0.93359375 0.9184020161628723 1639.0 1393.0 22706.0 770.0
0.93359375 0.9209295511245728 1623.0 1310.0 22789.0 786.0
0.9228515625 0.9207031726837158 1647.0 1340.0 22759.0 762.0
0.92578125 0.9164780378341675 1683.0 1488.0 22611.0 726.0
0.94140625 0.9211181402206421 1583.0 1265.0 22834.0 826.0
0.9248046875 0.9199486970901489 1645.0 1358.0 22741.0 764.0
0.9462890625 0.9211558699607849 1635.0 1316.0 22783.0 774.0
0.923828125 0.9229289293289185 1600.0 1234.0 22865.0 809.0
0.9296875 0.92281574010849 1586.0 1223.0 22876.0 823.0
0.9306640625 0.9205145835876465 1626.0 1324.0 22775.0 783.0
0.931640625 0.9220989942550659 1608.0 1264.0 22835.0 801.0
0.9248046875 0.9174966216087341 1661.0 1439.0 22660.0 748.0
0.94140625 0.920137345790863 1620.0 1328.0 22771.0 789.0
0.9345703125 0.9163271188735962 1658.0 1467.0 22632.0 751.0
0.931640625 0.9239097833633423 1582.0 1190.0 22909.0 827.0
0.9365234375 0.9200241565704346 1659.0 1370.0 22729.0 750.0
0.916015625 0.9161762595176697 1653.0 1466.0 22633.0 756.0
0.9208984375 0.921872615814209 1607.0 1269.0 22830.0 802.0
0.919921875 0.9173457026481628 1665.0 1447.0 22652.0 744.0
0.9248046875 0.9228911995887756 1606.0 1241.0 22858.0 803.0
0.9423828125 0.9184397459030151 1611.0 1364.0 22735.0 798.0
0.935546875 0.9230043888092041 1628.0 1260.0 22839.0 781.0
0.9267578125 0.9257582426071167 1576.0 1135.0 22964.0 833.0
0.9296875 0.9235702157020569 1582.0 1199.0 22900.0 827.0
0.935546875 0.9248151779174805 1564.0 1148.0 22951.0 845.0
0.939453125 0.9232684373855591 1599.0 1224.0 22875.0 810.0
0.9384765625 0.919722318649292 1645.0 1364.0 22735.0 764.0
0.923828125 0.9171193838119507 1677.0 1465.0 22634.0 732.0
0.9345703125 0.9216840267181396 1603.0 1270.0 22829.0 806.0
0.9306640625 0.9210804104804993 1592.0 1275.0 22824.0 817.0
0.9248046875 0.9232307076454163 1614.0 1240.0 22859.0 795.0
0.923828125 0.917987048625946 1658.0 1423.0 22676.0 751.0
0.9208984375 0.9196091890335083 1631.0 1353.0 22746.0 778.0
0.9248046875 0.9174966216087341 1638.0 1416.0 22683.0 771.0
0.9267578125 0.9206277132034302 1593.0 1288.0 22811.0 816.0
0.916015625 0.9219858050346375 1578.0 1237.0 22862.0 831.0
0.921875 0.9242115616798401 1593.0 1193.0 22906.0 816.0
0.9111328125 0.9184397459030151 1665.0 1418.0 22681.0 744.0
0.9306640625 0.9215708374977112 1623.0 1293.0 22806.0 786.0
0.9296875 0.9177983999252319 1640.0 1410.0 22689.0 769.0
0.9287109375 0.9186283349990845 1638.0 1386.0 22713.0 771.0
0.9306640625 0.9185906052589417 1633.0 1382.0 22717.0 776.0
0.9365234375 0.9190810322761536 1641.0 1377.0 22722.0 768.0
0.90625 0.9180247187614441 1636.0 1400.0 22699.0 773.0
0.9267578125 0.9220235347747803 1611.0 1269.0 22830.0 798.0
0.921875 0.915157675743103 1663.0 1503.0 22596.0 746.0
0.9287109375 0.9191564917564392 1665.0 1399.0 22700.0 744.0
0.9267578125 0.9177229404449463 1651.0 1423.0 22676.0 758.0
0.92578125 0.9167420864105225 1673.0 1471.0 22628.0 736.0
0.9306640625 0.9219103455543518 1587.0 1248.0 22851.0 822.0
0.931640625 0.9234193563461304 1581.0 1202.0 22897.0 828.0
0.9208984375 0.9182133674621582 1679.0 1438.0 22661.0 730.0
0.9306640625 0.9177606701850891 1641.0 1412.0 22687.0 768.0
0.923828125 0.9189301133155823 1631.0 1371.0 22728.0 778.0
0.921875 0.9202882051467896 1611.0 1315.0 22784.0 798.0
0.91796875 0.9176852107048035 1646.0 1419.0 22680.0 763.0
0.9384765625 0.9248528480529785 1560.0 1143.0 22956.0 849.0
0.927734375 0.9187792539596558 1641.0 1385.0 22714.0 768.0
0.9169921875 0.9146295189857483 1677.0 1531.0 22568.0 732.0
0.9287109375 0.9211935997009277 1609.0 1289.0 22810.0 800.0
0.921875 0.9160253405570984 1664.0 1481.0 22618.0 745.0
0.9208984375 0.9221367239952087 1626.0 1281.0 22818.0 783.0
0.9228515625 0.9207031726837158 1592.0 1285.0 22814.0 817.0
0.921875 0.9174966216087341 1621.0 1399.0 22700.0 788.0
0.9287109375 0.9175720810890198 1645.0 1421.0 22678.0 764.0
0.9296875 0.9184020161628723 1649.0 1403.0 22696.0 760.0
0.9189453125 0.9213822484016418 1593.0 1268.0 22831.0 816.0
0.9208984375 0.9139127731323242 1653.0 1526.0 22573.0 756.0
0.9287109375 0.9207786321640015 1623.0 1314.0 22785.0 786.0
0.9296875 0.9205523133277893 1615.0 1312.0 22787.0 794.0
0.9140625 0.915157675743103 1661.0 1501.0 22598.0 748.0
0.9228515625 0.9192319512367249 1647.0 1379.0 22720.0 762.0
0.92578125 0.9211181402206421 1639.0 1321.0 22778.0 770.0
0.92578125 0.9216462969779968 1597.0 1265.0 22834.0 812.0
0.91796875 0.9197600483894348 1595.0 1313.0 22786.0 814.0
0.9228515625 0.9150822162628174 1660.0 1502.0 22597.0 749.0
0.9287109375 0.9173457026481628 1660.0 1442.0 22657.0 749.0
0.9287109375 0.9181756377220154 1622.0 1382.0 22717.0 787.0
0.92578125 0.9184020161628723 1650.0 1404.0 22695.0 759.0
0.9384765625 0.9203636646270752 1621.0 1323.0 22776.0 788.0
0.916015625 0.9155349135398865 1674.0 1504.0 22595.0 735.0
0.93359375 0.9202127456665039 1633.0 1339.0 22760.0 776.0
0.9384765625 0.9195714592933655 1654.0 1377.0 22722.0 755.0
0.935546875 0.920137345790863 1599.0 1307.0 22792.0 810.0
0.9248046875 0.9223630428314209 1612.0 1261.0 22838.0 797.0
0.9296875 0.9182133674621582 1644.0 1403.0 22696.0 765.0
0.9375 0.9175720810890198 1630.0 1406.0 22693.0 779.0
0.93359375 0.9181756377220154 1652.0 1412.0 22687.0 757.0
0.9208984375 0.9199486970901489 1613.0 1326.0 22773.0 796.0
0.931640625 0.9213822484016418 1607.0 1282.0 22817.0 802.0
0.9208984375 0.9194205403327942 1626.0 1353.0 22746.0 783.0
0.9306640625 0.9181001782417297 1633.0 1395.0 22704.0 776.0
0.9169921875 0.9155349135398865 1675.0 1505.0 22594.0 734.0
0.9296875 0.9213822484016418 1578.0 1253.0 22846.0 831.0
0.935546875 0.9199486970901489 1618.0 1331.0 22768.0 791.0
0.935546875 0.9160630702972412 1645.0 1461.0 22638.0 764.0
0.9306640625 0.9188547134399414 1644.0 1386.0 22713.0 765.0
0.9306640625 0.9164025783538818 1673.0 1480.0 22619.0 736.0
0.9296875 0.9211935997009277 1631.0 1311.0 22788.0 778.0
0.9287109375 0.9202882051467896 1623.0 1327.0 22772.0 786.0
0.9169921875 0.9188169836997986 1639.0 1382.0 22717.0 770.0
0.935546875 0.9221744537353516 1619.0 1273.0 22826.0 790.0
0.9443359375 0.9233438968658447 1589.0 1212.0 22887.0 820.0
0.931640625 0.9183642864227295 1684.0 1439.0 22660.0 725.0
0.9208984375 0.9176852107048035 1685.0 1458.0 22641.0 724.0
0.921875 0.9137241840362549 1695.0 1573.0 22526.0 714.0
0.92578125 0.9176852107048035 1642.0 1415.0 22684.0 767.0
0.91796875 0.9190055727958679 1616.0 1354.0 22745.0 793.0
0.9453125 0.9200996160507202 1638.0 1347.0 22752.0 771.0
0.9453125 0.9190810322761536 1644.0 1380.0 22719.0 765.0
0.9296875 0.919684648513794 1599.0 1319.0 22780.0 810.0
0.93359375 0.9177983999252319 1659.0 1429.0 22670.0 750.0
0.9404296875 0.9191187620162964 1638.0 1373.0 22726.0 771.0
0.921875 0.9197600483894348 1650.0 1368.0 22731.0 759.0
0.9423828125 0.9228911995887756 1581.0 1216.0 22883.0 828.0
0.921875 0.9179493188858032 1638.0 1404.0 22695.0 771.0
0.9091796875 0.9177229404449463 1637.0 1409.0 22690.0 772.0
0.9248046875 0.9231175780296326 1569.0 1198.0 22901.0 840.0
0.92578125 0.9214576482772827 1627.0 1300.0 22799.0 782.0
0.931640625 0.9173457026481628 1629.0 1411.0 22688.0 780.0
0.9189453125 0.9207786321640015 1598.0 1289.0 22810.0 811.0
0.9375 0.9220235347747803 1644.0 1302.0 22797.0 765.0
0.9365234375 0.9204768538475037 1601.0 1300.0 22799.0 808.0
0.927734375 0.9204768538475037 1642.0 1341.0 22758.0 767.0
0.927734375 0.9237211346626282 1576.0 1189.0 22910.0 833.0
0.923828125 0.9194959998130798 1618.0 1343.0 22756.0 791.0
0.9228515625 0.9187792539596558 1647.0 1391.0 22708.0 762.0
0.91015625 0.9168175458908081 1678.0 1474.0 22625.0 731.0
0.9423828125 0.9199864268302917 1617.0 1329.0 22770.0 792.0
0.9140625 0.9173834323883057 1653.0 1434.0 22665.0 756.0
0.90625 0.9171193838119507 1683.0 1471.0 22628.0 726.0
0.9150390625 0.9187037944793701 1632.0 1378.0 22721.0 777.0
0.935546875 0.9218349456787109 1604.0 1267.0 22832.0 805.0
0.919921875 0.919684648513794 1635.0 1355.0 22744.0 774.0
0.9296875 0.9161385297775269 1625.0 1439.0 22660.0 784.0
0.916015625 0.9209672808647156 1633.0 1319.0 22780.0 776.0
0.9267578125 0.920137345790863 1597.0 1305.0 22794.0 812.0
0.9326171875 0.9222121834754944 1579.0 1232.0 22867.0 830.0
0.9169921875 0.9184774160385132 1606.0 1358.0 22741.0 803.0
0.9296875 0.9196469187736511 1629.0 1350.0 22749.0 780.0
0.935546875 0.9164403080940247 1676.0 1482.0 22617.0 733.0
0.9296875 0.9176852107048035 1660.0 1433.0 22666.0 749.0
0.9267578125 0.9180247187614441 1646.0 1410.0 22689.0 763.0
0.92578125 0.9149313569068909 1656.0 1502.0 22597.0 753.0
0.9296875 0.9236079454421997 1599.0 1215.0 22884.0 810.0
0.93359375 0.9241738319396973 1599.0 1200.0 22899.0 810.0
0.921875 0.924022912979126 1594.0 1199.0 22900.0 815.0
0.92578125 0.9198732376098633 1624.0 1339.0 22760.0 785.0
0.9296875 0.9190055727958679 1652.0 1390.0 22709.0 757.0
0.93359375 0.9187792539596558 1634.0 1378.0 22721.0 775.0
0.9296875 0.917987048625946 1649.0 1414.0 22685.0 760.0
0.9267578125 0.9186660647392273 1591.0 1338.0 22761.0 818.0
0.9208984375 0.922551691532135 1604.0 1248.0 22851.0 805.0
0.9296875 0.9202882051467896 1661.0 1365.0 22734.0 748.0
0.9287109375 0.9173834323883057 1667.0 1448.0 22651.0 742.0
0.9267578125 0.9208540916442871 1634.0 1323.0 22776.0 775.0
0.93359375 0.9193450808525085 1585.0 1314.0 22785.0 824.0
0.9384765625 0.9176474809646606 1666.0 1440.0 22659.0 743.0
0.919921875 0.9104043841362 1745.0 1711.0 22388.0 664.0
0.916015625 0.9172702431678772 1647.0 1431.0 22668.0 762.0
0.9326171875 0.9213822484016418 1603.0 1278.0 22821.0 806.0
0.9140625 0.9156858325004578 1694.0 1520.0 22579.0 715.0
0.9228515625 0.9193073511123657 1631.0 1361.0 22738.0 778.0
0.896484375 0.917534351348877 1636.0 1413.0 22686.0 773.0
0.9267578125 0.9191564917564392 1611.0 1345.0 22754.0 798.0
0.904296875 0.9190433025360107 1649.0 1386.0 22713.0 760.0
0.91796875 0.9158744812011719 1640.0 1461.0 22638.0 769.0
0.943359375 0.9208918213844299 1575.0 1263.0 22836.0 834.0
0.93359375 0.9152708649635315 1678.0 1515.0 22584.0 731.0
0.9326171875 0.9218349456787109 1592.0 1255.0 22844.0 817.0
0.9248046875 0.9214199781417847 1605.0 1279.0 22820.0 804.0
0.91796875 0.9185906052589417 1640.0 1389.0 22710.0 769.0
0.9365234375 0.9203259348869324 1591.0 1294.0 22805.0 818.0
0.921875 0.9200241565704346 1630.0 1341.0 22758.0 779.0
0.923828125 0.9207409024238586 1624.0 1316.0 22783.0 785.0
0.9287109375 0.9213822484016418 1581.0 1256.0 22843.0 828.0
0.9326171875 0.9210426807403564 1596.0 1280.0 22819.0 813.0
0.9130859375 0.9192696809768677 1656.0 1387.0 22712.0 753.0
0.91015625 0.9146295189857483 1669.0 1523.0 22576.0 740.0
0.9248046875 0.9171193838119507 1607.0 1395.0 22704.0 802.0
0.9228515625 0.9210804104804993 1584.0 1267.0 22832.0 825.0
0.9287109375 0.9176474809646606 1653.0 1427.0 22672.0 756.0
0.935546875 0.921872615814209 1604.0 1266.0 22833.0 805.0
0.9052734375 0.9156858325004578 1656.0 1482.0 22617.0 753.0
0.935546875 0.9223630428314209 1580.0 1229.0 22870.0 829.0
0.916015625 0.9207031726837158 1606.0 1299.0 22800.0 803.0
0.9091796875 0.9164025783538818 1663.0 1470.0 22629.0 746.0
0.935546875 0.9220612645149231 1581.0 1238.0 22861.0 828.0
0.9248046875 0.9204391241073608 1627.0 1327.0 22772.0 782.0
0.9384765625 0.9190433025360107 1600.0 1337.0 22762.0 809.0
0.927734375 0.9230798482894897 1604.0 1234.0 22865.0 805.0
0.916015625 0.9137241840362549 1681.0 1559.0 22540.0 728.0
0.9248046875 0.9168930053710938 1669.0 1463.0 22636.0 740.0
0.91796875 0.9164780378341675 1679.0 1484.0 22615.0 730.0
0.908203125 0.9147804379463196 1680.0 1530.0 22569.0 729.0
0.9267578125 0.9185528755187988 1624.0 1374.0 22725.0 785.0
0.919921875 0.9187792539596558 1645.0 1389.0 22710.0 764.0
0.931640625 0.9216840267181396 1604.0 1271.0 22828.0 805.0
0.9306640625 0.9176097512245178 1639.0 1414.0 22685.0 770.0
0.919921875 0.9161762595176697 1664.0 1477.0 22622.0 745.0
0.9326171875 0.9207031726837158 1651.0 1344.0 22755.0 758.0
0.931640625 0.9220612645149231 1631.0 1288.0 22811.0 778.0
0.92578125 0.9181001782417297 1647.0 1409.0 22690.0 762.0
0.9326171875 0.9211181402206421 1611.0 1293.0 22806.0 798.0
0.91796875 0.9199486970901489 1615.0 1328.0 22771.0 794.0
0.9267578125 0.9223630428314209 1591.0 1240.0 22859.0 818.0
0.9296875 0.9192319512367249 1635.0 1367.0 22732.0 774.0
0.9267578125 0.921872615814209 1620.0 1282.0 22817.0 789.0
0.916015625 0.9188547134399414 1656.0 1398.0 22701.0 753.0
0.919921875 0.9226648807525635 1615.0 1256.0 22843.0 794.0
0.9296875 0.9195714592933655 1586.0 1309.0 22790.0 823.0
0.9384765625 0.9198355078697205 1635.0 1351.0 22748.0 774.0
0.912109375 0.9188923835754395 1620.0 1361.0 22738.0 789.0
0.9423828125 0.9232684373855591 1602.0 1227.0 22872.0 807.0
0.9345703125 0.9189301133155823 1677.0 1417.0 22682.0 732.0
0.9208984375 0.9206277132034302 1621.0 1316.0 22783.0 788.0
0.9384765625 0.9220235347747803 1598.0 1256.0 22843.0 811.0
0.9296875 0.9212313294410706 1620.0 1299.0 22800.0 789.0
0.9267578125 0.9190055727958679 1641.0 1379.0 22720.0 768.0
0.9228515625 0.9187037944793701 1694.0 1440.0 22659.0 715.0
0.9296875 0.9176097512245178 1674.0 1449.0 22650.0 735.0
0.92578125 0.9192696809768677 1630.0 1361.0 22738.0 779.0
0.94140625 0.9223630428314209 1601.0 1250.0 22849.0 808.0
0.9267578125 0.9217972159385681 1621.0 1285.0 22814.0 788.0
0.919921875 0.9144032001495361 1700.0 1560.0 22539.0 709.0
0.919921875 0.9189678430557251 1622.0 1361.0 22738.0 787.0
0.9228515625 0.9172702431678772 1681.0 1465.0 22634.0 728.0
0.923828125 0.9195714592933655 1633.0 1356.0 22743.0 776.0
0.927734375 0.9221744537353516 1583.0 1237.0 22862.0 826.0
0.9169921875 0.9196469187736511 1665.0 1386.0 22713.0 744.0
0.9501953125 0.9237211346626282 1550.0 1163.0 22936.0 859.0
0.9287109375 0.9216462969779968 1582.0 1250.0 22849.0 827.0
0.91796875 0.9143277406692505 1667.0 1529.0 22570.0 742.0
0.939453125 0.9194959998130798 1636.0 1361.0 22738.0 773.0
0.921875 0.9212313294410706 1609.0 1288.0 22811.0 800.0
0.931640625 0.919684648513794 1624.0 1344.0 22755.0 785.0
0.923828125 0.9172702431678772 1675.0 1459.0 22640.0 734.0
0.935546875 0.9200241565704346 1604.0 1315.0 22784.0 805.0
0.916015625 0.9190810322761536 1651.0 1387.0 22712.0 758.0
0.921875 0.918251097202301 1673.0 1431.0 22668.0 736.0
0.92578125 0.9221744537353516 1605.0 1259.0 22840.0 804.0
0.9267578125 0.9192696809768677 1639.0 1370.0 22729.0 770.0
0.9404296875 0.9205899834632874 1597.0 1293.0 22806.0 812.0
0.94140625 0.9183265566825867 1632.0 1388.0 22711.0 777.0
0.9287109375 0.9204768538475037 1569.0 1268.0 22831.0 840.0
0.923828125 0.9164403080940247 1656.0 1462.0 22637.0 753.0
0.9287109375 0.9181379079818726 1649.0 1410.0 22689.0 760.0
0.921875 0.9216462969779968 1591.0 1259.0 22840.0 818.0
