0.6025390625 0.5952542424201965 818.0 9138.0 14961.0 1591.0
0.86328125 0.8678134679794312 856.0 1951.0 22148.0 1553.0
0.89453125 0.8893918991088867 858.0 1381.0 22718.0 1551.0
0.87890625 0.8856571316719055 971.0 1593.0 22506.0 1438.0
0.89453125 0.8843368291854858 1031.0 1688.0 22411.0 1378.0
0.892578125 0.8875811100006104 1085.0 1656.0 22443.0 1324.0
0.880859375 0.8826014995574951 1173.0 1876.0 22223.0 1236.0
0.892578125 0.8836954832077026 1217.0 1891.0 22208.0 1192.0
0.8876953125 0.8804512023925781 1270.0 2030.0 22069.0 1139.0
0.8994140625 0.8823751211166382 1295.0 2004.0 22095.0 1114.0
0.8837890625 0.8834314346313477 1282.0 1963.0 22136.0 1127.0
0.8876953125 0.8824883103370667 1316.0 2022.0 22077.0 1093.0
0.8935546875 0.8847140669822693 1321.0 1968.0 22131.0 1088.0
0.89453125 0.884299099445343 1360.0 2018.0 22081.0 1049.0
0.9033203125 0.8856571316719055 1366.0 1988.0 22111.0 1043.0
0.8935546875 0.8856194615364075 1372.0 1995.0 22104.0 1037.0
0.888671875 0.8873547315597534 1450.0 2027.0 22072.0 959.0
0.8818359375 0.8897314071655273 1403.0 1917.0 22182.0 1006.0
0.88671875 0.8881092667579651 1446.0 2003.0 22096.0 963.0
0.89453125 0.8912026286125183 1428.0 1903.0 22196.0 981.0
0.908203125 0.889127790927887 1464.0 1994.0 22105.0 945.0
0.8974609375 0.8915421962738037 1456.0 1922.0 22177.0 953.0
0.896484375 0.8915044665336609 1469.0 1936.0 22163.0 940.0
0.88671875 0.8920326232910156 1472.0 1925.0 22174.0 937.0
0.8974609375 0.8912026286125183 1519.0 1994.0 22105.0 890.0
0.896484375 0.8944092392921448 1483.0 1873.0 22226.0 926.0
0.8994140625 0.894107460975647 1521.0 1919.0 22180.0 888.0
0.9013671875 0.8932775259017944 1498.0 1918.0 22181.0 911.0
0.9072265625 0.8935415744781494 1530.0 1943.0 22156.0 879.0
0.8994140625 0.8908631205558777 1542.0 2026.0 22073.0 867.0
0.91796875 0.8956541419029236 1545.0 1902.0 22197.0 864.0
0.8955078125 0.8947487473487854 1555.0 1936.0 22163.0 854.0
0.8974609375 0.8943337798118591 1563.0 1955.0 22144.0 846.0
0.890625 0.9024445414543152 1522.0 1699.0 22400.0 887.0
0.9169921875 0.8998792767524719 1534.0 1779.0 22320.0 875.0
0.8984375 0.8987098336219788 1583.0 1859.0 22240.0 826.0
0.91015625 0.8964463472366333 1607.0 1943.0 22156.0 802.0
0.9150390625 0.8961445689201355 1595.0 1939.0 22160.0 814.0
0.8984375 0.9022559523582458 1575.0 1757.0 22342.0 834.0
0.912109375 0.9013505578041077 1588.0 1794.0 22305.0 821.0
0.9140625 0.9030858874320984 1539.0 1699.0 22400.0 870.0
0.912109375 0.9027840495109558 1548.0 1716.0 22383.0 861.0
0.9072265625 0.9007469415664673 1584.0 1806.0 22293.0 825.0
0.89453125 0.9057265520095825 1558.0 1648.0 22451.0 851.0
0.9033203125 0.9051607251167297 1576.0 1681.0 22418.0 833.0
0.896484375 0.9049343466758728 1585.0 1696.0 22403.0 824.0
0.9052734375 0.903689444065094 1600.0 1744.0 22355.0 809.0
0.900390625 0.9001810550689697 1620.0 1857.0 22242.0 789.0
0.9013671875 0.9021804928779602 1605.0 1789.0 22310.0 804.0
0.90625 0.90489661693573 1601.0 1713.0 22386.0 808.0
0.9228515625 0.9038026332855225 1602.0 1743.0 22356.0 807.0
0.90234375 0.9030104279518127 1605.0 1767.0 22332.0 804.0
0.8818359375 0.8979553580284119 1644.0 1940.0 22159.0 765.0
0.908203125 0.902482271194458 1617.0 1793.0 22306.0 792.0
0.9150390625 0.907725989818573 1596.0 1633.0 22466.0 813.0
0.8974609375 0.9037271738052368 1667.0 1810.0 22289.0 742.0
0.9072265625 0.9078768491744995 1604.0 1637.0 22462.0 805.0
0.9091796875 0.9081786870956421 1608.0 1633.0 22466.0 801.0
0.916015625 0.9054625034332275 1627.0 1724.0 22375.0 782.0
0.8994140625 0.9067451357841492 1616.0 1679.0 22420.0 793.0
0.912109375 0.9037649035453796 1659.0 1801.0 22298.0 750.0
0.90234375 0.9051984548568726 1639.0 1743.0 22356.0 770.0
0.90625 0.9040666818618774 1622.0 1756.0 22343.0 787.0
0.916015625 0.9103289842605591 1584.0 1552.0 22547.0 825.0
0.90625 0.9107062220573425 1614.0 1572.0 22527.0 795.0
0.919921875 0.9097253680229187 1642.0 1626.0 22473.0 767.0
0.8916015625 0.9063678979873657 1664.0 1737.0 22362.0 745.0
0.9208984375 0.9073487520217896 1666.0 1713.0 22386.0 743.0
0.896484375 0.9111589193344116 1623.0 1569.0 22530.0 786.0
0.9130859375 0.9089708924293518 1645.0 1649.0 22450.0 764.0
0.8955078125 0.9127056002616882 1605.0 1510.0 22589.0 804.0
0.921875 0.9072355628013611 1663.0 1713.0 22386.0 746.0
0.923828125 0.9085181951522827 1634.0 1650.0 22449.0 775.0
0.92578125 0.907990038394928 1659.0 1689.0 22410.0 750.0
0.904296875 0.9019163846969604 1697.0 1888.0 22211.0 712.0
0.8935546875 0.9113097786903381 1667.0 1609.0 22490.0 742.0
0.9140625 0.9073110222816467 1657.0 1705.0 22394.0 752.0
0.9130859375 0.904632568359375 1669.0 1788.0 22311.0 740.0
0.91015625 0.9071223735809326 1676.0 1729.0 22370.0 733.0
0.9267578125 0.9107816219329834 1652.0 1608.0 22491.0 757.0
0.9140625 0.9082164168357849 1660.0 1684.0 22415.0 749.0
0.9267578125 0.9119511246681213 1618.0 1543.0 22556.0 791.0
0.9169921875 0.91180020570755 1650.0 1579.0 22520.0 759.0
0.9091796875 0.9073110222816467 1677.0 1725.0 22374.0 732.0
0.92578125 0.9107062220573425 1641.0 1599.0 22500.0 768.0
0.9169921875 0.9124415516853333 1621.0 1533.0 22566.0 788.0
0.8974609375 0.9052361845970154 1674.0 1777.0 22322.0 735.0
0.9248046875 0.9094235897064209 1637.0 1629.0 22470.0 772.0
0.9111328125 0.9061792492866516 1686.0 1764.0 22335.0 723.0
0.9111328125 0.9097253680229187 1653.0 1637.0 22462.0 756.0
0.921875 0.913007378578186 1642.0 1539.0 22560.0 767.0
0.904296875 0.9068205952644348 1686.0 1747.0 22352.0 723.0
0.8935546875 0.9078391194343567 1684.0 1718.0 22381.0 725.0
0.91796875 0.9065187573432922 1666.0 1735.0 22364.0 743.0
0.935546875 0.9078768491744995 1676.0 1709.0 22390.0 733.0
0.9091796875 0.907725989818573 1679.0 1716.0 22383.0 730.0
0.90625 0.9105930328369141 1650.0 1611.0 22488.0 759.0
0.8974609375 0.9076128005981445 1663.0 1703.0 22396.0 746.0
0.91796875 0.9085181951522827 1674.0 1690.0 22409.0 735.0
0.8984375 0.9079523086547852 1685.0 1716.0 22383.0 724.0
0.919921875 0.9106684923171997 1653.0 1612.0 22487.0 756.0
0.923828125 0.9130828380584717 1624.0 1519.0 22580.0 785.0
0.9091796875 0.9087822437286377 1668.0 1677.0 22422.0 741.0
0.90625 0.9118756651878357 1634.0 1561.0 22538.0 775.0
0.91015625 0.9105175733566284 1652.0 1615.0 22484.0 757.0
0.9306640625 0.906103789806366 1706.0 1786.0 22313.0 703.0
0.927734375 0.9084804654121399 1664.0 1681.0 22418.0 745.0
0.9189453125 0.9110457301139832 1689.0 1638.0 22461.0 720.0
0.921875 0.9118379354476929 1669.0 1597.0 22502.0 740.0
0.9208984375 0.9064056277275085 1709.0 1781.0 22318.0 700.0
0.9111328125 0.9109702706336975 1652.0 1603.0 22496.0 757.0
0.9169921875 0.9088954329490662 1670.0 1676.0 22423.0 739.0
0.89453125 0.9058020114898682 1692.0 1780.0 22319.0 717.0
0.9140625 0.9072355628013611 1709.0 1759.0 22340.0 700.0
0.912109375 0.913007378578186 1648.0 1545.0 22554.0 761.0
0.912109375 0.9077637195587158 1708.0 1744.0 22355.0 701.0
0.91796875 0.911083459854126 1669.0 1617.0 22482.0 740.0
0.9150390625 0.9148558974266052 1641.0 1489.0 22610.0 768.0
0.90625 0.9119511246681213 1673.0 1598.0 22501.0 736.0
0.9091796875 0.914440929889679 1652.0 1511.0 22588.0 757.0
0.91015625 0.9093858599662781 1684.0 1677.0 22422.0 725.0
0.9111328125 0.9101026058197021 1672.0 1646.0 22453.0 737.0
0.8994140625 0.9103666543960571 1687.0 1654.0 22445.0 722.0
0.8984375 0.9127810597419739 1654.0 1557.0 22542.0 755.0
0.9072265625 0.9071601033210754 1728.0 1780.0 22319.0 681.0
0.9189453125 0.9131582975387573 1671.0 1564.0 22535.0 738.0
0.9091796875 0.9130828380584717 1682.0 1577.0 22522.0 727.0
0.9248046875 0.9109702706336975 1697.0 1648.0 22451.0 712.0
0.9248046875 0.911347508430481 1681.0 1622.0 22477.0 728.0
0.9130859375 0.9128942489624023 1674.0 1574.0 22525.0 735.0
0.9169921875 0.9128942489624023 1668.0 1568.0 22531.0 741.0
0.9140625 0.9108948111534119 1699.0 1652.0 22447.0 710.0
0.8984375 0.9097253680229187 1679.0 1663.0 22436.0 730.0
0.9150390625 0.9136487245559692 1648.0 1528.0 22571.0 761.0
0.927734375 0.9128565192222595 1665.0 1566.0 22533.0 744.0
0.9091796875 0.9134223461151123 1661.0 1547.0 22552.0 748.0
0.900390625 0.9083672761917114 1720.0 1740.0 22359.0 689.0
0.916015625 0.9142900109291077 1639.0 1502.0 22597.0 770.0
0.900390625 0.911083459854126 1700.0 1648.0 22451.0 709.0
0.923828125 0.9103666543960571 1691.0 1658.0 22441.0 718.0
0.916015625 0.9082918167114258 1708.0 1730.0 22369.0 701.0
0.916015625 0.907990038394928 1697.0 1727.0 22372.0 712.0
0.9033203125 0.9110457301139832 1649.0 1598.0 22501.0 760.0
0.9169921875 0.9110080003738403 1697.0 1647.0 22452.0 712.0
0.908203125 0.9125169515609741 1677.0 1587.0 22512.0 732.0
0.904296875 0.9115738868713379 1685.0 1620.0 22479.0 724.0
0.8916015625 0.9057265520095825 1750.0 1840.0 22259.0 659.0
0.912109375 0.9104421138763428 1697.0 1662.0 22437.0 712.0
0.91796875 0.9114984273910522 1703.0 1640.0 22459.0 706.0
0.912109375 0.9116116166114807 1689.0 1623.0 22476.0 720.0
0.9111328125 0.9131205677986145 1701.0 1595.0 22504.0 708.0
0.9267578125 0.9118379354476929 1704.0 1632.0 22467.0 705.0
0.916015625 0.9083295464515686 1712.0 1733.0 22366.0 697.0
0.9267578125 0.9108193516731262 1687.0 1642.0 22457.0 722.0
0.9140625 0.9091217517852783 1723.0 1723.0 22376.0 686.0
0.9140625 0.9139127731323242 1668.0 1541.0 22558.0 741.0
0.9150390625 0.9104798436164856 1690.0 1654.0 22445.0 719.0
0.9189453125 0.9133092164993286 1696.0 1585.0 22514.0 713.0
0.9150390625 0.9111211895942688 1689.0 1636.0 22463.0 720.0
0.9140625 0.9136109948158264 1694.0 1575.0 22524.0 715.0
0.908203125 0.9104421138763428 1728.0 1693.0 22406.0 681.0
0.8994140625 0.9107816219329834 1710.0 1666.0 22433.0 699.0
0.9111328125 0.9144786596298218 1690.0 1548.0 22551.0 719.0
0.9130859375 0.9075373411178589 1740.0 1782.0 22317.0 669.0
0.9267578125 0.9101780652999878 1730.0 1702.0 22397.0 679.0
0.90234375 0.913950502872467 1686.0 1558.0 22541.0 723.0
0.9111328125 0.9056888222694397 1763.0 1854.0 22245.0 646.0
0.9130859375 0.9104043841362 1708.0 1674.0 22425.0 701.0
0.916015625 0.9139127731323242 1708.0 1581.0 22518.0 701.0
0.9189453125 0.9114229679107666 1719.0 1658.0 22441.0 690.0
0.9169921875 0.9106307625770569 1742.0 1702.0 22397.0 667.0
0.919921875 0.9124792218208313 1715.0 1626.0 22473.0 694.0
0.9189453125 0.9121397137641907 1709.0 1629.0 22470.0 700.0
0.923828125 0.9094235897064209 1718.0 1710.0 22389.0 691.0
0.919921875 0.9090840220451355 1733.0 1734.0 22365.0 676.0
0.919921875 0.9127810597419739 1710.0 1613.0 22486.0 699.0
0.919921875 0.9134223461151123 1702.0 1588.0 22511.0 707.0
0.9326171875 0.9140259623527527 1745.0 1615.0 22484.0 664.0
0.927734375 0.9123283624649048 1732.0 1647.0 22452.0 677.0
0.923828125 0.914440929889679 1711.0 1570.0 22529.0 698.0
0.908203125 0.9102157950401306 1771.0 1742.0 22357.0 638.0
0.9189453125 0.9139127731323242 1708.0 1581.0 22518.0 701.0
0.9228515625 0.9114229679107666 1718.0 1657.0 22442.0 691.0
0.919921875 0.9144786596298218 1719.0 1577.0 22522.0 690.0
0.9111328125 0.9157612919807434 1678.0 1502.0 22597.0 731.0
0.9130859375 0.9104798436164856 1712.0 1676.0 22423.0 697.0
0.9111328125 0.9157990217208862 1702.0 1525.0 22574.0 707.0
0.92578125 0.9126678705215454 1712.0 1618.0 22481.0 697.0
0.912109375 0.9104043841362 1736.0 1702.0 22397.0 673.0
0.912109375 0.9124415516853333 1710.0 1622.0 22477.0 699.0
0.9306640625 0.91538405418396 1692.0 1526.0 22573.0 717.0
0.931640625 0.9125546813011169 1702.0 1611.0 22488.0 707.0
0.9287109375 0.9119888544082642 1712.0 1636.0 22463.0 697.0
0.9150390625 0.9165157675743103 1669.0 1473.0 22626.0 740.0
0.923828125 0.914176881313324 1688.0 1554.0 22545.0 721.0
0.9248046875 0.9119888544082642 1717.0 1641.0 22458.0 692.0
0.9208984375 0.9104043841362 1720.0 1686.0 22413.0 689.0
0.9248046875 0.9135355353355408 1737.0 1620.0 22479.0 672.0
0.9169921875 0.9124038219451904 1726.0 1639.0 22460.0 683.0
0.919921875 0.9117247462272644 1725.0 1656.0 22443.0 684.0
0.919921875 0.913007378578186 1711.0 1608.0 22491.0 698.0
0.91796875 0.9105930328369141 1746.0 1707.0 22392.0 663.0
0.9072265625 0.9157990217208862 1692.0 1515.0 22584.0 717.0
0.916015625 0.9131582975387573 1711.0 1604.0 22495.0 698.0
0.9140625 0.914440929889679 1685.0 1544.0 22555.0 724.0
0.9140625 0.9139882326126099 1697.0 1568.0 22531.0 712.0
0.9208984375 0.9105553030967712 1752.0 1714.0 22385.0 657.0
0.9248046875 0.9133092164993286 1692.0 1581.0 22518.0 717.0
0.9111328125 0.9114984273910522 1737.0 1674.0 22425.0 672.0
0.908203125 0.9121397137641907 1737.0 1657.0 22442.0 672.0
0.916015625 0.9110457301139832 1725.0 1674.0 22425.0 684.0
0.916015625 0.912064254283905 1715.0 1637.0 22462.0 694.0
0.927734375 0.915836751461029 1662.0 1484.0 22615.0 747.0
0.89453125 0.9086690545082092 1742.0 1754.0 22345.0 667.0
0.9150390625 0.9123660922050476 1703.0 1617.0 22482.0 706.0
0.904296875 0.9149690866470337 1701.0 1546.0 22553.0 708.0
0.9169921875 0.9137241840362549 1694.0 1572.0 22527.0 715.0
0.927734375 0.9151954054832458 1699.0 1538.0 22561.0 710.0
0.9189453125 0.9149690866470337 1707.0 1552.0 22547.0 702.0
0.927734375 0.9119888544082642 1690.0 1614.0 22485.0 719.0
0.9189453125 0.9147427082061768 1707.0 1558.0 22541.0 702.0
0.9169921875 0.912743330001831 1726.0 1630.0 22469.0 683.0
0.90625 0.9085936546325684 1751.0 1765.0 22334.0 658.0
0.9189453125 0.912064254283905 1713.0 1635.0 22464.0 696.0
0.9072265625 0.9113852381706238 1731.0 1671.0 22428.0 678.0
0.927734375 0.9140636920928955 1677.0 1546.0 22553.0 732.0
0.916015625 0.9113852381706238 1727.0 1667.0 22432.0 682.0
0.9169921875 0.9119511246681213 1725.0 1650.0 22449.0 684.0
0.912109375 0.912290632724762 1721.0 1637.0 22462.0 688.0
0.9072265625 0.9075750708580017 1754.0 1795.0 22304.0 655.0
0.9208984375 0.914176881313324 1725.0 1591.0 22508.0 684.0
0.91796875 0.9121019840240479 1733.0 1654.0 22445.0 676.0
0.9189453125 0.9129319190979004 1728.0 1627.0 22472.0 681.0
0.912109375 0.9151954054832458 1669.0 1508.0 22591.0 740.0
0.912109375 0.9146672487258911 1693.0 1546.0 22553.0 716.0
0.9072265625 0.9103666543960571 1747.0 1714.0 22385.0 662.0
0.9150390625 0.9097630977630615 1739.0 1722.0 22377.0 670.0
0.9150390625 0.9157612919807434 1702.0 1526.0 22573.0 707.0
0.935546875 0.9145163893699646 1689.0 1546.0 22553.0 720.0
0.91796875 0.913007378578186 1731.0 1628.0 22471.0 678.0
0.919921875 0.9122529029846191 1732.0 1649.0 22450.0 677.0
0.93359375 0.913233757019043 1711.0 1602.0 22497.0 698.0
0.9169921875 0.912064254283905 1713.0 1635.0 22464.0 696.0
0.9072265625 0.9124415516853333 1723.0 1635.0 22464.0 686.0
0.8994140625 0.9114606976509094 1720.0 1658.0 22441.0 689.0
0.9033203125 0.9092726707458496 1733.0 1729.0 22370.0 676.0
0.91796875 0.9154971837997437 1675.0 1506.0 22593.0 734.0
0.916015625 0.9097253680229187 1740.0 1724.0 22375.0 669.0
0.908203125 0.9098008275032043 1729.0 1711.0 22388.0 680.0
0.90625 0.9093104004859924 1734.0 1729.0 22370.0 675.0
0.921875 0.9084050059318542 1737.0 1756.0 22343.0 672.0
0.91796875 0.9148181676864624 1711.0 1560.0 22539.0 698.0
0.9052734375 0.9132714867591858 1719.0 1609.0 22490.0 690.0
0.9248046875 0.9178738594055176 1642.0 1410.0 22689.0 767.0
0.92578125 0.9119888544082642 1723.0 1647.0 22452.0 686.0
0.923828125 0.9133468866348267 1711.0 1599.0 22500.0 698.0
0.9228515625 0.9140259623527527 1692.0 1562.0 22537.0 717.0
0.9248046875 0.9128187894821167 1724.0 1626.0 22473.0 685.0
0.908203125 0.9111589193344116 1740.0 1686.0 22413.0 669.0
0.923828125 0.908706784248352 1752.0 1763.0 22336.0 657.0
0.935546875 0.913497805595398 1712.0 1596.0 22503.0 697.0
0.9326171875 0.914893627166748 1702.0 1549.0 22550.0 707.0
0.9130859375 0.9135732650756836 1712.0 1594.0 22505.0 697.0
0.9033203125 0.9172702431678772 1709.0 1493.0 22606.0 700.0
0.9091796875 0.912290632724762 1731.0 1647.0 22452.0 678.0
0.9228515625 0.9162139892578125 1673.0 1485.0 22614.0 736.0
0.9169921875 0.9152708649635315 1706.0 1543.0 22556.0 703.0
0.90234375 0.9136487245559692 1718.0 1598.0 22501.0 691.0
0.919921875 0.9146295189857483 1702.0 1556.0 22543.0 707.0
0.921875 0.9102912545204163 1738.0 1707.0 22392.0 671.0
0.9052734375 0.911083459854126 1748.0 1696.0 22403.0 661.0
0.9169921875 0.9129696488380432 1714.0 1612.0 22487.0 695.0
0.904296875 0.9140636920928955 1712.0 1581.0 22518.0 697.0
0.9296875 0.9097253680229187 1752.0 1736.0 22363.0 657.0
0.9111328125 0.9092726707458496 1733.0 1729.0 22370.0 676.0
0.9228515625 0.9111589193344116 1723.0 1669.0 22430.0 686.0
0.9228515625 0.9097630977630615 1724.0 1707.0 22392.0 685.0
0.9228515625 0.9156103730201721 1712.0 1540.0 22559.0 697.0
0.90625 0.9096499085426331 1736.0 1722.0 22377.0 673.0
0.9208984375 0.913007378578186 1725.0 1622.0 22477.0 684.0
0.923828125 0.9131205677986145 1703.0 1597.0 22502.0 706.0
0.90625 0.9150068163871765 1700.0 1544.0 22555.0 709.0
0.92578125 0.9086313843727112 1744.0 1757.0 22342.0 665.0
0.9228515625 0.913007378578186 1724.0 1621.0 22478.0 685.0
0.9287109375 0.9141391515731812 1715.0 1582.0 22517.0 694.0
0.919921875 0.9102912545204163 1744.0 1713.0 22386.0 665.0
0.9306640625 0.9122151732444763 1743.0 1661.0 22438.0 666.0
0.9091796875 0.9105175733566284 1748.0 1711.0 22388.0 661.0
0.927734375 0.9162517189979553 1694.0 1505.0 22594.0 715.0
0.91796875 0.9105930328369141 1755.0 1716.0 22383.0 654.0
0.919921875 0.9137241840362549 1717.0 1595.0 22504.0 692.0
0.91015625 0.9102535247802734 1726.0 1696.0 22403.0 683.0
0.90234375 0.9125169515609741 1743.0 1653.0 22446.0 666.0
0.93359375 0.9178361296653748 1668.0 1437.0 22662.0 741.0
0.9296875 0.9150822162628174 1703.0 1545.0 22554.0 706.0
0.9248046875 0.9135355353355408 1709.0 1592.0 22507.0 700.0
0.923828125 0.9190810322761536 1663.0 1399.0 22700.0 746.0
0.9140625 0.9118379354476929 1725.0 1653.0 22446.0 684.0
0.92578125 0.9126678705215454 1724.0 1630.0 22469.0 685.0
0.9267578125 0.9111211895942688 1739.0 1686.0 22413.0 670.0
0.9365234375 0.9131960272789001 1743.0 1635.0 22464.0 666.0
0.9248046875 0.9137995839118958 1722.0 1598.0 22501.0 687.0
0.8974609375 0.9109325408935547 1761.0 1713.0 22386.0 648.0
0.9111328125 0.914893627166748 1692.0 1539.0 22560.0 717.0
0.9072265625 0.9119511246681213 1749.0 1674.0 22425.0 660.0
0.921875 0.9134223461151123 1729.0 1615.0 22484.0 680.0
0.9150390625 0.9136109948158264 1727.0 1608.0 22491.0 682.0
0.9111328125 0.9162894487380981 1678.0 1488.0 22611.0 731.0
0.9150390625 0.9099516868591309 1758.0 1736.0 22363.0 651.0
0.8935546875 0.9114984273910522 1743.0 1680.0 22419.0 666.0
0.9189453125 0.9108193516731262 1749.0 1704.0 22395.0 660.0
0.927734375 0.9106307625770569 1757.0 1717.0 22382.0 652.0
0.9248046875 0.9138750433921814 1710.0 1584.0 22515.0 699.0
0.9228515625 0.9148181676864624 1713.0 1562.0 22537.0 696.0
0.9140625 0.913950502872467 1705.0 1577.0 22522.0 704.0
0.9345703125 0.9160253405570984 1692.0 1509.0 22590.0 717.0
0.931640625 0.9109325408935547 1771.0 1723.0 22376.0 638.0
0.91796875 0.9094235897064209 1748.0 1740.0 22359.0 661.0
0.916015625 0.9142900109291077 1715.0 1578.0 22521.0 694.0
0.912109375 0.9102157950401306 1747.0 1718.0 22381.0 662.0
0.9150390625 0.9160630702972412 1698.0 1514.0 22585.0 711.0
0.912109375 0.9156858325004578 1698.0 1524.0 22575.0 711.0
0.91796875 0.908254086971283 1748.0 1771.0 22328.0 661.0
0.9189453125 0.9146295189857483 1691.0 1545.0 22554.0 718.0
0.916015625 0.910857081413269 1763.0 1717.0 22382.0 646.0
0.91015625 0.9128942489624023 1748.0 1648.0 22451.0 661.0
0.9228515625 0.9121397137641907 1716.0 1636.0 22463.0 693.0
0.9150390625 0.9119888544082642 1740.0 1664.0 22435.0 669.0
0.9072265625 0.9112343192100525 1716.0 1660.0 22439.0 693.0
0.9130859375 0.908933162689209 1764.0 1769.0 22330.0 645.0
0.9375 0.9135355353355408 1684.0 1567.0 22532.0 725.0
0.9150390625 0.910857081413269 1729.0 1683.0 22416.0 680.0
0.912109375 0.9146295189857483 1696.0 1550.0 22549.0 713.0
0.91015625 0.9085936546325684 1751.0 1765.0 22334.0 658.0
0.9208984375 0.918251097202301 1650.0 1408.0 22691.0 759.0
0.9150390625 0.9146295189857483 1710.0 1564.0 22535.0 699.0
0.916015625 0.9119133949279785 1716.0 1642.0 22457.0 693.0
0.9189453125 0.9166289567947388 1686.0 1487.0 22612.0 723.0
0.919921875 0.910857081413269 1741.0 1695.0 22404.0 668.0
0.91796875 0.9167420864105225 1719.0 1517.0 22582.0 690.0
0.9306640625 0.9099140167236328 1731.0 1710.0 22389.0 678.0
0.923828125 0.9180624485015869 1684.0 1447.0 22652.0 725.0
0.92578125 0.9152708649635315 1708.0 1545.0 22554.0 701.0
0.9130859375 0.9154595136642456 1677.0 1509.0 22590.0 732.0
0.9296875 0.9141391515731812 1695.0 1562.0 22537.0 714.0
0.9345703125 0.9136864542961121 1711.0 1590.0 22509.0 698.0
0.908203125 0.9111589193344116 1700.0 1646.0 22453.0 709.0
0.91796875 0.9111211895942688 1733.0 1680.0 22419.0 676.0
0.8974609375 0.9134223461151123 1715.0 1601.0 22498.0 694.0
0.908203125 0.9137995839118958 1694.0 1570.0 22529.0 715.0
0.9287109375 0.9123283624649048 1751.0 1666.0 22433.0 658.0
0.9189453125 0.9091217517852783 1727.0 1727.0 22372.0 682.0
0.92578125 0.9119133949279785 1718.0 1644.0 22455.0 691.0
0.919921875 0.9128187894821167 1675.0 1577.0 22522.0 734.0
0.9111328125 0.9136864542961121 1681.0 1560.0 22539.0 728.0
0.912109375 0.9155726432800293 1675.0 1504.0 22595.0 734.0
0.92578125 0.9126301407814026 1718.0 1625.0 22474.0 691.0
0.9267578125 0.9096876382827759 1723.0 1708.0 22391.0 686.0
0.9140625 0.9157990217208862 1730.0 1553.0 22546.0 679.0
0.923828125 0.9156481027603149 1701.0 1528.0 22571.0 708.0
0.91015625 0.9121774435043335 1712.0 1631.0 22468.0 697.0
0.9189453125 0.9135732650756836 1716.0 1598.0 22501.0 693.0
0.9208984375 0.9137995839118958 1717.0 1593.0 22506.0 692.0
0.9072265625 0.9112343192100525 1733.0 1677.0 22422.0 676.0
0.912109375 0.9128942489624023 1736.0 1636.0 22463.0 673.0
0.9306640625 0.915157675743103 1694.0 1534.0 22565.0 715.0
0.9287109375 0.9144786596298218 1702.0 1560.0 22539.0 707.0
0.9228515625 0.9153463244438171 1706.0 1541.0 22558.0 703.0
0.9287109375 0.9119888544082642 1708.0 1632.0 22467.0 701.0
0.927734375 0.9154595136642456 1689.0 1521.0 22578.0 720.0
0.9228515625 0.9105930328369141 1741.0 1702.0 22397.0 668.0
0.91796875 0.9168175458908081 1674.0 1470.0 22629.0 735.0
0.9228515625 0.9122529029846191 1714.0 1631.0 22468.0 695.0
0.9208984375 0.9119511246681213 1731.0 1656.0 22443.0 678.0
0.904296875 0.9137995839118958 1718.0 1594.0 22505.0 691.0
0.90625 0.9140636920928955 1688.0 1557.0 22542.0 721.0
0.9091796875 0.907990038394928 1751.0 1781.0 22318.0 658.0
0.908203125 0.9144786596298218 1710.0 1568.0 22531.0 699.0
0.9130859375 0.9104798436164856 1750.0 1714.0 22385.0 659.0
0.9306640625 0.9152708649635315 1727.0 1564.0 22535.0 682.0
0.9150390625 0.9126301407814026 1719.0 1626.0 22473.0 690.0
0.919921875 0.9099140167236328 1751.0 1730.0 22369.0 658.0
0.916015625 0.9149313569068909 1696.0 1542.0 22557.0 713.0
0.91796875 0.9099516868591309 1769.0 1747.0 22352.0 640.0
0.9130859375 0.9149690866470337 1727.0 1572.0 22527.0 682.0
0.9169921875 0.9148558974266052 1720.0 1568.0 22531.0 689.0
0.9169921875 0.9112343192100525 1765.0 1709.0 22390.0 644.0
0.9267578125 0.914176881313324 1712.0 1578.0 22521.0 697.0
0.890625 0.9111589193344116 1721.0 1667.0 22432.0 688.0
0.908203125 0.9117247462272644 1723.0 1654.0 22445.0 686.0
0.9150390625 0.9142522811889648 1724.0 1588.0 22511.0 685.0
0.92578125 0.9079523086547852 1761.0 1792.0 22307.0 648.0
0.9189453125 0.9123660922050476 1727.0 1641.0 22458.0 682.0
0.91015625 0.9106307625770569 1742.0 1702.0 22397.0 667.0
0.927734375 0.9131582975387573 1706.0 1599.0 22500.0 703.0
0.9228515625 0.9125924110412598 1729.0 1637.0 22462.0 680.0
0.91796875 0.9152708649635315 1687.0 1524.0 22575.0 722.0
0.921875 0.9129319190979004 1718.0 1617.0 22482.0 691.0
0.9091796875 0.9116116166114807 1721.0 1655.0 22444.0 688.0
0.9248046875 0.9142900109291077 1695.0 1558.0 22541.0 714.0
0.8955078125 0.9111211895942688 1745.0 1692.0 22407.0 664.0
0.9013671875 0.9112720489501953 1748.0 1691.0 22408.0 661.0
0.9091796875 0.9147427082061768 1713.0 1564.0 22535.0 696.0
0.9326171875 0.9151954054832458 1700.0 1539.0 22560.0 709.0
0.939453125 0.9140636920928955 1666.0 1535.0 22564.0 743.0
0.9189453125 0.9158744812011719 1703.0 1524.0 22575.0 706.0
0.91796875 0.9115361571311951 1738.0 1674.0 22425.0 671.0
0.89453125 0.9115361571311951 1745.0 1681.0 22418.0 664.0
0.9169921875 0.9153085947036743 1706.0 1542.0 22557.0 703.0
0.916015625 0.9171193838119507 1686.0 1474.0 22625.0 723.0
0.9033203125 0.9100648760795593 1757.0 1732.0 22367.0 652.0
0.9287109375 0.9164780378341675 1713.0 1518.0 22581.0 696.0
0.9189453125 0.9088954329490662 1762.0 1768.0 22331.0 647.0
0.9091796875 0.9145918488502502 1721.0 1576.0 22523.0 688.0
0.9013671875 0.9109325408935547 1724.0 1676.0 22423.0 685.0
0.8984375 0.9085936546325684 1755.0 1769.0 22330.0 654.0
0.935546875 0.9167798161506653 1714.0 1511.0 22588.0 695.0
0.93359375 0.9149313569068909 1705.0 1551.0 22548.0 704.0
0.900390625 0.9138750433921814 1707.0 1581.0 22518.0 702.0
0.9228515625 0.9134600758552551 1708.0 1593.0 22506.0 701.0
0.919921875 0.9124415516853333 1720.0 1632.0 22467.0 689.0
0.9111328125 0.9129696488380432 1719.0 1617.0 22482.0 690.0
0.8974609375 0.9128942489624023 1726.0 1626.0 22473.0 683.0
0.912109375 0.9144786596298218 1739.0 1597.0 22502.0 670.0
0.921875 0.911347508430481 1743.0 1684.0 22415.0 666.0
0.921875 0.9146295189857483 1710.0 1564.0 22535.0 699.0
0.9169921875 0.9096499085426331 1737.0 1723.0 22376.0 672.0
0.908203125 0.9077637195587158 1783.0 1819.0 22280.0 626.0
0.9267578125 0.9154971837997437 1713.0 1544.0 22555.0 696.0
0.9140625 0.9157990217208862 1706.0 1529.0 22570.0 703.0
0.9072265625 0.9124038219451904 1733.0 1646.0 22453.0 676.0
0.9091796875 0.9125546813011169 1742.0 1651.0 22448.0 667.0
0.9248046875 0.9162139892578125 1707.0 1519.0 22580.0 702.0
0.9013671875 0.9150822162628174 1702.0 1544.0 22555.0 707.0
0.8994140625 0.91180020570755 1750.0 1679.0 22420.0 659.0
0.92578125 0.9152708649635315 1728.0 1565.0 22534.0 681.0
0.9052734375 0.916591227054596 1703.0 1505.0 22594.0 706.0
0.9267578125 0.9174966216087341 1688.0 1466.0 22633.0 721.0
0.919921875 0.9149313569068909 1693.0 1539.0 22560.0 716.0
0.91796875 0.9152708649635315 1702.0 1539.0 22560.0 707.0
0.9130859375 0.9131205677986145 1724.0 1618.0 22481.0 685.0
0.91796875 0.9093104004859924 1763.0 1758.0 22341.0 646.0
0.91796875 0.9149313569068909 1702.0 1548.0 22551.0 707.0
0.9208984375 0.9148181676864624 1715.0 1564.0 22535.0 694.0
0.919921875 0.91538405418396 1701.0 1535.0 22564.0 708.0
0.91796875 0.9146295189857483 1705.0 1559.0 22540.0 704.0
0.9140625 0.9131205677986145 1729.0 1623.0 22476.0 680.0
0.939453125 0.9156103730201721 1723.0 1551.0 22548.0 686.0
0.9072265625 0.9104421138763428 1750.0 1715.0 22384.0 659.0
0.9228515625 0.9130451083183289 1731.0 1627.0 22472.0 678.0
0.9208984375 0.9140636920928955 1743.0 1612.0 22487.0 666.0
0.931640625 0.9137618541717529 1702.0 1579.0 22520.0 707.0
0.9267578125 0.9132714867591858 1747.0 1637.0 22462.0 662.0
0.921875 0.9125169515609741 1747.0 1657.0 22442.0 662.0
0.91796875 0.915836751461029 1714.0 1536.0 22563.0 695.0
0.919921875 0.9167798161506653 1712.0 1509.0 22590.0 697.0
0.9150390625 0.9132714867591858 1759.0 1649.0 22450.0 650.0
0.9228515625 0.9137241840362549 1719.0 1597.0 22502.0 690.0
0.9228515625 0.9088577032089233 1754.0 1761.0 22338.0 655.0
0.91796875 0.913233757019043 1739.0 1630.0 22469.0 670.0
0.931640625 0.9137241840362549 1730.0 1608.0 22491.0 679.0
0.9169921875 0.9155349135398865 1722.0 1552.0 22547.0 687.0
0.9130859375 0.9121774435043335 1738.0 1657.0 22442.0 671.0
0.916015625 0.9088199734687805 1760.0 1768.0 22331.0 649.0
0.9287109375 0.9149313569068909 1730.0 1576.0 22523.0 679.0
0.9140625 0.91180020570755 1769.0 1698.0 22401.0 640.0
0.90625 0.9141391515731812 1742.0 1609.0 22490.0 667.0
0.9091796875 0.9133092164993286 1701.0 1590.0 22509.0 708.0
0.9208984375 0.9138373136520386 1734.0 1609.0 22490.0 675.0
0.9091796875 0.9122529029846191 1727.0 1644.0 22455.0 682.0
0.9189453125 0.914176881313324 1726.0 1592.0 22507.0 683.0
0.916015625 0.9154595136642456 1712.0 1544.0 22555.0 697.0
0.91796875 0.9116116166114807 1734.0 1668.0 22431.0 675.0
0.9267578125 0.911347508430481 1757.0 1698.0 22401.0 652.0
0.9091796875 0.9111589193344116 1770.0 1716.0 22383.0 639.0
0.9248046875 0.9133846163749695 1745.0 1632.0 22467.0 664.0
0.923828125 0.9147049784660339 1718.0 1570.0 22529.0 691.0
0.9287109375 0.9150444865226746 1728.0 1571.0 22528.0 681.0
0.923828125 0.9132714867591858 1732.0 1622.0 22477.0 677.0
0.91796875 0.9125169515609741 1721.0 1631.0 22468.0 688.0
0.921875 0.9157235622406006 1717.0 1542.0 22557.0 692.0
0.9111328125 0.9147804379463196 1692.0 1542.0 22557.0 717.0
0.9111328125 0.9153463244438171 1736.0 1571.0 22528.0 673.0
0.919921875 0.9169684648513794 1713.0 1505.0 22594.0 696.0
0.923828125 0.9148558974266052 1729.0 1577.0 22522.0 680.0
0.9130859375 0.9152331352233887 1717.0 1555.0 22544.0 692.0
0.904296875 0.9137241840362549 1755.0 1633.0 22466.0 654.0
0.9130859375 0.9177983999252319 1655.0 1425.0 22674.0 754.0
0.908203125 0.9143277406692505 1750.0 1612.0 22487.0 659.0
0.9169921875 0.9151954054832458 1725.0 1564.0 22535.0 684.0
0.9130859375 0.9090463519096375 1774.0 1776.0 22323.0 635.0
0.9091796875 0.9157235622406006 1715.0 1540.0 22559.0 694.0
0.9150390625 0.9138373136520386 1737.0 1612.0 22487.0 672.0
0.931640625 0.9131205677986145 1738.0 1632.0 22467.0 671.0
0.92578125 0.9171947836875916 1694.0 1480.0 22619.0 715.0
0.9013671875 0.9125546813011169 1758.0 1667.0 22432.0 651.0
0.923828125 0.9140259623527527 1728.0 1598.0 22501.0 681.0
0.90234375 0.9124038219451904 1755.0 1668.0 22431.0 654.0
0.92578125 0.9138373136520386 1719.0 1594.0 22505.0 690.0
0.92578125 0.9149313569068909 1730.0 1576.0 22523.0 679.0
0.9296875 0.9168930053710938 1714.0 1508.0 22591.0 695.0
0.91796875 0.9151199460029602 1691.0 1532.0 22567.0 718.0
0.921875 0.9123660922050476 1746.0 1660.0 22439.0 663.0
0.9140625 0.9154217839241028 1729.0 1562.0 22537.0 680.0
0.9404296875 0.9162517189979553 1715.0 1526.0 22573.0 694.0
0.9208984375 0.9147049784660339 1725.0 1577.0 22522.0 684.0
0.919921875 0.9106307625770569 1774.0 1734.0 22365.0 635.0
0.91796875 0.9124038219451904 1733.0 1646.0 22453.0 676.0
0.927734375 0.9084050059318542 1787.0 1806.0 22293.0 622.0
0.9072265625 0.9156858325004578 1731.0 1557.0 22542.0 678.0
0.919921875 0.9151199460029602 1733.0 1574.0 22525.0 676.0
0.9169921875 0.9170816540718079 1720.0 1509.0 22590.0 689.0
0.912109375 0.9114606976509094 1749.0 1687.0 22412.0 660.0
0.90625 0.9084050059318542 1757.0 1776.0 22323.0 652.0
0.9228515625 0.9139127731323242 1722.0 1595.0 22504.0 687.0
0.9111328125 0.911347508430481 1758.0 1699.0 22400.0 651.0
0.923828125 0.9137241840362549 1745.0 1623.0 22476.0 664.0
0.90625 0.9119888544082642 1729.0 1653.0 22446.0 680.0
0.9306640625 0.9147427082061768 1734.0 1585.0 22514.0 675.0
0.923828125 0.9177983999252319 1674.0 1444.0 22655.0 735.0
0.9326171875 0.9134600758552551 1739.0 1624.0 22475.0 670.0
0.923828125 0.912290632724762 1735.0 1651.0 22448.0 674.0
0.919921875 0.9102157950401306 1754.0 1725.0 22374.0 655.0
0.9140625 0.9155349135398865 1711.0 1541.0 22558.0 698.0
0.9228515625 0.9144786596298218 1732.0 1590.0 22509.0 677.0
0.931640625 0.9137241840362549 1721.0 1599.0 22500.0 688.0
0.93359375 0.9126678705215454 1739.0 1645.0 22454.0 670.0
0.919921875 0.915157675743103 1724.0 1564.0 22535.0 685.0
0.9228515625 0.9148181676864624 1719.0 1568.0 22531.0 690.0
0.923828125 0.9142522811889648 1721.0 1585.0 22514.0 688.0
0.9052734375 0.9127810597419739 1742.0 1645.0 22454.0 667.0
0.90234375 0.9085936546325684 1791.0 1805.0 22294.0 618.0
0.9150390625 0.9136864542961121 1735.0 1614.0 22485.0 674.0
0.931640625 0.9127056002616882 1749.0 1654.0 22445.0 660.0
0.9111328125 0.9122529029846191 1732.0 1649.0 22450.0 677.0
0.9287109375 0.9145918488502502 1719.0 1574.0 22525.0 690.0
0.912109375 0.912026584148407 1757.0 1680.0 22419.0 652.0
0.927734375 0.9148558974266052 1716.0 1564.0 22535.0 693.0
0.9267578125 0.910140335559845 1774.0 1747.0 22352.0 635.0
