2.168535470962524414e+00 5.575268745422363281e+00 1.350193142890930176e+00 9.760556817054748535e-01 -2.005221843719482422e+00 -7.219819068908691406e+00 -5.508921623229980469e+00 -2.645323514938354492e+00 4.440708160400390625e-01 -2.029751986265182495e-01 -3.412969112396240234e+00 -8.369339942932128906e+00 5.241665840148925781e+00 -3.855157375335693359e+00 8.749732375144958496e-01
-5.911574363708496094e+00 5.382425308227539062e+00 -6.797239184379577637e-01 -1.354370474815368652e+00 -1.323760628700256348e+00 -1.864815473556518555e+00 -6.511331558227539062e+00 3.139878034591674805e+00 -2.713786602020263672e+00 5.488396167755126953e+00 -1.884580850601196289e+00 8.771075606346130371e-01 1.068950772285461426e+00 4.125016212463378906e+00 -6.419787406921386719e-01
1.730889320373535156e+00 -1.103754997253417969e+00 1.537903785705566406e+00 6.403075456619262695e-01 -6.176154017448425293e-01 1.027839660644531250e+00 -1.440078616142272949e+00 -1.668938040733337402e+00 4.659674644470214844e+00 3.385762274265289307e-01 -6.377498507499694824e-01 3.701544404029846191e-01 -2.889108061790466309e-01 1.912226676940917969e+00 -1.457200169563293457e+00
-1.481833934783935547e+00 3.891201019287109375e-01 2.458270072937011719e+00 -1.476298809051513672e+00 1.339148640632629395e+00 2.487899780273437500e+00 3.428126573562622070e-01 -5.505607604980468750e+00 2.274251222610473633e+00 -2.790375947952270508e+00 -4.896132946014404297e+00 -9.147434234619140625e-01 -2.965681552886962891e+00 -3.178298950195312500e+00 -3.205114126205444336e+00
-4.063257217407226562e+00 1.349767923355102539e+00 -8.176131248474121094e-01 7.355362176895141602e-01 -1.300527811050415039e+00 2.536667823791503906e+00 -6.888073921203613281e+00 -2.564408063888549805e+00 -2.577822923660278320e+00 2.407861948013305664e+00 -5.225647687911987305e-01 -6.621560454368591309e-01 -4.837760448455810547e+00 -4.187633514404296875e+00 -5.313171863555908203e+00
-3.211980104446411133e+00 -4.517744541168212891e+00 2.925644516944885254e-01 -5.628862857818603516e+00 3.339670419692993164e+00 1.796056509017944336e+00 -2.781654596328735352e+00 5.607293128967285156e+00 -4.314352035522460938e+00 6.517930507659912109e+00 -2.679193317890167236e-01 5.390035152435302734e+00 2.770725250244140625e+00 1.087294101715087891e+00 -8.695148229598999023e-01
-4.747453689575195312e+00 -1.279457062482833862e-01 -2.467788457870483398e+00 -4.643194973468780518e-01 4.058619737625122070e-01 -3.775188922882080078e-01 1.282313227653503418e+00 -8.312794566154479980e-01 4.839832782745361328e+00 -8.473403930664062500e+00 -5.927558898925781250e+00 5.718028068542480469e+00 4.182325363159179688e+00 2.715468168258666992e+00 -2.865256369113922119e-01
-1.568085312843322754e+00 5.725085735321044922e-01 -1.633967906236648560e-01 6.474727153778076172e+00 -3.092517852783203125e+00 8.575195074081420898e-01 -8.746561408042907715e-01 3.410876035690307617e+00 -5.758905887603759766e+00 -1.768795847892761230e+00 -5.005147933959960938e+00 1.750013113021850586e+00 1.241329550743103027e+00 6.223493099212646484e+00 4.209152460098266602e-01
-9.351541399955749512e-01 -2.382972717285156250e+00 -3.481297791004180908e-01 4.802416801452636719e+00 -1.529242515563964844e+00 1.262009501457214355e+00 -2.401815652847290039e+00 -9.073148727416992188e+00 -4.960664749145507812e+00 -3.007807493209838867e+00 -1.383184552192687988e+00 -8.578553199768066406e-01 -1.350579142570495605e+00 4.100679457187652588e-01 5.723579406738281250e+00
-8.937262892723083496e-01 1.489723443984985352e+00 1.925495505332946777e+00 -1.166910552978515625e+01 3.119329214096069336e-01 2.357907533645629883e+00 -1.738867044448852539e+00 -9.984971284866333008e-01 2.402048826217651367e+00 8.006410598754882812e+00 -3.346246480941772461e+00 3.394279003143310547e+00 2.300748601555824280e-02 6.926162719726562500e+00 -2.371228456497192383e+00
3.893378257751464844e+00 -1.040128946304321289e+00 2.443055391311645508e+00 4.764134407043457031e+00 3.441111564636230469e+00 -1.133907198905944824e+00 -1.644450724124908447e-01 -2.167720943689346313e-01 -1.418152451515197754e+00 7.330874800682067871e-01 -6.481391787528991699e-01 2.958821773529052734e+00 1.656075000762939453e+00 -8.875184655189514160e-01 1.761123776435852051e+00
-3.232926607131958008e+00 -3.384230375289916992e+00 1.214620232582092285e+00 3.394563913345336914e+00 6.894236207008361816e-01 -1.481527686119079590e-01 -3.078879833221435547e+00 -1.360759735107421875e+00 2.876002073287963867e+00 1.646985411643981934e+00 1.808794498443603516e+00 1.168384790420532227e+00 -1.443850636482238770e+00 3.054264187812805176e-01 -1.950129866600036621e+00
-3.576247930526733398e+00 -1.493688583374023438e+00 -8.973653316497802734e-01 4.188544273376464844e+00 -4.587268829345703125e+00 -2.686057567596435547e+00 8.269647955894470215e-01 6.820901036262512207e-01 -5.078491568565368652e-01 2.572579383850097656e+00 5.298257350921630859e+00 -2.512280464172363281e+00 -3.600844383239746094e+00 -1.961592555046081543e+00 -1.237027525901794434e+00
-4.424978196620941162e-01 2.116267442703247070e+00 -9.435772299766540527e-01 3.338100194931030273e+00 1.475718140602111816e+00 -5.032421588897705078e+00 4.788171291351318359e+00 1.654411315917968750e+00 2.329512834548950195e+00 2.686321735382080078e+00 -2.670682191848754883e+00 -1.222239062190055847e-01 1.794660329818725586e+00 -8.452824592590332031e+00 -2.116315841674804688e+00
-1.459429144859313965e+00 9.753351807594299316e-01 9.450009346008300781e+00 -5.962692201137542725e-03 -4.576622486114501953e+00 3.345798254013061523e+00 1.232270240783691406e+00 4.647007465362548828e+00 3.050791263580322266e+00 6.847222805023193359e+00 -6.378287792205810547e+00 -3.151633024215698242e+00 -1.790870547294616699e+00 -1.341917872428894043e+00 -1.588960886001586914e+00
-3.201179981231689453e+00 9.842288017272949219e+00 1.771918773651123047e+00 -1.554374456405639648e+00 1.219082117080688477e+00 5.767870903015136719e+00 -1.050960659980773926e+00 -3.487535715103149414e-01 -2.577118396759033203e+00 -2.674925088882446289e+00 3.006432533264160156e+00 1.725950717926025391e+00 -3.069707751274108887e-01 -1.018439382314682007e-01 6.589247703552246094e+00
4.618756473064422607e-02 5.555190563201904297e+00 -4.388582706451416016e+00 6.844409465789794922e+00 -3.111319303512573242e+00 5.952868938446044922e+00 -2.195065498352050781e+00 -1.358094692230224609e+00 2.359435558319091797e+00 -5.718954563140869141e+00 3.494303822517395020e-01 1.080513477325439453e+00 1.675711274147033691e+00 -3.452473163604736328e+00 -1.448471069335937500e+00
-4.468412399291992188e+00 -1.119086027145385742e+00 -2.313103914260864258e+00 -8.363956451416015625e+00 2.874036312103271484e+00 -5.011438369750976562e+00 -6.615746021270751953e+00 4.497252941131591797e+00 -5.904006958007812500e+00 -5.987421989440917969e+00 1.115506768226623535e+00 -6.900844573974609375e+00 -1.069939041137695312e+01 -3.959065198898315430e+00 -6.369565427303314209e-02
5.246280670166015625e+00 -1.035487532615661621e+00 1.668219566345214844e+00 5.377787590026855469e+00 2.581322431564331055e+00 -1.141074299812316895e+00 -4.951702058315277100e-01 6.530587077140808105e-01 -1.906747221946716309e+00 1.332729101181030273e+00 -2.169295996427536011e-01 3.144801616668701172e+00 2.048515558242797852e+00 -1.570929527282714844e+00 2.409060955047607422e+00
4.552289009094238281e+00 -1.954494476318359375e+00 3.744320392608642578e+00 7.139602303504943848e-01 1.092649474740028381e-01 7.436790317296981812e-02 -1.133869171142578125e+00 -3.775043249130249023e+00 5.069222927093505859e+00 2.108317375183105469e+00 -1.975010752677917480e+00 -3.358464539051055908e-01 3.701974153518676758e-01 9.628338813781738281e-01 -1.266793370246887207e+00
4.569983482360839844e+00 4.448311924934387207e-01 -4.172087907791137695e-01 -7.886134833097457886e-02 1.905472874641418457e+00 6.648142337799072266e-01 -1.180872440338134766e+00 -5.600809454917907715e-01 2.610007286071777344e+00 2.532103538513183594e+00 -6.753135919570922852e-01 -2.697061777114868164e+00 -1.932676911354064941e+00 -3.254996538162231445e+00 -1.132520914077758789e+00
4.508149623870849609e+00 -1.604418754577636719e-01 -9.094088673591613770e-01 4.740948677062988281e-01 -2.141185522079467773e+00 -1.319342970848083496e+00 -7.295352220535278320e-01 2.003643751144409180e+00 6.628468632698059082e-01 2.575584650039672852e+00 -8.470166325569152832e-01 -8.947777748107910156e-01 -3.156860113143920898e+00 -5.162538528442382812e+00 -2.437162399291992188e+00
2.566947460174560547e+00 -1.827716112136840820e+00 3.337795257568359375e+00 -2.185851097106933594e+00 -1.576640129089355469e+00 3.180147707462310791e-01 -3.164424419403076172e+00 4.373918056488037109e+00 1.336604714393615723e+00 -1.351727843284606934e+00 -1.166474938392639160e+00 -3.150499105453491211e+00 -2.077058315277099609e+00 -4.849852561950683594e+00 -6.022415757179260254e-01
1.583986997604370117e+00 -3.154753208160400391e+00 3.287356615066528320e+00 -2.317104339599609375e+00 -2.213374376296997070e+00 -1.198877811431884766e+00 -2.741225719451904297e+00 4.613399982452392578e+00 6.826268434524536133e-01 -2.933281898498535156e+00 6.520132422447204590e-01 -4.567372500896453857e-01 -3.211394786834716797e+00 -3.215838432312011719e+00 -3.582379817962646484e-01
1.560364842414855957e+00 3.341416120529174805e-01 1.053382158279418945e+00 -2.208163738250732422e+00 1.777672022581100464e-01 -2.328803062438964844e+00 -4.297699630260467529e-01 3.002743959426879883e+00 5.122835040092468262e-01 -3.033595323562622070e+00 -1.340949088335037231e-01 -1.071073651313781738e+00 -3.923690795898437500e+00 -2.348533153533935547e+00 -5.603194236755371094e-01
1.235944867134094238e+00 -5.066050887107849121e-01 -4.193744659423828125e-01 -1.431338787078857422e+00 -2.968199253082275391e-01 -2.150589704513549805e+00 -8.440262675285339355e-01 2.771105527877807617e+00 3.211207687854766846e-01 -3.673077344894409180e+00 5.477598905563354492e-01 -8.601501584053039551e-01 -3.233767271041870117e+00 -3.660892009735107422e+00 -6.792340874671936035e-01
6.351475119590759277e-01 -9.961974620819091797e-01 -1.320671558380126953e+00 -1.782145500183105469e+00 -1.569005966186523438e+00 -9.449737071990966797e-01 -2.845259010791778564e-01 1.343684315681457520e+00 -1.767831891775131226e-01 -2.894417524337768555e+00 -1.660036325454711914e+00 -1.628208279609680176e+00 -5.836602210998535156e+00 -2.546669006347656250e+00 1.494004964828491211e+00
1.823096990585327148e+00 -5.795339941978454590e-01 -3.306130647659301758e+00 -1.786421775817871094e+00 -5.618715286254882812e-01 -1.798716783523559570e-01 -2.795431613922119141e-01 1.505372881889343262e+00 1.928193308413028717e-02 -1.408986926078796387e+00 -2.830728530883789062e+00 -1.491325616836547852e+00 -6.355998516082763672e+00 -1.602080941200256348e+00 2.654881238937377930e+00
1.424782071262598038e-02 6.226594373583793640e-02 2.334747791290283203e+00 -5.043659210205078125e-01 -4.061789512634277344e+00 -4.854376614093780518e-01 8.870806545019149780e-02 7.737171053886413574e-01 2.283028364181518555e+00 -8.433747887611389160e-01 4.271624088287353516e+00 2.763746082782745361e-01 -1.084421157836914062e+00 -8.708558082580566406e-01 1.929251074790954590e+00
1.201387643814086914e+00 -3.978053629398345947e-01 2.106724023818969727e+00 8.766549229621887207e-01 3.475480377674102783e-01 -2.787571668624877930e+00 1.049247264862060547e+00 2.021355628967285156e+00 2.315359830856323242e+00 4.622294008731842041e-01 2.185424804687500000e+00 5.643134593963623047e+00 -8.980072736740112305e-01 -1.542002916336059570e+00 -4.964426755905151367e-01
-2.639293193817138672e+00 -4.043648838996887207e-01 2.896055936813354492e+00 3.596498966217041016e-01 -1.789000630378723145e+00 -2.706566810607910156e+00 5.869980335235595703e+00 -1.538860797882080078e+00 -7.443974912166595459e-02 6.638147234916687012e-01 -1.544706344604492188e+00 5.297154784202575684e-01 -3.048370361328125000e+00 -3.282447814941406250e+00 -1.777530193328857422e+00
-4.162325859069824219e+00 -7.610539197921752930e-01 9.287886023521423340e-01 3.720026016235351562e+00 -2.488454341888427734e+00 -2.221650123596191406e+00 4.113126277923583984e+00 1.005632400512695312e+00 1.950504064559936523e+00 4.025928974151611328e+00 -3.987085819244384766e-02 -4.898362636566162109e+00 -2.487398982048034668e-01 -5.720257282257080078e+00 2.079190492630004883e+00
3.221187591552734375e+00 -5.215009212493896484e+00 3.919516801834106445e+00 2.645260572433471680e+00 1.122181892395019531e+00 8.853437423706054688e+00 8.592041015625000000e+00 3.769453287124633789e+00 -7.352423191070556641e+00 -3.627669334411621094e+00 2.360586643218994141e+00 -3.257574558258056641e+00 1.506487727165222168e+00 6.698245406150817871e-01 1.071995377540588379e+00
5.419579505920410156e+00 1.194639086723327637e+00 3.293174982070922852e+00 -2.033086299896240234e+00 9.637403488159179688e-01 3.964977979660034180e+00 -3.112158298492431641e+00 -2.010762929916381836e+00 -9.475639343261718750e+00 -9.608212113380432129e-01 2.071552515029907227e+00 -2.512252092361450195e+00 4.258810997009277344e+00 2.351763248443603516e+00 -4.934123516082763672e+00
-4.833774566650390625e+00 4.645532131195068359e+00 -5.502789020538330078e+00 4.096122264862060547e+00 -2.794367313385009766e+00 -5.097567558288574219e+00 -3.782931268215179443e-01 -3.489739179611206055e+00 -2.024413824081420898e+00 2.703652679920196533e-01 -1.117648601531982422e+00 5.079807043075561523e-01 1.506641864776611328e+00 1.748065233230590820e+00 1.447469949722290039e+00
6.760649204254150391e+00 -7.465294361114501953e+00 1.086106491088867188e+01 1.894079208374023438e+00 -1.391984105110168457e+00 -4.869614601135253906e+00 -1.326301479339599609e+01 -8.651115417480468750e+00 2.325439453125000000e+00 -3.941012144088745117e+00 -3.885313987731933594e+00 -9.810723662376403809e-01 3.030188798904418945e+00 -4.056806087493896484e+00 3.920536637306213379e-01
5.209463119506835938e+00 -9.241982698440551758e-01 1.266647577285766602e+00 6.289472579956054688e+00 2.349969387054443359e+00 -9.590411186218261719e-01 -1.233717203140258789e+00 8.746192455291748047e-01 -1.845506906509399414e+00 1.723876476287841797e+00 7.254626601934432983e-03 2.880743265151977539e+00 2.389042854309082031e+00 -1.847284555435180664e+00 2.758471488952636719e+00
4.312528133392333984e+00 -3.688617944717407227e+00 5.401460170745849609e+00 4.384266853332519531e+00 5.207184791564941406e+00 4.561330378055572510e-01 2.124373197555541992e+00 -3.349240779876708984e+00 1.517426133155822754e+00 7.260506600141525269e-02 -6.476175189018249512e-01 -1.016643643379211426e+00 5.161887407302856445e-01 1.487137097865343094e-02 -7.562173008918762207e-01
2.977656841278076172e+00 -3.566657543182373047e+00 4.331781268119812012e-01 5.892977118492126465e-01 1.258612155914306641e+00 -2.724443912506103516e+00 -1.570791721343994141e+00 -2.509922266006469727e+00 1.138911843299865723e+00 2.534674406051635742e+00 -5.622958764433860779e-02 1.324643731117248535e+00 -2.624825716018676758e+00 -2.332061290740966797e+00 1.273259520530700684e-01
3.006073474884033203e+00 8.802953958511352539e-01 8.444668054580688477e-01 -1.250525116920471191e+00 8.962078392505645752e-02 -1.103031277656555176e+00 2.355506643652915955e-02 -4.542365670204162598e-01 -1.358297228813171387e+00 2.071678638458251953e+00 -7.630984783172607422e-01 2.328909873962402344e+00 -4.028488159179687500e+00 -6.811456203460693359e+00 -4.540291786193847656e+00
4.478592395782470703e+00 -4.436510205268859863e-01 9.940013885498046875e-01 7.634941339492797852e-01 -1.357273101806640625e+00 -1.761525750160217285e+00 -1.043895006179809570e+00 3.404046297073364258e+00 6.652727723121643066e-01 2.317658424377441406e+00 -9.407145380973815918e-01 -1.226931571960449219e+00 -3.215337514877319336e+00 -5.215204715728759766e+00 -2.780846834182739258e+00
-6.927588582038879395e-01 -4.181263446807861328e+00 6.474756240844726562e+00 -2.385609388351440430e+00 -2.803511142730712891e+00 -2.364307880401611328e+00 -3.988425254821777344e+00 5.214213848114013672e+00 2.446543931961059570e+00 -5.490752220153808594e+00 -7.049665600061416626e-02 -3.542247533798217773e+00 -1.020333886146545410e+00 -4.442337989807128906e+00 1.260971903800964355e+00
-3.745483160018920898e+00 9.450162053108215332e-01 2.832278966903686523e+00 4.499935805797576904e-01 3.700180768966674805e+00 -2.710938215255737305e+00 -2.077861070632934570e+00 4.221883296966552734e+00 2.520640611648559570e+00 -6.540788173675537109e+00 1.913977786898612976e-02 -7.319420576095581055e-02 -5.502901554107666016e+00 -5.985619068145751953e+00 -1.467670440673828125e+00
1.151486515998840332e+00 5.338792204856872559e-01 -1.090924382209777832e+00 3.128574192523956299e-01 5.581746697425842285e-01 -2.356784582138061523e+00 2.354937940835952759e-01 1.127360820770263672e+00 9.375210404396057129e-01 -1.164382696151733398e+00 -5.213428497314453125e+00 -9.450994729995727539e-01 -8.666116714477539062e+00 -2.526373863220214844e+00 1.385705828666687012e+00
2.014699935913085938e+00 1.106506064534187317e-01 -2.457544088363647461e+00 -2.728322744369506836e-01 1.075666397809982300e-01 -1.859805822372436523e+00 7.531411051750183105e-01 2.940334379673004150e-01 3.935688436031341553e-01 -6.775174736976623535e-01 -4.603876113891601562e+00 -6.311492919921875000e-01 -8.003860473632812500e+00 -1.471867918968200684e+00 2.173116445541381836e+00
2.504127740859985352e+00 2.245853900909423828e+00 3.864070177078247070e+00 1.149361968040466309e+00 7.788294553756713867e-01 -5.734496593475341797e+00 4.874400138854980469e+00 -2.049830108880996704e-01 4.539010524749755859e-01 -1.354001998901367188e+00 1.962300539016723633e+00 -3.782993078231811523e+00 -2.126989364624023438e-01 2.971344232559204102e+00 -9.097086906433105469e+00
2.524897336959838867e+00 2.109773904085159302e-01 1.250125050544738770e+00 9.148001670837402344e-01 -1.682072162628173828e+00 2.785086631774902344e-01 3.646989762783050537e-01 1.093729853630065918e+00 3.080690860748291016e+00 8.579446673393249512e-01 2.594278335571289062e+00 2.313047498464584351e-01 -1.124087691307067871e+00 1.738383412361145020e+00 1.100246429443359375e+00
-1.994914889335632324e+00 -3.016231536865234375e+00 2.371177673339843750e+00 4.444846630096435547e+00 -4.039295017719268799e-01 -7.073641419410705566e-01 -4.540868103504180908e-02 5.170823931694030762e-01 2.477291584014892578e+00 8.545264601707458496e-01 2.618310928344726562e+00 2.647978544235229492e+00 -2.896030843257904053e-01 -1.449761152267456055e+00 -8.997651338577270508e-01
-3.573917388916015625e+00 -1.650039076805114746e+00 1.259608745574951172e+00 4.831141948699951172e+00 -3.373376727104187012e-01 5.752069354057312012e-01 2.620944499969482422e+00 2.404937744140625000e+00 2.557811737060546875e+00 9.884523153305053711e-01 2.693765163421630859e+00 -2.431403875350952148e+00 -1.907171368598937988e+00 -2.056740999221801758e+00 -3.627303361892700195e+00
2.253793239593505859e+00 4.054328918457031250e+00 9.544484615325927734e-01 6.384441256523132324e-01 -6.564428657293319702e-02 -4.802140235900878906e+00 -4.291787147521972656e+00 3.794943332672119141e+00 -6.866883039474487305e-01 2.548192501068115234e+00 5.187945365905761719e+00 -3.213569641113281250e+00 -4.636110305786132812e+00 2.974209785461425781e+00 8.673593401908874512e-01
-4.951235771179199219e+00 3.380915641784667969e+00 4.819100856781005859e+00 1.152827024459838867e+00 5.459587097167968750e+00 -5.865546226501464844e+00 -4.284080982208251953e+00 2.162525653839111328e-01 -3.132716178894042969e+00 3.332141876220703125e+00 2.751558542251586914e+00 -6.918923258781433105e-01 -4.610018730163574219e+00 1.711565375328063965e+00 -3.977720737457275391e+00
-1.773288607597351074e+00 2.170884609222412109e+00 3.132549285888671875e+00 6.083907604217529297e+00 6.938903808593750000e+00 8.869860768318176270e-01 -6.176945686340332031e+00 5.078576564788818359e+00 2.550651550292968750e+00 3.331416845321655273e+00 1.244307398796081543e+00 -6.721455574035644531e+00 -5.446135997772216797e+00 -2.302260249853134155e-01 5.091588973999023438e+00
-4.411299705505371094e+00 1.756974339485168457e+00 -3.612363934516906738e-01 -5.723232626914978027e-01 4.664310455322265625e+00 4.483306884765625000e+00 -1.652732133865356445e+00 4.521088898181915283e-01 4.241773188114166260e-01 -4.472830295562744141e+00 -3.160564899444580078e+00 8.422818183898925781e-01 2.723794803023338318e-02 -2.079858064651489258e+00 7.196814537048339844e+00
-4.272920608520507812e+00 4.406194686889648438e+00 2.801031827926635742e+00 1.432862186431884766e+01 2.113161325454711914e+00 1.471961021423339844e+00 -5.849185943603515625e+00 8.555778861045837402e-01 -3.336705446243286133e+00 -5.446508407592773438e+00 -6.725490689277648926e-01 5.481410026550292969e+00 -1.114743709564208984e+01 -4.438287734985351562e+00 -8.707683563232421875e+00
5.620171070098876953e+00 -6.541773080825805664e-01 1.208101034164428711e+00 5.912095069885253906e+00 3.221126556396484375e+00 -1.106649756431579590e+00 -1.463492274284362793e+00 1.010852098464965820e+00 -2.458495140075683594e+00 1.569714784622192383e+00 3.251682519912719727e-01 3.811701059341430664e+00 2.104947328567504883e+00 -1.899799704551696777e+00 1.797434091567993164e+00
4.609146595001220703e+00 -3.265669822692871094e+00 5.654435157775878906e+00 4.509052276611328125e+00 4.529438972473144531e+00 2.476937472820281982e-01 1.929028868675231934e+00 -3.495210886001586914e+00 1.581509590148925781e+00 -8.322177827358245850e-02 -1.348361492156982422e+00 -4.566679596900939941e-01 6.655789017677307129e-01 -7.094053030014038086e-01 2.334620952606201172e-01
3.579412937164306641e+00 -3.988947629928588867e+00 6.156130433082580566e-01 9.838629961013793945e-01 1.505207657814025879e+00 -2.880883693695068359e+00 -1.896247148513793945e+00 -1.365853667259216309e+00 1.764850020408630371e+00 2.939352750778198242e+00 3.663502335548400879e-01 1.000272035598754883e+00 -2.007305383682250977e+00 -2.260130882263183594e+00 6.989684700965881348e-01
3.871104955673217773e+00 -3.799395084381103516e+00 6.313063502311706543e-01 7.984608411788940430e-01 1.671659946441650391e+00 -2.748301982879638672e+00 -1.415304660797119141e+00 -1.413576126098632812e+00 1.599518895149230957e+00 2.385585784912109375e+00 3.216221034526824951e-01 1.243628025054931641e+00 -2.280172824859619141e+00 -2.783350229263305664e+00 7.086141705513000488e-01
3.214018583297729492e+00 -4.177770137786865234e+00 4.587992131710052490e-01 1.073241353034973145e+00 1.171431660652160645e+00 -2.416345596313476562e+00 -1.474504113197326660e+00 -2.215876817703247070e+00 1.443625926971435547e+00 2.481037616729736328e+00 3.270843029022216797e-01 7.155776023864746094e-01 -2.105413436889648438e+00 -2.882860183715820312e+00 5.817168354988098145e-01
3.128913164138793945e+00 -3.914266586303710938e+00 7.482237219810485840e-01 9.961777329444885254e-01 1.577449560165405273e+00 -2.292595386505126953e+00 -1.504514455795288086e+00 -1.891865015029907227e+00 9.654757976531982422e-01 2.425244331359863281e+00 3.163295984268188477e-01 1.107987761497497559e+00 -2.224720239639282227e+00 -2.931744098663330078e+00 4.050381779670715332e-01
-1.100152373313903809e+00 -2.592642068862915039e+00 -1.455731272697448730e+00 -4.158352613449096680e-01 -2.754339575767517090e-02 5.886284351348876953e+00 1.582295179367065430e+00 1.167172193527221680e+00 3.651447296142578125e-01 2.512380123138427734e+00 1.858999371528625488e+00 2.762362957000732422e+00 -1.427658200263977051e+00 -7.758749127388000488e-01 -1.594995021820068359e+00
3.149275064468383789e+00 -3.837550401687622070e+00 1.244166970252990723e+00 6.580060720443725586e-01 1.551428079605102539e+00 -2.179477691650390625e+00 -1.566573143005371094e+00 -2.306400299072265625e+00 1.253622174263000488e+00 2.305371761322021484e+00 -4.131251201033592224e-02 9.307702183723449707e-01 -1.923061132431030273e+00 -2.516800642013549805e+00 5.753633975982666016e-01
3.393965244293212891e+00 -2.956317901611328125e+00 5.097199916839599609e+00 4.268452897667884827e-02 2.377662420272827148e+00 -2.899664640426635742e+00 -5.989435315132141113e-01 -3.595745325088500977e+00 3.062955617904663086e+00 6.391366124153137207e-01 6.368196606636047363e-01 -1.198429986834526062e-01 -3.548406064510345459e-01 1.535208225250244141e-01 4.899355769157409668e-01
3.285282135009765625e+00 -3.732793331146240234e+00 1.540469229221343994e-01 8.892987370491027832e-01 1.330729961395263672e+00 -2.812993288040161133e+00 -1.610270977020263672e+00 -2.248579025268554688e+00 1.257321834564208984e+00 2.540780067443847656e+00 2.435611039400100708e-01 8.995708823204040527e-01 -2.185701370239257812e+00 -2.601357936859130859e+00 3.857077360153198242e-01
3.288101434707641602e+00 -3.617002487182617188e+00 5.065013766288757324e-01 1.069845438003540039e+00 1.471033096313476562e+00 -2.689831256866455078e+00 -1.346837043762207031e+00 -2.187294721603393555e+00 1.329342603683471680e+00 2.475876569747924805e+00 -3.955136239528656006e-02 9.861813187599182129e-01 -2.291087150573730469e+00 -2.579576730728149414e+00 1.131970882415771484e-01
3.337308645248413086e+00 -3.518028259277343750e+00 4.777808785438537598e-01 1.038315653800964355e+00 1.434626936912536621e+00 -2.493214368820190430e+00 -1.425533533096313477e+00 -2.348395109176635742e+00 1.460523605346679688e+00 2.910755872726440430e+00 3.769979253411293030e-02 1.050361514091491699e+00 -2.267760038375854492e+00 -2.327371835708618164e+00 2.263966202735900879e-01
3.296333789825439453e+00 -3.750730037689208984e+00 4.398009181022644043e-01 1.159041762351989746e+00 1.244743704795837402e+00 -2.380548715591430664e+00 -1.491708993911743164e+00 -2.092954874038696289e+00 1.081032872200012207e+00 2.865664482116699219e+00 5.156685411930084229e-02 1.048725605010986328e+00 -2.396471977233886719e+00 -2.424390316009521484e+00 1.783505827188491821e-01
3.270088195800781250e+00 -3.887656927108764648e+00 3.988385200500488281e-01 1.175132870674133301e+00 1.406394004821777344e+00 -2.349741697311401367e+00 -1.886899828910827637e+00 -2.505841016769409180e+00 1.053425788879394531e+00 2.439895153045654297e+00 1.980363279581069946e-01 8.764604330062866211e-01 -2.169211864471435547e+00 -2.572684288024902344e+00 3.570895195007324219e-01
3.724764108657836914e+00 -3.633865833282470703e+00 5.734267830848693848e-01 6.987583041191101074e-01 1.462927103042602539e+00 -2.278980970382690430e+00 -1.307017326354980469e+00 -2.267130374908447266e+00 1.354407906532287598e+00 2.485340118408203125e+00 -1.421174556016921997e-01 1.240315437316894531e+00 -2.384060144424438477e+00 -2.687176942825317383e+00 5.372065901756286621e-01
3.108843326568603516e+00 -3.862721681594848633e+00 5.999456048011779785e-01 1.131999492645263672e+00 1.761927485466003418e+00 -1.437960267066955566e+00 -2.135193824768066406e+00 -2.011482715606689453e+00 2.353917837142944336e+00 2.677862882614135742e+00 8.266130685806274414e-01 -3.425121605396270752e-01 -1.717410206794738770e+00 -2.258916139602661133e+00 4.450680613517761230e-01
3.288565635681152344e+00 -3.838839054107666016e+00 3.597245514392852783e-01 8.122498989105224609e-01 1.320330977439880371e+00 -2.397032260894775391e+00 -1.726925492286682129e+00 -2.031764507293701172e+00 1.103418588638305664e+00 2.617946863174438477e+00 2.290944308042526245e-01 1.057631492614746094e+00 -2.315252542495727539e+00 -2.921275615692138672e+00 3.319354057312011719e-01
1.883359193801879883e+00 1.216314554214477539e+00 1.154392212629318237e-01 -5.267236232757568359e-01 -1.464347243309020996e+00 -2.439580440521240234e+00 -1.341555565595626831e-01 -2.086936533451080322e-01 5.044050812721252441e-01 4.454822540283203125e+00 -8.891100287437438965e-01 8.014682531356811523e-01 -6.859142780303955078e-01 -8.309354782104492188e+00 -1.615613341331481934e+00
4.015145301818847656e+00 -8.667744994163513184e-01 3.405502796173095703e+00 9.048089385032653809e-02 -2.136409282684326172e+00 -1.126374721527099609e+00 -1.209947466850280762e+00 2.970113754272460938e+00 -2.114992588758468628e-01 9.576544165611267090e-01 -7.691827416419982910e-01 7.628571987152099609e-01 -3.438228845596313477e+00 -6.911868572235107422e+00 -3.581214427947998047e+00
3.386193513870239258e+00 -3.779582738876342773e+00 4.124251365661621094e+00 -3.727035522460937500e-01 -5.011696338653564453e+00 -3.920260190963745117e+00 -5.278350353240966797e+00 5.545149803161621094e+00 3.338078737258911133e+00 -5.851991653442382812e+00 4.421091675758361816e-01 -1.027909874916076660e+00 1.478582620620727539e+00 -6.548675060272216797e+00 4.991398379206657410e-02
6.059103608131408691e-01 -6.159113407135009766e+00 2.828066825866699219e+00 3.370210886001586914e+00 -5.022515296936035156e+00 -6.769019126892089844e+00 -3.926013231277465820e+00 1.577252268791198730e+00 -1.302711293101310730e-02 -5.382392406463623047e+00 -3.229968547821044922e-01 -3.040482997894287109e+00 1.395066976547241211e+00 -8.227085113525390625e+00 -4.088665485382080078e+00
9.359809756278991699e-01 -2.170972675085067749e-01 4.297937750816345215e-01 7.507899403572082520e-01 1.024781703948974609e+00 -3.022525787353515625e+00 -7.054963111877441406e-01 2.789556503295898438e+00 2.397742271423339844e-01 -2.641764640808105469e+00 -5.049963474273681641e+00 -1.093354225158691406e+00 -9.579028129577636719e+00 -3.478173494338989258e+00 -2.721833884716033936e-01
1.074126124382019043e+00 1.283568143844604492e+00 -1.225324273109436035e+00 1.543637216091156006e-01 -3.539664298295974731e-02 -2.106436014175415039e+00 2.762168347835540771e-01 5.996344685554504395e-01 8.074444532394409180e-01 -6.725102066993713379e-01 -5.103355884552001953e+00 8.038260042667388916e-02 -9.557865142822265625e+00 -2.255447149276733398e+00 2.680032968521118164e+00
-3.091288805007934570e+00 -9.403729438781738281e-01 -4.083472490310668945e-02 1.422177672386169434e+00 -3.798914253711700439e-01 -5.962436676025390625e+00 8.905022740364074707e-01 1.037214323878288269e-01 1.067212939262390137e+00 -8.230832815170288086e-01 2.719143331050872803e-01 3.245778083801269531e+00 -6.285866260528564453e+00 -8.401418924331665039e-01 2.404597043991088867e+00
-2.245271205902099609e+00 3.873839378356933594e-01 1.838217258453369141e+00 1.029532790184020996e+00 1.917660593986511230e+00 -1.807340502738952637e+00 -1.304320991039276123e-01 -9.312918186187744141e-01 8.148473501205444336e-01 -4.124537408351898193e-01 3.964662790298461914e+00 5.782545566558837891e+00 -2.146210432052612305e+00 1.105574488639831543e+00 -3.958775520324707031e+00
1.327140569686889648e+00 2.408534288406372070e+00 6.511140823364257812e+00 -7.552059888839721680e-01 -3.428679704666137695e+00 -4.148231029510498047e+00 8.621444702148437500e-01 3.772552907466888428e-01 9.501832723617553711e-01 1.775338888168334961e+00 3.414412975311279297e+00 5.152502059936523438e+00 2.075352430343627930e+00 -8.916521817445755005e-02 -1.671342968940734863e+00
-2.345042467117309570e+00 -2.186500787734985352e+00 -2.207952499389648438e+00 4.867594718933105469e+00 3.572727918624877930e+00 1.035100460052490234e+00 1.036221861839294434e+00 3.254696607589721680e+00 2.152066946029663086e+00 -3.056005239486694336e+00 4.490207195281982422e+00 -2.733343362808227539e+00 8.873876333236694336e-01 -1.601490020751953125e+00 -4.175497531890869141e+00
-1.206521987915039062e+00 1.814036130905151367e+00 5.332876205444335938e+00 3.127200841903686523e+00 -1.761298656463623047e+00 -4.751746177673339844e+00 -1.022476553916931152e+00 2.029415607452392578e+00 1.443547368049621582e+00 1.752135753631591797e+00 3.039846420288085938e+00 -1.648172378540039062e+00 -2.592922925949096680e+00 4.586588859558105469e+00 -9.369554519653320312e-01
-4.683901309967041016e+00 1.924741744995117188e+00 3.630369663238525391e+00 2.668088912963867188e+00 5.703641414642333984e+00 7.454290390014648438e-01 3.162331283092498779e-01 3.795481681823730469e+00 5.460433483123779297e+00 2.012703180313110352e+00 -2.940270900726318359e+00 -4.256584167480468750e+00 6.328725814819335938e-01 -1.656485319137573242e+00 -6.149897575378417969e-01
-5.792218208312988281e+00 -2.454894781112670898e+00 -2.202941656112670898e+00 -6.068769931793212891e+00 1.250129604339599609e+01 -3.341685533523559570e+00 2.714395999908447266e+00 -4.289202213287353516e+00 2.587071180343627930e+00 -4.877285480499267578e+00 -5.402510762214660645e-01 -7.010524272918701172e+00 4.260398864746093750e+00 4.861372470855712891e+00 -1.571636348962783813e-01
3.121171474456787109e+00 3.968567132949829102e+00 3.184471607208251953e+00 -3.459876060485839844e+00 3.377107143402099609e+00 -7.620514631271362305e-01 -2.842107117176055908e-01 7.856188416481018066e-01 -1.252162933349609375e+00 -2.392899274826049805e+00 -1.107306480407714844e+00 6.484369635581970215e-01 -7.868431806564331055e-01 9.083195328712463379e-01 -1.892618834972381592e-01
-2.638290643692016602e+00 9.533566236495971680e-01 -3.456981182098388672e+00 3.926810741424560547e+00 5.724866867065429688e+00 -3.661463260650634766e-01 -2.292913675308227539e+00 2.268666982650756836e+00 1.730211496353149414e+00 9.838957786560058594e-01 -1.825214862823486328e+00 -5.350341796875000000e+00 -2.931785821914672852e+00 4.407016754150390625e+00 -7.534158229827880859e-01
2.210020542144775391e+00 -4.768219470977783203e+00 3.159713745117187500e+00 -1.923030495643615723e+00 1.154903769493103027e+00 3.373394966125488281e+00 -5.606808662414550781e+00 -4.727673053741455078e+00 -3.485974788665771484e+00 -1.921482980251312256e-01 -5.171596527099609375e+00 -2.333045005798339844e+00 4.847558975219726562e+00 -9.618783742189407349e-02 -2.214412689208984375e+00
5.439548492431640625e+00 -1.814245820045471191e+00 4.265134811401367188e+00 -5.470415592193603516e+00 1.171933054924011230e+00 -1.478624582290649414e+00 -7.694672584533691406e+00 5.342691898345947266e+00 3.532905817031860352e+00 2.793035745620727539e+00 1.006314563751220703e+01 -8.833516836166381836e-01 -9.730807304382324219e+00 7.934099435806274414e-02 -1.171071171760559082e+00
-9.005925655364990234e-01 -2.518605709075927734e+00 1.620889425277709961e+00 3.428945302963256836e+00 2.506557226181030273e+00 -1.416785240173339844e+00 -3.802020072937011719e+00 3.114093542098999023e+00 -3.296850919723510742e+00 2.056497335433959961e-01 -4.099893093109130859e+00 1.026022076606750488e+00 -3.395149707794189453e+00 -1.784761548042297363e+00 -2.686241626739501953e+00
5.125987052917480469e+00 -4.658969879150390625e+00 -2.562328577041625977e-01 2.667333364486694336e+00 5.112959384918212891e+00 -1.678610324859619141e+00 -3.603425741195678711e+00 -8.424860239028930664e-01 1.421561598777770996e+00 2.134346485137939453e+00 5.404845476150512695e-01 -9.695937037467956543e-01 -3.675003767013549805e+00 -2.966382503509521484e+00 -2.914936065673828125e+00
5.100878238677978516e+00 -4.978398799896240234e+00 2.631247997283935547e+00 4.947402000427246094e+00 -5.985661983489990234e+00 -5.376774311065673828e+00 -8.200500488281250000e+00 -3.667620420455932617e+00 3.852206230163574219e+00 6.476334095001220703e+00 5.003078460693359375e+00 -3.392308473587036133e+00 4.903923034667968750e+00 -2.984259128570556641e+00 -1.833393335342407227e+00
3.974578380584716797e+00 -5.331989765167236328e+00 4.652964591979980469e+00 -1.237110972404479980e+00 3.454679250717163086e-01 -6.429648399353027344e-01 -4.887907981872558594e+00 9.860265254974365234e-01 1.236815094947814941e+00 -2.328023672103881836e+00 2.124697208404541016e+00 -8.926566243171691895e-01 -2.917048692703247070e+00 -5.586036682128906250e+00 -1.788974046707153320e+00
6.772789478302001953e+00 -3.183237314224243164e+00 4.684092521667480469e+00 -2.488811969757080078e+00 2.291825294494628906e+00 -1.588674902915954590e+00 -2.007345914840698242e+00 1.058433175086975098e+00 2.346367239952087402e-01 -1.283929705619812012e+00 -3.259262800216674805e+00 -6.876025795936584473e-01 -5.513228416442871094e+00 -4.008324623107910156e+00 -5.830380916595458984e-01
2.744999408721923828e+00 -4.446070671081542969e+00 4.251901149749755859e+00 -3.406440973281860352e+00 -1.843150377273559570e+00 -1.961280584335327148e+00 -1.825297713279724121e+00 -1.547492504119873047e+00 -1.604244232177734375e+00 1.768547415733337402e+00 -1.688445329666137695e+00 2.252136945724487305e+00 -4.298864364624023438e+00 -2.226976871490478516e+00 -9.546388983726501465e-01
