-2.189340114593505859e+00 -1.967144012451171875e+00 -2.841988563537597656e+00 -2.911939859390258789e+00 -1.611014485359191895e+00 5.457137107849121094e+00 6.347036361694335938e+00 5.639807224273681641e+00 1.762144565582275391e+00 -1.566084027290344238e+00 6.280691027641296387e-01 -2.221178054809570312e+00 -2.769537925720214844e+00 1.130406260490417480e+00 5.588006496429443359e+00
-9.137141704559326172e-01 1.795535802841186523e+00 4.522242546081542969e+00 6.543791294097900391e+00 -2.065796852111816406e+00 8.224578857421875000e+00 -2.252500057220458984e-01 -6.601440429687500000e+00 -4.061789035797119141e+00 -4.007998943328857422e+00 -7.093452662229537964e-02 5.447064876556396484e+00 4.056952953338623047e+00 5.401596069335937500e+00 -1.951643705368041992e+00
-9.575840830802917480e-01 -7.668534517288208008e-01 -9.079088568687438965e-01 3.549361824989318848e-01 -3.801400307565927505e-03 -9.361687898635864258e-01 2.138615369796752930e+00 -7.092693448066711426e-02 2.543497323989868164e+00 1.162688612937927246e+00 -1.150895953178405762e+00 -1.187304615974426270e+00 -9.189418554306030273e-01 2.818624973297119141e-01 -3.695842027664184570e-01
-1.015628457069396973e+00 2.458899497985839844e+00 2.151756525039672852e+00 -1.629973649978637695e-01 7.641656398773193359e-01 -1.220293521881103516e+00 -2.114724636077880859e+00 -1.422961592674255371e+00 -2.485191106796264648e+00 -2.382024765014648438e+00 -1.713950157165527344e+00 4.712882339954376221e-01 1.910258680582046509e-01 2.785031795501708984e+00 -1.373126387596130371e+00
2.662122726440429688e+00 4.535873830318450928e-01 -2.469829082489013672e+00 6.405667066574096680e-01 -1.505640864372253418e+00 -3.458440780639648438e+00 1.754425764083862305e+00 1.928845643997192383e+00 -4.118245601654052734e+00 3.825170397758483887e-01 -6.994386762380599976e-02 -5.216919898986816406e+00 7.428860068321228027e-01 3.768514156341552734e+00 3.154539763927459717e-01
4.119972229003906250e+00 -2.232172489166259766e+00 2.817128419876098633e+00 3.673054575920104980e-01 -2.096182823181152344e+00 -2.381296306848526001e-01 2.889464378356933594e+00 -7.292255759239196777e-01 3.894390344619750977e+00 -7.999150156974792480e-01 3.208612918853759766e+00 2.762479305267333984e+00 2.821729898452758789e+00 1.871549367904663086e+00 -2.046539068222045898e+00
-9.162111282348632812e-01 -6.919795036315917969e+00 -2.181139469146728516e+00 -5.209652706980705261e-02 -2.261714458465576172e+00 -3.310931444168090820e+00 7.651994228363037109e+00 -3.469951152801513672e+00 -4.354104042053222656e+00 -1.505167007446289062e+00 -1.236404061317443848e+00 -1.422565102577209473e+00 1.807473897933959961e+00 1.183182358741760254e+00 3.017167568206787109e+00
-4.652345657348632812e+00 -4.462182521820068359e+00 2.171687602996826172e+00 2.599765300750732422e+00 -1.748830318450927734e+00 -1.338372707366943359e+00 -4.514962196350097656e+00 3.161478340625762939e-01 -1.477611184120178223e+00 -3.774332284927368164e+00 6.383362412452697754e-01 1.332028269767761230e+00 1.780124783515930176e+00 -5.964114665985107422e-01 -9.283732175827026367e-01
3.859295845031738281e+00 -6.073348999023437500e+00 1.946608185768127441e+00 -7.653881549835205078e+00 -4.691176414489746094e+00 1.599851727485656738e+00 1.677702665328979492e+00 5.294283390045166016e+00 -8.908011764287948608e-02 -2.172631978988647461e+00 -4.294338703155517578e+00 -3.216863870620727539e+00 -6.472957730293273926e-01 3.752663135528564453e-01 -1.641956925392150879e+00
-6.752941012382507324e-02 1.204191371798515320e-01 6.482865333557128906e+00 -1.091558188199996948e-01 -7.843518257141113281e+00 4.697782039642333984e+00 -2.922919750213623047e+00 -2.799786329269409180e+00 3.721818923950195312e+00 -1.470801472663879395e+00 -6.397419452667236328e+00 8.428627848625183105e-01 -1.342984962463378906e+01 3.248079299926757812e+00 -2.940661907196044922e+00
-5.544617772102355957e-01 -1.560722589492797852e+00 -7.301661372184753418e-01 4.961592853069305420e-01 4.269413948059082031e-01 -2.041317701339721680e+00 3.610457852482795715e-02 -6.205765604972839355e-01 1.658763170242309570e+00 -7.330648899078369141e-01 -1.233962774276733398e+00 4.221689403057098389e-01 -1.947666764259338379e+00 -5.175783634185791016e-01 -1.667281270027160645e+00
-3.951997160911560059e-01 4.163607656955718994e-01 -2.582468688488006592e-01 7.986438274383544922e-01 2.128359079360961914e+00 -4.279601097106933594e+00 1.978598117828369141e+00 -5.651525855064392090e-01 1.867876201868057251e-01 -1.204297184944152832e+00 9.100069999694824219e-01 -1.741409778594970703e+00 -1.847567200660705566e+00 6.066551804542541504e-01 1.430038094520568848e+00
2.247293710708618164e+00 1.036768555641174316e+00 1.298959970474243164e+00 2.550142288208007812e+00 -5.877851843833923340e-01 2.867445647716522217e-01 1.646417498588562012e+00 -9.991406649351119995e-02 -2.644427776336669922e+00 -2.452189683914184570e+00 1.917756438255310059e+00 -4.855286121368408203e+00 -8.426173329353332520e-01 1.154271364212036133e+00 1.918054819107055664e-01
-8.269837498664855957e-01 -5.145552754402160645e-01 -5.464506149291992188e+00 -8.249089717864990234e-01 -2.323830604553222656e+00 3.097910642623901367e+00 -4.925092458724975586e-01 -2.082018136978149414e+00 -5.081148624420166016e+00 1.815767168998718262e+00 2.936119556427001953e+00 1.557019114494323730e+00 -2.454901933670043945e+00 8.952287435531616211e-01 -3.246597766876220703e+00
5.779524803161621094e+00 2.002470731735229492e+00 1.363106846809387207e+00 -1.004268765449523926e+00 -5.363559722900390625e+00 -5.569106578826904297e+00 8.189885020256042480e-01 1.086137741804122925e-01 1.294863462448120117e+00 1.996791839599609375e+00 -2.236084222793579102e+00 2.430088996887207031e+00 2.001080989837646484e+00 -2.471081495285034180e+00 -1.906840443611145020e+00
5.119705200195312500e-01 -1.176642537117004395e+00 -5.431110382080078125e+00 -2.280979633331298828e+00 3.609684467315673828e+00 9.607375860214233398e-01 -5.165517330169677734e+00 1.798839688301086426e+00 1.910331368446350098e+00 -4.602377891540527344e+00 -1.084109425544738770e+00 -2.213466882705688477e+00 4.140000343322753906e+00 2.358392953872680664e+00 3.322222456336021423e-02
-1.833294630050659180e-01 1.895425677299499512e+00 -5.431061744689941406e+00 5.366467237472534180e-01 -1.916086435317993164e+00 -3.774210929870605469e+00 -2.238427162170410156e+00 1.241469621658325195e+00 4.235900402069091797e+00 -4.065962791442871094e+00 3.636150360107421875e+00 -1.703237056732177734e+00 1.259344100952148438e+00 -1.545298099517822266e+00 -4.772575855255126953e+00
-8.029150009155273438e+00 -2.788354158401489258e+00 -8.757475018501281738e-01 -1.394474804401397705e-01 -3.015450954437255859e+00 -4.629271507263183594e+00 2.575401306152343750e+00 -5.179973602294921875e+00 2.791400194168090820e+00 3.303547382354736328e+00 2.658006548881530762e-01 -3.487065553665161133e+00 -6.963100910186767578e+00 -9.902727127075195312e+00 -2.141923189163208008e+00
-1.143517136573791504e+00 -1.096368551254272461e+00 5.298701524734497070e-01 7.854166030883789062e-01 2.212106227874755859e+00 -1.757442235946655273e+00 -7.927715182304382324e-01 3.255529880523681641e+00 2.785612106323242188e+00 1.031650424003601074e+00 -7.225496768951416016e-01 -4.032908082008361816e-01 -1.528327107429504395e+00 -4.045172333717346191e-01 -1.907670617103576660e+00
4.446801543235778809e-01 -1.361078143119812012e+00 -1.655468344688415527e+00 -7.979765534400939941e-01 2.930970788002014160e-01 1.172568202018737793e-01 2.002493381500244141e+00 -8.492640256881713867e-01 3.225839138031005859e+00 2.970426082611083984e+00 -3.006728649139404297e+00 -2.410301208496093750e+00 -2.266381084918975830e-01 -1.344674110412597656e+00 -8.602299690246582031e-01
4.751142859458923340e-01 7.280703783035278320e-01 2.948304653167724609e+00 -1.005019664764404297e+00 2.311201572418212891e+00 3.470765352249145508e-01 -8.467435836791992188e-01 1.398063898086547852e+00 -4.491003155708312988e-01 -4.007312953472137451e-01 1.300183176994323730e+00 -5.293751358985900879e-01 -1.695720076560974121e+00 -7.275860905647277832e-01 -8.109459877014160156e-01
8.809729814529418945e-01 1.494836330413818359e+00 8.774911761283874512e-01 -2.743882179260253906e+00 1.951146960258483887e+00 -6.742312312126159668e-01 -8.656269311904907227e-01 -2.260841608047485352e+00 -4.586591124534606934e-01 3.480709195137023926e-01 -2.137326240539550781e+00 -2.181642055511474609e+00 1.411884069442749023e+00 -5.384019017219543457e-02 2.227004170417785645e-01
3.438304424285888672e+00 2.585679590702056885e-01 3.093740157783031464e-02 -4.788900852203369141e+00 4.431646347045898438e+00 -1.807584524154663086e+00 1.250120759010314941e+00 -1.625476479530334473e+00 -8.755356669425964355e-01 -3.797267675399780273e+00 3.533147871494293213e-01 3.659648895263671875e+00 -3.697961866855621338e-01 1.567734599113464355e+00 -1.796064227819442749e-01
2.119554281234741211e+00 -6.708930134773254395e-01 1.432118415832519531e+00 6.523891687393188477e-01 9.466108083724975586e-01 -2.079607009887695312e+00 8.686200976371765137e-01 2.122356891632080078e+00 3.774540722370147705e-01 2.308325052261352539e+00 -2.196294546127319336e+00 3.004696965217590332e-01 -1.303565859794616699e+00 -1.192200779914855957e+00 4.759217798709869385e-01
-8.091868162155151367e-01 -1.228323101997375488e+00 1.391113638877868652e+00 -1.909678429365158081e-01 1.033271312713623047e+00 -1.140814185142517090e+00 4.856470823287963867e-01 1.311946660280227661e-01 -4.985444545745849609e-01 2.791560173034667969e+00 -1.417404174804687500e+00 -1.709610819816589355e+00 3.620187640190124512e-01 -1.487949490547180176e+00 6.893966197967529297e-01
2.016933262348175049e-01 3.845012187957763672e-01 -3.953253030776977539e-01 7.325173020362854004e-01 1.007008790969848633e+00 -2.019485712051391602e+00 1.496185898780822754e+00 1.296108484268188477e+00 -3.312412500381469727e-01 2.421346902847290039e+00 6.119881868362426758e-01 -3.446303606033325195e+00 1.126045584678649902e+00 -1.100997328758239746e+00 -2.653869092464447021e-01
6.492561101913452148e-02 -2.131962299346923828e+00 2.692456245422363281e+00 1.309137701988220215e+00 -1.904445327818393707e-02 8.323544263839721680e-01 -3.536186814308166504e-01 5.483464598655700684e-01 -8.442771434783935547e-01 3.622003078460693359e+00 1.120657771825790405e-01 -1.517589926719665527e+00 3.199206829071044922e+00 -3.314672946929931641e+00 1.897450327873229980e+00
3.019585609436035156e-01 6.553160548210144043e-01 3.045353651046752930e+00 -1.472952961921691895e+00 2.617923617362976074e-01 2.837099552154541016e+00 -8.858469128608703613e-01 -1.090959072113037109e+00 7.059401869773864746e-01 4.397186934947967529e-01 6.939639449119567871e-01 -1.551597356796264648e+00 8.841642141342163086e-01 1.483498811721801758e+00 -1.634034633636474609e+00
-3.492177724838256836e-01 -6.016517281532287598e-01 5.830126404762268066e-01 2.119148731231689453e+00 7.984112203121185303e-02 -5.878205895423889160e-01 3.485571444034576416e-01 2.479681968688964844e+00 3.899685442447662354e-01 2.936758518218994141e+00 -2.957423925399780273e-01 -1.502939701080322266e+00 -1.281334996223449707e+00 1.613233804702758789e+00 6.165531277656555176e-01
-3.888924419879913330e-01 -2.356492996215820312e+00 1.937449723482131958e-01 2.577620148658752441e-01 -2.206744909286499023e+00 1.893894910812377930e+00 -3.164291679859161377e-01 -7.195320725440979004e-01 5.791989564895629883e-01 2.640388727188110352e+00 1.686344146728515625e+00 2.354977093636989594e-02 -1.763767004013061523e-02 -1.492891788482666016e+00 -8.113427758216857910e-01
7.085593044757843018e-02 -2.725398540496826172e+00 4.700530767440795898e-01 1.588539361953735352e+00 -2.666575193405151367e+00 5.036094188690185547e-01 -1.192288756370544434e+00 -1.284697651863098145e+00 -6.287963390350341797e-01 2.351323127746582031e+00 1.150284409523010254e+00 -1.218605518341064453e+00 -8.831032514572143555e-01 -3.243824243545532227e+00 2.334879398345947266e+00
2.881833076477050781e+00 -1.338896274566650391e+00 2.932614088058471680e-01 1.931672930717468262e+00 -1.544939994812011719e+00 -9.994453191757202148e-01 4.644371867179870605e-01 6.561557650566101074e-01 -1.907402127981185913e-01 1.933097541332244873e-01 1.981513738632202148e+00 -3.390487432479858398e+00 -4.845613479614257812e+00 6.705982238054275513e-02 -4.751847982406616211e-01
9.587505459785461426e-01 -3.101831436157226562e+00 -5.890039801597595215e-01 1.272187948226928711e+00 5.135170936584472656e+00 -1.027657389640808105e+00 3.852211475372314453e+00 -9.878488779067993164e-01 3.282629728317260742e+00 -3.178173065185546875e+00 6.232658386230468750e+00 3.806086778640747070e+00 1.830976843833923340e+00 -2.192715644836425781e+00 3.454903602600097656e+00
9.879178404808044434e-01 -7.942411303520202637e-01 -4.380186557769775391e+00 3.092775344848632812e+00 2.413835048675537109e+00 2.263522148132324219e+00 -1.314154267311096191e-01 3.392335891723632812e+00 -2.111985683441162109e+00 -3.783862113952636719e+00 -3.476532220840454102e+00 1.571934938430786133e+00 2.155408859252929688e+00 -5.238109111785888672e+00 -2.771925449371337891e+00
2.415157079696655273e+00 -2.216612339019775391e+00 -1.505607008934020996e+00 2.308601379394531250e+00 2.488173007965087891e+00 2.386185884475708008e+00 1.217420220375061035e+00 2.601490318775177002e-01 4.419581890106201172e-01 -4.942818164825439453e+00 -3.244260787963867188e+00 1.604822278022766113e+00 -2.786804676055908203e+00 4.103338241577148438e+00 -3.154210805892944336e+00
9.827857017517089844e+00 -7.561040401458740234e+00 1.478868603706359863e+00 -1.898196816444396973e+00 -9.821541786193847656e+00 -5.846630096435546875e+00 -8.900305747985839844e+00 3.349636316299438477e+00 -1.972021937370300293e+00 1.618890762329101562e+00 3.551406145095825195e+00 -4.669486045837402344e+00 1.501141905784606934e+00 -4.110873222351074219e+00 6.704286932945251465e-01
-3.706842958927154541e-01 -2.051512002944946289e+00 -1.691841036081314087e-01 5.479770898818969727e-01 1.346067428588867188e+00 -4.026819169521331787e-01 -2.933560609817504883e+00 3.442100808024406433e-02 6.306768059730529785e-01 1.380111694335937500e+00 -2.294585227966308594e+00 -1.779819846153259277e+00 1.352725148200988770e+00 -7.833989858627319336e-01 -7.007558345794677734e-01
3.286098688840866089e-02 -1.156565070152282715e+00 -2.199507713317871094e+00 -1.258456110954284668e+00 2.378372400999069214e-01 3.544872403144836426e-01 2.260452747344970703e+00 -1.346921771764755249e-01 3.293361902236938477e+00 3.496012926101684570e+00 -2.938103914260864258e+00 -2.311062812805175781e+00 -1.169188097119331360e-01 -1.956205844879150391e+00 -1.499661564826965332e+00
3.617337226867675781e+00 -1.002120137214660645e+00 -2.842569649219512939e-01 5.172327756881713867e-01 -6.215497255325317383e-01 3.680890560150146484e+00 -2.256329774856567383e+00 -1.677634835243225098e+00 -1.650993466377258301e+00 -1.104054212570190430e+00 2.666091442108154297e+00 1.833365559577941895e+00 -4.046218693256378174e-01 -1.868210196495056152e+00 1.553564429283142090e+00
1.247717976570129395e+00 2.283823013305664062e+00 3.754649162292480469e+00 -1.230412602424621582e+00 8.661501407623291016e-01 -5.465230941772460938e-01 -3.038912296295166016e+00 3.026254177093505859e-01 -1.419102787971496582e+00 -1.121931552886962891e+00 -1.624168992042541504e+00 -2.056792020797729492e+00 -1.924891829490661621e+00 -9.422082901000976562e-01 3.513189554214477539e+00
6.426267623901367188e-01 1.791847705841064453e+00 3.988227605819702148e+00 -3.565670967102050781e+00 2.566286802291870117e+00 1.459442615509033203e+00 -2.075144529342651367e+00 -2.228597879409790039e+00 -1.806778192520141602e+00 -3.039971590042114258e-01 -4.361554145812988281e+00 -7.245473861694335938e-01 1.221738576889038086e+00 7.558053135871887207e-01 -5.636668950319290161e-02
2.705498456954956055e+00 -3.388898134231567383e+00 3.537039458751678467e-01 -2.708446025848388672e+00 1.366091489791870117e+00 -1.944066524505615234e+00 -5.121371150016784668e-01 8.678070902824401855e-01 -2.313012629747390747e-01 3.006090164184570312e+00 -1.129348635673522949e+00 3.439627170562744141e+00 1.743859499692916870e-01 -3.189971446990966797e-01 -4.487995803356170654e-01
-1.017642617225646973e+00 3.919675111770629883e+00 -3.939230442047119141e+00 -3.521075472235679626e-02 1.295558512210845947e-01 -3.009330034255981445e+00 -1.128621459007263184e+00 -1.826391965150833130e-01 2.943141460418701172e-01 -4.305373877286911011e-02 -3.375958919525146484e+00 4.023594856262207031e+00 -4.207097530364990234e+00 -5.167854785919189453e+00 1.111069798469543457e+00
1.302044272422790527e+00 2.433066844940185547e+00 -2.465088605880737305e+00 -3.076294183731079102e+00 -2.731414318084716797e+00 5.006644725799560547e+00 -3.778524875640869141e+00 -4.388608336448669434e-01 -5.416898727416992188e-01 1.307988286018371582e+00 3.702162027359008789e+00 2.039250612258911133e+00 1.429050922393798828e+00 -6.793186068534851074e-01 6.676539182662963867e-01
9.018181562423706055e-01 2.577150985598564148e-02 2.827399253845214844e+00 1.034478545188903809e+00 -2.184777736663818359e+00 3.394196987152099609e+00 -6.727453470230102539e-01 -3.283506929874420166e-01 7.004022598266601562e-01 9.278828501701354980e-01 -5.287696123123168945e-01 -1.448087573051452637e+00 -2.276097297668457031e+00 7.677921056747436523e-01 -9.047475457191467285e-01
-5.144269466400146484e-01 1.315712094306945801e+00 1.831864953041076660e+00 -2.675136923789978027e-01 -1.142276048660278320e+00 1.772458314895629883e+00 -5.339586734771728516e-01 -1.298291563987731934e+00 -9.243749380111694336e-01 -3.082341849803924561e-01 4.753215610980987549e-01 -1.351617574691772461e+00 -1.163476109504699707e+00 -9.915364384651184082e-01 -8.860494494438171387e-01
-1.201281785964965820e+00 -6.117938756942749023e-01 6.778951501473784447e-04 1.667887687683105469e+00 2.714425325393676758e-01 -2.476969718933105469e+00 3.441335260868072510e-01 2.265736103057861328e+00 5.149577856063842773e-01 2.043478727340698242e+00 4.617258608341217041e-01 -5.771924853324890137e-01 -1.705311059951782227e+00 1.907587766647338867e+00 5.188512802124023438e-01
-1.808825433254241943e-01 3.695523440837860107e-01 1.462014079093933105e+00 4.123103618621826172e-01 -1.093208312988281250e+00 -9.110811948776245117e-01 -6.646640300750732422e-01 -4.515923857688903809e-01 1.316650629043579102e+00 5.815861225128173828e-01 1.971151232719421387e+00 -1.400556325912475586e+00 6.368973255157470703e-01 -1.728667616844177246e+00 7.141753435134887695e-01
-8.135681599378585815e-02 -1.958665966987609863e+00 -5.472709536552429199e-01 -2.568953037261962891e-01 -2.192443132400512695e+00 1.665967702865600586e-01 -1.368604421615600586e+00 -1.511803627014160156e+00 5.989650487899780273e-01 2.007744789123535156e+00 1.416135191917419434e+00 -1.131242394447326660e+00 -6.400281190872192383e-01 -2.728157520294189453e+00 2.662722110748291016e+00
1.102876901626586914e+00 -2.595587730407714844e+00 2.564820051193237305e-01 -4.405365586280822754e-01 -2.505727291107177734e+00 2.065845489501953125e+00 -1.081951022148132324e+00 -1.406068205833435059e+00 4.562627673149108887e-01 2.232025623321533203e+00 1.538096070289611816e+00 -2.007971525192260742e+00 -8.709545135498046875e-01 -2.686257123947143555e+00 1.213655591011047363e+00
-2.769039869308471680e+00 -2.264559268951416016e-01 -1.971424698829650879e+00 1.384870290756225586e+00 7.713203430175781250e-01 -3.374334573745727539e+00 3.118160486221313477e+00 2.057693719863891602e+00 -3.789854764938354492e+00 1.730814576148986816e+00 8.582577109336853027e-01 2.795960664749145508e+00 7.788449525833129883e-02 -6.069968700408935547e+00 3.736884832382202148e+00
-3.064328193664550781e+00 -1.430381238460540771e-01 3.834502696990966797e+00 -5.126154899597167969e+00 -4.412062168121337891e+00 -3.099601745605468750e+00 4.580849647521972656e+00 1.152620673179626465e+00 -2.726422786712646484e+00 -2.386604309082031250e+00 -3.352205276489257812e+00 -6.076509475708007812e+00 9.132353663444519043e-01 -5.718361139297485352e-01 -1.200176000595092773e+00
2.188194274902343750e+00 1.275252223014831543e+00 5.613632798194885254e-01 5.421932220458984375e+00 -1.323647946119308472e-01 1.850685834884643555e+00 2.826182603836059570e+00 2.509233713150024414e+00 -1.625619292259216309e+00 1.038599833846092224e-01 -5.274008750915527344e+00 7.310543209314346313e-02 3.678689479827880859e+00 -2.670488119125366211e+00 -2.790346622467041016e+00
1.589499711990356445e+00 -2.361464977264404297e+00 -3.444477796554565430e+00 -5.056528091430664062e+00 2.984634637832641602e+00 -3.286968708038330078e+00 -1.118200421333312988e+00 -2.673984766006469727e+00 5.556722164154052734e+00 -5.705030560493469238e-01 -2.153673887252807617e+00 -3.860848188400268555e+00 1.613255500793457031e+00 -1.542137384414672852e+00 5.711548805236816406e+00
-4.217476546764373779e-01 -2.053550958633422852e+00 -1.883212774991989136e-01 3.072136640548706055e-01 1.390780806541442871e+00 -9.176923334598541260e-02 -3.133905410766601562e+00 2.151996642351150513e-01 7.359727621078491211e-01 1.630833625793457031e+00 -2.295361757278442383e+00 -2.001243591308593750e+00 1.570296168327331543e+00 -7.193802595138549805e-01 -8.059131503105163574e-01
-3.251518249511718750e+00 6.848719716072082520e-01 2.272140264511108398e+00 -5.870816707611083984e-01 1.668721079826354980e+00 -2.654566526412963867e+00 6.850940585136413574e-01 4.166818618774414062e+00 1.392388105392456055e+00 3.172939538955688477e+00 9.975827932357788086e-01 4.961563050746917725e-01 -8.056455105543136597e-02 -2.503901720046997070e+00 -3.910610198974609375e+00
-1.050530314445495605e+00 -1.939865201711654663e-01 -2.868921756744384766e-01 -2.572521209716796875e+00 3.735273361206054688e+00 -2.860870063304901123e-01 8.928952217102050781e-01 -2.204345464706420898e+00 -5.938251018524169922e-01 5.365996807813644409e-02 -1.863198429346084595e-01 7.981869578361511230e-01 -2.087982177734375000e+00 1.645058244466781616e-01 -4.623559474945068359e+00
1.409414887428283691e+00 -9.361924976110458374e-02 1.216384410858154297e+00 -4.222286045551300049e-01 2.551251888275146484e+00 3.738788068294525146e-01 -9.573559165000915527e-01 -3.169314622879028320e+00 9.242463111877441406e-02 -1.277235984802246094e+00 -8.963553905487060547e-01 -6.736313104629516602e-01 -1.544690251350402832e+00 -1.769265890121459961e+00 1.646856367588043213e-01
1.311355471611022949e+00 -1.177840679883956909e-01 1.317369937896728516e+00 -4.442538022994995117e-01 2.499753713607788086e+00 3.562157750129699707e-01 -8.731083273887634277e-01 -3.179315328598022461e+00 2.200751304626464844e-01 -1.375150799751281738e+00 -9.482503533363342285e-01 -6.920938491821289062e-01 -1.501793980598449707e+00 -1.705528378486633301e+00 1.943482160568237305e-01
3.523944616317749023e-01 7.654780149459838867e-02 5.895814299583435059e-02 -2.909317731857299805e+00 3.783786296844482422e+00 -1.489120244979858398e+00 8.516345024108886719e-01 -2.352940559387207031e+00 3.565540909767150879e-01 -9.623528718948364258e-01 -2.753578424453735352e-01 -9.398085474967956543e-01 -1.705424308776855469e+00 -1.690733432769775391e-01 -2.788148164749145508e+00
-2.189449071884155273e+00 -9.539717435836791992e-01 -1.715330004692077637e+00 -5.987003803253173828e+00 -1.023702621459960938e+00 3.012424945831298828e+00 2.301138401031494141e+00 1.657749533653259277e+00 4.517876625061035156e+00 3.040771961212158203e+00 1.114064097404479980e+00 -2.905587673187255859e+00 3.829444944858551025e-01 -3.966237306594848633e+00 -2.662510156631469727e+00
1.169464826583862305e+00 -8.439680933952331543e-02 1.301787257194519043e+00 -5.746827721595764160e-01 2.764323472976684570e+00 1.266335695981979370e-01 -8.493641018867492676e-01 -3.159214019775390625e+00 1.321922391653060913e-01 -1.372073411941528320e+00 -8.580576777458190918e-01 -6.013043522834777832e-01 -1.335659265518188477e+00 -1.701554775238037109e+00 1.615909785032272339e-01
4.530545473098754883e-01 2.033983230590820312e+00 9.459065794944763184e-01 -1.530998647212982178e-01 2.145446777343750000e+00 -1.166397929191589355e+00 1.017714217305183411e-01 -1.255972236394882202e-01 1.060921311378479004e+00 -1.091136097908020020e+00 -1.090726733207702637e+00 5.486907809972763062e-02 -2.606096267700195312e+00 -1.154439687728881836e+00 -3.009187877178192139e-01
1.211121082305908203e+00 -1.717281788587570190e-01 1.237048387527465820e+00 -4.876614809036254883e-01 2.496301889419555664e+00 5.350161790847778320e-01 -8.015406131744384766e-01 -3.251502513885498047e+00 7.977628707885742188e-02 -1.260330677032470703e+00 -9.593722224235534668e-01 -6.136450171470642090e-01 -1.362257122993469238e+00 -1.651363849639892578e+00 7.838612049818038940e-02
1.316991329193115234e+00 1.310444250702857971e-02 1.434703230857849121e+00 -5.219330787658691406e-01 2.601331472396850586e+00 3.924645781517028809e-01 -8.010398149490356445e-01 -3.024479150772094727e+00 1.431698799133300781e-01 -1.412792682647705078e+00 -7.563092112541198730e-01 -7.312465906143188477e-01 -1.459116935729980469e+00 -1.541870355606079102e+00 1.568063646554946899e-01
2.625332355499267578e+00 1.351939558982849121e+00 -6.432719230651855469e-01 2.534471988677978516e+00 6.396959424018859863e-01 -3.550688624382019043e-01 4.984298646450042725e-01 -9.652163982391357422e-01 -2.543821930885314941e-01 -1.623870730400085449e+00 -1.315102458000183105e+00 -1.117889404296875000e+00 -3.322762012481689453e+00 -1.330623865127563477e+00 1.214299798011779785e+00
2.055519342422485352e+00 1.516613066196441650e-01 -3.947587609291076660e-01 2.881528377532958984e+00 7.825471758842468262e-01 -1.970429062843322754e+00 1.126912474632263184e+00 -5.504824519157409668e-01 1.146926403045654297e+00 -4.516413509845733643e-01 -1.865368604660034180e+00 -1.597596168518066406e+00 -3.480561971664428711e+00 -2.676132440567016602e+00 2.725552558898925781e+00
1.837039113044738770e+00 -1.428757905960083008e-01 1.750564336776733398e+00 -6.670731902122497559e-01 3.001612663269042969e+00 1.153427958488464355e-01 -6.459479928016662598e-01 -2.179767608642578125e+00 1.062176465988159180e+00 -1.356837391853332520e+00 -2.826559543609619141e-01 -1.247675895690917969e+00 -1.253119230270385742e+00 -7.881723642349243164e-01 4.521658420562744141e-01
1.778194546699523926e+00 -1.802850514650344849e-01 1.632182002067565918e+00 -6.388117671012878418e-01 2.839293479919433594e+00 1.738445907831192017e-01 -8.114373683929443359e-01 -2.268353700637817383e+00 9.128448367118835449e-01 -1.161268115043640137e+00 -3.847020268440246582e-01 -1.346883416175842285e+00 -1.032663106918334961e+00 -1.015024900436401367e+00 4.164013266563415527e-01
1.381152272224426270e+00 1.202692151069641113e+00 7.815400958061218262e-01 4.668707847595214844e-01 2.214552164077758789e+00 -1.313726186752319336e+00 2.492741495370864868e-01 -9.076898097991943359e-01 1.033485412597656250e+00 -1.309299468994140625e+00 -1.338850736618041992e+00 -8.173332214355468750e-01 -2.527358293533325195e+00 -1.137021780014038086e+00 9.455401301383972168e-01
1.860985875129699707e+00 6.909331083297729492e-01 1.856849670410156250e+00 -3.815898597240447998e-01 2.691003322601318359e+00 -4.108645617961883545e-01 8.605740219354629517e-02 -2.071325302124023438e+00 8.306062817573547363e-01 -2.530460357666015625e+00 -2.661300897598266602e-01 -8.934527635574340820e-01 -1.528706669807434082e+00 -7.389599680900573730e-01 9.232034683227539062e-01
4.975723743438720703e+00 -2.666631460189819336e+00 -6.243414282798767090e-01 1.688614010810852051e+00 -2.658408164978027344e+00 1.689067006111145020e+00 -1.645646452903747559e+00 -3.176708221435546875e+00 -3.673029661178588867e+00 5.766369774937629700e-02 -1.654242515563964844e+00 1.394935011863708496e+00 -2.503827810287475586e+00 -1.688602924346923828e+00 9.748599529266357422e-01
6.125195622444152832e-01 -8.932974934577941895e-02 4.068006992340087891e+00 -3.089792728424072266e+00 2.569113254547119141e+00 6.832159757614135742e-01 -1.219907283782958984e+00 2.283165693283081055e+00 -1.341670632362365723e+00 -1.410614140331745148e-02 1.249899789690971375e-01 2.405496835708618164e+00 -2.056624889373779297e+00 -1.065112233161926270e+00 -7.993534803390502930e-01
2.576151132583618164e+00 4.003676176071166992e-01 3.441665649414062500e+00 -3.577962636947631836e+00 1.572967410087585449e+00 -1.887581586837768555e+00 -1.722707986831665039e+00 2.608757972717285156e+00 -1.728896975517272949e+00 -1.296190172433853149e-01 1.636061310768127441e+00 -1.917603611946105957e+00 1.141950249671936035e+00 -2.534156799316406250e+00 2.219214886426925659e-01
3.829092025756835938e+00 -1.026593804359436035e+00 3.243157640099525452e-02 -8.618084788322448730e-01 -1.875211119651794434e+00 -3.888604164123535156e+00 1.154744904488325119e-02 3.282025098800659180e+00 1.067788004875183105e+00 4.604274749755859375e+00 2.126164883375167847e-01 -1.350095570087432861e-01 1.853301286697387695e+00 -3.099304199218750000e+00 -1.820289939641952515e-01
1.220633983612060547e+00 4.931090772151947021e-02 4.131263732910156250e+00 -2.568116188049316406e+00 9.153383374214172363e-01 -1.331852376461029053e-01 -1.305757761001586914e+00 3.567046165466308594e+00 8.722524642944335938e-01 2.348229885101318359e+00 4.556201934814453125e+00 -3.941593170166015625e+00 7.875694632530212402e-01 -2.783690452575683594e+00 -3.337182760238647461e+00
2.205090999603271484e+00 -8.419432640075683594e-01 2.988378763198852539e+00 -1.855227351188659668e+00 3.009518086910247803e-01 2.028078794479370117e+00 5.440916419029235840e-01 -5.276131033897399902e-01 8.853691816329956055e-01 2.249467819929122925e-01 3.387607574462890625e+00 -2.972612619400024414e+00 -8.190208673477172852e-01 -1.739964634180068970e-01 -6.055830955505371094e+00
5.388267040252685547e-01 -2.833833932876586914e+00 8.772078156471252441e-01 -1.260215759277343750e+00 -3.303953409194946289e+00 -6.923142075538635254e-01 6.455992460250854492e-01 -2.320315599441528320e+00 3.055908679962158203e+00 1.755967020988464355e+00 -4.000067234039306641e+00 1.047459125518798828e+00 -3.201350688934326172e+00 -1.485837578773498535e+00 3.516126871109008789e+00
-2.308113574981689453e+00 7.131344676017761230e-01 -7.214556932449340820e-01 1.669248104095458984e+00 -2.663812875747680664e+00 -1.187661513686180115e-01 -7.266767621040344238e-01 -3.299315692856907845e-03 -1.378290176391601562e+00 9.141674041748046875e-01 -7.744597792625427246e-01 3.497634887695312500e+00 -2.867095232009887695e+00 7.586961388587951660e-01 1.654212951660156250e+00
1.122801661491394043e+00 1.792866885662078857e-01 -1.782393306493759155e-01 2.865301370620727539e+00 -1.536564230918884277e+00 -2.402149677276611328e+00 -2.419280767440795898e+00 1.725691407918930054e-01 -4.930388331413269043e-01 2.070371150970458984e+00 -4.231849670410156250e+00 -1.937503218650817871e+00 9.985993504524230957e-01 3.668210804462432861e-01 1.549899697303771973e+00
-7.652502655982971191e-01 -1.639667153358459473e+00 -6.983120441436767578e-01 5.330540537834167480e-01 1.928153932094573975e-01 -1.014912962913513184e+00 -3.212671518325805664e+00 1.147937893867492676e+00 5.718483328819274902e-01 3.409859538078308105e-01 -2.260839939117431641e-01 3.820429146289825439e-01 -1.951120257377624512e+00 -6.752659678459167480e-01 9.984539151191711426e-01
-1.737376600503921509e-01 8.345856070518493652e-01 -1.314726173877716064e-01 -9.634087681770324707e-01 -9.725272059440612793e-01 -3.083584785461425781e+00 -8.448439836502075195e-02 8.751363158226013184e-01 1.373114228248596191e+00 2.470034837722778320e+00 -3.502902686595916748e-01 2.938118577003479004e-01 -8.835532516241073608e-02 2.504117965698242188e+00 7.213109731674194336e-01
3.330967128276824951e-01 -7.668845057487487793e-01 -1.177939474582672119e-01 -1.737493753433227539e+00 6.218461394309997559e-01 -3.485998392105102539e+00 6.870127399452030659e-04 2.638374567031860352e+00 -6.164728403091430664e-01 2.342588186264038086e+00 2.336138010025024414e+00 1.148322582244873047e+00 -4.513755321502685547e+00 4.195638656616210938e+00 -2.509070634841918945e+00
-1.809383392333984375e+00 1.617873191833496094e+00 1.706496000289916992e+00 -3.523034095764160156e+00 1.420909523963928223e+00 1.356801390647888184e+00 6.509051918983459473e-01 -4.514101028442382812e+00 -1.654556512832641602e+00 1.099877595901489258e+00 1.473401665687561035e+00 4.875787794589996338e-01 -5.470642089843750000e+00 1.595900505781173706e-01 -5.836731433868408203e+00
-3.410701274871826172e+00 -3.960772037506103516e+00 1.261155366897583008e+00 2.977765083312988281e+00 -2.011299848556518555e+00 -7.019540071487426758e-01 3.518073558807373047e-01 3.411616086959838867e+00 -9.902080893516540527e-02 -2.367573261260986328e+00 -5.009167671203613281e+00 -1.135133385658264160e+00 4.629091322422027588e-01 1.268361322581768036e-02 -2.166965484619140625e+00
4.415346145629882812e+00 2.033446311950683594e+00 2.600468397140502930e+00 -2.691214323043823242e+00 -1.399653077125549316e+00 3.572384357452392578e+00 -6.814541816711425781e-01 -5.509848117828369141e+00 3.595090389251708984e+00 -2.043411970138549805e+00 -3.885227203369140625e+00 7.188071012496948242e-01 -3.309256553649902344e+00 -1.547014862298965454e-01 3.048638343811035156e+00
1.429896950721740723e-01 1.246857345104217529e-01 -1.987261295318603516e+00 -3.296086549758911133e+00 -9.650864601135253906e-01 4.258130073547363281e+00 -6.318323016166687012e-01 -4.344264984130859375e+00 1.999832391738891602e+00 -3.826504468917846680e+00 -1.053070068359375000e+00 -9.860484600067138672e-01 -2.432182073593139648e+00 1.444895416498184204e-01 3.179610252380371094e+00
-1.592904686927795410e+00 1.380089640617370605e+00 1.012350201606750488e+00 1.139760017395019531e+00 3.040901720523834229e-01 1.907282471656799316e-01 1.927015423774719238e+00 1.002614736557006836e+00 -4.400101602077484131e-01 2.819844245910644531e+00 -1.704186439514160156e+00 -3.336352407932281494e-01 4.653845429420471191e-01 -4.881089553236961365e-02 2.049640178680419922e+00
2.421613216400146484e+00 -1.813612341880798340e+00 -1.510591953992843628e-01 -1.179726839065551758e+00 1.866601824760437012e+00 -2.022824525833129883e+00 -8.080108165740966797e-01 2.505195617675781250e+00 5.419386625289916992e-01 -1.422749161720275879e+00 -2.577844619750976562e+00 -3.601642131805419922e+00 -1.534200072288513184e+00 -1.392171621322631836e+00 1.594708919525146484e+00
6.596768498420715332e-01 4.668357372283935547e-01 2.277759552001953125e+00 -3.020315170288085938e+00 3.291612863540649414e+00 -9.841628670692443848e-01 -2.926147937774658203e+00 3.802718222141265869e-01 -1.328712821006774902e+00 7.957981824874877930e-01 -6.040549278259277344e-02 -1.542025208473205566e+00 -2.617849826812744141e+00 -3.294678449630737305e+00 -9.563273191452026367e-01
4.506573200225830078e+00 -1.172521710395812988e+00 4.070558547973632812e+00 1.636354327201843262e+00 5.936156958341598511e-02 -3.321650505065917969e+00 -1.492820382118225098e+00 2.032779932022094727e+00 3.628860473632812500e+00 1.551854252815246582e+00 -1.190743446350097656e+00 -2.808240175247192383e+00 -2.100231409072875977e+00 -2.827782869338989258e+00 2.327790856361389160e-01
2.355957984924316406e+00 1.098017811775207520e+00 2.117106676101684570e+00 -1.604436516761779785e+00 3.247435092926025391e+00 -1.738012433052062988e+00 -1.205462455749511719e+00 2.891955137252807617e+00 -9.852687716484069824e-01 -5.587146878242492676e-01 1.311691761016845703e+00 -1.280920058488845825e-01 -2.808797359466552734e+00 -3.471518754959106445e+00 -6.244628429412841797e-01
2.271599054336547852e+00 1.888735532760620117e+00 8.770016431808471680e-01 -8.859079331159591675e-02 2.566883325576782227e+00 -1.286018013954162598e+00 -4.558880329132080078e-01 1.477496147155761719e+00 -2.449220657348632812e+00 -2.235954552888870239e-01 -1.309600949287414551e+00 2.680844366550445557e-01 -1.481318354606628418e+00 -3.870522975921630859e+00 5.236107110977172852e-01
5.430345058441162109e+00 2.008256196975708008e+00 -2.514671564102172852e+00 4.893397688865661621e-01 -2.761552810668945312e+00 -3.625761345028877258e-02 -1.109065532684326172e+00 2.373127222061157227e+00 -4.707175254821777344e+00 6.049391031265258789e-01 9.046158790588378906e-01 1.701112627983093262e+00 -2.490001320838928223e-01 -2.504773855209350586e+00 -2.561199367046356201e-01
