2.092649698257446289e+00 5.071137428283691406e+00 3.101549744606018066e-01 4.446740627288818359e+00 1.648046016693115234e+00 7.912778854370117188e-01 -2.579020738601684570e+00 -4.064279079437255859e+00 -3.557569682598114014e-01 7.587077021598815918e-01 -1.105295300483703613e+00 1.771639943122863770e+00 -1.096555995941162109e+01 2.001093387603759766e+00 9.064668416976928711e-02
-5.428120493888854980e-01 4.710349559783935547e+00 2.254065036773681641e+00 2.964878678321838379e-01 -3.123492717742919922e+00 2.350781559944152832e-01 -1.200806617736816406e+00 -5.315191745758056641e+00 -7.615315914154052734e+00 2.226052761077880859e+00 7.876596450805664062e+00 1.175985813140869141e+00 -1.089176750183105469e+01 -5.421337127685546875e+00 -5.780975818634033203e+00
4.054089069366455078e+00 -4.434484839439392090e-01 -3.492330312728881836e+00 -4.154026985168457031e+00 -3.554801046848297119e-01 -1.430568933486938477e+00 2.469862625002861023e-02 -1.701333999633789062e+00 -1.519787192344665527e+00 1.144063234329223633e+00 -3.164982199668884277e-01 1.334483265876770020e+00 -2.591121196746826172e+00 1.387358784675598145e+00 1.396453976631164551e+00
-3.489381670951843262e-01 -5.570095539093017578e+00 -2.040220975875854492e+00 4.182090759277343750e+00 6.351974487304687500e+00 -1.512192964553833008e+00 5.501121520996093750e+00 -3.812168121337890625e+00 1.890252351760864258e+00 2.863373994827270508e+00 3.110721588134765625e+00 -2.021066904067993164e+00 -1.214838027954101562e+00 -4.498614311218261719e+00 2.804703116416931152e-01
-1.721964836120605469e+00 -1.201759219169616699e+00 5.093694686889648438e+00 2.665180206298828125e+00 4.106920719146728516e+00 1.241081714630126953e+00 1.620840907096862793e+00 -8.898557662963867188e+00 -8.923647403717041016e-01 -2.203534603118896484e+00 4.085721492767333984e+00 -3.169448614120483398e+00 5.500263571739196777e-01 -1.150645136833190918e+00 2.958877384662628174e-02
-1.044740200042724609e+00 1.209656715393066406e+00 1.370488286018371582e+00 9.433351457118988037e-02 -6.592998504638671875e+00 2.166885375976562500e+00 6.617175340652465820e-01 -1.035738182067871094e+01 1.672356367111206055e+00 -1.981324076652526855e+00 3.233396053314208984e+00 1.557273745536804199e+00 4.532709598541259766e+00 -1.370673274993896484e+01 -3.999434471130371094e+00
-1.381760001182556152e+00 -2.355951815843582153e-01 1.068370342254638672e+00 -4.421975612640380859e+00 -2.141777753829956055e+00 5.502157688140869141e+00 4.962669372558593750e+00 3.333036422729492188e+00 -8.819164276123046875e+00 -4.653483867645263672e+00 8.450966835021972656e+00 -1.562381982803344727e+00 -5.250777244567871094e+00 7.802554607391357422e+00 -3.483647346496582031e+00
1.219549179077148438e+00 2.994889318943023682e-01 1.151615023612976074e+00 -1.483377575874328613e+00 4.662264287471771240e-01 -1.848464965820312500e+00 -9.979814887046813965e-01 4.611332893371582031e+00 -1.133926677703857422e+01 1.639247298240661621e+00 6.001371741294860840e-01 -7.998308181762695312e+00 -3.499956846237182617e+00 -2.117300033569335938e+00 -2.812503814697265625e+00
7.614150524139404297e+00 -2.884563684463500977e+00 2.821448564529418945e+00 8.579414337873458862e-02 -7.982684612274169922e+00 -8.995082855224609375e+00 2.819820165634155273e+00 -1.660835146903991699e+00 -2.406154394149780273e+00 1.524353742599487305e+00 1.326763391494750977e+00 9.792842864990234375e-01 2.427013397216796875e+00 -6.937688589096069336e-01 -1.496020793914794922e+00
-5.442095756530761719e+00 7.674508571624755859e+00 1.426045656204223633e+00 5.678244113922119141e+00 -2.727132320404052734e+00 -1.109997868537902832e+00 -1.029985770583152771e-01 -7.909508705139160156e+00 5.809813499450683594e+00 -7.329764842987060547e+00 -4.834749698638916016e+00 3.488232612609863281e+00 -3.006238937377929688e+00 -7.583543658256530762e-01 -8.913060188293457031e+00
5.832689762115478516e+00 -9.597465991973876953e-01 -1.386973142623901367e+00 -4.895287513732910156e+00 3.022816963493824005e-02 -4.525360465049743652e-01 9.606853127479553223e-02 -1.606144666671752930e+00 -2.191718339920043945e+00 6.122683286666870117e-01 -2.999258279800415039e+00 2.425574541091918945e+00 -3.743749380111694336e+00 -3.996292352676391602e-01 4.474102556705474854e-01
-1.054594874382019043e+00 -1.973220944404602051e+00 -3.131785631179809570e+00 -1.630112409591674805e+00 9.093819856643676758e-01 -2.101742267608642578e+00 -9.144763350486755371e-01 -3.710654973983764648e+00 1.526935577392578125e+00 -1.119968146085739136e-01 -1.408401966094970703e+00 -1.317711472511291504e+00 -1.243668317794799805e+00 1.798432111740112305e+00 1.936517596244812012e+00
-3.669216871261596680e+00 -4.046639800071716309e-01 1.921741366386413574e-01 -2.559841394424438477e+00 -3.665826320648193359e-01 -6.554564237594604492e-01 -2.451704025268554688e+00 -7.427937984466552734e+00 4.194198846817016602e-01 1.000195503234863281e+00 -1.601658582687377930e+00 -4.024901390075683594e+00 1.045699477195739746e+00 2.393628835678100586e+00 -3.582313656806945801e-01
-3.117570877075195312e+00 7.005816102027893066e-01 -1.699804812669754028e-01 -1.423884749412536621e+00 1.784570097923278809e+00 -1.650361776351928711e+00 -2.071196079254150391e+00 -8.087682723999023438e+00 -8.023942112922668457e-01 4.714139938354492188e+00 3.296055495738983154e-01 -3.806180238723754883e+00 3.716103792190551758e+00 1.578613281250000000e+00 -5.726842582225799561e-02
2.810088098049163818e-01 1.563720703125000000e+00 1.193292260169982910e+00 1.111606717109680176e+00 6.212488174438476562e+00 -3.336986780166625977e+00 -1.071673631668090820e+00 -8.540764808654785156e+00 -7.520884037017822266e+00 -6.117350101470947266e+00 4.548212051391601562e+00 -5.831949710845947266e-01 2.912684917449951172e+00 1.676352739334106445e+00 9.680592536926269531e+00
8.917579799890518188e-02 -7.691646099090576172e+00 -3.853316783905029297e+00 9.738344192504882812e+00 -6.469241619110107422e+00 5.873778820037841797e+00 4.882152378559112549e-01 -2.282263040542602539e+00 -1.048816871643066406e+01 -4.153342247009277344e-01 9.398933649063110352e-01 1.310669422149658203e+00 5.877409577369689941e-01 -5.500779628753662109e+00 2.817420959472656250e+00
-3.842612981796264648e+00 3.360150098800659180e+00 4.459257602691650391e+00 1.294239401817321777e+00 -3.874136447906494141e+00 -6.270730972290039062e+00 6.101048946380615234e+00 9.597378373146057129e-01 -7.936511039733886719e+00 -7.393787503242492676e-01 -4.542297363281250000e+00 -1.168143749237060547e+00 -1.827331304550170898e+00 -6.205069422721862793e-01 -9.294334650039672852e-01
-5.540985107421875000e+00 2.123229980468750000e+00 2.528804540634155273e-01 3.833843171596527100e-01 -2.941234827041625977e+00 3.416889190673828125e+00 -1.030932521820068359e+01 -3.643488168716430664e+00 6.367441177368164062e+00 6.259213924407958984e+00 -4.554854393005371094e+00 -1.216841316223144531e+01 1.156881046295166016e+01 2.810153245925903320e+00 -8.691433668136596680e-01
6.648565292358398438e+00 -2.112646102905273438e+00 -1.859535217285156250e+00 -4.679235935211181641e+00 8.404685258865356445e-01 8.763272166252136230e-01 -3.521607220172882080e-01 -1.581530690193176270e+00 -1.665418744087219238e+00 -9.530026316642761230e-01 -2.548815250396728516e+00 4.663597106933593750e+00 -3.495267629623413086e+00 -1.530634164810180664e+00 -1.510186195373535156e-01
2.258929491043090820e+00 -2.155374288558959961e+00 -6.597548484802246094e+00 -3.065954446792602539e+00 1.653591036796569824e+00 -1.899210214614868164e+00 8.944185376167297363e-01 -1.127712726593017578e+00 -4.104755818843841553e-01 3.430803775787353516e+00 6.999327540397644043e-01 3.888339042663574219e+00 -1.876270174980163574e-01 3.396192312240600586e+00 1.639622926712036133e+00
-4.125185966491699219e+00 -2.318868160247802734e+00 1.199888736009597778e-01 8.771911263465881348e-01 3.629273891448974609e+00 -1.764611959457397461e+00 -9.150303602218627930e-01 -1.614728420972824097e-01 -7.660533487796783447e-02 3.596201181411743164e+00 -5.625779628753662109e-01 2.909024238586425781e+00 3.412584543228149414e+00 1.899500370025634766e+00 4.984475076198577881e-01
1.967822074890136719e+00 2.301988840103149414e+00 1.099044561386108398e+00 4.012638092041015625e+00 1.158369183540344238e+00 5.574572682380676270e-01 -2.477797508239746094e+00 -1.328597307205200195e+00 1.141541972756385803e-01 4.143227577209472656e+00 1.279439032077789307e-01 3.799349784851074219e+00 3.880280256271362305e+00 3.726179599761962891e+00 3.611692190170288086e+00
-2.159440517425537109e+00 -1.499800920486450195e+00 2.112440586090087891e+00 6.062914133071899414e-01 -1.897765874862670898e+00 1.023234009742736816e+00 -8.570351004600524902e-01 -4.474212169647216797e+00 -3.257720232009887695e+00 2.105524301528930664e+00 -5.401249885559082031e+00 5.347454547882080078e+00 2.386282682418823242e+00 4.951567649841308594e+00 2.054108381271362305e+00
-2.666634798049926758e+00 1.394062399864196777e+00 3.010303974151611328e+00 5.796169042587280273e-01 -1.316220521926879883e+00 6.901283264160156250e+00 -1.286138296127319336e+00 6.106086373329162598e-01 -4.121036052703857422e+00 6.173366546630859375e+00 -4.052651405334472656e+00 5.018459796905517578e+00 3.221342563629150391e+00 4.544129669666290283e-01 1.968346953392028809e+00
-7.018895745277404785e-01 4.252476215362548828e+00 1.708180785179138184e+00 -9.400843381881713867e-01 -2.067259788513183594e+00 2.714027166366577148e+00 1.673584222793579102e+00 -1.445671319961547852e-01 1.254947632551193237e-01 5.827357292175292969e+00 -4.175102710723876953e+00 1.821502804756164551e+00 1.548053741455078125e+00 3.850184381008148193e-01 2.297128200531005859e+00
-3.028273344039916992e+00 1.973095893859863281e+00 1.833124160766601562e+00 1.646775603294372559e+00 1.048964500427246094e+00 1.397560715675354004e+00 -5.577520847320556641e+00 3.275223255157470703e+00 -2.631198644638061523e+00 1.767214179039001465e+00 -3.508820056915283203e+00 8.515256643295288086e-02 4.082201957702636719e+00 -5.476782321929931641e-01 2.673117160797119141e+00
-9.433569759130477905e-02 1.079774871468544006e-01 1.498873114585876465e+00 2.151111699640750885e-02 1.040425181388854980e+00 3.647308588027954102e+00 -7.813808441162109375e+00 1.935889363288879395e+00 -1.584367990493774414e+00 -4.389255046844482422e-01 -3.644295692443847656e+00 -9.717005491256713867e-01 4.062725543975830078e+00 -8.904081583023071289e-01 7.148610949516296387e-01
5.133615136146545410e-01 -3.629895150661468506e-01 1.285418391227722168e+00 -2.000402063131332397e-01 5.360539555549621582e-01 3.071816444396972656e+00 -7.905168533325195312e+00 1.595589637756347656e+00 -9.569441080093383789e-01 -4.049355089664459229e-01 -2.693371534347534180e+00 -1.217274665832519531e+00 4.438538551330566406e+00 -6.582866907119750977e-01 4.211415946483612061e-01
-5.379580855369567871e-01 3.405789136886596680e+00 -1.646362900733947754e+00 1.136482119560241699e+00 -1.173430800437927246e+00 -6.308553814888000488e-01 -7.525038719177246094e-01 1.213733553886413574e+00 1.467412829399108887e+00 -5.088329911231994629e-01 -2.990955591201782227e+00 1.229790091514587402e+00 7.526694983243942261e-02 -2.624207258224487305e+00 4.077423095703125000e+00
-1.259235024452209473e+00 1.329346179962158203e+00 -2.887780189514160156e+00 -5.667436718940734863e-01 1.135913610458374023e+00 -1.518786549568176270e+00 -6.740691661834716797e-01 -2.060535907745361328e+00 -6.398193836212158203e-01 7.042885422706604004e-01 -1.020583510398864746e+00 -1.264366507530212402e+00 2.912592411041259766e+00 -5.901126265525817871e-01 1.424995541572570801e+00
-2.143968582153320312e+00 2.811959028244018555e+00 5.399180889129638672e+00 -3.947601556777954102e+00 2.254066467285156250e+00 -8.069249242544174194e-02 -2.635809183120727539e+00 -1.751994490623474121e+00 1.415448069572448730e+00 -6.499115228652954102e-01 3.692679166793823242e+00 5.789684653282165527e-01 4.814289808273315430e-01 -8.436563014984130859e-01 4.035280227661132812e+00
-4.923799335956573486e-01 3.545072078704833984e+00 6.057142257690429688e+00 -3.917186737060546875e+00 2.423927068710327148e+00 -1.859435319900512695e+00 -3.797374010086059570e+00 -2.965645074844360352e+00 1.407973527908325195e+00 2.429188728332519531e+00 5.570161342620849609e+00 2.254500389099121094e-01 2.871887922286987305e+00 -3.012793362140655518e-01 5.212858676910400391e+00
7.670949935913085938e+00 5.418135643005371094e+00 -3.487726449966430664e-01 9.831579327583312988e-01 3.199522972106933594e+00 7.298156738281250000e+00 6.203247070312500000e+00 -2.882189273834228516e+00 -5.590002059936523438e+00 8.295590281486511230e-01 -5.925191566348075867e-02 -3.634187698364257812e+00 3.647638797760009766e+00 3.212976455688476562e+00 9.420057296752929688e+00
2.707982063293457031e+00 -1.710556030273437500e+01 9.725927352905273438e+00 3.662548780441284180e+00 1.719599962234497070e+00 -1.900769829750061035e+00 2.099096298217773438e+00 2.126773595809936523e+00 6.650818347930908203e+00 7.241639614105224609e+00 -1.533842206001281738e+00 5.714540481567382812e+00 1.285294294357299805e+00 -3.360459327697753906e+00 4.903876781463623047e+00
3.204607069492340088e-01 -4.139640808105468750e+00 2.615590810775756836e+00 3.422056198120117188e+00 -1.254918694496154785e+00 -2.730830669403076172e+00 -4.587986469268798828e+00 2.924259185791015625e+00 -7.844139575958251953e+00 -3.048602104187011719e+00 6.834031581878662109e+00 9.014867782592773438e+00 8.150391578674316406e-01 2.830298662185668945e+00 -4.273651123046875000e+00
7.272799968719482422e+00 -1.224893474578857422e+01 -6.593549251556396484e-01 -9.934411048889160156e-01 -1.454310417175292969e+01 3.027148723602294922e+00 5.947740674018859863e-01 9.226924777030944824e-01 -3.393396615982055664e+00 9.470910072326660156e+00 -2.958123445510864258e+00 1.086266803741455078e+01 -2.279643058776855469e+00 -9.839754104614257812e+00 7.023473381996154785e-01
6.744620323181152344e+00 -1.983509540557861328e+00 -1.037998318672180176e+00 -4.559906959533691406e+00 1.051785230636596680e+00 1.308969616889953613e+00 -6.552676558494567871e-01 -1.810786604881286621e+00 -1.699188470840454102e+00 -1.123414278030395508e+00 -2.990157127380371094e+00 4.993225097656250000e+00 -3.975925445556640625e+00 -1.826477527618408203e+00 -6.448760032653808594e-01
4.303153991699218750e+00 -1.530198454856872559e+00 -6.443740844726562500e+00 -3.787734031677246094e+00 2.043650627136230469e+00 -1.961532592773437500e+00 1.072985172271728516e+00 -4.021684825420379639e-01 -7.592006921768188477e-01 4.059598445892333984e+00 2.281430959701538086e-01 6.684381961822509766e+00 -7.511352896690368652e-01 2.478130817413330078e+00 2.202471733093261719e+00
-2.114807128906250000e+00 -3.690111398696899414e+00 -2.611355781555175781e+00 -7.995657324790954590e-01 3.377737522125244141e+00 -3.943699896335601807e-01 -1.940467596054077148e+00 -1.569463610649108887e+00 1.448939204216003418e+00 3.269235134124755859e+00 -2.336397171020507812e+00 2.373843908309936523e+00 3.694521188735961914e-01 2.590690612792968750e+00 5.151833295822143555e-01
3.684757947921752930e+00 3.198256015777587891e+00 3.783257961273193359e+00 -2.445201762020587921e-02 1.376681327819824219e+00 1.923821330070495605e+00 -9.851542115211486816e-01 -2.629452705383300781e+00 1.202890992164611816e+00 3.588439464569091797e+00 2.541847705841064453e+00 7.260109424591064453e+00 4.536772251129150391e+00 3.394381046295166016e+00 2.771438598632812500e+00
-1.502602934837341309e+00 -2.102471590042114258e+00 1.912516474723815918e+00 -2.994049191474914551e-01 3.953973531723022461e+00 3.050800323486328125e+00 1.760617494583129883e+00 -6.717947006225585938e+00 -3.224090337753295898e+00 1.153227925300598145e+00 -3.178394079208374023e+00 5.884002208709716797e+00 3.949943304061889648e+00 4.252789974212646484e+00 7.959056496620178223e-01
-2.919308185577392578e+00 -1.260328531265258789e+00 3.364927530288696289e+00 7.254607081413269043e-01 1.399822592735290527e+00 3.231941699981689453e+00 3.220629096031188965e-01 -4.907532215118408203e+00 -4.488346099853515625e+00 9.010570645332336426e-01 -6.885652542114257812e+00 6.343744277954101562e+00 9.938736557960510254e-01 2.106662273406982422e+00 3.425556659698486328e+00
-2.258342981338500977e+00 9.250383377075195312e-01 7.167767524719238281e+00 5.922878906130790710e-02 9.494751095771789551e-01 7.601698398590087891e+00 1.634642295539379120e-02 -3.666115283966064453e+00 -5.316450119018554688e+00 5.838802814483642578e+00 -7.822450637817382812e+00 3.152267694473266602e+00 2.079558610916137695e+00 2.518609285354614258e+00 1.567879080772399902e+00
5.917242050170898438e+00 1.604050636291503906e+00 8.302100896835327148e-01 4.298134803771972656e+00 7.829560637474060059e-01 7.025306820869445801e-01 3.744102478027343750e+00 9.120338439941406250e+00 3.155635118484497070e+00 4.731312692165374756e-01 2.291276156902313232e-01 -7.154076099395751953e+00 4.241577148437500000e+00 1.149971604347229004e+00 -3.050545692443847656e+00
4.504585742950439453e+00 1.369982719421386719e+00 2.194921016693115234e+00 1.075962901115417480e+00 -4.001796722412109375e+00 9.981592893600463867e-01 -3.459648609161376953e+00 8.161838531494140625e+00 2.659464597702026367e+00 -2.926702022552490234e+00 1.040623188018798828e+00 -4.117887496948242188e+00 5.385198116302490234e+00 5.799711942672729492e-01 -5.790698528289794922e-01
-4.621076107025146484e+00 2.000300884246826172e+00 -1.451599478721618652e+00 -2.645032167434692383e+00 3.408530950546264648e+00 -5.357959747314453125e+00 1.288349747657775879e+00 8.499754667282104492e-01 -7.988867759704589844e-01 -2.994048118591308594e+00 -1.957926273345947266e+00 7.721090912818908691e-01 3.321960449218750000e+00 8.536370396614074707e-01 -3.150507509708404541e-01
-1.230160593986511230e+00 2.827462673187255859e+00 -2.010903358459472656e+00 5.204386115074157715e-01 1.650609850883483887e+00 -2.248467653989791870e-01 2.051514863967895508e+00 3.858503997325897217e-01 4.521316587924957275e-01 -1.356042861938476562e+00 -1.792425274848937988e+00 1.595566034317016602e+00 7.008183598518371582e-01 -3.817044019699096680e+00 1.138463258743286133e+00
-1.199578046798706055e+00 3.077954292297363281e+00 -4.766999244689941406e+00 2.213538140058517456e-01 2.967763185501098633e+00 -8.675679564476013184e-01 5.472850799560546875e-01 -1.640807628631591797e+00 -1.347369700670242310e-01 3.169232904911041260e-01 -8.146688342094421387e-01 1.294493079185485840e+00 1.423854589462280273e+00 -3.407888174057006836e+00 1.286612629890441895e+00
-1.318229675292968750e+00 2.757610082626342773e+00 -3.752721786499023438e+00 -3.858051300048828125e-01 5.980031967163085938e+00 3.113110780715942383e+00 1.211487315595149994e-02 -3.797081708908081055e+00 6.364614963531494141e-01 2.643136262893676758e+00 1.032918453216552734e+00 -1.333152413368225098e+00 8.945184946060180664e-01 -1.731262683868408203e+00 4.435493350028991699e-01
-1.460802704095840454e-01 3.230269193649291992e+00 -1.198482036590576172e+00 -1.842644691467285156e+00 4.861628532409667969e+00 1.971882581710815430e+00 -1.420405864715576172e+00 -6.051558017730712891e+00 1.101520895957946777e+00 3.251686811447143555e+00 2.322259902954101562e+00 -3.670371294021606445e+00 2.161364555358886719e+00 -3.235999047756195068e-01 1.977495908737182617e+00
-2.517006874084472656e+00 1.340424269437789917e-01 5.980294227600097656e+00 -4.263347148895263672e+00 4.773505210876464844e+00 1.886739134788513184e+00 -2.030133008956909180e-01 1.437444090843200684e+00 1.568420410156250000e+00 -5.947369933128356934e-01 4.510177612304687500e+00 -7.747019529342651367e-01 -3.902774095535278320e+00 -3.726995706558227539e+00 1.135736370086669922e+01
-4.995698451995849609e+00 1.061048358678817749e-01 -5.117015838623046875e+00 7.631329059600830078e+00 -8.805983543395996094e+00 3.779827117919921875e+00 -1.462344646453857422e+00 1.647282600402832031e+00 -5.278924465179443359e+00 4.922978401184082031e+00 9.812148094177246094e+00 -1.486984729766845703e+00 -9.004566073417663574e-01 6.893630623817443848e-01 7.758645534515380859e+00
-5.956726551055908203e+00 3.246899843215942383e+00 -9.222185611724853516e-01 -2.229292631149291992e+00 -2.175091981887817383e+00 -8.652862548828125000e+00 -8.763062477111816406e+00 2.121124267578125000e+00 -1.603332281112670898e+00 1.580659031867980957e+00 6.571592330932617188e+00 7.410549163818359375e+00 -6.412874698638916016e+00 -6.519442558288574219e+00 -4.222084999084472656e+00
8.564935684204101562e+00 -9.296852111816406250e+00 -5.152984142303466797e+00 -9.603730201721191406e+00 -6.267351150512695312e+00 -5.975368022918701172e+00 8.440569877624511719e+00 -4.371701717376708984e+00 -4.886069297790527344e+00 1.283634090423583984e+01 -3.663020133972167969e+00 1.457113552093505859e+01 -2.354360103607177734e+00 -3.750078439712524414e+00 4.293137073516845703e+00
6.548064231872558594e+00 -1.935795664787292480e+00 -1.123833060264587402e+00 -5.052070140838623047e+00 1.240803718566894531e+00 9.922531247138977051e-01 -4.934436827898025513e-02 -1.602649688720703125e+00 -1.763952851295471191e+00 -1.078094840049743652e+00 -2.460114479064941406e+00 5.465532779693603516e+00 -3.658362388610839844e+00 -2.310264825820922852e+00 -4.722386598587036133e-01
5.548937320709228516e+00 -7.585502266883850098e-01 -5.772042751312255859e+00 -4.319072723388671875e+00 1.745623230934143066e+00 -2.854591608047485352e+00 1.093606472015380859e+00 -2.940796613693237305e-01 -1.175037026405334473e+00 4.702954769134521484e+00 -2.632836103439331055e-01 7.150330066680908203e+00 -1.524994134902954102e+00 1.935842275619506836e+00 2.151973724365234375e+00
-2.703508377075195312e+00 -3.647120714187622070e+00 -2.560721874237060547e+00 -9.680169224739074707e-01 3.985348224639892578e+00 -2.581049501895904541e-01 -1.746186614036560059e+00 -8.555493950843811035e-01 1.484962582588195801e+00 3.196053981781005859e+00 -2.391860008239746094e+00 3.228998899459838867e+00 5.383976697921752930e-01 2.265856742858886719e+00 4.585651755332946777e-01
-2.401377439498901367e+00 -3.526821136474609375e+00 -2.710936307907104492e+00 -8.283596634864807129e-01 3.491759777069091797e+00 -3.889166414737701416e-01 -1.705521941184997559e+00 -1.319995284080505371e+00 1.830103278160095215e+00 3.395126819610595703e+00 -2.619412422180175781e+00 2.798945665359497070e+00 5.910710096359252930e-01 2.644641876220703125e+00 4.388867914676666260e-01
-2.432163476943969727e+00 -3.776956081390380859e+00 -2.456436395645141602e+00 -3.113546967506408691e-01 3.782968044281005859e+00 -2.713369764387607574e-02 -1.739408254623413086e+00 -9.583346247673034668e-01 1.695537447929382324e+00 3.207465410232543945e+00 -2.538897275924682617e+00 2.346545219421386719e+00 6.987263560295104980e-01 2.508834362030029297e+00 1.187394380569458008e+00
-2.227550506591796875e+00 -3.976529121398925781e+00 -2.769071340560913086e+00 -8.639416694641113281e-01 3.777631521224975586e+00 -5.568547248840332031e-01 -1.467839360237121582e+00 -1.219296336174011230e+00 1.443867325782775879e+00 3.125071287155151367e+00 -2.729093790054321289e+00 2.836762428283691406e+00 1.770371943712234497e-01 2.551763057708740234e+00 1.144019961357116699e+00
1.003224611282348633e+00 -2.884151935577392578e+00 3.082013607025146484e+00 -2.357933670282363892e-01 1.441081047058105469e+00 8.631800413131713867e-01 2.127398729324340820e+00 -2.989945888519287109e+00 3.514817953109741211e+00 2.964791059494018555e+00 -2.876119852066040039e+00 9.710782766342163086e-01 -1.989521741867065430e+00 -3.261412382125854492e+00 8.955632448196411133e-01
-2.132312774658203125e+00 -3.920097112655639648e+00 -2.520727157592773438e+00 -5.448111295700073242e-01 3.763118743896484375e+00 -7.161322832107543945e-01 -1.801477909088134766e+00 -1.429870963096618652e+00 1.559577345848083496e+00 2.760720014572143555e+00 -2.603169202804565430e+00 2.465178012847900391e+00 7.038845419883728027e-01 2.511195898056030273e+00 1.159509897232055664e+00
-3.570972979068756104e-01 -2.843594551086425781e-01 -4.125684738159179688e+00 -9.543560743331909180e-01 6.355311870574951172e-01 -3.640952408313751221e-01 2.625436305999755859e+00 -2.053633481264114380e-01 2.314391851425170898e+00 3.201407909393310547e+00 -1.835726976394653320e+00 5.814527511596679688e+00 -1.180593729019165039e+00 2.449044466018676758e+00 3.676249027252197266e+00
-2.523663520812988281e+00 -4.143197059631347656e+00 -2.708528995513916016e+00 -3.256250321865081787e-01 3.487054824829101562e+00 -2.397401072084903717e-02 -1.549758434295654297e+00 -1.256008863449096680e+00 1.629405140876770020e+00 3.014276027679443359e+00 -2.596053838729858398e+00 2.366473913192749023e+00 7.973462343215942383e-01 2.394685745239257812e+00 7.051712274551391602e-01
-1.871888518333435059e+00 -3.839493513107299805e+00 -2.876029968261718750e+00 -6.870574951171875000e-01 3.650975942611694336e+00 -1.420537233352661133e-01 -1.719379782676696777e+00 -1.507757067680358887e+00 1.540012478828430176e+00 3.411589622497558594e+00 -2.738099813461303711e+00 2.568206787109375000e+00 7.313812375068664551e-01 2.284307956695556641e+00 6.197393536567687988e-01
-2.010945558547973633e+00 -4.014120578765869141e+00 -2.770083427429199219e+00 -6.977235674858093262e-01 3.808726310729980469e+00 -5.084352493286132812e-01 -1.731266856193542480e+00 -1.328813791275024414e+00 1.319047927856445312e+00 2.964669466018676758e+00 -2.738459587097167969e+00 2.580184221267700195e+00 6.521306037902832031e-01 2.413874387741088867e+00 8.459948897361755371e-01
-2.867460489273071289e+00 -4.257299423217773438e+00 -2.914902925491333008e+00 -8.379753828048706055e-01 3.542075634002685547e+00 -3.300755321979522705e-01 -2.122348308563232422e+00 -1.169831156730651855e+00 1.573048353195190430e+00 2.670831441879272461e+00 -3.028177022933959961e+00 2.552985191345214844e+00 7.402375936508178711e-01 2.105530023574829102e+00 6.596074700355529785e-01
-2.335444927215576172e+00 -4.023862838745117188e+00 -2.806848049163818359e+00 -7.837671637535095215e-01 3.660950660705566406e+00 -7.003295421600341797e-01 -1.973358750343322754e+00 -1.117350935935974121e+00 1.376389861106872559e+00 3.367652893066406250e+00 -2.527740716934204102e+00 2.306210994720458984e+00 5.970059037208557129e-01 2.231766223907470703e+00 9.037258625030517578e-01
-1.995942950248718262e+00 -4.104016304016113281e+00 -2.961143493652343750e+00 -8.982324600219726562e-01 3.379390954971313477e+00 -4.347405731678009033e-01 -1.669604063034057617e+00 -1.546471834182739258e+00 1.640476226806640625e+00 3.258853673934936523e+00 -2.871008396148681641e+00 2.556349754333496094e+00 3.912573754787445068e-01 2.677473545074462891e+00 7.550398111343383789e-01
-2.070137023925781250e+00 -3.348116397857666016e+00 -2.138564586639404297e+00 -1.373436450958251953e+00 3.040964126586914062e+00 -1.072946429252624512e+00 -8.506398797035217285e-01 -9.346713423728942871e-01 1.796018481254577637e+00 1.773243427276611328e+00 -2.476602792739868164e+00 2.885969638824462891e+00 -8.196095377206802368e-02 2.745450496673583984e+00 2.807039976119995117e+00
-2.095299959182739258e+00 -4.031221866607666016e+00 -2.616017818450927734e+00 -6.393601298332214355e-01 3.254178524017333984e+00 -3.964891433715820312e-01 -2.164379358291625977e+00 -1.476917028427124023e+00 1.651688337326049805e+00 3.159860610961914062e+00 -3.179442405700683594e+00 2.386485576629638672e+00 3.867514431476593018e-01 2.736760377883911133e+00 6.448292732238769531e-01
2.550502538681030273e+00 5.377617478370666504e-01 -2.231006622314453125e-01 4.130848884582519531e+00 2.122631549835205078e+00 -4.929582774639129639e-01 -6.073309421539306641e+00 -2.525264739990234375e+00 4.991551935672760010e-01 3.962037324905395508e+00 4.116168245673179626e-02 3.657963037490844727e+00 5.556518554687500000e+00 3.414896726608276367e+00 3.069743633270263672e+00
-3.205003738403320312e+00 -2.946078538894653320e+00 1.006558418273925781e+00 -1.739982217550277710e-01 4.465322494506835938e+00 1.632481336593627930e+00 -7.499141097068786621e-01 -7.460693359375000000e+00 -3.137564420700073242e+00 9.937909245491027832e-01 -1.907201170921325684e+00 6.962336063385009766e+00 3.059247016906738281e+00 2.728217601776123047e+00 -8.275779485702514648e-01
-2.052798509597778320e+00 1.144518494606018066e+00 4.951115608215332031e+00 6.583094596862792969e+00 8.082856178283691406e+00 -1.545822620391845703e+00 -2.632737636566162109e+00 -6.459715843200683594e+00 -2.247325181961059570e+00 7.028974056243896484e+00 -3.451007127761840820e+00 2.986432552337646484e+00 -1.839761853218078613e+00 -5.168247818946838379e-01 3.008606672286987305e+00
3.258805513381958008e+00 -2.260953903198242188e+00 2.693324327468872070e+00 3.158506393432617188e+00 1.286743164062500000e+00 5.057047843933105469e+00 -6.085818290710449219e+00 -7.669170856475830078e+00 -2.787065505981445312e+00 -6.847866773605346680e-01 -9.365221977233886719e+00 5.566919326782226562e+00 1.332605004310607910e+00 -7.525430917739868164e-01 3.035773754119873047e+00
-4.200227260589599609e+00 -5.598995685577392578e-01 1.906527638435363770e+00 -6.017759323120117188e+00 -3.117320060729980469e+00 4.505559921264648438e+00 -5.707460880279541016e+00 -4.578241348266601562e+00 -2.627155780792236328e+00 3.496392250061035156e+00 -8.915265083312988281e+00 1.486563086509704590e+00 1.898162961006164551e+00 -1.598733425140380859e+00 1.997420638799667358e-01
4.312926292419433594e+00 2.379141569137573242e+00 1.827943921089172363e+00 2.645353317260742188e+00 -9.495326280593872070e-01 -1.003796577453613281e+00 2.059881210327148438e+00 8.892986297607421875e+00 2.639586687088012695e+00 -9.753351211547851562e-01 4.197826981544494629e-01 -5.332733631134033203e+00 4.795156955718994141e+00 2.805721521377563477e+00 -3.831732511520385742e+00
-3.133559942245483398e+00 -4.737699031829833984e-01 -3.882608115673065186e-01 -7.574589729309082031e+00 3.240351974964141846e-01 2.915119171142578125e+00 1.041302457451820374e-01 -2.844841003417968750e+00 -1.454313158988952637e+00 -4.389990806579589844e+00 -3.221182823181152344e+00 6.046882867813110352e-01 2.531886577606201172e+00 1.934319019317626953e+00 -2.111099213361740112e-01
-1.587556481361389160e+00 1.140720844268798828e+00 -2.951985597610473633e+00 -2.828886270523071289e+00 -2.391128301620483398e+00 1.062631726264953613e+00 8.382866978645324707e-01 -8.455594182014465332e-01 1.035987734794616699e+00 -1.072460174560546875e+00 -3.569017410278320312e+00 -1.078035116195678711e+00 3.374165296554565430e-01 -2.438472270965576172e+00 5.119306087493896484e+00
-2.820961773395538330e-01 3.265208005905151367e+00 -6.910604476928710938e+00 -4.492431581020355225e-01 2.902020931243896484e+00 8.085543513298034668e-01 -3.907800316810607910e-01 -2.045789808034896851e-01 -3.244231700897216797e+00 2.841956913471221924e-01 6.449531316757202148e-01 2.677711009979248047e+00 4.171861410140991211e-01 -4.955688953399658203e+00 9.130586981773376465e-01
9.001765400171279907e-02 2.544175148010253906e+00 -2.697853565216064453e+00 -9.219747185707092285e-01 4.029679298400878906e+00 3.677567720413208008e+00 1.261187195777893066e+00 2.643340826034545898e-01 -1.301850080490112305e+00 -7.965803742408752441e-01 1.127009749412536621e+00 2.506010770797729492e+00 -6.744818091392517090e-01 -3.787277936935424805e+00 -7.394073605537414551e-01
-1.204789638519287109e+00 4.023104190826416016e+00 -4.815460681915283203e+00 1.212145760655403137e-01 5.663167476654052734e+00 5.682384014129638672e+00 5.670528411865234375e-01 -2.758617877960205078e+00 -2.433553218841552734e+00 -5.627338290214538574e-01 2.570586502552032471e-01 -2.771409451961517334e-01 -1.096746325492858887e+00 -1.107474446296691895e+00 -3.216213881969451904e-01
-1.300780534744262695e+00 6.098315715789794922e-01 4.165704727172851562e+00 -4.067860603332519531e+00 8.413438796997070312e+00 1.926063776016235352e+00 1.237339496612548828e+00 1.968781590461730957e+00 -9.007798433303833008e-01 -1.757333755493164062e+00 4.447368621826171875e+00 1.145230889320373535e+00 -2.999463319778442383e+00 -3.958324909210205078e+00 7.189954280853271484e+00
-1.015124988555908203e+01 3.078849792480468750e+00 -9.433447837829589844e+00 -3.688868284225463867e+00 5.671615123748779297e+00 -5.681895092129707336e-02 3.563410758972167969e+00 -1.403596282005310059e+00 3.307549238204956055e+00 -1.863386482000350952e-01 2.493121474981307983e-02 -3.815826773643493652e-01 4.599390506744384766e+00 -6.211786270141601562e+00 6.542609214782714844e+00
5.008709430694580078e+00 -4.966411590576171875e+00 -1.036012530326843262e+00 -1.925900459289550781e+00 -4.697839915752410889e-02 3.548696994781494141e+00 -2.283776998519897461e+00 -2.852610588073730469e+00 5.090325355529785156e+00 5.165205478668212891e+00 -4.919522762298583984e+00 8.044912219047546387e-01 1.977149695158004761e-01 -1.088949680328369141e+00 -2.469014644622802734e+00
-2.955708026885986328e+00 3.003336668014526367e+00 -8.982955813407897949e-01 -2.100369215011596680e+00 -1.701939940452575684e+00 -2.766430616378784180e+00 -2.021317958831787109e+00 1.287506937980651855e+00 -6.962298750877380371e-01 6.740252673625946045e-02 3.353229761123657227e-01 -2.766278505325317383e+00 -1.738520264625549316e+00 1.282732367515563965e+00 -2.010560512542724609e+00
-1.436278373003005981e-01 2.160890102386474609e+00 -2.994062900543212891e+00 1.890059232711791992e+00 -5.973970890045166016e-01 2.729737043380737305e+00 1.584861874580383301e+00 1.648772954940795898e+00 4.508606493473052979e-01 6.896602511405944824e-01 1.757091879844665527e+00 3.409684896469116211e+00 -1.942374408245086670e-01 -2.051244258880615234e+00 2.621839284896850586e+00
3.403844535350799561e-01 8.900527358055114746e-01 -2.044214487075805664e+00 -1.655829310417175293e+00 2.070716142654418945e+00 2.002519845962524414e+00 -2.911035418510437012e-01 -2.627122998237609863e-01 -6.282435655593872070e-01 3.563508093357086182e-01 -3.709036707878112793e-01 5.264868736267089844e+00 1.593715250492095947e-01 -2.167779922485351562e+00 1.359061360359191895e+00
-1.006403446197509766e+00 8.843534469604492188e+00 2.538680553436279297e+00 -7.490730285644531250e-01 2.195476055145263672e+00 -1.326086968183517456e-01 -1.698358535766601562e+00 -6.587872747331857681e-03 -1.358494639396667480e+00 6.411180019378662109e+00 -1.347446322441101074e+00 4.617804050445556641e+00 -4.147418975830078125e+00 -5.387495040893554688e+00 1.951614022254943848e+00
-5.119054794311523438e+00 -2.981662750244140625e+00 -4.257764816284179688e+00 -3.238245546817779541e-01 3.191490411758422852e+00 -1.940473318099975586e+00 -5.468088150024414062e+00 -1.527809739112854004e+00 9.802545309066772461e-01 2.081075668334960938e+00 -2.124917030334472656e+00 5.083101749420166016e+00 1.666040159761905670e-02 2.085882186889648438e+00 3.218127012252807617e+00
2.462878227233886719e+00 6.061872482299804688e+00 -2.265095710754394531e+00 6.223030686378479004e-01 -2.781937837600708008e+00 -3.593102693557739258e+00 7.181008338928222656e+00 -5.678588867187500000e+00 -2.142738819122314453e+00 1.009154605865478516e+01 -1.228296518325805664e+00 1.010354614257812500e+01 1.546615175902843475e-02 5.791320800781250000e+00 2.549229383468627930e+00
-6.006341934204101562e+00 3.289298117160797119e-01 -2.450452595949172974e-01 -2.071519941091537476e-01 -2.094315290451049805e+00 -2.683463335037231445e+00 -2.528114795684814453e+00 -8.971436023712158203e-01 -7.608667612075805664e-01 5.106575965881347656e+00 -4.195803165435791016e+00 7.665534496307373047e+00 4.175139367580413818e-01 2.342945337295532227e+00 5.320917129516601562e+00
-3.874562740325927734e+00 -9.260563850402832031e-01 1.436111032962799072e-01 6.776866316795349121e-01 2.324273586273193359e+00 4.898534417152404785e-01 -2.978777170181274414e+00 -1.809919774532318115e-01 -2.781173884868621826e-01 6.310630798339843750e+00 -5.046799182891845703e+00 6.876731395721435547e+00 -1.877476811408996582e+00 3.820402383804321289e+00 6.208250522613525391e+00
-4.727355957031250000e+00 -5.159996986389160156e+00 -2.392630577087402344e+00 -2.627068758010864258e+00 -3.211612254381179810e-02 3.674969196319580078e+00 -2.610107183456420898e+00 -4.356192588806152344e+00 2.587651312351226807e-01 6.216383576393127441e-01 -5.098088264465332031e+00 9.417025446891784668e-01 -1.651833415031433105e+00 2.595523118972778320e+00 4.172780513763427734e+00
