2.201253175735473633e-02 2.466122865676879883e+00 -3.010783433914184570e+00 4.753777027130126953e+00 7.674371600151062012e-01 -1.029034614562988281e+00 3.411746025085449219e+00 -3.943755626678466797e+00 -1.361935973167419434e+00 -5.956696987152099609e+00 7.321863621473312378e-02 1.256471514701843262e+00 7.289003133773803711e-01 3.882097721099853516e+00 -4.146901607513427734e+00
-3.706278085708618164e+00 4.185355663299560547e+00 -1.679377913475036621e+00 1.110852241516113281e+00 1.783304214477539062e+00 4.542639255523681641e-01 4.306721210479736328e+00 -4.955952167510986328e+00 2.515469789505004883e+00 -8.164398193359375000e+00 5.916861057281494141e+00 -1.034676074981689453e+00 -3.563231945037841797e+00 -1.093731760978698730e+00 2.196301221847534180e-01
1.624441385269165039e+00 -3.934085369110107422e-01 -1.464421987533569336e+00 2.499732226133346558e-01 -1.895282387733459473e+00 1.424337983131408691e+00 -3.425941765308380127e-01 1.684056401252746582e+00 -1.149132251739501953e+00 8.350642919540405273e-01 2.305604696273803711e+00 -2.896762788295745850e-01 -1.685530900955200195e+00 4.888066947460174561e-01 -1.779446721076965332e+00
-3.994097948074340820e+00 2.320852041244506836e+00 -2.707597970962524414e+00 -1.274313092231750488e+00 -9.999350309371948242e-01 -1.240084171295166016e+00 2.724239230155944824e-01 3.291400909423828125e+00 -1.147110939025878906e+00 4.878404736518859863e-01 -6.698499917984008789e-01 -8.833598494529724121e-01 -1.228165507316589355e+00 1.055137276649475098e+00 -2.793544769287109375e+00
-5.920336723327636719e+00 4.428449630737304688e+00 1.335851699113845825e-01 -1.604285240173339844e+00 -8.921189904212951660e-01 -1.789952635765075684e+00 -2.574728250503540039e+00 -3.091618716716766357e-01 2.762546300888061523e+00 -1.879999041557312012e+00 -9.002702236175537109e-01 -1.678247749805450439e-01 1.135846138000488281e+00 4.892685413360595703e-01 1.980196595191955566e+00
2.901366472244262695e+00 5.217246055603027344e+00 7.549311161041259766e+00 3.521102428436279297e+00 3.423418998718261719e+00 5.243594944477081299e-02 1.415488481521606445e+00 4.402504444122314453e+00 -1.231846928596496582e+00 -1.073181748390197754e+00 -5.564417243003845215e-01 2.285967350006103516e+00 -2.415337324142456055e+00 3.473303556442260742e+00 3.668972492218017578e+00
1.472613960504531860e-01 -3.361758947372436523e+00 5.130031108856201172e+00 -2.991012334823608398e+00 -4.222561359405517578e+00 -4.096857070922851562e+00 -2.558985710144042969e+00 -1.079822301864624023e+00 6.242675304412841797e+00 -9.360128402709960938e+00 1.084111690521240234e+00 1.298619747161865234e+00 -7.229397773742675781e+00 -4.117189407348632812e+00 -3.442238807678222656e+00
2.887960076332092285e-01 1.233440876007080078e+00 -3.116858005523681641e+00 -3.051099777221679688e+00 -1.021411776542663574e+00 -2.106997728347778320e+00 -4.499322474002838135e-01 1.454255223274230957e+00 -2.477733373641967773e+00 -4.547887802124023438e+00 8.656154870986938477e-01 -5.718494892120361328e+00 3.787205219268798828e+00 -4.512093067169189453e+00 1.818759083747863770e+00
-7.411676049232482910e-01 -1.352106332778930664e+00 -6.716814637184143066e-01 2.967576026916503906e+00 -2.059786081314086914e+00 -3.729363441467285156e+00 4.462837800383567810e-02 -8.818954467773437500e+00 3.132201194763183594e+00 -5.510738492012023926e-01 -4.572514057159423828e+00 -7.708877086639404297e+00 1.303089857101440430e+00 3.765885829925537109e+00 2.646116733551025391e+00
4.981316089630126953e+00 3.526273250579833984e+00 5.869654655456542969e+00 6.865115761756896973e-01 4.624304771423339844e+00 3.884842634201049805e+00 9.310385584831237793e-01 1.027148842811584473e+00 1.102400779724121094e+00 3.123574972152709961e+00 1.419951081275939941e+00 8.380085945129394531e+00 1.085355997085571289e+00 2.300438404083251953e+00 1.171157717704772949e+00
1.664518117904663086e+00 7.145800590515136719e-01 -4.642959833145141602e-01 2.848436832427978516e-01 -4.066608905792236328e+00 1.079552650451660156e+00 -1.804667949676513672e+00 3.451752066612243652e-01 -1.691923260688781738e+00 1.364298701286315918e+00 8.413760662078857422e-01 -2.091496229171752930e+00 -3.030676603317260742e+00 5.905956625938415527e-01 1.460626244544982910e+00
1.567813634872436523e+00 4.146178066730499268e-01 -6.540901064872741699e-01 -3.309872150421142578e-01 1.381909847259521484e+00 -3.275977611541748047e+00 -9.782109260559082031e-01 -2.250455617904663086e+00 -1.176529049873352051e+00 8.438165187835693359e-01 -1.164013594388961792e-01 1.834290266036987305e+00 -3.769189357757568359e+00 -9.149465560913085938e-01 8.045654892921447754e-01
2.797444820404052734e+00 2.341955661773681641e+00 -2.360545635223388672e+00 1.693273067474365234e+00 1.363638162612915039e+00 -4.951739788055419922e+00 -3.455261468887329102e+00 1.558224320411682129e+00 3.864171981811523438e+00 1.759098887443542480e+00 1.522880315780639648e+00 4.201292037963867188e+00 -1.650161808356642723e-03 -2.718843936920166016e+00 1.475940942764282227e+00
-4.777438640594482422e+00 -3.534790277481079102e+00 -3.339056968688964844e+00 -2.447776079177856445e+00 -3.556336879730224609e+00 -2.277808189392089844e+00 -4.740542411804199219e+00 1.585031867027282715e+00 2.839607954025268555e+00 -1.139278650283813477e+00 -1.811324000358581543e+00 1.095634102821350098e+00 3.602423667907714844e+00 5.339992046356201172e-01 -4.204498291015625000e+00
5.181724071502685547e+00 -1.171708941459655762e+00 2.181359976530075073e-01 7.571875452995300293e-01 6.370622634887695312e+00 -2.724804878234863281e+00 2.656792879104614258e+00 5.274428844451904297e+00 4.424452781677246094e+00 3.291840314865112305e+00 -1.256689906120300293e+00 -6.754242420196533203e+00 -3.313859939575195312e+00 1.459963768720626831e-01 -5.879047393798828125e+00
3.569036722183227539e-02 -4.624412655830383301e-01 -3.747697353363037109e+00 5.735029220581054688e+00 -7.531771659851074219e-01 6.646892070770263672e+00 4.571794509887695312e+00 7.519499659538269043e-01 5.179946899414062500e+00 -7.970747947692871094e-01 -3.694942474365234375e+00 -1.989724159240722656e+00 -5.961789563298225403e-02 1.423024773597717285e+00 2.881309270858764648e+00
-2.133784770965576172e+00 3.091589689254760742e+00 -1.144019603729248047e+00 1.912205934524536133e+00 7.016469836235046387e-01 3.560297966003417969e+00 2.472858667373657227e+00 1.615673899650573730e+00 -2.355451881885528564e-02 5.615717768669128418e-01 2.166197896003723145e-01 -3.278413534164428711e+00 -3.580134153366088867e+00 -7.375970840454101562e+00 1.725468397140502930e+00
5.016272544860839844e+00 4.794804573059082031e+00 9.495248794555664062e+00 2.505221843719482422e+00 -3.108425617218017578e+00 -1.511591148376464844e+01 3.937593460083007812e+00 1.035543680191040039e+00 -2.062860488891601562e+00 -7.405088901519775391e+00 3.660660982131958008e+00 3.077639102935791016e+00 -2.259667396545410156e+00 3.369318962097167969e+00 5.555992603302001953e+00
1.330676674842834473e+00 1.660363435745239258e+00 -6.074714064598083496e-01 1.005778670310974121e+00 -4.674643993377685547e+00 8.042910695075988770e-01 -1.872820854187011719e+00 -2.818554639816284180e-01 -1.815433144569396973e+00 1.963022589683532715e+00 1.129828453063964844e+00 -1.839050531387329102e+00 -3.631813287734985352e+00 6.311969161033630371e-01 1.493308186531066895e+00
2.507859706878662109e+00 7.688833773136138916e-02 -2.399409770965576172e+00 -1.266157746315002441e+00 -2.156363725662231445e+00 2.014006614685058594e+00 -2.828913331031799316e-01 1.569264233112335205e-01 -1.144652724266052246e+00 2.006549358367919922e+00 3.032307863235473633e+00 -1.150496244430541992e+00 -1.067314982414245605e+00 3.525213003158569336e+00 -3.118221998214721680e+00
-2.712790489196777344e+00 9.726732969284057617e-01 1.145123243331909180e+00 -1.632578015327453613e+00 -1.941917657852172852e+00 -2.380452871322631836e+00 3.146487236022949219e+00 -1.004614233970642090e+00 -1.119874596595764160e+00 3.575579404830932617e+00 -8.839476108551025391e-02 1.090905666351318359e+00 2.787287533283233643e-01 1.268767237663269043e+00 1.770983338356018066e+00
9.158715009689331055e-01 4.723229885101318359e+00 -1.877648949623107910e+00 -2.446045637130737305e+00 -3.298772096633911133e+00 5.247903466224670410e-01 -1.354188203811645508e+00 1.198686003684997559e+00 3.469907045364379883e+00 7.991743087768554688e-01 -1.262629747390747070e+00 3.069951534271240234e+00 2.998547792434692383e+00 3.231057882308959961e+00 -9.825603961944580078e-01
-1.488973975181579590e+00 3.898797035217285156e+00 -9.918677210807800293e-01 -4.192842841148376465e-01 -9.342471957206726074e-01 -2.846418619155883789e+00 -2.328895926475524902e-01 5.809149742126464844e-01 2.586169004440307617e+00 3.929375171661376953e+00 -3.074827432632446289e+00 -1.953434348106384277e-01 5.083987116813659668e-01 7.308483123779296875e-01 -9.940622746944427490e-02
-2.557633161544799805e+00 -7.439099550247192383e-01 -2.317719608545303345e-01 5.945174098014831543e-01 2.822674274444580078e+00 -4.436414241790771484e-01 -6.113538742065429688e+00 -1.498602867126464844e+00 1.248878598213195801e+00 2.105322599411010742e+00 1.948265790939331055e+00 -1.017703652381896973e+00 -1.993662238121032715e+00 1.490419387817382812e+00 4.662281870841979980e-01
-1.848810911178588867e-01 -5.687604844570159912e-02 1.509187370538711548e-01 -3.493229627609252930e+00 -2.428167104721069336e+00 8.328437209129333496e-01 -5.058422684669494629e-01 1.393697977066040039e+00 4.358848094940185547e+00 1.375263452529907227e+00 -1.312405228614807129e+00 4.526330828666687012e-01 1.314232349395751953e+00 2.243165392428636551e-03 2.406200885772705078e+00
-6.859225034713745117e-01 -2.416327953338623047e+00 7.634993791580200195e-01 -7.612529993057250977e-01 2.967455863952636719e+00 1.808502197265625000e+00 -1.779778301715850830e-01 1.482693791389465332e+00 4.050277709960937500e+00 4.022006690502166748e-01 3.202787637710571289e+00 -1.094503641128540039e+00 3.339898824691772461e+00 -9.237653613090515137e-01 1.231346249580383301e+00
3.485822081565856934e-01 -8.382852673530578613e-01 -2.715286016464233398e-01 -6.866017580032348633e-01 2.305618286132812500e+00 -2.433844327926635742e+00 1.529553651809692383e+00 -3.633998632431030273e-01 4.669439315795898438e+00 4.087115228176116943e-01 -5.608179569244384766e-01 2.333826541900634766e+00 3.358777046203613281e+00 -1.795058727264404297e+00 1.595342278480529785e+00
-1.602924108505249023e+00 -3.254045724868774414e+00 2.368587970733642578e+00 -1.326118588447570801e+00 3.583195209503173828e+00 -9.338902831077575684e-01 -9.339327216148376465e-01 -2.726055145263671875e+00 1.171740174293518066e+00 -8.784864097833633423e-02 3.600591123104095459e-01 4.756063520908355713e-01 1.171100363135337830e-01 -1.635122537612915039e+00 1.748449444770812988e+00
-1.508126854896545410e+00 -3.194617271423339844e+00 6.002883315086364746e-01 -5.523090437054634094e-02 -2.560330331325531006e-01 -3.810665905475616455e-01 5.941938757896423340e-01 5.703707337379455566e-01 2.484593689441680908e-01 1.475093007087707520e+00 2.537072002887725830e-01 9.151863455772399902e-01 -2.459587752819061279e-01 -1.166077852249145508e+00 1.614612460136413574e+00
7.402268648147583008e-01 -5.538508296012878418e-01 1.937661767005920410e-01 -8.842046260833740234e-01 1.268433213233947754e+00 1.142264246940612793e+00 6.024383902549743652e-01 3.628367662429809570e+00 -1.160343170166015625e+00 1.508061528205871582e+00 -7.655538320541381836e-01 -5.633568763732910156e-01 3.693819046020507812e+00 1.076299548149108887e+00 -2.658064126968383789e+00
2.740536451339721680e+00 -3.066705465316772461e+00 2.326658964157104492e+00 -4.123080253601074219e+00 1.296196222305297852e+00 6.936371922492980957e-01 3.575051426887512207e-01 4.061565101146697998e-01 3.061133384704589844e+00 3.704289197921752930e-01 8.340378999710083008e-01 -7.258077859878540039e-01 -1.797558814287185669e-01 -4.043819606304168701e-01 3.396762132644653320e+00
4.748521327972412109e+00 4.807031631469726562e+00 2.075657367706298828e+00 2.744438052177429199e-01 7.982031702995300293e-01 1.937307566404342651e-01 -3.907986164093017578e+00 -2.091054439544677734e+00 -3.289974033832550049e-01 3.931272029876708984e+00 -7.450508594512939453e+00 -1.370230197906494141e+00 1.932990074157714844e+00 -5.024597167968750000e+00 -2.711140632629394531e+00
-8.183088302612304688e+00 -2.211000680923461914e+00 -5.058687210083007812e+00 -6.144657135009765625e-01 -1.556407570838928223e+00 2.079509019851684570e+00 -2.986227035522460938e+00 2.153995752334594727e+00 -2.017033576965332031e+00 -2.441795110702514648e+00 2.077443152666091919e-01 -2.216705083847045898e+00 -2.763634920120239258e+00 5.217229366302490234e+00 4.971549034118652344e+00
-9.288238883018493652e-01 6.184125900268554688e+00 -5.509708404541015625e+00 2.617941379547119141e+00 5.195036411285400391e+00 5.711579322814941406e+00 -4.701838970184326172e+00 1.712315440177917480e+00 -2.460877418518066406e+00 -3.513435840606689453e+00 -3.758287906646728516e+00 -1.394806265830993652e+00 -7.002411484718322754e-01 1.013546347618103027e+00 4.418749809265136719e+00
-1.700456738471984863e+00 3.181503534317016602e+00 5.434515953063964844e+00 4.543726444244384766e+00 -1.911317110061645508e+00 1.615364253520965576e-01 -1.075366377830505371e+00 1.803922533988952637e+00 1.930236965417861938e-01 4.320901930332183838e-01 4.827160835266113281e+00 -2.879726886749267578e+00 5.172990322113037109e+00 -3.641617059707641602e+00 -2.647305250167846680e+00
3.026802301406860352e+00 9.542681694030761719e+00 2.659670114517211914e+00 -5.833465576171875000e+00 -7.415316104888916016e+00 1.535090923309326172e+00 1.084020853042602539e+00 -3.959754228591918945e+00 -2.557213306427001953e+00 2.879817008972167969e+00 -3.764477491378784180e+00 -7.288387775421142578e+00 -1.365582585334777832e+00 7.425589084625244141e+00 -7.781345844268798828e+00
9.400656223297119141e-01 1.827157497406005859e+00 -6.931971311569213867e-01 1.698507785797119141e+00 -4.890793800354003906e+00 7.759518623352050781e-01 -1.780486464500427246e+00 1.052543818950653076e-01 -2.157775878906250000e+00 2.679637193679809570e+00 1.007680654525756836e+00 -2.053332805633544922e+00 -3.650493621826171875e+00 8.718561530113220215e-01 1.199539899826049805e+00
2.620340108871459961e+00 5.968651175498962402e-01 -2.383262395858764648e+00 -1.073125004768371582e+00 -2.472185134887695312e+00 1.792503714561462402e+00 -1.387049108743667603e-01 3.079855442047119141e-01 -1.349737405776977539e+00 1.797805666923522949e+00 2.978290319442749023e+00 -1.611196279525756836e+00 -8.674915432929992676e-01 4.133600711822509766e+00 -2.768123149871826172e+00
2.050925940275192261e-01 2.035406589508056641e+00 6.019163131713867188e-01 -2.709042310714721680e+00 -3.949887752532958984e-01 3.072687387466430664e-01 1.394910454750061035e+00 -2.152121782302856445e+00 -1.287458300590515137e+00 2.966338396072387695e+00 2.118681907653808594e+00 -1.494671553373336792e-01 -5.554169416427612305e-01 3.066063165664672852e+00 -6.863826513290405273e-01
-4.567652940750122070e-01 4.062549114227294922e+00 2.040328741073608398e+00 -3.773545742034912109e+00 -4.933569431304931641e+00 9.383620023727416992e-01 1.164214968681335449e+00 3.266481637954711914e+00 1.897422432899475098e+00 5.330774188041687012e-01 -1.730114936828613281e+00 2.505172967910766602e+00 4.532022953033447266e+00 2.978284597396850586e+00 -2.681471109390258789e+00
-1.030145406723022461e+00 3.524091720581054688e+00 -2.350104093551635742e+00 3.503221511840820312e+00 -1.569026857614517212e-01 -5.294960141181945801e-01 -4.650765895843505859e+00 -3.971283435821533203e-01 4.183351993560791016e+00 2.955903768539428711e+00 1.815635561943054199e+00 5.011373385787010193e-02 -8.509835004806518555e-01 2.571878194808959961e+00 -6.407573819160461426e-01
-2.982164382934570312e+00 1.197831273078918457e+00 -3.499102354049682617e+00 4.784983158111572266e+00 -2.437889277935028076e-01 -4.339169502258300781e+00 -1.751087307929992676e+00 -1.006223440170288086e+00 5.130114555358886719e+00 3.531446695327758789e+00 -8.985307216644287109e-01 -2.445960789918899536e-01 -4.224189281463623047e+00 3.471334934234619141e+00 -4.995952546596527100e-01
-8.473722338676452637e-01 1.318387627601623535e+00 -2.569710969924926758e+00 -1.292917847633361816e+00 9.746792316436767578e-01 -1.279902458190917969e+00 3.081455469131469727e+00 9.036748409271240234e-01 5.695465564727783203e+00 4.595622062683105469e+00 -3.329196214675903320e+00 -3.635386228561401367e+00 3.502624511718750000e+00 -1.672376871109008789e+00 -2.382895708084106445e+00
1.267764091491699219e+00 1.420568943023681641e+00 -2.222621202468872070e+00 -4.934662580490112305e-01 2.519246101379394531e+00 -5.025653839111328125e+00 1.477832317352294922e+00 -6.817313432693481445e-01 3.386216402053833008e+00 1.767700552940368652e+00 -5.847213268280029297e+00 3.169106006622314453e+00 -2.267402112483978271e-01 -1.439484596252441406e+00 -3.542933464050292969e+00
-1.341643810272216797e+00 -3.974498987197875977e+00 -2.579183816909790039e+00 1.340545654296875000e+00 2.289229393005371094e+00 -2.473088800907135010e-01 -9.571357369422912598e-01 2.772964239120483398e+00 6.072089076042175293e-01 2.129060506820678711e+00 1.925591945648193359e+00 1.833995461463928223e+00 2.187646627426147461e+00 2.060040473937988281e+00 -3.479140698909759521e-01
-2.719831705093383789e+00 -1.462145090103149414e+00 -1.789592981338500977e+00 -1.924417376518249512e+00 2.526122808456420898e+00 1.021537780761718750e+00 1.676194667816162109e+00 7.635228037834167480e-01 -1.208083987236022949e+00 6.209169030189514160e-01 -1.651988029479980469e+00 2.265098571777343750e+00 -2.402004957199096680e+00 -1.869170427322387695e+00 2.262952327728271484e-01
8.683190345764160156e-01 -1.481420755386352539e+00 -1.102550029754638672e+00 -4.422853589057922363e-01 -6.270568072795867920e-02 2.262167930603027344e+00 -5.959920883178710938e-01 1.166976809501647949e+00 3.596719354391098022e-02 -3.180966973304748535e-01 -1.493733748793601990e-02 1.274685859680175781e+00 -1.719795227050781250e+00 -5.259113907814025879e-01 8.834217190742492676e-01
1.573567867279052734e+00 -2.535314083099365234e+00 -6.712502241134643555e-01 -3.239990472793579102e-01 7.007151842117309570e-01 -7.117593884468078613e-01 -3.447387516498565674e-01 3.259576082229614258e+00 5.358570218086242676e-01 -1.013622641563415527e+00 1.785475611686706543e+00 1.154933571815490723e+00 -1.416376233100891113e+00 2.161552429199218750e+00 9.874445796012878418e-01
2.318398207426071167e-01 -4.189819812774658203e+00 5.220721960067749023e-01 3.771800279617309570e+00 1.275344252586364746e+00 -1.601738691329956055e+00 -1.697748780250549316e+00 -1.641290783882141113e+00 -5.368027687072753906e+00 3.397787094116210938e+00 -3.636134386062622070e+00 4.629776775836944580e-01 -1.524241924285888672e+00 -2.990461826324462891e+00 2.225776195526123047e+00
2.232220411300659180e+00 -1.761098623275756836e+00 9.418994784355163574e-01 -2.169671773910522461e+00 1.851154208183288574e+00 -6.352902054786682129e-01 -2.512808561325073242e+00 3.274895191192626953e+00 -1.665564656257629395e+00 -1.990142107009887695e+00 -1.272626161575317383e+00 2.436766624450683594e+00 4.494095146656036377e-01 3.552295923233032227e+00 1.581551194190979004e+00
5.879512429237365723e-01 -3.377022027969360352e+00 -1.212864995002746582e+00 2.542786121368408203e+00 6.774745136499404907e-02 -1.316966414451599121e-01 1.327669173479080200e-01 2.125197410583496094e+00 -6.738855838775634766e+00 2.648176193237304688e+00 -5.932242393493652344e+00 1.798836708068847656e+00 1.552404761314392090e+00 -1.448312699794769287e-01 2.265622615814208984e+00
1.758623421192169189e-01 -1.218604564666748047e+00 2.968025207519531250e+00 3.219851016998291016e+00 -1.357415199279785156e+00 2.075926065444946289e+00 -2.485363721847534180e+00 7.087140083312988281e-01 1.427219152450561523e+00 -3.353250622749328613e-01 -6.346056938171386719e+00 1.943531870841979980e+00 5.123329162597656250e+00 -6.120859980583190918e-01 -4.086049079895019531e+00
4.319346547126770020e-01 5.978322982788085938e+00 -1.766336083412170410e+00 2.389084100723266602e+00 3.752526760101318359e+00 6.254619121551513672e+00 1.331766694784164429e-01 -4.759218394756317139e-01 8.094361424446105957e-01 -1.582576394081115723e+00 -5.633733868598937988e-01 -2.792850017547607422e+00 4.520374536514282227e-01 -7.304282188415527344e+00 -4.434376657009124756e-01
-4.685878276824951172e+00 -1.122324943542480469e+00 4.621776103973388672e+00 5.955313205718994141e+00 -4.174044132232666016e+00 -9.988507270812988281e+00 -8.158282279968261719e+00 4.588544845581054688e+00 -3.411016225814819336e+00 -6.804655551910400391e+00 -4.802050113677978516e+00 -2.278593540191650391e+00 1.976548552513122559e+00 2.014787435531616211e+00 9.830810427665710449e-01
8.952987194061279297e-01 1.822808146476745605e+00 -7.859110832214355469e-01 1.515209197998046875e+00 -5.101402759552001953e+00 1.116106629371643066e+00 -1.757400631904602051e+00 1.337817311286926270e-01 -1.900655031204223633e+00 2.530105352401733398e+00 1.129598140716552734e+00 -1.835760593414306641e+00 -3.638723611831665039e+00 5.235614776611328125e-01 1.107349038124084473e+00
2.452239751815795898e+00 4.907822608947753906e-02 -2.532711744308471680e+00 -5.640818476676940918e-01 -3.125957727432250977e+00 1.822803139686584473e+00 -6.100453734397888184e-01 4.907181262969970703e-01 -1.488937854766845703e+00 2.617532014846801758e+00 3.137555360794067383e+00 -1.571935892105102539e+00 -1.044839739799499512e+00 4.139081001281738281e+00 -1.421859860420227051e+00
3.124180436134338379e-01 2.102464914321899414e+00 6.236290335655212402e-01 -2.947386741638183594e+00 -5.393787026405334473e-01 5.421601533889770508e-01 1.339262127876281738e+00 -2.086032867431640625e+00 -1.248625636100769043e+00 3.210618257522583008e+00 2.478788375854492188e+00 -1.007757633924484253e-01 -5.214838981628417969e-01 3.123820304870605469e+00 -7.046335339546203613e-01
3.356286287307739258e-01 2.001682281494140625e+00 4.842633008956909180e-01 -2.965586185455322266e+00 -6.446707844734191895e-01 3.205828666687011719e-01 1.319510817527770996e+00 -2.178778171539306641e+00 -1.183763504028320312e+00 3.185741662979125977e+00 2.156528472900390625e+00 -1.324402689933776855e-01 -6.647677421569824219e-01 3.283137559890747070e+00 -9.576339125633239746e-01
2.631993293762207031e-01 1.885789752006530762e+00 8.348725438117980957e-01 -2.954757452011108398e+00 -3.733797669410705566e-01 2.290182709693908691e-01 1.084406852722167969e+00 -2.108371496200561523e+00 -1.351604580879211426e+00 3.069006681442260742e+00 2.090470075607299805e+00 -3.713838756084442139e-01 -3.187768161296844482e-01 3.304896116256713867e+00 -8.272581696510314941e-01
3.733425140380859375e-01 1.901199936866760254e+00 6.491880416870117188e-01 -2.758980751037597656e+00 -3.009439408779144287e-01 5.562602281570434570e-01 1.301735520362854004e+00 -2.086497306823730469e+00 -1.189290165901184082e+00 3.007393598556518555e+00 2.292576789855957031e+00 -4.564239382743835449e-01 -4.661886692047119141e-01 3.272420644760131836e+00 -7.020881772041320801e-01
-1.490364313125610352e+00 3.694733142852783203e+00 1.195174098014831543e+00 2.249541997909545898e+00 8.799803853034973145e-01 -1.703623533248901367e+00 2.607241630554199219e+00 -1.962715834379196167e-01 -9.857776165008544922e-01 1.482584476470947266e+00 -6.794995307922363281e+00 -3.038277328014373779e-01 -3.299242019653320312e+00 1.152933955192565918e+00 -2.825692892074584961e+00
1.737152934074401855e-01 1.667514920234680176e+00 7.601312994956970215e-01 -3.046143054962158203e+00 -4.318561255931854248e-01 3.017970621585845947e-01 1.233754515647888184e+00 -2.147676229476928711e+00 -1.367837905883789062e+00 3.011309385299682617e+00 2.362275600433349609e+00 -1.981006711721420288e-01 -5.066223740577697754e-01 3.236696004867553711e+00 -9.279065728187561035e-01
1.801073431968688965e+00 5.207597613334655762e-01 -1.850323438644409180e+00 -2.657569646835327148e+00 -1.768696665763854980e+00 2.389460325241088867e+00 1.483650952577590942e-01 -5.456414222717285156e-01 -1.115058660507202148e+00 2.048221826553344727e+00 1.648345828056335449e+00 -1.328561902046203613e-01 -4.019897580146789551e-01 3.536677360534667969e+00 -2.250775337219238281e+00
1.988877058029174805e-01 2.018396139144897461e+00 6.721825599670410156e-01 -2.896410703659057617e+00 -1.639002710580825806e-01 5.864896178245544434e-01 1.271244406700134277e+00 -2.263635873794555664e+00 -1.354087829589843750e+00 3.029201269149780273e+00 2.124200820922851562e+00 -2.266341634094715118e-02 -4.548289477825164795e-01 3.214491605758666992e+00 -7.015392184257507324e-01
2.038441896438598633e-01 1.799557089805603027e+00 8.433068990707397461e-01 -2.994984865188598633e+00 -3.338281214237213135e-01 3.450185358524322510e-01 1.391807198524475098e+00 -2.177183628082275391e+00 -1.338584542274475098e+00 2.951728343963623047e+00 2.117564201354980469e+00 -2.560284733772277832e-01 -6.002246141433715820e-01 3.065069437026977539e+00 -4.898387789726257324e-01
2.417094111442565918e-01 1.764150142669677734e+00 7.601699829101562500e-01 -2.936095476150512695e+00 -4.041620492935180664e-01 3.377917408943176270e-01 1.299671053886413574e+00 -2.227423667907714844e+00 -1.338510155677795410e+00 3.117713689804077148e+00 2.181796073913574219e+00 -2.973380982875823975e-01 -4.866845607757568359e-01 3.094145774841308594e+00 -6.923193931579589844e-01
2.336787432432174683e-01 1.932932496070861816e+00 5.523018836975097656e-01 -2.958574295043945312e+00 -4.117130339145660400e-01 5.179742574691772461e-01 1.291741967201232910e+00 -2.137306213378906250e+00 -1.455192685127258301e+00 3.073115110397338867e+00 2.251144409179687500e+00 -3.102486729621887207e-01 -5.599045753479003906e-01 3.077621221542358398e+00 -7.859148383140563965e-01
2.623282074928283691e-01 2.041954994201660156e+00 6.557679176330566406e-01 -2.822843074798583984e+00 -4.792435467243194580e-01 5.189702510833740234e-01 1.189922571182250977e+00 -2.070218563079833984e+00 -1.332814574241638184e+00 2.996540307998657227e+00 2.162524938583374023e+00 -1.215049475431442261e-01 -4.407235383987426758e-01 3.292112588882446289e+00 -7.255422472953796387e-01
2.931451201438903809e-01 1.917732119560241699e+00 7.935379743576049805e-01 -2.949296474456787109e+00 -2.191850244998931885e-01 4.769613444805145264e-01 1.251180887222290039e+00 -2.266563653945922852e+00 -1.295967698097229004e+00 3.003779172897338867e+00 2.193731069564819336e+00 -3.655423521995544434e-01 -5.009629130363464355e-01 3.198013782501220703e+00 -5.962237119674682617e-01
2.788100838661193848e-01 1.793409109115600586e+00 8.157732486724853516e-01 -2.583137512207031250e+00 -2.684834897518157959e-01 3.313398957252502441e-01 1.035383820533752441e+00 -2.188224554061889648e+00 -1.555290102958679199e+00 2.980606555938720703e+00 2.393691539764404297e+00 -2.522308528423309326e-01 -6.717388033866882324e-01 2.966394424438476562e+00 -6.682048439979553223e-01
2.551663219928741455e-01 1.856766343116760254e+00 7.728478312492370605e-01 -3.001376867294311523e+00 -3.540638685226440430e-01 3.803950548171997070e-01 1.186846375465393066e+00 -2.278759002685546875e+00 -1.384971618652343750e+00 2.850067377090454102e+00 2.244219779968261719e+00 -2.618184983730316162e-01 -5.339765548706054688e-01 3.318934202194213867e+00 -6.556048393249511719e-01
-2.279196500778198242e+00 3.066107988357543945e+00 1.402218222618103027e+00 -1.937516331672668457e+00 4.550346851348876953e+00 2.661071538925170898e+00 -5.956538677215576172e+00 -6.050714015960693359e+00 8.261229842901229858e-02 8.754543960094451904e-02 5.477270603179931641e+00 -4.918886721134185791e-01 4.605979621410369873e-01 3.799576997756958008e+00 2.105340212583541870e-01
-2.936023235321044922e+00 2.897459030151367188e+00 3.505844116210937500e+00 -6.261925101280212402e-01 -2.133369207382202148e+00 9.305229783058166504e-01 -2.649777650833129883e+00 1.476826429367065430e+00 2.198721170425415039e+00 4.273708820343017578e+00 6.192173361778259277e-01 -4.348230838775634766e+00 -2.551337003707885742e+00 3.423879384994506836e+00 -1.403242349624633789e+00
-4.280189871788024902e-01 5.439190864562988281e+00 -3.191855847835540771e-01 -1.499400019645690918e+00 -2.076040983200073242e+00 -1.225017070770263672e+00 2.985149025917053223e-01 -1.872261643409729004e+00 5.492991924285888672e+00 3.249623060226440430e+00 -3.706144809722900391e+00 -2.086623191833496094e+00 -2.721779346466064453e+00 3.161388635635375977e+00 -4.016772270202636719e+00
-1.402903437614440918e+00 1.579306960105895996e+00 3.656312227249145508e+00 1.063939690589904785e+00 7.636879086494445801e-01 -3.438378572463989258e-01 -4.165938496589660645e-01 5.158025264739990234e+00 4.494547367095947266e+00 3.926207542419433594e+00 -1.947793006896972656e+00 -3.357929944992065430e+00 -2.056085348129272461e+00 1.942772746086120605e+00 3.224324464797973633e+00
-4.524466395378112793e-01 3.733503818511962891e-01 1.144174456596374512e+00 1.132991194725036621e+00 4.272801399230957031e+00 3.344418853521347046e-02 2.813132047653198242e+00 6.461653709411621094e-01 5.288975238800048828e+00 1.173104882240295410e+00 -2.444786310195922852e+00 -1.405932784080505371e+00 1.320281982421875000e+00 7.881689667701721191e-01 -3.274129629135131836e+00
-2.571428298950195312e+00 -4.050271987915039062e+00 4.473026752471923828e+00 -9.990800619125366211e-01 9.079343676567077637e-01 1.217851161956787109e+00 1.639857053756713867e+00 2.196228265762329102e+00 -6.917201876640319824e-01 -9.732168912887573242e-01 -1.975275516510009766e+00 7.714233398437500000e-01 2.609010219573974609e+00 1.728095889091491699e+00 -5.524361133575439453e+00
-1.284487962722778320e+00 5.721474885940551758e-01 1.180622577667236328e+00 -4.515039443969726562e+00 3.369074583053588867e+00 8.609479069709777832e-01 3.775213718414306641e+00 7.310178875923156738e-02 -7.449461817741394043e-01 -1.564671277999877930e+00 -4.095252990722656250e+00 7.689799070358276367e-01 -4.041730463504791260e-01 1.167029738426208496e+00 -1.416100740432739258e+00
1.645777702331542969e+00 -3.830196380615234375e+00 1.883514046669006348e+00 -8.169632554054260254e-01 -1.173238635063171387e+00 7.080384731292724609e+00 -2.901699066162109375e+00 8.193207979202270508e-01 1.835901975631713867e+00 -4.047968089580535889e-01 -2.642511129379272461e+00 -5.185750126838684082e-01 7.765762805938720703e-01 -3.673028051853179932e-01 -3.399645090103149414e+00
4.891296863555908203e+00 -4.261318683624267578e+00 1.992319703102111816e+00 2.689254999160766602e+00 1.665224909782409668e+00 -3.917767405509948730e-01 -1.542551279067993164e+00 1.849140286445617676e+00 -6.248149275779724121e-01 8.753219842910766602e-01 -5.206442475318908691e-01 -2.359748840332031250e+00 3.326109409332275391e+00 1.174111604690551758e+00 2.766908884048461914e+00
7.917397618293762207e-01 -3.887581825256347656e+00 5.777556300163269043e-01 3.508863449096679688e+00 -1.751901656389236450e-01 -6.016589999198913574e-01 -2.031160354614257812e+00 2.676432609558105469e+00 -1.886853337287902832e+00 -2.877173013985157013e-02 -1.336914420127868652e+00 1.054862380027770996e+00 -4.648736119270324707e-01 -6.877519488334655762e-01 -1.046166300773620605e+00
2.690255403518676758e+00 -3.561037778854370117e+00 8.388312458992004395e-01 1.094308137893676758e+00 1.319578409194946289e+00 -2.184425115585327148e+00 -1.569115638732910156e+00 2.590337991714477539e+00 -3.801470398902893066e-01 -1.583256602287292480e+00 -1.428147792816162109e+00 1.318183779716491699e+00 -5.829308032989501953e-01 1.447925329208374023e+00 -3.378267586231231689e-01
4.717466831207275391e+00 -3.237820863723754883e+00 -1.669143080711364746e+00 3.074680566787719727e+00 3.230062246322631836e+00 -1.975999355316162109e+00 -1.470449805259704590e+00 1.210875749588012695e+00 -2.116961956024169922e+00 2.738414704799652100e-01 -2.335621833801269531e+00 3.169142246246337891e+00 3.234715223312377930e+00 4.481933712959289551e-01 -9.342297315597534180e-01
5.149589061737060547e+00 -4.659784793853759766e+00 1.251166343688964844e+00 4.000801146030426025e-01 -1.594478726387023926e+00 -4.559783935546875000e+00 5.311581611633300781e+00 -3.829337596893310547e+00 -4.136754035949707031e+00 6.129723072052001953e+00 2.120963335037231445e+00 1.101152706146240234e+01 -2.171793937683105469e+00 -2.282642364501953125e+00 2.189335107803344727e+00
-6.704934835433959961e-01 3.141808986663818359e+00 4.097932815551757812e+00 -2.947436332702636719e+00 -1.782846599817276001e-01 -2.649937868118286133e+00 7.675924897193908691e-02 -2.589918136596679688e+00 -1.488959312438964844e+00 -5.731866359710693359e-01 -1.093106716871261597e-01 5.378116965293884277e-01 3.483224391937255859e+00 4.090683937072753906e+00 4.546296894550323486e-01
-2.052470207214355469e+00 -4.229883193969726562e+00 -2.709561347961425781e+00 -6.574737429618835449e-01 4.435191154479980469e+00 -6.183234453201293945e-01 2.401471853256225586e+00 2.451390743255615234e+00 3.361229181289672852e+00 8.810436725616455078e-01 1.682801723480224609e+00 -3.304809808731079102e+00 4.426811218261718750e+00 2.005244255065917969e+00 -2.042610645294189453e+00
4.917375147342681885e-01 -8.556538820266723633e-01 -3.784800529479980469e+00 3.023393630981445312e+00 -4.301874160766601562e+00 -2.711943149566650391e+00 8.379708528518676758e-01 -4.969404339790344238e-01 4.606532096862792969e+00 6.902796030044555664e-01 1.036736011505126953e+00 2.311451911926269531e+00 -1.027399003505706787e-01 5.559406280517578125e+00 -1.511152267456054688e+00
-3.697782278060913086e+00 5.682358264923095703e+00 4.508650302886962891e+00 -4.459143638610839844e+00 1.535424292087554932e-01 9.943987727165222168e-01 1.453314542770385742e+00 -3.778677940368652344e+00 -7.545098304748535156e+00 7.316144108772277832e-01 -6.230677604675292969e+00 2.411214113235473633e+00 4.477634429931640625e+00 -7.895212769508361816e-01 -1.026766180992126465e+00
3.626951456069946289e+00 5.235014438629150391e+00 -1.846419930458068848e+00 -2.530327081680297852e+00 -6.352969646453857422e+00 -5.231165885925292969e+00 -5.472880840301513672e+00 2.964691638946533203e+00 -4.211800098419189453e+00 -8.148102760314941406e-01 1.197311162948608398e+00 -4.970291614532470703e+00 -3.564615488052368164e+00 -1.392839908599853516e+00 -8.639395833015441895e-01
1.897583007812500000e+00 -4.670234918594360352e-01 1.627469658851623535e+00 -3.046267271041870117e+00 3.692142069339752197e-01 1.431974053382873535e+00 -5.303778648376464844e-01 -4.206738948822021484e+00 1.948270797729492188e+00 4.523900508880615234e+00 3.516394138336181641e+00 -2.381880998611450195e+00 -7.387878298759460449e-01 3.098549127578735352e+00 -1.876709461212158203e-01
4.912313461303710938e+00 2.384234189987182617e+00 -2.430921792984008789e+00 2.442144632339477539e+00 1.605088472366333008e+00 1.570676803588867188e+00 3.214993238449096680e+00 -1.023550748825073242e+00 2.460774421691894531e+00 2.283945977687835693e-01 -1.903005480766296387e+00 3.877296209335327148e+00 -1.599311590194702148e+00 4.315839767456054688e+00 2.788130044937133789e+00
-2.268699407577514648e+00 7.133992910385131836e-01 9.856408238410949707e-01 -1.521449208259582520e+00 1.484548330307006836e+00 1.163852810859680176e-01 -2.056951045989990234e+00 -3.200336217880249023e+00 -3.960826992988586426e-01 5.333412170410156250e+00 2.890823364257812500e+00 -3.387327671051025391e+00 -2.777541160583496094e+00 5.903736114501953125e+00 5.111181735992431641e-01
8.937507867813110352e-01 1.332636117935180664e+00 -8.143838047981262207e-01 -9.212172627449035645e-01 1.367718338966369629e+00 -1.368453264236450195e+00 1.458910822868347168e+00 -2.863371610641479492e+00 2.681587457656860352e+00 4.262705326080322266e+00 1.678536057472229004e+00 -1.543485045433044434e+00 -6.763412058353424072e-02 4.117666244506835938e+00 -3.814496099948883057e-01
-1.901203989982604980e+00 -4.928565323352813721e-01 -9.113963246345520020e-01 -6.607436537742614746e-01 6.249830722808837891e-01 -4.480638504028320312e+00 1.686821937561035156e+00 -1.259762048721313477e-01 5.242671966552734375e-01 3.250344991683959961e+00 2.684481143951416016e+00 6.367903351783752441e-01 -2.000092506408691406e+00 6.290177345275878906e+00 3.027784347534179688e+00
