2.376286506652832031e+00 1.582833290100097656e+00 5.384626388549804688e+00 1.680742979049682617e+00 3.533391952514648438e-01 2.336019754409790039e+00 1.415280103683471680e+00 2.518112182617187500e+00 -1.582030892372131348e+00 -3.552921772003173828e+00 4.189095973968505859e+00 1.844931006431579590e+00 1.120862245559692383e+00 -1.177340984344482422e+00 -2.142601966857910156e+00
-7.008154392242431641e-01 1.552463650703430176e+00 3.693455219268798828e+00 4.080169200897216797e+00 -2.251338481903076172e+00 -5.593282580375671387e-01 3.858976840972900391e+00 5.932607054710388184e-01 9.367808103561401367e-01 -1.479589462280273438e+00 -1.353845745325088501e-01 1.356165051460266113e+00 2.205336280167102814e-02 -1.715085625648498535e+00 1.241850137710571289e+00
-9.262702465057373047e-01 -2.876282691955566406e+00 -3.802856802940368652e-01 1.846735000610351562e+00 -2.743362426757812500e+00 4.249701023101806641e+00 -4.744355753064155579e-02 -1.306964874267578125e+00 -1.802823305130004883e+00 1.231494069099426270e+00 -2.510065793991088867e+00 1.445659160614013672e+00 -4.017779350280761719e+00 -1.304106354713439941e+00 5.325334548950195312e+00
-1.484511345624923706e-01 -2.212167263031005859e+00 -1.181888461112976074e+00 -1.089864253997802734e+00 -4.416187763214111328e+00 3.640969753265380859e+00 -3.039214849472045898e+00 9.253910183906555176e-01 2.398278951644897461e+00 -5.815634727478027344e-01 3.300602912902832031e+00 -2.815258502960205078e+00 -3.293082714080810547e+00 -2.727520465850830078e+00 -2.753591060638427734e+00
1.616918325424194336e+00 -2.198011159896850586e+00 3.040980100631713867e+00 -2.993937253952026367e+00 -1.126364827156066895e+00 1.995793938636779785e+00 3.173018455505371094e+00 -1.869080662727355957e+00 2.371411323547363281e+00 2.718713760375976562e+00 1.744845271110534668e+00 -6.154782176017761230e-01 8.942424654960632324e-01 1.476624727249145508e+00 -5.135222911834716797e+00
7.227042913436889648e-01 7.945240139961242676e-01 -2.739545106887817383e-01 2.296586036682128906e+00 4.221642494201660156e+00 -4.187488079071044922e+00 1.130130052566528320e+00 3.956537246704101562e-01 3.668646574020385742e+00 -3.087483406066894531e+00 3.833467721939086914e+00 -8.691514134407043457e-01 -4.296600520610809326e-01 2.486033201217651367e+00 5.329941749572753906e+00
-2.109409570693969727e+00 7.190277576446533203e-01 -7.144502997398376465e-01 5.415298938751220703e-01 1.995350599288940430e+00 -2.514731168746948242e+00 2.850657701492309570e+00 -2.531733989715576172e+00 4.049580574035644531e+00 -3.386074781417846680e+00 3.791164398193359375e+00 -6.771917939186096191e-01 8.823893666267395020e-01 -9.589863419532775879e-01 -4.233548641204833984e+00
2.269634723663330078e+00 2.353184938430786133e+00 -1.138080835342407227e+00 3.525099754333496094e+00 4.148219108581542969e+00 1.847025275230407715e+00 -5.445140838623046875e+00 -2.566731452941894531e+00 -9.719228148460388184e-01 -2.990973472595214844e+00 -2.567359685897827148e+00 5.998041629791259766e+00 -1.220476150512695312e+00 -3.940336704254150391e+00 7.818800210952758789e-01
-9.288592934608459473e-01 -4.576610088348388672e+00 2.789406776428222656e+00 1.095540165901184082e+00 -1.213176965713500977e+00 -2.939050793647766113e-01 -3.421336650848388672e+00 2.795024633407592773e+00 2.940145730972290039e+00 6.379959732294082642e-02 4.711022675037384033e-01 -4.017899930477142334e-02 4.870595335960388184e-01 2.101650089025497437e-01 -3.027694702148437500e+00
-2.599435567855834961e+00 -4.318709850311279297e+00 1.124434545636177063e-01 9.225212037563323975e-02 -3.010084390640258789e+00 2.866906821727752686e-01 3.776033639907836914e+00 -2.352775186300277710e-01 -4.050870418548583984e+00 1.478190064430236816e+00 -6.194204688072204590e-01 7.026666998863220215e-01 1.476724267005920410e+00 8.631690144538879395e-01 -1.469449758529663086e+00
4.916142463684082031e+00 1.023960351943969727e+00 -4.245306178927421570e-02 7.278360128402709961e-01 -3.062982320785522461e+00 -2.874902486801147461e+00 2.620409965515136719e+00 8.635771870613098145e-01 -1.723200082778930664e+00 3.684298515319824219e+00 -2.737261950969696045e-01 -8.679224848747253418e-01 -1.650292158126831055e+00 8.219441026449203491e-02 -8.839786052703857422e-01
3.718548536300659180e+00 3.476072311401367188e+00 2.305165529251098633e+00 -2.531812906265258789e+00 1.645418405532836914e+00 2.812957763671875000e-01 7.396535277366638184e-01 -2.926844120025634766e+00 -6.032258510589599609e+00 -4.412725925445556641e+00 8.973593115806579590e-01 -1.663049578666687012e+00 -1.668640494346618652e+00 -2.285906791687011719e+00 2.008583784103393555e+00
-2.362976372241973877e-01 -4.495800018310546875e+00 1.206983208656311035e+00 6.719998121261596680e-01 5.386733055114746094e+00 -2.451233386993408203e+00 2.731024742126464844e+00 -2.152353763580322266e+00 2.329776763916015625e+00 6.078907966613769531e+00 1.012848734855651855e+00 1.142273426055908203e+00 -4.504977464675903320e-01 4.130369186401367188e+00 -2.860223352909088135e-01
-3.034505605697631836e+00 -9.159618020057678223e-01 1.337232589721679688e+00 1.095785140991210938e+00 -7.102667093276977539e-01 1.479037523269653320e+00 -4.986214160919189453e+00 3.929802894592285156e+00 -9.430586695671081543e-01 -1.055187940597534180e+00 3.058532714843750000e+00 -4.947664260864257812e+00 -1.293021321296691895e+00 -1.440164566040039062e+00 -9.198703169822692871e-01
1.218885779380798340e+00 -2.973691940307617188e+00 -3.886246204376220703e+00 5.417132005095481873e-02 -1.329603672027587891e+00 1.778262019157409668e+00 4.249506294727325439e-01 4.607898235321044922e+00 4.125765800476074219e+00 3.531427681446075439e-01 1.663378477096557617e+00 2.402384042739868164e+00 -2.489259719848632812e+00 -3.099379837512969971e-01 -3.073616027832031250e+00
-5.108618259429931641e+00 1.631392717361450195e+00 -1.251320600509643555e+00 2.022862672805786133e+00 -5.977694988250732422e-01 -2.938048124313354492e+00 -1.165522098541259766e+00 2.988913059234619141e+00 5.801959037780761719e+00 -7.310974001884460449e-01 -5.651589870452880859e+00 6.936947107315063477e-01 3.576755523681640625e+00 -1.646298408508300781e+00 4.775736808776855469e+00
2.902737140655517578e+00 3.587551593780517578e+00 4.688296794891357422e+00 1.270254850387573242e+00 3.126287698745727539e+00 5.008541584014892578e+00 -2.300719499588012695e+00 2.778817176818847656e+00 3.094283342361450195e+00 2.716247797012329102e+00 -2.173404693603515625e+00 2.633140802383422852e+00 4.889135956764221191e-01 -1.277139067649841309e+00 -2.705303728580474854e-01
3.172549724578857422e+00 8.061552047729492188e-01 -3.652129769325256348e-01 3.560157537460327148e+00 4.680297851562500000e+00 -1.435791403055191040e-01 -1.457307100296020508e+00 -4.530900716781616211e-01 -3.262312650680541992e+00 2.919174909591674805e+00 -7.195651531219482422e-01 6.356389522552490234e-01 -4.812128067016601562e+00 1.183995246887207031e+00 -2.263229608535766602e+00
-3.880583286285400391e+00 -2.775909423828125000e+00 -2.092774152755737305e+00 -3.995119929313659668e-01 1.555409789085388184e+00 -2.879156351089477539e+00 3.742729127407073975e-02 1.379941344261169434e+00 7.063592970371246338e-02 -2.670406579971313477e+00 3.638370513916015625e+00 -2.804576158523559570e-01 -1.909185767173767090e+00 1.535960674285888672e+00 -8.091681599617004395e-01
-5.305637359619140625e+00 5.478976249694824219e+00 2.335483789443969727e+00 3.275641679763793945e+00 -2.993431091308593750e+00 4.240687370300292969e+00 -6.187866926193237305e-01 -1.750395059585571289e+00 4.824430465698242188e+00 -2.411034584045410156e+00 -1.572634726762771606e-01 4.632286071777343750e+00 2.542910575866699219e+00 -5.243762731552124023e-01 -5.909206390380859375e+00
-3.389183282852172852e+00 3.309073448181152344e+00 9.357178211212158203e-02 1.357655763626098633e+00 4.846794128417968750e+00 4.869168281555175781e+00 2.969435214996337891e+00 2.331370353698730469e+00 3.220723152160644531e+00 -1.968062222003936768e-01 -1.819443345069885254e+00 2.952720642089843750e+00 9.640775322914123535e-01 1.566044807434082031e+00 1.937080383300781250e+00
3.769557237625122070e+00 -1.792003035545349121e+00 -2.714491367340087891e+00 3.048628807067871094e+00 -2.516273975372314453e+00 -7.378436923027038574e-01 -2.327337265014648438e+00 2.218034982681274414e+00 3.524340987205505371e-01 5.479990005493164062e+00 -3.079489946365356445e+00 4.801675319671630859e+00 -4.034220695495605469e+00 4.823115825653076172e+00 -8.010203242301940918e-01
-2.975078523159027100e-01 -1.462357044219970703e+00 5.327279567718505859e+00 -4.241187274456024170e-01 2.390644311904907227e+00 1.302308201789855957e+00 1.026483058929443359e+00 -8.392430543899536133e-01 -2.310030937194824219e+00 -2.145787954330444336e+00 5.798623561859130859e+00 1.019150853157043457e+00 -2.119203329086303711e+00 4.813075065612792969e+00 2.549922466278076172e-01
-3.875852108001708984e+00 2.600190639495849609e+00 -7.055866718292236328e-01 -4.123729705810546875e+00 1.574492931365966797e+00 -3.434863328933715820e+00 -5.595475673675537109e+00 -1.620892167091369629e+00 1.045831799507141113e+00 -7.609704136848449707e-01 -1.089705586433410645e+00 -3.319973349571228027e-01 -2.481834173202514648e+00 -1.347074151039123535e+00 -1.231106996536254883e+00
-3.486306428909301758e+00 -1.485159248113632202e-01 -6.256005167961120605e-01 -3.009713411331176758e+00 -1.239974617958068848e+00 -3.967966079711914062e+00 1.509219221770763397e-02 -3.280885696411132812e+00 -4.545976638793945312e+00 -1.623145818710327148e+00 -8.852450847625732422e-01 -3.042173624038696289e+00 -4.029049396514892578e+00 -3.522787392139434814e-01 -4.688749313354492188e+00
2.947692573070526123e-01 -7.880290150642395020e-01 -3.046060085296630859e+00 -4.560791492462158203e+00 2.724789142608642578e+00 1.264699697494506836e+00 -2.735529184341430664e+00 2.943162202835083008e+00 1.557994484901428223e+00 -1.676227927207946777e+00 4.312409088015556335e-02 -2.211388349533081055e+00 2.126962661743164062e+00 -2.975220978260040283e-01 9.937327504158020020e-01
4.168052673339843750e+00 1.826572775840759277e+00 -4.571370601654052734e+00 -2.672146260738372803e-01 9.308080673217773438e-01 2.859683275222778320e+00 1.335412859916687012e+00 -9.789685010910034180e-01 -3.160076141357421875e+00 -2.236342281103134155e-01 3.663347244262695312e+00 2.340183019638061523e+00 3.909032106399536133e+00 1.228812813758850098e+00 4.319967269897460938e+00
-3.147609949111938477e+00 1.322877168655395508e+00 5.139092922210693359e+00 -1.813203990459442139e-01 -2.304739236831665039e+00 -1.158333063125610352e+00 -8.400264978408813477e-01 -2.441014766693115234e+00 4.866692543029785156e+00 -9.497401118278503418e-01 -8.747206926345825195e-01 5.085346698760986328e+00 -1.895250082015991211e+00 4.283140182495117188e+00 2.036267369985580444e-01
-1.123350486159324646e-01 -1.766480207443237305e+00 -5.520248889923095703e+00 3.694869995117187500e+00 1.337416410446166992e+00 1.680999517440795898e+00 -1.749767780303955078e+00 8.116242885589599609e-01 -3.438128471374511719e+00 3.466663956642150879e-01 2.856894731521606445e+00 -3.884517192840576172e+00 1.374278217554092407e-01 -1.827923893928527832e+00 2.739354372024536133e+00
-1.208155632019042969e+00 2.202093601226806641e+00 3.888057708740234375e+00 -3.184294700622558594e+00 -1.191051840782165527e+00 -3.357211351394653320e+00 -2.691415846347808838e-01 4.750940203666687012e-01 -1.966972827911376953e+00 6.504313349723815918e-01 -4.050484657287597656e+00 -1.148939013481140137e+00 -2.097470283508300781e+00 -5.340736389160156250e+00 2.419976472854614258e+00
-1.192126870155334473e+00 -4.600138962268829346e-01 2.622541904449462891e+00 -5.379056930541992188e+00 -1.154054105281829834e-01 8.327434659004211426e-01 -4.485275268554687500e+00 -3.381131649017333984e+00 4.852277040481567383e-01 -3.446696698665618896e-01 1.584295332431793213e-01 -2.681689262390136719e+00 -1.138046026229858398e+00 -5.488306045532226562e+00 2.936633110046386719e+00
1.786011219024658203e+00 -9.929627180099487305e-01 2.732835769653320312e+00 5.080967545509338379e-01 1.950419425964355469e+00 -4.424705505371093750e+00 3.421197891235351562e+00 -3.313361883163452148e+00 1.121649444103240967e-01 -7.500155568122863770e-01 -2.334049940109252930e+00 -2.855708599090576172e-01 4.124109268188476562e+00 -3.449510037899017334e-02 9.423767328262329102e-01
2.506393492221832275e-01 -4.724079132080078125e+00 1.347062289714813232e-01 3.298205137252807617e+00 1.282454967498779297e+00 2.640153408050537109e+00 1.894601941108703613e+00 -8.110419511795043945e-01 2.846258401870727539e+00 -7.672396898269653320e-01 -1.153523087501525879e+00 1.470423638820648193e-01 -1.124383211135864258e+00 6.953678727149963379e-01 -1.408126205205917358e-01
6.222006678581237793e-01 2.368899345397949219e+00 -7.265550494194030762e-01 1.032784223556518555e+00 -4.948685318231582642e-02 -2.164998054504394531e+00 5.550385713577270508e-01 1.863187551498413086e+00 -4.186036586761474609e+00 -5.021049380302429199e-01 -2.859696626663208008e+00 -5.087717771530151367e-01 4.763513565063476562e+00 5.187965869903564453e+00 2.540830612182617188e+00
-3.974745512008666992e+00 2.780059337615966797e+00 -1.316574573516845703e+00 -5.950641632080078125e-01 -8.934482336044311523e-01 -3.349045753479003906e+00 -3.407388329505920410e-01 3.027660369873046875e+00 2.666920185089111328e+00 8.348957896232604980e-01 5.837805867195129395e-01 3.536115407943725586e+00 -2.236386537551879883e+00 4.523676395416259766e+00 -5.804309248924255371e-01
-1.829398393630981445e+00 4.234988212585449219e+00 -2.126801013946533203e+00 -1.090157151222229004e+00 1.080446839332580566e+00 -4.597488343715667725e-01 3.181020259857177734e+00 -9.699928760528564453e-01 1.458949923515319824e+00 -2.514194250106811523e+00 2.808193683624267578e+00 4.471010208129882812e+00 1.734329223632812500e+00 -1.784159898757934570e+00 -1.659685492515563965e+00
1.422933459281921387e+00 -3.799108505249023438e+00 -1.648154139518737793e+00 -1.955220103263854980e+00 7.062936425209045410e-01 4.550407409667968750e+00 2.470932245254516602e+00 -3.337916612625122070e+00 4.933989048004150391e-01 -2.194217681884765625e+00 1.622490644454956055e+00 7.146578431129455566e-01 -4.132323265075683594e+00 -1.168288111686706543e+00 -2.262741088867187500e+00
3.770286321640014648e+00 -1.652638077735900879e+00 -1.352724671363830566e+00 -6.967073082923889160e-01 -2.062489271163940430e+00 1.738775730133056641e+00 3.221730470657348633e+00 9.013532400131225586e-01 -5.865077972412109375e-01 7.352269887924194336e-01 2.848867774009704590e-01 -6.842695921659469604e-02 -1.823392152786254883e+00 5.162799954414367676e-01 -1.943375349044799805e+00
1.867263436317443848e+00 -2.129443645477294922e+00 1.671394705772399902e+00 -2.007347822189331055e+00 -9.212915301322937012e-01 1.798116445541381836e+00 3.761602938175201416e-01 2.835256576538085938e+00 -5.137828350067138672e+00 1.081928849220275879e+00 -5.087209701538085938e+00 -1.843152403831481934e+00 1.559250950813293457e+00 1.102292060852050781e+00 4.751490592956542969e+00
-1.361597180366516113e+00 -1.439273357391357422e+00 2.528047263622283936e-01 -4.068760395050048828e+00 3.399713993072509766e+00 2.194839864969253540e-01 1.190806865692138672e+00 1.578231811523437500e+00 -2.336271524429321289e+00 3.304383993148803711e+00 -5.790876150131225586e-01 3.141235589981079102e+00 -3.930900335311889648e+00 -1.977859735488891602e+00 1.876032352447509766e+00
-2.174705266952514648e+00 2.403175592422485352e+00 2.888796329498291016e+00 -2.120968341827392578e+00 2.746451377868652344e+00 -5.557734966278076172e+00 5.460431098937988281e+00 -2.143106758594512939e-01 4.494643509387969971e-01 -2.761505126953125000e+00 -3.876547813415527344e+00 -2.963591098785400391e+00 3.351876974105834961e+00 3.359469413757324219e+00 -6.405178904533386230e-01
5.438836216926574707e-01 -6.726422309875488281e-01 3.276310920715332031e+00 4.856570661067962646e-01 6.191061139106750488e-01 -1.054302811622619629e+00 2.350370168685913086e+00 -4.561729133129119873e-01 4.817536830902099609e+00 5.489411354064941406e-01 9.270291030406951904e-02 -2.970357418060302734e+00 -1.879542112350463867e+00 5.101559162139892578e+00 2.152570962905883789e+00
2.916047096252441406e+00 1.049648642539978027e+00 2.716744184494018555e+00 -8.761982321739196777e-01 6.745671629905700684e-01 6.742265224456787109e-01 1.323280632495880127e-01 1.286385774612426758e+00 4.714553952217102051e-01 7.961498498916625977e-01 -4.411218166351318359e-01 -3.802995443344116211e+00 -1.700710296630859375e+00 3.015962123870849609e+00 -9.580495357513427734e-01
-4.111862480640411377e-01 6.542229652404785156e-02 3.164329767227172852e+00 -2.123275041580200195e+00 -3.007827043533325195e+00 1.600936949253082275e-01 -7.860075831413269043e-01 -1.903796792030334473e+00 -3.076634883880615234e+00 -9.703289270401000977e-01 2.326159328222274780e-01 -1.823288440704345703e+00 -1.699858188629150391e+00 2.119588375091552734e+00 -3.023051500320434570e+00
-4.344992160797119141e+00 -4.668337345123291016e+00 1.961455941200256348e+00 2.654924392700195312e+00 -3.077124834060668945e+00 2.680777311325073242e+00 2.095053672790527344e+00 1.152807381004095078e-02 2.015755176544189453e+00 -3.189648866653442383e+00 7.818309590220451355e-03 7.881075739860534668e-01 -9.067600965499877930e-01 -2.200422286987304688e+00 -1.096642613410949707e+00
3.575638294219970703e+00 7.266508936882019043e-01 -4.835241436958312988e-01 3.047339916229248047e+00 2.213391304016113281e+00 -3.769379615783691406e+00 -1.721442937850952148e+00 2.717689752578735352e+00 2.302260160446166992e+00 -1.407070159912109375e-01 2.216466426849365234e+00 -7.327295541763305664e-01 -1.708039790391921997e-01 8.123049736022949219e-01 -1.379294991493225098e+00
-1.868526816368103027e+00 -6.855770945549011230e-01 3.100529432296752930e+00 2.205359220504760742e+00 -1.651809930801391602e+00 1.713550329208374023e+00 -1.823217749595642090e+00 3.434062480926513672e+00 -1.545026302337646484e+00 3.621307015419006348e-01 3.420483112335205078e+00 7.658390998840332031e-01 -2.957584895193576813e-02 3.273313999176025391e+00 -3.369313478469848633e+00
-1.669916510581970215e+00 1.574054718017578125e+00 -2.025394201278686523e+00 5.549767494201660156e+00 -1.434926390647888184e+00 -1.129533529281616211e+00 2.032234668731689453e+00 -7.745554447174072266e-01 -3.490867853164672852e+00 -5.227276682853698730e-01 -2.779238939285278320e+00 2.671145200729370117e+00 1.204118847846984863e+00 -4.130762100219726562e+00 -1.907708168029785156e+00
4.772437095642089844e+00 2.352005481719970703e+00 -3.690271675586700439e-01 -1.320444345474243164e+00 -3.689225435256958008e+00 -8.172773122787475586e-01 3.889550924301147461e+00 5.203291893005371094e+00 -2.587296009063720703e+00 -4.439420700073242188e+00 1.072158515453338623e-01 1.805791854858398438e+00 -1.491881728172302246e+00 5.506798267364501953e+00 -3.809968233108520508e-01
-1.170833945274353027e+00 1.120148658752441406e+00 -4.212615966796875000e+00 7.672873735427856445e-01 -3.263662576675415039e+00 -1.798394769430160522e-01 8.069688081741333008e-01 -4.229177951812744141e+00 -5.220481157302856445e-01 -6.864145398139953613e-01 -2.166556119918823242e+00 -3.271692991256713867e+00 2.527606964111328125e+00 -1.726418137550354004e+00 -3.397998094558715820e+00
1.802624821662902832e+00 -6.217843294143676758e-01 8.160780370235443115e-02 5.871747732162475586e-01 1.341004133224487305e+00 2.267614841461181641e+00 -1.633036732673645020e-01 2.481180906295776367e+00 1.276147216558456421e-01 -3.515673637390136719e+00 -3.808990716934204102e+00 -2.256902456283569336e+00 5.422815084457397461e-01 7.512009888887405396e-02 -7.217271327972412109e-01
-6.316643357276916504e-01 5.978359580039978027e-01 -1.343602180480957031e+00 -2.304898023605346680e+00 -1.348989486694335938e+00 1.998023033142089844e+00 -1.156290173530578613e+00 -2.874121904373168945e+00 -1.772014737129211426e+00 8.859632015228271484e-01 1.680334925651550293e+00 2.330378293991088867e+00 2.195776939392089844e+00 1.870878696441650391e+00 -9.571663737297058105e-01
-3.839592933654785156e-01 -6.872967481613159180e-01 -3.017348527908325195e+00 2.498633414506912231e-01 9.874696731567382812e-01 5.143417835235595703e+00 1.396788239479064941e+00 -3.408152818679809570e+00 -2.976655721664428711e+00 -4.812902450561523438e+00 2.096462726593017578e+00 -2.621141374111175537e-01 1.918285489082336426e+00 -2.752783298492431641e+00 3.222073018550872803e-01
2.361827373504638672e+00 -3.314977407455444336e+00 4.951565563678741455e-01 -5.466399669647216797e+00 -1.307274699211120605e+00 -2.868303060531616211e+00 3.085182189941406250e+00 -2.026006937026977539e+00 1.686396837234497070e+00 -3.535693585872650146e-01 3.374693870544433594e+00 2.786806821823120117e+00 -4.874075889587402344e+00 -1.508153676986694336e+00 -4.498399734497070312e+00
-5.729991197586059570e-01 3.518384933471679688e+00 5.957920551300048828e-01 -9.396989941596984863e-01 1.145738482475280762e+00 4.768460750579833984e+00 3.451985120773315430e+00 6.388635039329528809e-01 3.509373664855957031e+00 -1.372805356979370117e+00 -1.010784029960632324e+00 5.380675315856933594e+00 -1.242051482200622559e+00 -2.994401693344116211e+00 3.015701293945312500e+00
-3.108153939247131348e-01 2.065695047378540039e+00 -2.376186847686767578e+00 2.381369829177856445e+00 -3.874069452285766602e+00 4.904995918273925781e+00 -2.016135931015014648e+00 1.332432150840759277e+00 -1.785258293151855469e+00 -3.506537437438964844e+00 1.652434825897216797e+00 -1.664080142974853516e+00 1.413688182830810547e+00 5.618590354919433594e+00 3.400300264358520508e+00
-5.447322726249694824e-01 2.511048614978790283e-01 -2.021533966064453125e+00 7.453294992446899414e-01 1.414468288421630859e+00 1.186924934387207031e+00 -4.655099868774414062e+00 -1.552672982215881348e+00 2.662908792495727539e+00 -1.137917518615722656e+00 2.033439159393310547e+00 -3.062068462371826172e+00 -3.315706491470336914e+00 8.078914284706115723e-01 2.825065374374389648e+00
3.437896013259887695e+00 5.644691467285156250e+00 -3.425618648529052734e+00 -4.203686237335205078e+00 -3.175085067749023438e+00 4.051639080047607422e+00 3.815725803375244141e+00 -3.049832344055175781e+00 -2.254622131586074829e-01 4.384011745452880859e+00 2.734603643417358398e+00 4.299539566040039062e+00 -6.973491907119750977e-01 4.028992354869842529e-02 -2.598327159881591797e+00
-5.055460929870605469e+00 2.885529756546020508e+00 -3.128097772598266602e+00 -7.345582246780395508e-01 2.942036151885986328e+00 -2.027494907379150391e+00 5.049145221710205078e+00 -1.943496227264404297e+00 5.209044218063354492e-01 -2.649040222167968750e+00 -2.553439855575561523e+00 -4.331553876399993896e-01 -6.952623128890991211e-01 -2.294366836547851562e+00 -2.726181149482727051e-01
1.103193238377571106e-01 3.125995874404907227e+00 2.890435695648193359e+00 -3.335052013397216797e+00 3.463462114334106445e+00 2.835838794708251953e-01 3.040821552276611328e-01 5.064908862113952637e-01 -5.824505090713500977e-01 -1.943116068840026855e+00 4.961301386356353760e-01 -1.980292439460754395e+00 -1.635340690612792969e+00 2.064893484115600586e+00 1.992079138755798340e+00
-4.049014568328857422e+00 -5.111070156097412109e+00 7.318733930587768555e-01 -1.781901478767395020e+00 2.120935678482055664e+00 1.623143434524536133e+00 5.062246322631835938e+00 -8.939747214317321777e-01 -2.773736476898193359e+00 -1.691842317581176758e+00 -5.101025104522705078e+00 -1.355113148689270020e+00 -3.241991281509399414e+00 3.206965208053588867e+00 4.379404544830322266e+00
-5.382341384887695312e+00 9.908887147903442383e-01 -1.165722966194152832e+00 3.809321641921997070e+00 1.987464666366577148e+00 4.631813168525695801e-01 -5.804155826568603516e+00 -5.112731933593750000e+00 1.909528523683547974e-01 8.195622563362121582e-01 -1.828392624855041504e+00 1.136753559112548828e+00 -1.505425691604614258e+00 -1.780498504638671875e+00 3.663690328598022461e+00
-6.660442352294921875e-01 1.333848357200622559e+00 -5.827507376670837402e-01 3.188985586166381836e-01 1.325775384902954102e+00 -1.897882103919982910e+00 -1.401066541671752930e+00 4.365882873535156250e-01 3.289916753768920898e+00 -3.223848044872283936e-01 9.155573248863220215e-01 -2.045381814241409302e-01 2.782891988754272461e+00 1.089330390095710754e-02 3.280047893524169922e+00
-2.570252656936645508e+00 -1.252254724502563477e+00 -1.005003526806831360e-01 -3.860309362411499023e+00 -6.006565093994140625e-01 -2.403133630752563477e+00 -7.998659610748291016e-01 -2.169057130813598633e+00 2.104014396667480469e+00 2.029399633407592773e+00 -4.452383995056152344e+00 -2.149280309677124023e+00 1.497309684753417969e+00 -5.383134365081787109e+00 4.785457625985145569e-02
-3.889769315719604492e+00 -4.948617890477180481e-02 7.050346136093139648e-01 -2.661491155624389648e+00 -3.078435182571411133e+00 2.011644363403320312e+00 1.289269566535949707e+00 1.877871751785278320e+00 2.116158723831176758e+00 -5.187592506408691406e-01 2.619299173355102539e+00 -1.886402487754821777e+00 1.331319451332092285e+00 -4.838711917400360107e-01 -9.631139636039733887e-01
5.095105618238449097e-02 6.003685593605041504e-01 8.167625665664672852e-01 2.687732934951782227e+00 -2.688635349273681641e+00 1.934232592582702637e+00 2.296104907989501953e+00 -1.947829842567443848e+00 1.898727536201477051e+00 -1.352524280548095703e+00 -4.748183727264404297e+00 -2.626458644866943359e+00 1.107892036437988281e+00 -3.792920112609863281e+00 -1.591897368431091309e+00
4.157655239105224609e+00 -1.340757906436920166e-01 -5.495908111333847046e-02 -7.370043396949768066e-01 1.194609403610229492e+00 2.086228370666503906e+00 -2.963105678558349609e+00 1.151252985000610352e+00 -9.091899394989013672e-01 -3.060819208621978760e-01 -5.228853225708007812e-01 -5.056178092956542969e+00 1.545828342437744141e+00 -3.251683950424194336e+00 -3.149848461151123047e+00
3.480198383331298828e-01 -5.094621777534484863e-01 -1.820184588432312012e+00 -1.016169667243957520e+00 -2.319974899291992188e+00 -1.366827487945556641e-01 9.036101698875427246e-01 4.268644332885742188e+00 -3.290511131286621094e+00 -1.499289393424987793e+00 9.505838751792907715e-01 -3.362890958786010742e+00 2.485861778259277344e+00 -2.599043369293212891e+00 -5.579651594161987305e-01
1.583401322364807129e+00 -1.809398412704467773e+00 -8.138813972473144531e-01 5.291067957878112793e-01 2.695131778717041016e+00 9.043586254119873047e-01 4.084509849548339844e+00 4.932363510131835938e+00 9.126763343811035156e-01 -3.381134748458862305e+00 2.949937820434570312e+00 -3.662763357162475586e+00 1.376059770584106445e+00 5.699488520622253418e-01 -3.996541798114776611e-01
-4.200611591339111328e+00 2.075632512569427490e-01 1.449248075485229492e+00 6.842179894447326660e-01 -9.737469553947448730e-01 -4.026860713958740234e+00 -3.947304725646972656e+00 -4.214339256286621094e+00 4.454260826110839844e+00 4.751783370971679688e+00 5.497895717620849609e+00 -2.831948041915893555e+00 -3.111432313919067383e+00 2.404931306838989258e+00 -2.987308263778686523e+00
-4.168406486511230469e+00 -1.308147549629211426e+00 6.509549617767333984e-01 2.543817520141601562e+00 -8.481144905090332031e-01 -2.922644615173339844e+00 -2.036497354507446289e+00 2.118625879287719727e+00 4.089002132415771484e+00 -6.375293731689453125e-01 1.397594928741455078e+00 -2.171967506408691406e+00 1.836215972900390625e+00 1.735237836837768555e+00 -1.099932551383972168e+00
2.641001224517822266e+00 3.203753232955932617e+00 -5.012659549713134766e+00 1.528631567955017090e+00 1.696911334991455078e+00 5.407058238983154297e+00 9.807475805282592773e-01 1.651186496019363403e-01 -2.761443376541137695e+00 -5.618693828582763672e+00 -1.721609592437744141e+00 8.653538823127746582e-01 -3.649479389190673828e+00 2.345798730850219727e+00 3.895548343658447266e+00
-1.138171434402465820e+00 2.659734010696411133e+00 5.242311954498291016e+00 1.991065621376037598e+00 1.414305686950683594e+00 1.396041154861450195e+00 -2.528064250946044922e+00 5.168058276176452637e-01 -1.541078448295593262e+00 -4.720688819885253906e+00 9.180279374122619629e-01 3.500010490417480469e+00 3.695735216140747070e+00 5.476643085479736328e+00 7.527648657560348511e-02
2.622791051864624023e+00 -4.053528785705566406e+00 -5.432539463043212891e+00 -2.273983716964721680e+00 -2.946620702743530273e+00 -4.445372581481933594e+00 -1.477139592170715332e+00 5.239843949675559998e-02 1.660289406776428223e+00 4.675376415252685547e-01 2.792915344238281250e+00 3.278985500335693359e+00 -3.059249639511108398e+00 -3.245265483856201172e+00 3.020918607711791992e+00
-4.691412925720214844e+00 -5.242357730865478516e+00 2.998565673828125000e+00 2.511531352996826172e+00 1.395822167396545410e+00 4.256995677947998047e+00 1.890975117683410645e+00 -4.395352840423583984e+00 4.366079330444335938e+00 3.059825301170349121e-01 -4.524777233600616455e-01 2.436314374208450317e-01 6.843192577362060547e-01 -3.296514272689819336e+00 7.370796799659729004e-01
-7.690684199333190918e-01 1.074054002761840820e+00 -1.161317944526672363e+00 3.402678966522216797e+00 -1.949263334274291992e+00 1.793464660644531250e+00 1.670879125595092773e+00 1.743892788887023926e+00 -2.228111505508422852e+00 -5.708814263343811035e-01 -3.861435890197753906e+00 -9.380385279655456543e-01 2.113340139389038086e+00 -3.536612033843994141e+00 3.007436752319335938e+00
3.557961940765380859e+00 -1.079971790313720703e+00 -2.529945373535156250e+00 -1.667378306388854980e+00 -5.705837249755859375e+00 4.204911708831787109e+00 -4.590091705322265625e+00 7.704920768737792969e-01 1.473735690116882324e+00 2.469722032546997070e+00 1.781848907470703125e+00 -2.676809787750244141e+00 -1.848950862884521484e+00 5.496801853179931641e+00 1.571751117706298828e+00
8.459586650133132935e-02 -2.982728958129882812e+00 -7.535556554794311523e-01 4.743959903717041016e-01 -1.286122083663940430e+00 -6.036907434463500977e-01 -1.827300310134887695e+00 -5.865659117698669434e-01 -2.288053750991821289e+00 3.990563392639160156e+00 -2.130218982696533203e+00 -1.685970574617385864e-01 -2.619285106658935547e+00 2.451210737228393555e+00 -3.377180337905883789e+00
-4.437368869781494141e+00 -5.796929836273193359e+00 1.288462281227111816e+00 -1.771440863609313965e+00 9.185051918029785156e-01 -1.116455078125000000e+00 3.292887508869171143e-01 -2.635929107666015625e+00 -3.885642528533935547e+00 3.588272571563720703e+00 3.275689840316772461e+00 -3.082331418991088867e+00 -3.440535306930541992e+00 -1.667599558830261230e+00 3.136155009269714355e-02
7.153621315956115723e-01 4.983274638652801514e-01 -8.174425959587097168e-01 1.076927900314331055e+00 8.303057551383972168e-01 -3.790459632873535156e+00 -8.676902055740356445e-01 -5.106913089752197266e+00 -7.326211929321289062e-01 -4.947048723697662354e-01 -2.122233629226684570e+00 -3.248894453048706055e+00 -5.840517044067382812e+00 -2.588457465171813965e-01 -1.499210476875305176e+00
-5.764060497283935547e+00 1.943034768104553223e+00 -2.366184234619140625e+00 1.501916646957397461e+00 -8.786283731460571289e-01 7.240948677062988281e-01 1.597627880983054638e-03 2.142200469970703125e+00 4.010582447052001953e+00 1.060960888862609863e+00 3.043778419494628906e+00 9.327134117484092712e-03 3.468079328536987305e+00 2.647120952606201172e+00 -4.297594353556632996e-02
1.442126750946044922e+00 -3.761284828186035156e+00 -2.521488666534423828e+00 -8.990210890769958496e-01 -1.503260731697082520e+00 -4.001847743988037109e+00 -1.313325285911560059e+00 -3.800792396068572998e-01 1.438820242881774902e+00 -1.367390602827072144e-01 2.744558572769165039e+00 -3.144713401794433594e+00 1.139038920402526855e+00 -2.957848787307739258e+00 -1.652955532073974609e+00
4.362889766693115234e+00 5.138523578643798828e+00 -5.837857127189636230e-01 -4.016798973083496094e+00 -1.746403217315673828e+00 -4.287515878677368164e-01 -1.434262514114379883e+00 -3.344024419784545898e+00 5.486096382141113281e+00 4.903080463409423828e+00 5.111055374145507812e+00 -2.427805811166763306e-01 9.945079088211059570e-01 -1.984556794166564941e+00 -4.475508213043212891e+00
4.276403427124023438e+00 -1.982092618942260742e+00 -1.267630457878112793e+00 2.503172159194946289e+00 -1.665356993675231934e+00 -4.162473604083061218e-02 -4.341910362243652344e+00 -4.030593395233154297e+00 -1.269113898277282715e+00 1.479719638824462891e+00 1.823508553206920624e-02 -2.416292667388916016e+00 -5.874318480491638184e-01 -2.679966926574707031e+00 3.411373496055603027e-01
2.912829875946044922e+00 -2.876202583312988281e+00 1.208808183670043945e+00 3.239305496215820312e+00 1.325078487396240234e+00 1.596763014793395996e+00 -1.311542987823486328e-01 2.695827484130859375e-01 -3.359567165374755859e+00 -3.167757987976074219e+00 -1.042350769042968750e+00 -1.859014987945556641e+00 4.351286411285400391e+00 3.265528678894042969e+00 -4.496917724609375000e+00
2.457713603973388672e+00 1.433090090751647949e+00 -5.608231425285339355e-01 -2.681276082992553711e+00 2.351790368556976318e-01 7.680817842483520508e-01 2.025815010070800781e+00 3.313292503356933594e+00 1.259794116020202637e+00 3.410354375839233398e+00 4.040418624877929688e+00 3.827505111694335938e+00 -3.137756109237670898e+00 -6.814764738082885742e-01 -3.331287145614624023e+00
-3.337376117706298828e+00 1.624001264572143555e+00 2.482620716094970703e+00 -1.510269999504089355e+00 -4.540127754211425781e+00 -3.495723724365234375e+00 4.067395210266113281e+00 2.293117523193359375e+00 -4.385000228881835938e+00 3.078718185424804688e+00 3.760099887847900391e+00 -1.073803544044494629e+00 -1.461557030677795410e+00 5.206678867340087891e+00 1.214523673057556152e+00
2.361930608749389648e+00 1.582345485687255859e+00 1.931224226951599121e+00 -2.201130390167236328e+00 3.019229412078857422e+00 7.710118293762207031e-01 -5.388364791870117188e-01 2.426003217697143555e+00 -1.979866981506347656e+00 1.629265189170837402e+00 -1.260410547256469727e+00 -7.387164831161499023e-01 -2.144798755645751953e+00 8.958899974822998047e-01 -4.856899738311767578e+00
4.399409770965576172e+00 1.506376147270202637e+00 -1.131273150444030762e+00 -8.221179246902465820e-01 3.183948278427124023e+00 1.347238123416900635e-01 2.045019626617431641e+00 -4.173717796802520752e-01 -7.915376424789428711e-01 4.129642486572265625e+00 -4.611774682998657227e-01 1.309054493904113770e+00 2.412455320358276367e+00 8.571251034736633301e-01 -1.908077299594879150e-01
-4.959001839160919189e-01 1.047814607620239258e+00 -4.537552833557128906e+00 -9.041073322296142578e-01 7.294851541519165039e-01 -1.114340722560882568e-01 -3.246417760848999023e+00 1.218296766281127930e+00 1.592863202095031738e+00 -1.300110697746276855e+00 4.091359138488769531e+00 -1.409018039703369141e-01 -3.585993051528930664e+00 -1.566067099571228027e+00 9.941972494125366211e-01
1.983897924423217773e+00 2.941069565713405609e-02 1.191166043281555176e+00 1.850875973701477051e+00 5.792272090911865234e-01 -2.178904414176940918e-01 4.213864803314208984e+00 -1.831066250801086426e+00 9.982131123542785645e-01 -2.221351146697998047e+00 -1.000637188553810120e-01 7.803530991077423096e-02 3.055489063262939453e+00 1.684468984603881836e+00 -5.774164944887161255e-02
5.524419546127319336e-01 1.962291717529296875e+00 4.777389049530029297e+00 2.021151781082153320e+00 -8.087711334228515625e-01 -5.102573871612548828e+00 -4.682476997375488281e+00 -3.957959413528442383e+00 -1.324555993080139160e+00 4.675989627838134766e+00 -2.815954446792602539e+00 9.826924204826354980e-01 -1.078019261360168457e+00 -1.740006923675537109e+00 4.082457065582275391e+00
1.529802203178405762e+00 2.353506326675415039e+00 -1.933248996734619141e+00 4.456573009490966797e+00 6.637727022171020508e-01 -5.611104011535644531e+00 4.049518108367919922e+00 -2.367045879364013672e+00 5.525890588760375977e-01 3.535394906997680664e+00 -1.435907721519470215e+00 -6.208484768867492676e-01 -2.472462177276611328e+00 1.596389293670654297e+00 -8.255495429039001465e-01
-4.113520145416259766e+00 -1.860413074493408203e+00 -1.352659106254577637e+00 -7.537993192672729492e-01 3.948396146297454834e-01 -5.484518527984619141e+00 -1.290010929107666016e+00 -2.242501020431518555e+00 4.091866493225097656e+00 1.726007342338562012e+00 2.488748550415039062e+00 1.243384480476379395e+00 -3.235506057739257812e+00 1.019225835800170898e+00 -1.082614183425903320e+00
