3.140082657337188721e-01 -2.268351614475250244e-01 -8.899195790290832520e-01 9.691427350044250488e-01 -1.521274447441101074e+00 -2.421725034713745117e+00 6.083127498626708984e+00 2.440217971801757812e+00 3.965367972850799561e-01 -1.787551164627075195e+00 -1.508187890052795410e+00 -1.946563839912414551e+00 -6.404911041259765625e+00 1.202364206314086914e+00 3.185060739517211914e+00
-6.015791893005371094e+00 2.432577610015869141e+00 7.596405744552612305e-01 5.241519927978515625e+00 -2.867688834667205811e-01 2.958502531051635742e+00 1.323470115661621094e+00 2.810713350772857666e-01 -9.929561614990234375e+00 1.669057488441467285e+00 1.304040527343750000e+01 2.056967258453369141e+00 -8.929027557373046875e+00 -4.165485858917236328e+00 -1.276394844055175781e+00
1.881642222404479980e+00 8.221966028213500977e-01 -1.144849658012390137e+00 8.428438901901245117e-01 -2.074793577194213867e+00 -1.920289993286132812e-01 1.238548159599304199e+00 -5.143089294433593750e-01 -1.011647582054138184e-01 -2.391607999801635742e+00 -3.366830646991729736e-01 1.666985988616943359e+00 2.573222480714321136e-02 -9.125777482986450195e-01 -1.307892084121704102e+00
-1.735841631889343262e+00 -7.935726046562194824e-01 3.396889209747314453e+00 3.690802097320556641e+00 -2.134093761444091797e+00 2.677802562713623047e+00 3.805415928363800049e-01 2.037249803543090820e+00 2.455099485814571381e-02 1.085140228271484375e+00 1.853320240974426270e+00 -7.052377700805664062e+00 3.276658654212951660e-01 -2.159380763769149780e-01 -3.507952213287353516e+00
-7.955314517021179199e-01 -1.428865075111389160e+00 -3.094040751457214355e-01 -4.931690692901611328e+00 -2.229296565055847168e-01 7.364183664321899414e-01 -2.134075403213500977e+00 -5.524083614349365234e+00 -6.316033005714416504e-01 -7.055053710937500000e-01 2.329874277114868164e+00 -3.484654426574707031e+00 1.553431749343872070e-01 9.679501652717590332e-01 1.291989922523498535e+00
-4.120771408081054688e+00 -4.637116432189941406e+00 6.070859909057617188e+00 1.514792442321777344e+00 -1.464204549789428711e+00 -3.671958297491073608e-02 1.050078868865966797e-01 2.222362995147705078e+00 4.493302345275878906e+00 7.716681361198425293e-01 -1.609745979309082031e+00 2.335513353347778320e+00 -8.151069283485412598e-01 -7.089747428894042969e+00 3.301442384719848633e+00
-2.758826255798339844e+00 1.996434807777404785e+00 5.151422977447509766e+00 -7.017629146575927734e-01 -5.904122591018676758e-01 -5.229782581329345703e+00 2.934366226196289062e+00 3.134226799011230469e+00 -2.621200084686279297e+00 9.273803830146789551e-01 1.068878269195556641e+01 5.685797691345214844e+00 -8.582162857055664062e+00 1.834992051124572754e+00 9.057965278625488281e-01
-9.112959504127502441e-01 -9.113507270812988281e-01 -2.184624910354614258e+00 -6.119816303253173828e-01 -3.742717981338500977e+00 2.826219797134399414e+00 2.060416698455810547e+00 5.076251029968261719e-01 -2.538088560104370117e+00 2.514191627502441406e+00 3.146413087844848633e+00 5.243667364120483398e-01 -5.780557155609130859e+00 -2.245929956436157227e+00 2.284578531980514526e-01
-6.559044837951660156e+00 -1.213923215866088867e+00 -4.247635841369628906e+00 1.184880852699279785e+00 6.488183736801147461e-01 6.705141663551330566e-01 7.702289581298828125e+00 1.234311938285827637e+00 -2.064817190170288086e+00 2.057690620422363281e+00 -3.360599040985107422e+00 7.442516088485717773e-01 -1.936042904853820801e+00 -1.992521882057189941e+00 1.782824158668518066e+00
3.170851945877075195e+00 -4.981302738189697266e+00 2.934611082077026367e+00 3.984254598617553711e+00 4.214909553527832031e+00 -2.816057443618774414e+00 -5.101519584655761719e+00 -4.993300914764404297e+00 -3.149474620819091797e+00 -4.937999725341796875e+00 -7.808637619018554688e+00 9.080135345458984375e+00 1.586899757385253906e+00 -4.165482223033905029e-01 -5.651537895202636719e+00
2.255323171615600586e+00 2.309840470552444458e-01 4.431433975696563721e-01 8.428808450698852539e-01 -4.005118370056152344e+00 -1.926014304161071777e+00 4.460256099700927734e-01 6.535418331623077393e-02 -9.656164050102233887e-01 1.900843381881713867e+00 -2.040463536977767944e-01 -1.270297914743423462e-01 -4.696062803268432617e-01 1.213967561721801758e+00 1.198573827743530273e+00
1.045639395713806152e+00 -1.403972744941711426e+00 -3.486823737621307373e-01 2.176921129226684570e+00 -2.133815050125122070e+00 1.639676928520202637e+00 -5.069875717163085938e-01 7.373775243759155273e-01 -4.158571660518646240e-01 -2.820857763290405273e+00 -1.025396883487701416e-01 -2.337778329849243164e+00 2.818111777305603027e-01 1.181327939033508301e+00 6.740104407072067261e-02
8.528882861137390137e-01 -2.579625129699707031e+00 1.188883408904075623e-01 -3.820801019668579102e+00 1.283076047897338867e+00 4.569549560546875000e-01 3.633282780647277832e-01 -5.934262275695800781e-01 -1.980161786079406738e+00 -5.973404049873352051e-01 5.854362845420837402e-01 -2.777302265167236328e+00 1.398554205894470215e+00 3.393812417984008789e+00 2.549661636352539062e+00
2.478635787963867188e+00 -2.104299783706665039e+00 -1.224793910980224609e+00 -3.645520687103271484e+00 2.554365098476409912e-01 -2.410492300987243652e-01 -6.786012649536132812e-01 -5.512591838836669922e+00 -1.009494543075561523e+00 -6.810217499732971191e-01 2.714729607105255127e-01 -4.367164373397827148e-01 1.184009432792663574e+00 2.890828847885131836e+00 -9.770523309707641602e-01
-4.594827175140380859e+00 1.530488848686218262e+00 -8.190107345581054688e-01 3.664810180664062500e+00 -3.176840782165527344e+00 -5.976135730743408203e+00 -1.853521347045898438e+00 -7.127573966979980469e+00 1.491483569145202637e+00 2.582593441009521484e+00 1.563421845436096191e+00 -4.717982292175292969e+00 -1.340372920036315918e+00 6.304547309875488281e+00 1.980512261390686035e+00
7.666330933570861816e-01 -2.450888395309448242e+00 1.531415581703186035e+00 1.171616911888122559e+00 -7.751864790916442871e-01 -4.538598656654357910e-01 -1.424171686172485352e+00 -5.927757620811462402e-01 4.037887096405029297e+00 5.633439064025878906e+00 -3.526842117309570312e+00 -2.461273372173309326e-01 -8.979811668395996094e+00 -7.403783798217773438e-01 -2.868404388427734375e+00
-9.532186985015869141e-01 2.458940744400024414e+00 2.923891305923461914e+00 -5.400080680847167969e+00 -4.513650417327880859e+00 -7.268113493919372559e-01 2.034493207931518555e+00 1.406698822975158691e+00 2.336399555206298828e-01 9.969954490661621094e-01 2.685291767120361328e-01 -4.220285892486572266e+00 -6.298712730407714844e+00 5.514206886291503906e-01 -4.580321788787841797e+00
-5.506539821624755859e+00 2.769459784030914307e-01 1.765499472618103027e+00 -5.122247934341430664e-01 5.466788291931152344e+00 1.122869014739990234e+01 -9.264518618583679199e-01 8.931481361389160156e+00 2.422322273254394531e+00 7.920180559158325195e-01 -2.270878791809082031e+00 4.978320121765136719e+00 6.614871025085449219e-01 -2.059084653854370117e+00 1.732039570808410645e+00
2.594938993453979492e+00 4.166639447212219238e-01 2.205028384923934937e-01 4.601809084415435791e-01 -4.058247089385986328e+00 -2.772243499755859375e+00 6.464211940765380859e-01 -5.217115879058837891e-01 -5.978763699531555176e-01 2.057292699813842773e+00 -1.231343969702720642e-01 2.020846158266067505e-01 -5.766854882240295410e-01 1.337428808212280273e+00 1.191961884498596191e+00
3.419286012649536133e+00 -1.198982715606689453e+00 -1.655869483947753906e+00 5.025904774665832520e-01 5.490193367004394531e-01 -5.130435228347778320e-01 1.006749868392944336e+00 -9.311494231224060059e-02 9.745314121246337891e-01 -2.506745338439941406e+00 3.064233303070068359e+00 -2.910238742828369141e+00 -6.244734525680541992e-01 -1.395805120468139648e+00 -1.253342747688293457e+00
5.777927637100219727e-01 1.842379927635192871e+00 -2.152810811996459961e+00 2.849391102790832520e-01 7.601783275604248047e-01 -4.155624389648437500e+00 -3.616223037242889404e-01 -1.313273161649703979e-01 -2.400614023208618164e+00 -3.728061616420745850e-01 8.367013335227966309e-01 -2.821719050407409668e-01 9.118471145629882812e-01 -1.289556860923767090e+00 -1.089729309082031250e+00
1.068145632743835449e+00 4.809530675411224365e-01 7.113710641860961914e-01 -5.796953439712524414e-01 4.331246852874755859e+00 6.043910980224609375e-01 1.327431559562683105e+00 1.415473818778991699e-01 -4.495542049407958984e-01 6.317003965377807617e-01 -9.728898294270038605e-04 -4.260597229003906250e+00 5.518272146582603455e-02 3.004595994949340820e+00 5.173770189285278320e-01
-1.240719795227050781e+00 5.890204310417175293e-01 2.014636993408203125e+00 1.462256312370300293e+00 1.993141174316406250e+00 -1.509372830390930176e+00 3.201027870178222656e+00 -3.330990791320800781e+00 -3.383821249008178711e+00 -8.848720788955688477e-01 -7.848283052444458008e-01 -2.000394821166992188e+00 1.989684343338012695e+00 7.360731959342956543e-01 -2.087618350982666016e+00
3.502782583236694336e-01 2.521867036819458008e+00 1.034294366836547852e+00 3.143612146377563477e+00 1.458140492439270020e+00 -8.019141554832458496e-01 6.184020042419433594e-01 2.266656607389450073e-01 -4.751994311809539795e-01 7.840648293495178223e-01 -3.520663499832153320e+00 -5.377166271209716797e-01 1.521577388048171997e-01 1.658812761306762695e+00 -2.048077583312988281e+00
3.342255353927612305e-01 2.154971837997436523e+00 2.494665049016475677e-02 -1.199736833572387695e+00 2.579742908477783203e+00 4.149012565612792969e+00 3.085139274597167969e+00 1.098969101905822754e+00 1.563575506210327148e+00 2.533668279647827148e+00 2.322368621826171875e+00 -3.494980573654174805e+00 2.740172863006591797e+00 2.850065231323242188e+00 -7.713490724563598633e-01
2.144808024168014526e-01 1.215107679367065430e+00 -8.745645880699157715e-01 9.184551239013671875e-01 -2.659290730953216553e-01 -8.448392897844314575e-02 -3.364798069000244141e+00 -4.822270274162292480e-01 -3.073881626129150391e+00 1.028518080711364746e+00 -3.464730501174926758e+00 3.579071283340454102e+00 -1.284716129302978516e+00 3.575545549392700195e+00 1.643945217132568359e+00
9.515709877014160156e-01 8.481393456459045410e-01 4.448803901672363281e+00 -7.195276021957397461e-01 2.042456626892089844e+00 1.951960325241088867e+00 9.641979336738586426e-01 4.322207719087600708e-02 -2.510926485061645508e+00 -7.102082371711730957e-01 -1.212013244628906250e+00 1.026004433631896973e+00 -1.420412510633468628e-01 2.469592332839965820e+00 2.290733098983764648e+00
1.961979642510414124e-02 3.465016484260559082e-01 4.141138553619384766e+00 -1.421535253524780273e+00 2.324178218841552734e+00 2.722249507904052734e+00 -6.820543408393859863e-01 -2.023377656936645508e+00 -1.353216648101806641e+00 -5.199170112609863281e+00 1.698516964912414551e+00 7.145267128944396973e-01 -2.443996906280517578e+00 1.385243058204650879e+00 8.738597035408020020e-01
1.485383868217468262e+00 1.607102990150451660e+00 8.000959157943725586e-01 1.226109862327575684e+00 -1.291112422943115234e+00 1.688551068305969238e+00 9.079583883285522461e-01 1.654543161392211914e+00 6.010020971298217773e-01 -8.060385584831237793e-01 -2.121314525604248047e+00 -4.904036521911621094e-01 8.468096852302551270e-01 9.129042625427246094e-01 -8.341128826141357422e-01
1.508245229721069336e+00 -2.077335417270660400e-01 1.478132605552673340e+00 1.361144304275512695e+00 -6.498143672943115234e-01 7.561372518539428711e-01 2.437726020812988281e+00 -1.036750555038452148e+00 -3.777865469455718994e-01 -7.303015589714050293e-01 -2.570583820343017578e+00 -4.889421463012695312e-01 1.800322771072387695e+00 1.214550137519836426e+00 2.570064306259155273e+00
3.594892919063568115e-01 -1.265136122703552246e+00 -1.487655639648437500e+00 2.084507942199707031e+00 1.118250727653503418e+00 -2.128893882036209106e-01 -1.036690473556518555e+00 -2.734335660934448242e-01 -1.010001063346862793e+00 8.419488668441772461e-01 -3.179424047470092773e+00 -2.980596542358398438e+00 1.025160908699035645e+00 6.789053082466125488e-01 3.349902868270874023e+00
2.702577114105224609e+00 -1.735341548919677734e+00 -9.191269874572753906e-01 -1.854999542236328125e+00 1.803905516862869263e-01 -4.949052929878234863e-01 -5.282083749771118164e-01 -5.076856613159179688e+00 -1.515874147415161133e+00 -2.383956164121627808e-01 -4.981366991996765137e-01 2.260201454162597656e+00 1.412794589996337891e+00 3.392527341842651367e+00 -2.450305223464965820e+00
2.182665586471557617e+00 -3.644998788833618164e+00 -5.207771301269531250e+00 1.729980349540710449e+00 6.699330806732177734e+00 -6.531662493944168091e-02 1.997735619544982910e+00 -1.198293089866638184e+00 5.740524768829345703e+00 5.029397010803222656e+00 -3.109563350677490234e+00 3.817862987518310547e+00 -6.585575342178344727e-01 2.878507614135742188e+00 2.573433160781860352e+00
6.276775598526000977e-01 -2.246850252151489258e+00 1.699339866638183594e+00 4.347619533538818359e+00 4.155964553356170654e-01 3.227440834045410156e+00 4.014894962310791016e+00 -1.550153732299804688e+00 8.536164283752441406e+00 1.197456955909729004e+00 4.557084560394287109e+00 1.882701873779296875e+00 -1.420838356018066406e+00 2.946622133255004883e+00 2.113953590393066406e+00
-3.865245103836059570e+00 2.315166592597961426e-01 9.672570228576660156e-01 -1.922645092010498047e+00 1.562145113945007324e+00 1.558564901351928711e+00 1.254434466361999512e+00 -3.478507280349731445e+00 2.926891088485717773e+00 -2.575449347496032715e-01 -4.913009643554687500e+00 1.669315695762634277e+00 -5.374722003936767578e+00 -1.945674657821655273e+00 -3.076824665069580078e+00
4.978309631347656250e+00 -3.266578674316406250e+00 -1.582234978675842285e+00 -2.656729698181152344e+00 8.167195916175842285e-01 5.189698696136474609e+00 5.593310832977294922e+00 6.671159267425537109e+00 -4.797255039215087891e+00 6.269859790802001953e+00 6.491677284240722656e+00 3.305953264236450195e+00 -6.050809383392333984e+00 3.486186504364013672e+00 1.087435340881347656e+01
2.477065801620483398e+00 1.266497850418090820e+00 -3.315391391515731812e-02 9.423582553863525391e-01 -4.188289165496826172e+00 -2.967468023300170898e+00 7.030237317085266113e-01 -5.923455357551574707e-01 -7.130578756332397461e-01 1.788403987884521484e+00 2.153954841196537018e-02 5.874127745628356934e-01 -7.667981386184692383e-01 1.206829071044921875e+00 8.124731779098510742e-01
3.708189010620117188e+00 5.418201088905334473e-01 -1.017475366592407227e+00 1.377513527870178223e+00 4.836347997188568115e-01 -2.924420833587646484e-01 6.067258715629577637e-01 -1.577133536338806152e+00 7.086021900177001953e-01 -2.863155603408813477e+00 2.567309379577636719e+00 -1.986881375312805176e+00 -1.601507663726806641e+00 -2.245067119598388672e+00 2.064919322729110718e-01
1.392855405807495117e+00 3.211532115936279297e+00 -1.203948736190795898e+00 7.915358543395996094e-01 6.903606057167053223e-01 -3.035634517669677734e+00 -1.604656338691711426e+00 -8.416140824556350708e-02 -2.073144435882568359e+00 -1.501170277595520020e+00 8.845310211181640625e-01 -1.380308389663696289e+00 -5.304526090621948242e-01 -1.999767422676086426e+00 2.678162753582000732e-01
3.007708787918090820e+00 -3.122669219970703125e+00 -2.210831403732299805e+00 -1.321586251258850098e+00 2.087473630905151367e+00 -5.338374137878417969e+00 -1.125510692596435547e+00 -1.956185817718505859e+00 -2.000735849142074585e-01 -2.299053192138671875e+00 1.861904740333557129e+00 -2.819917201995849609e+00 -8.205465674400329590e-01 1.371770858764648438e+00 4.166587293148040771e-01
-3.694251552224159241e-02 1.157374903559684753e-01 -2.665863752365112305e+00 2.550439834594726562e+00 1.380834341049194336e+00 -5.050649166107177734e+00 -2.004287391901016235e-02 -3.257742404937744141e+00 -1.230027556419372559e+00 -4.056978821754455566e-01 1.427459359169006348e+00 -5.199004411697387695e-01 7.584092020988464355e-01 1.740789175033569336e+00 -4.595129966735839844e+00
-2.238906621932983398e+00 1.651415526866912842e-01 4.130425453186035156e+00 2.173783540725708008e+00 3.216308355331420898e+00 9.374305605888366699e-01 -8.571819067001342773e-01 -2.807648181915283203e+00 -5.388962745666503906e+00 -5.057026147842407227e-01 -1.556310415267944336e+00 -4.657397270202636719e+00 -1.900404810905456543e+00 3.558904647827148438e+00 -1.332759976387023926e+00
2.250754117965698242e+00 4.926978588104248047e+00 1.072398900985717773e+00 -4.283092916011810303e-02 3.346533775329589844e+00 5.958136916160583496e-02 -2.616202831268310547e+00 -1.222075149416923523e-01 8.607888817787170410e-01 4.716570377349853516e+00 3.802836656570434570e+00 -3.990650892257690430e+00 -1.347592949867248535e+00 1.550984501838684082e+00 -5.414209961891174316e-01
3.840846419334411621e-01 2.988043069839477539e+00 2.171039342880249023e+00 2.505147933959960938e+00 1.841194510459899902e+00 2.918694257736206055e+00 4.617291450500488281e+00 -2.403418064117431641e+00 -3.074185132980346680e+00 -1.873828172683715820e+00 -6.751745343208312988e-01 -1.226173937320709229e-01 3.076784849166870117e+00 2.522811412811279297e+00 -3.950771689414978027e-01
5.234341144561767578e+00 2.412332147359848022e-01 4.366509914398193359e+00 1.830771088600158691e+00 -1.831865906715393066e+00 2.753210306167602539e+00 2.377816200256347656e+00 -1.456869542598724365e-01 -2.465621948242187500e+00 -1.281113266944885254e+00 -1.259988546371459961e+00 -1.194429516792297363e+00 1.400920510292053223e+00 2.704512596130371094e+00 8.903875350952148438e-01
3.557556152343750000e+00 -3.196707963943481445e+00 -2.205576658248901367e+00 1.593461632728576660e+00 -1.482209563255310059e+00 -1.941319823265075684e+00 2.114184617996215820e+00 -7.477505505084991455e-02 6.491243243217468262e-01 -9.042772650718688965e-02 1.702870011329650879e+00 1.323284268379211426e+00 2.998005151748657227e+00 1.597929596900939941e+00 -1.156993031501770020e+00
2.122118234634399414e+00 -7.695516943931579590e-01 7.837793976068496704e-02 1.410251140594482422e+00 -2.165911674499511719e+00 7.009236812591552734e-01 -1.205216124653816223e-01 -3.757121562957763672e-01 2.381956428289413452e-01 6.104570031166076660e-01 -2.372942924499511719e+00 1.347813725471496582e+00 1.157332420349121094e+00 8.395236134529113770e-01 1.347956180572509766e+00
1.744950771331787109e+00 -1.170730829238891602e+00 -1.669885635375976562e+00 -5.525570511817932129e-01 -2.222567796707153320e+00 2.461976766586303711e+00 -1.351741671562194824e+00 1.984439373016357422e+00 9.924663901329040527e-01 -6.800007820129394531e-01 8.631435036659240723e-01 -2.714442253112792969e+00 8.117052912712097168e-01 3.336939334869384766e+00 -3.312678575515747070e+00
1.584210991859436035e-01 -2.507420778274536133e+00 -2.710622787475585938e+00 2.068553209304809570e+00 7.300530076026916504e-01 1.694723486900329590e+00 -3.263262748718261719e+00 2.413644075393676758e+00 -2.786725997924804688e+00 -1.267589807510375977e+00 8.702026009559631348e-01 -7.007458806037902832e-01 -7.470192909240722656e-01 3.707462310791015625e+00 -4.944063723087310791e-01
-8.724272251129150391e-01 -9.051934480667114258e-01 -2.882066726684570312e+00 3.411550045013427734e+00 2.034764051437377930e+00 2.486415624618530273e+00 -2.158663272857666016e+00 9.191055893898010254e-01 -3.949005365371704102e+00 8.132196664810180664e-01 2.202066183090209961e+00 4.172496199607849121e-01 1.014296650886535645e+00 3.897291421890258789e+00 2.142198681831359863e-01
3.330466508865356445e+00 -4.668453216552734375e+00 -1.203049778938293457e+00 1.691681981086730957e+00 5.337667465209960938e+00 2.218603372573852539e+00 1.470641732215881348e+00 -2.941173791885375977e+00 -3.435675621032714844e+00 2.795722484588623047e+00 -1.874549627304077148e+00 2.236719608306884766e+00 -2.313197612762451172e+00 -1.013838171958923340e+00 -3.512215375900268555e+00
-1.081127166748046875e+00 -2.217741250991821289e+00 7.407824516296386719e+00 4.320137023925781250e+00 3.107845187187194824e-01 -4.814795017242431641e+00 8.806648850440979004e-02 1.613071933388710022e-02 -6.563791751861572266e+00 3.710915565490722656e+00 1.959796071052551270e+00 -4.080890655517578125e+00 1.633495092391967773e+00 -4.408501625061035156e+00 -3.761189937591552734e+00
-4.009531974792480469e+00 3.841082572937011719e+00 2.479619503021240234e+00 -3.428494215011596680e+00 -3.831752240657806396e-01 -1.695998668670654297e+00 3.493656158447265625e+00 -6.111033916473388672e+00 1.778344750404357910e+00 4.105137825012207031e+00 -3.539023876190185547e+00 2.889230728149414062e+00 -3.847379446029663086e+00 -3.815606534481048584e-01 8.868529796600341797e-01
-2.691378593444824219e+00 -2.203584671020507812e+00 -4.523782730102539062e+00 1.257968330383300781e+01 1.906514644622802734e+00 -5.618039131164550781e+00 6.151503086090087891e+00 -5.720882415771484375e+00 1.829866409301757812e+00 1.112948799133300781e+01 -2.917060613632202148e+00 7.344169020652770996e-01 -2.310090541839599609e+00 -1.041524410247802734e+00 3.560064077377319336e+00
2.874269247055053711e+00 1.481181621551513672e+00 -2.111428380012512207e-01 9.347258806228637695e-01 -4.210083961486816406e+00 -2.523000478744506836e+00 7.463416457176208496e-01 -7.841084599494934082e-01 -1.636049300432205200e-01 1.934434294700622559e+00 1.979478634893894196e-02 8.311105370521545410e-01 -1.007131099700927734e+00 1.203495025634765625e+00 4.433071613311767578e-01
4.862274646759033203e+00 4.375250816345214844e+00 -1.129902958869934082e+00 1.914369463920593262e+00 -5.463132858276367188e-01 2.604358196258544922e-01 1.049297571182250977e+00 -2.826432704925537109e+00 3.414341509342193604e-01 7.366211414337158203e-01 2.156522750854492188e+00 -1.249320864677429199e+00 -1.684084236621856689e-01 -2.844086885452270508e+00 8.927716612815856934e-01
1.540250420570373535e+00 3.467547655105590820e+00 -1.659685373306274414e+00 5.674387216567993164e-01 1.189247846603393555e+00 -3.818241119384765625e+00 -5.285395383834838867e-01 3.585108518600463867e-01 -2.296511411666870117e+00 -1.155906558036804199e+00 7.086984515190124512e-01 -3.372221589088439941e-01 -2.029533535242080688e-01 -7.656616568565368652e-01 -2.164520025253295898e-01
1.768178582191467285e+00 3.717103958129882812e+00 -1.189137101173400879e+00 7.965543270111083984e-01 7.737842798233032227e-01 -3.088128328323364258e+00 -1.463685631752014160e+00 1.264276951551437378e-01 -2.258026361465454102e+00 -1.334388136863708496e+00 6.577649116516113281e-01 -1.083572983741760254e+00 -8.662757277488708496e-01 -1.154768705368041992e+00 3.316745907068252563e-02
1.708083033561706543e+00 3.443388700485229492e+00 -1.355840444564819336e+00 9.797414541244506836e-01 1.140898704528808594e+00 -3.266560316085815430e+00 -1.420992255210876465e+00 5.884724482893943787e-02 -2.294610977172851562e+00 -9.685528278350830078e-01 9.367156028747558594e-01 -1.020642042160034180e+00 -6.120918393135070801e-01 -1.419549942016601562e+00 1.375646591186523438e-01
1.669694542884826660e+00 3.245917320251464844e+00 -1.321381926536560059e+00 8.004072308540344238e-01 8.133979439735412598e-01 -3.304655790328979492e+00 -1.267751455307006836e+00 1.433088630437850952e-01 -2.208619832992553711e+00 -1.084617257118225098e+00 8.852195739746093750e-01 -1.291057586669921875e+00 -4.679071009159088135e-01 -1.566051006317138672e+00 9.583865851163864136e-02
-2.147777795791625977e+00 1.401861906051635742e+00 -3.670014619827270508e+00 -2.271109580993652344e+00 1.392573714256286621e+00 3.540091589093208313e-02 -1.245760202407836914e+00 -3.197427749633789062e+00 -2.338790416717529297e+00 -2.574463129043579102e+00 -2.232061147689819336e+00 -1.510935187339782715e+00 -2.163517475128173828e+00 7.148104906082153320e-01 4.566260814666748047e+00
1.615879774093627930e+00 3.241082906723022461e+00 -1.383484482765197754e+00 9.232640266418457031e-01 7.529893517494201660e-01 -3.091202735900878906e+00 -1.545204162597656250e+00 -4.057114012539386749e-03 -2.140447616577148438e+00 -1.290954351425170898e+00 8.028216361999511719e-01 -1.248975992202758789e+00 -6.185470819473266602e-01 -1.812429189682006836e+00 2.292095497250556946e-02
4.349369049072265625e+00 2.057715177536010742e+00 -4.681850075721740723e-01 9.238096475601196289e-01 7.469596266746520996e-01 -1.213605046272277832e+00 -2.547215521335601807e-01 2.530862390995025635e-01 8.776994794607162476e-02 -3.052697420120239258e+00 1.869625210762023926e+00 -1.741192817687988281e+00 -1.903187155723571777e+00 -1.134753704071044922e+00 4.630044996738433838e-01
1.512445092201232910e+00 3.505696058273315430e+00 -1.414060592651367188e+00 9.031358361244201660e-01 8.510563373565673828e-01 -3.191786527633666992e+00 -1.344665169715881348e+00 2.212522029876708984e-01 -2.142843723297119141e+00 -1.359334349632263184e+00 8.676428794860839844e-01 -1.104076981544494629e+00 -5.165244340896606445e-01 -1.573378086090087891e+00 -5.201067030429840088e-02
1.719188332557678223e+00 3.388327598571777344e+00 -1.615783095359802246e+00 1.037356495857238770e+00 7.091509699821472168e-01 -3.117986202239990234e+00 -1.520497798919677734e+00 1.192227751016616821e-01 -2.132012367248535156e+00 -1.236345767974853516e+00 8.732372522354125977e-01 -1.239375710487365723e+00 -6.574422717094421387e-01 -1.586589694023132324e+00 2.124001383781433105e-01
1.305782914161682129e+00 3.447729587554931641e+00 -1.542544126510620117e+00 9.993216395378112793e-01 6.662825345993041992e-01 -3.276516675949096680e+00 -1.427944421768188477e+00 1.106875538825988770e-01 -2.171396255493164062e+00 -1.247601509094238281e+00 8.043388724327087402e-01 -1.415263891220092773e+00 -5.420163869857788086e-01 -1.885006546974182129e+00 7.898561656475067139e-02
1.424189329147338867e+00 3.296847581863403320e+00 -1.504935979843139648e+00 8.932830691337585449e-01 5.932738780975341797e-01 -3.151188135147094727e+00 -1.591648340225219727e+00 6.365063134580850601e-03 -2.324424505233764648e+00 -1.321861505508422852e+00 7.379585504531860352e-01 -1.246058940887451172e+00 -5.276911258697509766e-01 -1.820867538452148438e+00 3.169397115707397461e-01
1.546154856681823730e+00 3.329820394515991211e+00 -1.484434127807617188e+00 9.515564441680908203e-01 6.364947557449340820e-01 -3.241857290267944336e+00 -1.595024108886718750e+00 3.806766495108604431e-02 -2.274675130844116211e+00 -1.144057154655456543e+00 8.722329139709472656e-01 -1.250919699668884277e+00 -5.085088610649108887e-01 -1.771716713905334473e+00 7.069736719131469727e-02
1.471950173377990723e+00 3.328949689865112305e+00 -1.477382540702819824e+00 9.550269842147827148e-01 6.624847054481506348e-01 -3.128627538681030273e+00 -1.416813969612121582e+00 2.930320985615253448e-02 -2.276752233505249023e+00 -1.180124044418334961e+00 8.336645364761352539e-01 -1.431072115898132324e+00 -5.374233126640319824e-01 -1.956476688385009766e+00 2.991198897361755371e-01
1.571479797363281250e+00 3.131381273269653320e+00 -1.296525359153747559e+00 8.246060609817504883e-01 5.979376435279846191e-01 -3.038583755493164062e+00 -1.762911081314086914e+00 1.184807866811752319e-01 -2.079555988311767578e+00 -1.116889595985412598e+00 1.176162838935852051e+00 -1.210915803909301758e+00 -6.159948706626892090e-01 -1.883345365524291992e+00 1.726892143487930298e-01
1.138039827346801758e+00 2.802159070968627930e+00 -1.852746486663818359e+00 -8.048027753829956055e-02 5.963478684425354004e-01 -4.314652919769287109e+00 4.842353463172912598e-01 1.191536068916320801e+00 -2.438654422760009766e+00 -9.305485486984252930e-01 8.549636602401733398e-01 -7.573694586753845215e-01 7.727139592170715332e-01 -4.100580513477325439e-01 -4.393984675407409668e-01
-2.739585936069488525e-01 5.569849967956542969e+00 1.643321037292480469e+00 1.690207958221435547e+00 1.994669198989868164e+00 -1.293954610824584961e+00 1.066865086555480957e+00 1.572358727455139160e+00 -2.329520225524902344e+00 2.559428691864013672e+00 -5.506387233734130859e+00 -4.841507434844970703e+00 1.144098162651062012e+00 9.558253884315490723e-01 2.405795753002166748e-01
4.183587074279785156e+00 -9.960396289825439453e-01 1.072119474411010742e+00 -1.382655382156372070e+00 8.359805345535278320e-01 -3.074531316757202148e+00 1.674001097679138184e+00 -3.842896223068237305e+00 -1.515738964080810547e+00 2.693696260452270508e+00 1.165860414505004883e+00 -4.976679801940917969e+00 1.952818989753723145e+00 1.207860469818115234e+00 -1.575397610664367676e+00
-3.931188583374023438e+00 4.075513362884521484e+00 1.202465057373046875e+00 3.403373956680297852e+00 -2.330896407365798950e-01 -4.199139118194580078e+00 3.450607061386108398e+00 -8.692920684814453125e+00 -1.893939852714538574e+00 2.579617686569690704e-02 1.408544182777404785e+00 -4.466160774230957031e+00 2.713803052902221680e+00 -1.471126556396484375e+00 -1.542192578315734863e+00
-4.019571781158447266e+00 -2.016903400421142578e+00 -5.732887268066406250e+00 4.456471443176269531e+00 3.004147768020629883e+00 1.856067776679992676e+00 -8.186444282531738281e+00 6.861093044281005859e+00 5.330849647521972656e+00 1.284892082214355469e+00 1.735374331474304199e+00 7.361377477645874023e-01 -4.829027652740478516e+00 -6.067838668823242188e-01 9.394679069519042969e-01
-4.018779277801513672e+00 5.003674030303955078e-01 2.018414020538330078e+00 6.792284488677978516e+00 2.793972015380859375e+00 -1.310158967971801758e+00 -2.807968139648437500e+00 -7.723122239112854004e-01 2.987311124801635742e+00 -1.900693058967590332e+00 6.202999949455261230e-01 -3.867194354534149170e-01 -7.694557309150695801e-01 -1.984764933586120605e+00 2.671799898147583008e+00
2.148928642272949219e+00 -1.156544405966997147e-02 4.943822860717773438e+00 3.263513088226318359e+00 -1.090117931365966797e+00 2.639633417129516602e+00 5.474746823310852051e-01 -3.769715547561645508e+00 -1.277507901191711426e+00 -8.139031410217285156e+00 -5.327153205871582031e+00 -1.084310770034790039e+00 -2.216593503952026367e+00 1.286312937736511230e+00 -2.006107568740844727e+00
-7.284345626831054688e-01 -7.164161205291748047e+00 -3.756198883056640625e+00 9.297758936882019043e-01 5.368607521057128906e+00 -3.263131856918334961e+00 -2.072557955980300903e-01 -1.609933972358703613e+00 7.772921323776245117e-01 -4.488823413848876953e+00 1.997572541236877441e+00 2.310885667800903320e+00 -1.864485263824462891e+00 1.933373361825942993e-01 -3.244887590408325195e+00
2.373301744461059570e+00 -4.583817005157470703e+00 1.643003225326538086e+00 1.015182971954345703e+00 5.542896986007690430e-01 3.385956585407257080e-01 -2.042101860046386719e+00 -1.494333982467651367e+00 -2.644910812377929688e-01 -2.720180749893188477e+00 -5.570074915885925293e-01 2.713200569152832031e+00 -1.784910440444946289e+00 4.628161489963531494e-01 2.587183475494384766e+00
-9.176484346389770508e-01 1.130608394742012024e-01 4.254300892353057861e-02 -2.336346626281738281e+00 7.387124300003051758e-01 -2.548625230789184570e+00 2.620994091033935547e+00 2.599857330322265625e+00 -6.222109496593475342e-02 -1.856205314397811890e-01 2.616475343704223633e+00 -2.723343849182128906e+00 -6.051490306854248047e-01 2.391193628311157227e+00 -5.359949111938476562e+00
-1.893478631973266602e-01 -1.513985872268676758e+00 1.429554820060729980e-01 2.505124330520629883e+00 -1.730625033378601074e+00 -3.811404705047607422e-01 -1.008599877357482910e+00 3.106960654258728027e-01 9.294360876083374023e-01 4.925384521484375000e-01 2.661215782165527344e+00 2.391722679138183594e+00 -1.520162373781204224e-01 4.375178813934326172e+00 -1.774381548166275024e-01
-1.262225508689880371e+00 -9.332223534584045410e-01 -2.141041308641433716e-01 4.047593116760253906e+00 -2.472881317138671875e+00 -1.406255006790161133e+00 -1.076577782630920410e+00 1.529905557632446289e+00 -9.452857077121734619e-02 -1.782567620277404785e+00 3.601076602935791016e+00 5.442438125610351562e-01 -6.850551366806030273e-01 5.162798881530761719e+00 -1.290084958076477051e+00
1.712297916412353516e+00 9.680522680282592773e-01 -4.560204505920410156e+00 -1.401999115943908691e+00 5.074549674987792969e+00 5.817941427230834961e-01 -1.261005848646163940e-01 -3.402467966079711914e-01 -2.591636896133422852e+00 -1.777968525886535645e+00 -7.595971822738647461e-01 -1.509360671043395996e+00 -4.816354751586914062e+00 -1.121750473976135254e+00 -2.461907148361206055e+00
3.616991996765136719e+00 1.103115081787109375e-01 8.719381093978881836e-01 -4.444347381591796875e+00 1.178004264831542969e+00 -2.975513935089111328e+00 -5.917595028877258301e-01 3.338225364685058594e+00 1.082406139373779297e+01 1.951867461204528809e+00 -1.121013239026069641e-02 5.097935199737548828e+00 2.462142467498779297e+00 -2.260790109634399414e+00 2.402718544006347656e+00
-5.113944411277770996e-01 2.625319480895996094e+00 4.123394489288330078e+00 -1.946367263793945312e+00 2.548673391342163086e+00 -4.299142360687255859e+00 -6.370003521442413330e-02 4.584136486053466797e+00 -3.022180557250976562e+00 3.200944423675537109e+00 9.389429092407226562e-01 -1.337384104728698730e+00 1.232044458389282227e+00 2.314968109130859375e+00 -4.630793333053588867e-01
-3.280315876007080078e+00 1.822120189666748047e+00 -1.265189237892627716e-02 -4.087285041809082031e+00 -6.381756663322448730e-01 -2.942662715911865234e+00 4.370834827423095703e-01 2.603106260299682617e+00 3.147641181945800781e+00 -2.244951725006103516e+00 -3.650528669357299805e+00 1.751153111457824707e+00 -1.449091196060180664e+00 -3.678374767303466797e+00 4.717479228973388672e+00
-4.116687297821044922e+00 3.154491424560546875e+00 1.405143976211547852e+00 1.350988149642944336e+00 2.042679309844970703e+00 1.619698047637939453e+00 7.760448455810546875e-01 3.517989158630371094e+00 -8.213340640068054199e-01 -3.932694435119628906e+00 1.443027496337890625e+00 3.632388591766357422e+00 -3.249249935150146484e+00 -1.453463077545166016e+00 -1.857121229171752930e+00
3.768655300140380859e+00 1.871017575263977051e+00 -2.227439880371093750e+00 -1.301820635795593262e+00 2.571016073226928711e+00 3.659035205841064453e+00 -6.399242877960205078e-01 -3.699198722839355469e+00 -2.799786567687988281e+00 2.342236757278442383e+00 -1.577534437179565430e+00 4.033488631248474121e-01 -3.073344707489013672e+00 -4.178972244262695312e+00 6.667495965957641602e-01
-4.641287326812744141e+00 -2.307030200958251953e+00 1.858166575431823730e+00 5.107458114624023438e+00 -2.172079324722290039e+00 -6.084352493286132812e+00 2.224498033523559570e+00 2.684579044580459595e-02 -1.638023614883422852e+00 -8.167088031768798828e-01 -2.254234075546264648e+00 -2.989561557769775391e+00 -4.732396125793457031e+00 -2.140514135360717773e+00 5.318761825561523438e+00
7.065456509590148926e-01 2.231146097183227539e+00 -1.832324981689453125e+00 3.538419008255004883e-01 6.944738030433654785e-01 -5.266906738281250000e+00 1.295118570327758789e+00 2.176497697830200195e+00 -2.433422088623046875e+00 -2.058388233184814453e+00 4.971256256103515625e-01 -3.576147183775901794e-02 7.755357027053833008e-01 2.483129739761352539e+00 -5.195291519165039062e+00
-5.722612857818603516e+00 3.124455213546752930e+00 2.633771002292633057e-01 -1.889885902404785156e+00 9.983772635459899902e-01 -1.768809437751770020e+00 -3.155251026153564453e+00 -4.489490509033203125e+00 -5.768376350402832031e+00 -2.463064193725585938e+00 -7.538848876953125000e+00 -3.253809928894042969e+00 -2.391423463821411133e+00 -9.013900160789489746e-02 1.884515166282653809e+00
1.817542433738708496e+00 4.992537498474121094e+00 2.775145053863525391e+00 3.204581022262573242e+00 4.392230033874511719e+00 1.680551409721374512e+00 -9.232425689697265625e-01 5.534006953239440918e-01 -3.537992954254150391e+00 1.515137076377868652e+00 3.185822069644927979e-01 -7.788495540618896484e+00 -1.573948144912719727e+00 -9.689511060714721680e-01 5.254140496253967285e-01
-1.015131235122680664e+00 2.466423749923706055e+00 8.277124166488647461e-01 -9.571405649185180664e-01 1.605823397636413574e+00 3.249470517039299011e-02 2.348227977752685547e+00 -4.110902786254882812e+00 -3.959084510803222656e+00 -5.259018540382385254e-01 9.152529835700988770e-01 -1.619866013526916504e+00 1.747740030288696289e+00 1.858008861541748047e+00 -7.093965530395507812e+00
-2.649432897567749023e+00 -4.503627121448516846e-01 -1.775287389755249023e+00 1.064871907234191895e+00 1.770058035850524902e+00 -2.710229158401489258e+00 4.524215221405029297e+00 -5.670320034027099609e+00 2.023507356643676758e-01 1.271870255470275879e+00 4.443605422973632812e+00 -5.159521698951721191e-01 5.433099746704101562e+00 -5.971119403839111328e+00 -5.054827690124511719e+00
