-3.361293792724609375e+00 -1.271805644035339355e+00 5.234683990478515625e+00 4.118327140808105469e+00 -5.713217258453369141e+00 2.866338014602661133e+00 3.628307580947875977e+00 -1.014109969139099121e+00 4.504365921020507812e+00 3.291416645050048828e+00 2.008891344070434570e+00 1.463632702827453613e+00 7.714793682098388672e-01 2.503981113433837891e+00 -1.827216267585754395e+00
-4.645912647247314453e+00 3.397528171539306641e+00 9.956049323081970215e-01 3.756950139999389648e+00 -3.182152748107910156e+00 1.422680139541625977e+00 -2.275270700454711914e+00 1.205151796340942383e+00 -1.690114021301269531e+00 -1.021998047828674316e+00 -4.050741791725158691e-01 3.908631503582000732e-01 -2.891512632369995117e+00 1.655769944190979004e+00 4.771225929260253906e+00
-1.320439726114273071e-01 4.134451389312744141e+00 1.344395279884338379e+00 2.851557731628417969e+00 1.279448121786117554e-01 -2.195316314697265625e+00 2.634029388427734375e-01 -4.940498173236846924e-01 2.610328197479248047e-01 1.904442071914672852e+00 -1.969771981239318848e+00 1.515276551246643066e+00 -1.377669215202331543e+00 2.442123174667358398e+00 -1.105971693992614746e+00
4.162526428699493408e-01 -7.490180730819702148e-01 6.443048715591430664e-01 -1.407733321189880371e+00 -2.898955106735229492e+00 1.797524571418762207e+00 7.918414473533630371e-01 -3.053398609161376953e+00 -6.256847381591796875e-01 4.289402008056640625e+00 3.218536376953125000e+00 -3.331507205963134766e+00 1.709824204444885254e+00 1.748736016452312469e-02 1.528103947639465332e-01
1.043524742126464844e+00 2.708077430725097656e-01 -4.766001701354980469e+00 -1.426414489746093750e+00 -5.731723785400390625e+00 1.510754823684692383e+00 6.319497108459472656e+00 -5.698284626007080078e+00 -8.040962219238281250e-01 1.821876406669616699e+00 6.029400229454040527e-01 -4.109469950199127197e-01 1.124820232391357422e+00 1.649521350860595703e+00 4.821878671646118164e-01
3.824640989303588867e+00 1.728679776191711426e+00 5.038400888442993164e-01 5.175021648406982422e+00 -2.068911552429199219e+00 5.047323107719421387e-01 2.464286088943481445e+00 -4.372242927551269531e+00 5.458143234252929688e+00 -6.647946834564208984e-01 2.058701276779174805e+00 -2.029314994812011719e+00 -1.720756053924560547e+00 7.280925512313842773e-01 -2.949359655380249023e+00
3.680493831634521484e+00 -5.789653658866882324e-01 -1.509844779968261719e+00 -8.426039814949035645e-01 1.460584044456481934e+00 -1.862461209297180176e+00 4.792922019958496094e+00 -4.781768023967742920e-01 -2.557852983474731445e+00 -8.715357780456542969e-01 3.363235950469970703e+00 -2.608866214752197266e+00 -6.917561888694763184e-01 3.828902482986450195e+00 3.125581741333007812e+00
3.409787178039550781e+00 5.027568936347961426e-01 4.923319339752197266e+00 -4.588160991668701172e+00 -2.844209432601928711e+00 -6.833577752113342285e-01 3.960277318954467773e+00 5.139473915100097656e+00 -5.084236621856689453e+00 -1.364736795425415039e+00 -2.332423627376556396e-01 -4.839563846588134766e+00 5.129349708557128906e+00 -3.377856016159057617e+00 2.109124422073364258e+00
-4.999157905578613281e+00 3.826577663421630859e+00 -2.231764793395996094e+00 -1.640754461288452148e+00 -5.980545043945312500e+00 -3.168289184570312500e+00 6.610989570617675781e-01 1.836901903152465820e+00 -1.580454111099243164e+00 -2.889452457427978516e+00 -5.457384109497070312e+00 3.218678951263427734e+00 6.695160269737243652e-01 -2.824661433696746826e-01 3.883746862411499023e+00
1.370732784271240234e+00 2.532875776290893555e+00 4.626849651336669922e+00 -1.522328853607177734e+00 3.399480283260345459e-01 -3.986430168151855469e-01 -3.383172273635864258e+00 -4.343315958976745605e-01 -6.067728519439697266e+00 2.252393007278442383e+00 -3.182491779327392578e+00 3.184616088867187500e+00 1.445349335670471191e+00 -3.014620542526245117e+00 -1.627742290496826172e+00
-4.498025894165039062e+00 -1.866002559661865234e+00 -2.082199335098266602e+00 4.394517466425895691e-02 2.469371795654296875e+00 2.323335647583007812e+00 -1.906297564506530762e+00 -4.283611774444580078e+00 2.558730363845825195e+00 -1.797679305076599121e+00 -2.239906072616577148e+00 2.009693861007690430e+00 2.437080383300781250e+00 -1.928942799568176270e+00 4.549170494079589844e+00
1.795380234718322754e+00 -6.027072072029113770e-01 7.891306877136230469e-01 -1.144699573516845703e+00 -2.412361204624176025e-01 4.321769773960113525e-01 1.977847218513488770e+00 -4.301481246948242188e+00 -2.585309267044067383e+00 -3.936189711093902588e-01 9.245204329490661621e-01 2.025727510452270508e+00 -1.172714948654174805e+00 -1.560956001281738281e+00 4.339371681213378906e+00
-8.909217715263366699e-01 -5.775530338287353516e-01 2.031986951828002930e+00 1.007801890373229980e-01 3.556608676910400391e+00 6.703788787126541138e-02 2.893393039703369141e+00 -4.153607845306396484e+00 1.199644327163696289e+00 -3.948229312896728516e+00 1.208470821380615234e+00 4.384244918823242188e+00 -1.159018557518720627e-02 1.851976156234741211e+00 -3.675390958786010742e+00
2.906430482864379883e+00 -1.442992925643920898e+00 -2.454416751861572266e+00 1.642298460006713867e+00 1.141655564308166504e+00 -3.921810865402221680e+00 4.412483572959899902e-01 2.054414510726928711e+00 -4.466773986816406250e+00 9.727134704589843750e-01 1.764979958534240723e+00 3.367066621780395508e+00 -3.236449718475341797e+00 2.184102773666381836e+00 4.191212356090545654e-01
-3.154185771942138672e+00 -1.211388826370239258e+00 -1.492637515068054199e+00 2.816368341445922852e+00 -3.614224910736083984e+00 1.200198531150817871e+00 -3.614737093448638916e-01 -8.577396273612976074e-01 -5.177287101745605469e+00 2.503086805343627930e+00 5.125471115112304688e+00 2.810930490493774414e+00 1.814980149269104004e+00 5.758614540100097656e-01 -1.601063132286071777e+00
1.558171868324279785e+00 -2.491811513900756836e+00 5.360207557678222656e+00 3.124376535415649414e-01 7.594897747039794922e-01 1.020448327064514160e+00 1.078764081001281738e+00 1.691061258316040039e-01 1.993074178695678711e+00 1.916473269462585449e+00 1.102344989776611328e+00 -1.057462573051452637e+00 3.606823444366455078e+00 6.086334705352783203e+00 4.815503597259521484e+00
2.373250246047973633e+00 5.295185089111328125e+00 -4.945134818553924561e-01 1.363813996315002441e+00 9.779708385467529297e-01 -2.364889621734619141e+00 -4.695031166076660156e+00 2.488662898540496826e-01 -5.739418268203735352e-01 1.587338685989379883e+00 3.148014307022094727e+00 2.481022119522094727e+00 5.173012018203735352e-01 -5.103688240051269531e+00 -2.463840723037719727e+00
-2.117013931274414062e-01 -2.421199321746826172e+00 -3.444122552871704102e+00 -1.239387154579162598e+00 2.834015369415283203e+00 1.947936534881591797e+00 1.148371338844299316e+00 -1.040136575698852539e+00 -6.552495956420898438e-01 1.966644406318664551e+00 1.623595237731933594e+00 2.073442339897155762e-01 3.642219603061676025e-01 -1.237971663475036621e+00 1.623938679695129395e+00
-1.814137220382690430e+00 2.425424575805664062e+00 -6.474196165800094604e-02 2.971046209335327148e+00 2.496464490890502930e+00 -3.532412052154541016e+00 8.370609879493713379e-01 -1.897941112518310547e+00 -2.607705354690551758e+00 -8.856767416000366211e-01 1.698039293289184570e+00 1.902796626091003418e+00 2.360816955566406250e+00 1.382250666618347168e+00 -9.989930987358093262e-01
2.269946783781051636e-01 -1.163119435310363770e+00 1.983324527740478516e+00 -2.264782428741455078e+00 -2.988041400909423828e+00 1.702502816915512085e-01 -5.185707092285156250e+00 3.098600149154663086e+00 -2.593356847763061523e+00 -6.042943000793457031e-01 1.828400850296020508e+00 2.571789622306823730e-01 1.094296216964721680e+00 -5.494008064270019531e-01 -4.128453731536865234e+00
4.438461959362030029e-01 1.793651938438415527e+00 -1.901567816734313965e+00 2.410922765731811523e+00 7.907888293266296387e-01 -2.284256935119628906e+00 -3.930501639842987061e-03 -1.119038581848144531e+00 1.526075124740600586e+00 -4.189724922180175781e-01 -3.432394504547119141e+00 4.856122970581054688e+00 -3.208069324493408203e+00 -2.204941213130950928e-01 1.022132873535156250e+00
-1.581813544034957886e-01 -2.192303180694580078e+00 2.372032999992370605e-01 4.355348646640777588e-01 3.974227428436279297e+00 5.760043263435363770e-01 -1.568600058555603027e+00 4.820382118225097656e+00 -9.516981840133666992e-01 1.792111515998840332e+00 1.273131728172302246e+00 1.564375400543212891e+00 -1.762904375791549683e-01 -2.592053174972534180e+00 -2.288643598556518555e+00
1.019875645637512207e+00 -1.026388168334960938e+00 3.464331626892089844e+00 7.490261793136596680e-01 -2.349779367446899414e+00 -1.011283516883850098e+00 -9.703354239463806152e-01 4.451331615447998047e+00 4.028147459030151367e-01 -8.956308960914611816e-01 -3.115510754287242889e-02 4.850253582000732422e+00 1.576169610023498535e+00 3.200603961944580078e+00 3.228006601333618164e+00
-2.862918376922607422e+00 -2.856160640716552734e+00 -3.154803991317749023e+00 -2.140272617340087891e+00 7.358152270317077637e-01 -1.564856767654418945e-01 -1.408460438251495361e-01 1.478914499282836914e+00 3.050931692123413086e+00 2.170643806457519531e+00 -6.910447031259536743e-02 -2.595475196838378906e+00 -4.139036238193511963e-01 7.968103885650634766e-01 -6.033907532691955566e-01
-1.098046675324440002e-01 -1.729966759681701660e+00 3.215117931365966797e+00 3.012759447097778320e+00 2.532404363155364990e-01 -2.973599195480346680e+00 -3.805715322494506836e+00 3.471806049346923828e+00 -4.727707862854003906e+00 1.961065292358398438e+00 -2.122122526168823242e+00 -1.327769756317138672e+00 -3.873664617538452148e+00 2.373930454254150391e+00 -2.398641586303710938e+00
1.047747880220413208e-01 2.541611909866333008e+00 1.937301009893417358e-01 -2.023482561111450195e+00 -5.351576805114746094e+00 -3.264316320419311523e-01 2.134173214435577393e-01 -1.779668807983398438e+00 3.696371316909790039e+00 8.964406847953796387e-01 -1.063928365707397461e+00 1.553410530090332031e+00 -1.479115247726440430e+00 -1.128106832504272461e+00 4.664979934692382812e+00
5.062132835388183594e+00 -4.440780639648437500e+00 -2.251190394163131714e-01 -3.164163112640380859e+00 -1.378200531005859375e+00 -6.080442070960998535e-01 -8.478138446807861328e-01 -2.322080135345458984e+00 -8.529356718063354492e-01 7.711502909660339355e-01 3.064509630203247070e+00 1.763548403978347778e-01 1.165360569953918457e+00 -2.558681488037109375e+00 1.191498517990112305e+00
2.925909519195556641e+00 -9.717258214950561523e-01 -2.234291791915893555e+00 -1.997643560171127319e-01 -2.448049783706665039e+00 -1.256575942039489746e+00 3.652531623840332031e+00 2.586938142776489258e+00 -1.000642061233520508e+00 3.255309820175170898e+00 -3.972569942474365234e+00 3.768518686294555664e+00 1.973121047019958496e+00 3.012382507324218750e+00 2.667905986309051514e-01
4.956334829330444336e-01 -3.230541706085205078e+00 -6.860157847404479980e-01 1.923023581504821777e+00 -6.316582113504409790e-02 -2.896987199783325195e+00 3.607292175292968750e+00 -2.951677083969116211e+00 2.362462997436523438e+00 -1.352111339569091797e+00 -1.188520431518554688e+00 -1.288185119628906250e+00 -1.577498197555541992e+00 -4.218972206115722656e+00 -4.365282058715820312e+00
4.889896512031555176e-01 -3.220771789550781250e+00 -4.668544292449951172e+00 -3.509939908981323242e+00 1.300167441368103027e+00 1.218989305198192596e-02 -3.137802839279174805e+00 -4.485462665557861328e+00 -3.319128036499023438e+00 2.406151533126831055e+00 -4.738183975219726562e+00 4.479162693023681641e+00 2.661763906478881836e+00 -2.188866615295410156e+00 3.676820039749145508e+00
-1.517231106758117676e+00 3.715109229087829590e-01 2.955296039581298828e+00 1.497335076332092285e+00 -3.307832777500152588e-01 -4.315348148345947266e+00 2.890481710433959961e+00 -1.451618671417236328e+00 -2.435843229293823242e+00 5.127569675445556641e+00 1.404842019081115723e+00 -2.496083021163940430e+00 -3.727533578872680664e+00 -1.967511177062988281e+00 -1.604939222335815430e+00
-3.821760177612304688e+00 -3.942073583602905273e+00 2.948597669601440430e+00 1.273270368576049805e+00 -2.048173904418945312e+00 5.314677715301513672e+00 2.435274839401245117e+00 4.426479816436767578e+00 -1.286905884742736816e+00 2.424882650375366211e+00 1.249362468719482422e+00 -1.796715736389160156e+00 -3.623668432235717773e+00 -3.271084070205688477e+00 5.957267284393310547e+00
-1.507926821708679199e+00 -2.609611272811889648e+00 -5.353527069091796875e+00 7.431514263153076172e-01 1.543592095375061035e+00 4.639243125915527344e+00 1.590217947959899902e+00 -2.946851491928100586e+00 -3.451433658599853516e+00 3.290516138076782227e+00 5.124821186065673828e+00 9.392526000738143921e-02 1.202801346778869629e+00 -3.251686334609985352e+00 3.811172246932983398e+00
-3.003491878509521484e+00 4.044054448604583740e-01 8.481473326683044434e-01 3.138377189636230469e+00 5.208854079246520996e-01 -5.427395105361938477e-01 -2.729262828826904297e+00 6.464270114898681641e+00 -3.474899053573608398e+00 -3.234620332717895508e+00 4.582715034484863281e+00 -2.710599899291992188e+00 6.645036697387695312e+00 -6.352047324180603027e-01 -2.783693671226501465e-01
-3.602014541625976562e+00 -4.810649871826171875e+00 -1.581943035125732422e+00 3.313573300838470459e-01 -2.102205038070678711e+00 -1.901702433824539185e-01 -8.047233223915100098e-01 3.909796178340911865e-01 -2.035706996917724609e+00 1.846959471702575684e+00 1.055598258972167969e-02 -5.342985153198242188e+00 8.997783660888671875e-01 1.611906409263610840e+00 4.276495933532714844e+00
-8.007987737655639648e-01 -2.665508031845092773e+00 2.310572147369384766e+00 4.347864627838134766e+00 -3.368672847747802734e+00 -4.461099624633789062e+00 1.873683810234069824e+00 -2.778716087341308594e+00 1.239909410476684570e+00 8.151183128356933594e-01 2.482199668884277344e+00 -2.713566303253173828e+00 4.389974594116210938e+00 1.615944504737854004e+00 4.676081180572509766e+00
-1.084622383117675781e+00 2.047034740447998047e+00 -9.627732038497924805e-01 2.005409151315689087e-01 3.696910381317138672e+00 -3.727545738220214844e+00 1.635895967483520508e+00 3.527648448944091797e+00 -1.065468311309814453e+00 -5.095234513282775879e-01 -6.157897114753723145e-01 1.563405156135559082e+00 1.305092573165893555e+00 2.497884273529052734e+00 -2.186949968338012695e+00
-2.076597929000854492e+00 2.921947240829467773e-01 -3.593273401260375977e+00 -4.029204249382019043e-01 2.105316162109375000e+00 -4.373194217681884766e+00 -7.223556637763977051e-01 -2.965602397918701172e+00 3.076179742813110352e+00 2.704216003417968750e+00 -1.937395691871643066e+00 -4.364506304264068604e-01 1.842424631118774414e+00 -2.849355220794677734e+00 4.084426879882812500e+00
1.083850622177124023e+00 -2.134122103452682495e-01 -3.732535123825073242e+00 1.954376459121704102e+00 -4.780836105346679688e-01 4.569090902805328369e-01 -6.378614306449890137e-01 -2.185878515243530273e+00 3.012979269027709961e+00 -1.754512786865234375e+00 3.426667749881744385e-01 3.739492893218994141e+00 -5.754120349884033203e-01 -7.356558740139007568e-02 -2.955159664154052734e+00
4.604247510433197021e-01 -1.354524016380310059e+00 2.783332824707031250e+00 -1.198316097259521484e+00 -6.660251617431640625e-01 -1.260019421577453613e+00 -1.358488053083419800e-01 -3.721367835998535156e+00 9.606659412384033203e-02 2.015230655670166016e+00 3.712550640106201172e+00 -2.378811836242675781e+00 7.560319304466247559e-01 -3.361138582229614258e+00 -9.260620474815368652e-01
1.056024909019470215e+00 -2.365159511566162109e+00 2.853593587875366211e+00 6.324616670608520508e-01 -1.832181096076965332e+00 -3.841272592544555664e+00 9.086194634437561035e-01 1.068619251251220703e+00 1.359008431434631348e+00 -2.063997030258178711e+00 2.851736068725585938e+00 -2.159006595611572266e-01 1.634571671485900879e+00 -1.872169256210327148e+00 -3.888002395629882812e+00
-1.962344884872436523e+00 -4.626186370849609375e+00 3.437322080135345459e-01 4.168627738952636719e+00 -1.097923636436462402e+00 -8.501077890396118164e-01 4.405782222747802734e-01 -2.263528108596801758e+00 -2.449472188949584961e+00 1.049965381622314453e+00 -3.948952198028564453e+00 1.039749264717102051e+00 -6.941469311714172363e-01 -8.224657177925109863e-01 1.017445683479309082e+00
-3.325644016265869141e+00 -3.859716653823852539e+00 2.055810451507568359e+00 4.590130805969238281e+00 6.050665974617004395e-01 -2.921913623809814453e+00 -2.179268121719360352e+00 -5.921554565429687500e+00 -1.946311354637145996e+00 4.600060462951660156e+00 2.256450891494750977e+00 2.483908176422119141e+00 3.990568161010742188e+00 2.799725770950317383e+00 1.201251387596130371e+00
3.681742191314697266e+00 -2.158377408981323242e+00 2.496896505355834961e+00 -4.308817386627197266e+00 4.615218162536621094e+00 8.412976264953613281e-01 -4.655918121337890625e+00 -1.798750042915344238e+00 -1.665968447923660278e-01 -2.662442445755004883e+00 6.906359791755676270e-01 1.888344526290893555e+00 3.459624648094177246e-01 1.041844487190246582e+00 -1.984308004379272461e+00
2.279181480407714844e+00 -7.583361864089965820e-01 3.323708295822143555e+00 3.872206687927246094e+00 -2.922592163085937500e+00 5.298514842987060547e+00 -1.040899395942687988e+00 -1.766682386398315430e+00 3.881334066390991211e+00 -5.067760467529296875e+00 4.069614410400390625e+00 2.291348934173583984e+00 -4.479157447814941406e+00 1.210884213447570801e+00 2.496757507324218750e-01
-3.382844686508178711e+00 2.244515180587768555e+00 1.128473430871963501e-01 -1.213065505027770996e+00 -4.887138843536376953e+00 2.735055923461914062e+00 -3.859894990921020508e+00 -1.330140948295593262e+00 -2.598419666290283203e+00 -5.019049644470214844e-01 2.307555675506591797e+00 3.007385015487670898e+00 2.461269140243530273e+00 3.692287683486938477e+00 -4.288964748382568359e+00
-4.929930567741394043e-01 -5.032545924186706543e-01 4.090318381786346436e-01 -6.763108968734741211e-01 6.500597596168518066e-01 3.404143571853637695e+00 9.086893796920776367e-01 5.535310134291648865e-02 2.076957941055297852e+00 -1.409408926963806152e+00 2.922316789627075195e+00 -2.007677555084228516e+00 4.706599116325378418e-01 7.951970696449279785e-01 1.149939060211181641e+00
-2.542938470840454102e+00 2.321203947067260742e+00 8.879863023757934570e-01 1.688805937767028809e+00 2.742716789245605469e+00 -2.603820085525512695e+00 -3.639390707015991211e+00 -2.127721786499023438e+00 1.417695164680480957e+00 -9.128479957580566406e-01 -1.483600020408630371e+00 -1.403890371322631836e+00 -1.828220844268798828e+00 3.264704942703247070e-01 -3.534213602542877197e-01
1.492530941963195801e+00 1.928224563598632812e+00 -2.276144504547119141e+00 -2.142186880111694336e+00 -1.660273432731628418e+00 3.980794668197631836e+00 1.056185603141784668e+00 8.600721359252929688e-01 2.464905977249145508e+00 -2.513521611690521240e-01 2.932590007781982422e+00 -1.429856300354003906e+00 7.958538532257080078e-01 -3.301645517349243164e-01 1.716908216476440430e+00
1.012445688247680664e+00 2.622598648071289062e+00 4.125897213816642761e-02 4.815150737762451172e+00 -4.986095055937767029e-02 1.762020945549011230e+00 -8.783503621816635132e-02 2.292374610900878906e+00 -1.693415999412536621e+00 -9.462077617645263672e-01 3.903879880905151367e+00 -4.335592269897460938e+00 -2.617598772048950195e+00 3.383664608001708984e+00 4.069027006626129150e-01
-3.032324790954589844e+00 -3.350050747394561768e-01 -8.729484081268310547e-01 2.918768167495727539e+00 1.250465273857116699e+00 -3.305037260055541992e+00 -3.942986011505126953e+00 1.382628440856933594e+00 -2.416352272033691406e+00 -1.433070540428161621e+00 4.165152549743652344e+00 2.247367858886718750e+00 3.459279775619506836e+00 -5.542254447937011719e+00 6.594048976898193359e+00
-4.434201240539550781e+00 1.793379783630371094e+00 -1.530044317245483398e+00 -4.013127803802490234e+00 7.461309432983398438e-01 1.112362071871757507e-01 3.531447052955627441e-01 1.503422737121582031e+00 1.838204622268676758e+00 2.017807006835937500e+00 -1.126583456993103027e+00 3.342628240585327148e+00 -4.365481853485107422e+00 -1.156563639640808105e+00 5.118266344070434570e-01
1.123677253723144531e+00 -1.705495715141296387e+00 4.155180454254150391e+00 -1.380673646926879883e+00 -2.654825925827026367e+00 1.146682858467102051e+00 -5.554680228233337402e-01 -2.547428607940673828e+00 2.557326793670654297e+00 3.695540428161621094e+00 -1.713433265686035156e+00 -3.227911472320556641e+00 -4.649958610534667969e+00 2.583704710006713867e+00 -2.421880006790161133e+00
-3.473761320114135742e+00 7.561057209968566895e-01 -9.382601380348205566e-01 4.394861698150634766e+00 4.499974727630615234e+00 1.404248714447021484e+00 -7.617382332682609558e-03 -3.992614746093750000e+00 -4.845008373260498047e+00 -5.074216365814208984e+00 -3.328585624694824219e+00 2.216728448867797852e+00 2.128062725067138672e+00 -2.069012403488159180e+00 -1.209113240242004395e+00
-1.775060534477233887e+00 5.982223749160766602e-01 -1.059666395187377930e+00 9.588890075683593750e-01 2.883149862289428711e+00 4.205933570861816406e+00 -8.682238459587097168e-01 5.264692902565002441e-01 2.685850143432617188e+00 -7.033399343490600586e-01 1.123601198196411133e+00 -1.329594701528549194e-01 3.741721153259277344e+00 -2.768583774566650391e+00 -2.413731813430786133e+00
-2.927144289016723633e+00 2.495605945587158203e+00 -5.797629356384277344e-01 1.859361767768859863e+00 3.557595729827880859e+00 -2.379815578460693359e+00 -1.211280703544616699e+00 -1.486232042312622070e+00 3.223996639251708984e+00 2.092020750045776367e+00 -9.466657638549804688e-01 2.314703941345214844e+00 1.152226686477661133e+00 -1.653774023056030273e+00 -4.929903447628021240e-01
-3.515845060348510742e+00 -3.199493169784545898e+00 -1.432669401168823242e+00 1.037222504615783691e+00 -8.059459924697875977e-01 9.439362287521362305e-01 5.129451751708984375e-01 2.224102735519409180e+00 -3.150214195251464844e+00 4.496473789215087891e+00 1.545361042022705078e+00 2.129587829113006592e-01 -3.072315454483032227e-01 -4.897250831127166748e-01 4.102672100067138672e+00
-3.593761026859283447e-01 -2.669457435607910156e+00 1.299737215042114258e+00 -2.800807058811187744e-01 -2.441263198852539062e+00 -2.870147489011287689e-02 -1.785856962203979492e+00 1.484243512153625488e+00 -2.340000867843627930e+00 -3.730169832706451416e-01 -2.387496531009674072e-01 2.769639968872070312e+00 -2.002961635589599609e+00 -5.112811326980590820e-01 9.617215394973754883e-02
2.690200328826904297e+00 8.538193106651306152e-01 1.678272604942321777e+00 4.861340522766113281e+00 -2.825221061706542969e+00 7.610924839973449707e-01 -1.645127832889556885e-01 4.167551994323730469e-01 -2.656042814254760742e+00 2.120012283325195312e+00 1.661437869071960449e+00 -5.034451484680175781e+00 -3.535418033599853516e+00 -4.662613868713378906e-01 -1.517117857933044434e+00
2.413607388734817505e-01 -1.189358711242675781e+00 -6.636127829551696777e-01 -1.847360610961914062e+00 -1.809789896011352539e+00 1.088750839233398438e+00 -3.337584018707275391e+00 -1.521000981330871582e+00 -1.020818233489990234e+00 2.675844907760620117e+00 1.148651480674743652e+00 1.945022791624069214e-01 2.106248617172241211e+00 -2.278959035873413086e+00 -2.072064161300659180e+00
7.083587348461151123e-02 -2.170872449874877930e+00 -7.086646556854248047e-02 -6.667466163635253906e-01 -1.512843608856201172e+00 -3.381022691726684570e+00 4.316349029541015625e+00 6.769477128982543945e-01 2.031053155660629272e-01 2.952325820922851562e+00 2.479179859161376953e+00 -8.394458293914794922e-01 4.846581816673278809e-01 -4.590773582458496094e+00 1.516919612884521484e+00
-1.883109927177429199e+00 2.030518770217895508e+00 -2.012653827667236328e+00 -6.915897130966186523e-01 -3.706657171249389648e+00 1.867783427238464355e+00 1.833218693733215332e+00 2.453248500823974609e+00 -1.793443918228149414e+00 -2.718591451644897461e+00 3.144050836563110352e-01 -1.384776711463928223e+00 5.488204956054687500e-01 1.302675485610961914e+00 9.007456898689270020e-02
-2.558801889419555664e+00 -1.880161762237548828e+00 2.687591552734375000e+00 1.924776583909988403e-01 3.923824548721313477e+00 1.931695103645324707e+00 -2.701592922210693359e+00 2.617164850234985352e+00 -3.063487052917480469e+00 3.437689244747161865e-01 1.699540138244628906e+00 -1.305776357650756836e+00 -3.538146495819091797e+00 -1.851914525032043457e-01 3.418643951416015625e+00
-2.646263599395751953e+00 -4.185052871704101562e+00 2.730597019195556641e+00 -3.256361007690429688e+00 3.473585247993469238e-01 2.163419961929321289e+00 -3.694245219230651855e-01 2.958936452865600586e+00 -6.638574600219726562e-01 1.554879426956176758e+00 -1.557656764984130859e+00 -2.715313911437988281e+00 -1.834385991096496582e-01 -2.996023893356323242e+00 -2.688986301422119141e+00
-2.347928762435913086e+00 -2.083334445953369141e+00 -3.099648952484130859e+00 -3.677729606628417969e+00 1.440910249948501587e-01 -3.189858913421630859e+00 -1.041792511940002441e+00 1.912049651145935059e+00 2.270260095596313477e+00 2.019100666046142578e+00 9.899533987045288086e-01 5.251042246818542480e-01 7.673995494842529297e-01 1.588958024978637695e+00 -1.726201415061950684e+00
-3.641943454742431641e+00 2.783885002136230469e-01 5.306690931320190430e-01 2.847569584846496582e-01 -2.860733032226562500e+00 -1.008922219276428223e+00 -2.593296527862548828e+00 -1.199489593505859375e+00 -1.058148503303527832e+00 -1.355967044830322266e+00 -1.050978183746337891e+00 -3.679687738418579102e+00 -4.248735427856445312e+00 3.232783377170562744e-01 -9.229966402053833008e-01
1.799759864807128906e+00 -5.127408355474472046e-02 1.357845306396484375e+00 4.362138807773590088e-01 3.548615574836730957e-01 -2.619648456573486328e+00 -4.398928165435791016e+00 1.282288432121276855e+00 -1.980489373207092285e+00 -1.040181279182434082e+00 9.518753886222839355e-01 7.127180099487304688e-01 -3.690095186233520508e+00 -8.106738328933715820e-01 -2.923120975494384766e+00
4.276813507080078125e+00 2.379611492156982422e+00 -1.458568692207336426e+00 1.689853668212890625e+00 1.326134353876113892e-01 1.366769433021545410e+00 -2.169082403182983398e+00 1.046345472335815430e+00 3.280695676803588867e+00 5.910756587982177734e-01 -1.241198182106018066e-01 -2.277234554290771484e+00 2.776421785354614258e+00 1.026532888412475586e+00 -4.276740550994873047e+00
7.240414023399353027e-01 -1.832034230232238770e+00 -1.359693884849548340e+00 -5.607000738382339478e-02 1.293846368789672852e+00 -4.434132575988769531e-01 -4.308215528726577759e-02 -2.899458706378936768e-01 -3.979513645172119141e-01 1.978271007537841797e+00 -1.451908588409423828e+00 4.901379644870758057e-01 -1.056780099868774414e+00 1.568375349044799805e+00 -4.033424854278564453e+00
-1.424945950508117676e+00 -3.514601886272430420e-01 1.658459186553955078e+00 1.941293329000473022e-01 2.173040956258773804e-01 2.906627893447875977e+00 -9.358153343200683594e-01 -2.191639423370361328e+00 1.846011757850646973e+00 3.147979974746704102e+00 -1.514039754867553711e+00 -2.025804519653320312e+00 -8.086929917335510254e-01 -2.305596828460693359e+00 8.765279650688171387e-01
-2.718951702117919922e+00 6.804959774017333984e-01 -1.399454832077026367e+00 -3.815497398376464844e+00 -5.159367322921752930e-01 -2.003161191940307617e+00 -2.764761209487915039e+00 7.126126885414123535e-01 -3.817483186721801758e-01 2.690658330917358398e+00 3.367168426513671875e+00 3.229900360107421875e+00 -2.569875478744506836e+00 -1.790363192558288574e+00 -5.480305552482604980e-01
2.468376874923706055e+00 -4.323186874389648438e-01 -3.985536098480224609e-01 2.948992490768432617e+00 5.089293003082275391e+00 -2.386341571807861328e+00 3.608021974563598633e+00 3.998968601226806641e-01 -9.756485819816589355e-01 6.271297931671142578e+00 -4.824261188507080078e+00 -1.741142034530639648e+00 -2.903350830078125000e+00 2.424516677856445312e+00 1.910494923591613770e+00
3.363159179687500000e+00 -1.998250246047973633e+00 2.681135416030883789e+00 1.855947256088256836e+00 -8.837956190109252930e-01 -3.437779664993286133e+00 9.126361012458801270e-01 1.834408283233642578e+00 -2.043657541275024414e+00 -1.222138166427612305e+00 -2.143024444580078125e+00 3.034598827362060547e+00 -1.420957922935485840e+00 -1.113139629364013672e+00 -2.696447134017944336e+00
-2.421539783477783203e+00 2.410051345825195312e+00 -1.840254545211791992e+00 5.624118804931640625e+00 -2.447347402572631836e+00 1.654352426528930664e+00 3.012681722640991211e+00 -4.048874378204345703e-01 2.922703266143798828e+00 -2.759022712707519531e+00 7.265023589134216309e-01 3.171241998672485352e+00 -4.361364841461181641e+00 3.429106175899505615e-01 -2.261765956878662109e+00
1.567086815834045410e+00 -4.085082054138183594e+00 -2.378340959548950195e+00 4.051989078521728516e+00 -3.852762699127197266e+00 3.639289617538452148e+00 2.269781827926635742e+00 -5.363007545471191406e+00 -2.103837013244628906e+00 -6.877754926681518555e-01 5.805872082710266113e-01 1.414254426956176758e+00 5.401777267456054688e+00 -1.654987454414367676e+00 1.589024662971496582e+00
2.792974948883056641e+00 -9.970346689224243164e-01 6.203855276107788086e-01 4.179333150386810303e-01 -2.188951492309570312e+00 -1.353449463844299316e+00 1.107948660850524902e+00 -3.216355800628662109e+00 -1.186683893203735352e+00 -1.419146299362182617e+00 -3.522713184356689453e+00 2.096490144729614258e+00 3.358253002166748047e+00 6.962776780128479004e-01 -3.019665241241455078e+00
2.495630264282226562e+00 1.801446914672851562e+00 3.198401451110839844e+00 4.556623458862304688e+00 -4.264674663543701172e+00 1.927585721015930176e+00 5.625072121620178223e-02 1.630164623260498047e+00 2.474126815795898438e+00 2.275502920150756836e+00 -2.422038793563842773e+00 -6.651709079742431641e+00 2.909010350704193115e-01 -6.468343734741210938e-01 1.330599546432495117e+00
3.355100870132446289e+00 -1.431770443916320801e+00 -2.349025249481201172e+00 6.241999149322509766e+00 1.477452516555786133e+00 -4.244620800018310547e+00 3.547901511192321777e-01 -3.619062662124633789e+00 6.170853972434997559e-01 3.825243234634399414e+00 2.386143684387207031e+00 -4.603077888488769531e+00 2.667554140090942383e+00 8.359640240669250488e-01 -4.238679409027099609e-01
-6.614904403686523438e-01 2.945491790771484375e+00 -3.331893682479858398e-01 2.176944017410278320e+00 4.660083293914794922e+00 -2.257831096649169922e+00 -5.882206559181213379e-01 1.281463980674743652e+00 2.737195730209350586e+00 1.233788609504699707e+00 -3.722616434097290039e+00 4.921426177024841309e-01 -5.621795177459716797e+00 -1.079905271530151367e+00 -1.634762167930603027e+00
-2.555356979370117188e+00 -2.513043642044067383e+00 4.891269207000732422e+00 -6.854722499847412109e-01 1.663625001907348633e+00 -2.815392494201660156e+00 -4.661520481109619141e+00 1.805186867713928223e+00 -3.105191469192504883e+00 6.226076483726501465e-01 1.731958985328674316e+00 1.981561481952667236e-01 3.480364799499511719e+00 3.936759233474731445e+00 -6.984294652938842773e-01
-7.621598243713378906e-01 -1.313886046409606934e+00 3.540169239044189453e+00 1.297402262687683105e+00 1.834637641906738281e+00 1.372350692749023438e+00 9.031685590744018555e-01 2.278661251068115234e+00 2.554447889328002930e+00 -3.978507995605468750e+00 4.387260437011718750e+00 7.174510955810546875e-01 -9.954908490180969238e-01 9.896336197853088379e-01 1.058418631553649902e+00
-2.222578763961791992e+00 1.554944515228271484e+00 3.065914392471313477e+00 1.183141469955444336e+00 8.116339445114135742e-01 1.284830451011657715e+00 5.857539772987365723e-01 -2.943236589431762695e+00 5.875074863433837891e-01 -1.216026067733764648e+00 -7.236862778663635254e-01 4.757805466651916504e-01 -2.543966054916381836e+00 6.133969426155090332e-01 4.958223819732666016e+00
2.279580354690551758e+00 -2.373051166534423828e+00 1.686207652091979980e+00 1.054856896400451660e+00 -2.678349018096923828e+00 -4.936241626739501953e+00 -9.991869926452636719e-01 -8.032711148262023926e-01 -3.212701559066772461e+00 1.701396584510803223e+00 3.235354661941528320e+00 -4.073405265808105469e+00 3.595417976379394531e+00 -2.794204652309417725e-01 1.489262223243713379e+00
-7.559996843338012695e-01 -2.487474679946899414e+00 -1.210965871810913086e+00 -2.660653114318847656e+00 5.156275749206542969e+00 -6.832720637321472168e-01 2.984550952911376953e+00 -9.770858883857727051e-01 -1.309541821479797363e+00 -1.287836670875549316e+00 1.289558053016662598e+00 -3.095027208328247070e-01 -2.428732872009277344e+00 -4.392483711242675781e+00 -1.568711400032043457e+00
1.650099635124206543e+00 -2.032664299011230469e+00 5.659044265747070312e+00 -1.550687074661254883e+00 2.172447204589843750e+00 1.375691771507263184e+00 2.349342346191406250e+00 2.611099958419799805e+00 -3.554045677185058594e+00 3.863706588745117188e+00 3.173055350780487061e-01 4.037397503852844238e-01 -2.490909337997436523e+00 2.268196582794189453e+00 1.435709118843078613e+00
-2.802648544311523438e+00 -3.710167884826660156e+00 3.942381381988525391e+00 6.832209229469299316e-01 -1.983335018157958984e-01 -1.468204498291015625e+00 1.419994711875915527e+00 2.391921043395996094e+00 9.869061708450317383e-01 -3.087607920169830322e-01 7.331743240356445312e-01 2.089620590209960938e+00 -3.440077781677246094e+00 -3.491033792495727539e+00 -1.630388736724853516e+00
1.894815802574157715e+00 -2.004653453826904297e+00 -7.370343208312988281e-01 -1.363343358039855957e+00 2.161321401596069336e+00 8.844305276870727539e-01 -1.213206291198730469e+00 1.596536636352539062e+00 3.574333339929580688e-02 -4.911189079284667969e-01 1.700093865394592285e+00 -2.578838586807250977e+00 2.825406551361083984e+00 -1.635675072669982910e+00 3.063536584377288818e-01
9.129806756973266602e-01 4.178575038909912109e+00 3.255547761917114258e+00 3.730401515960693359e+00 1.965172410011291504e+00 -5.308938026428222656e+00 -1.442593693733215332e+00 4.152023315429687500e+00 5.374227166175842285e-01 -2.950057029724121094e+00 2.208043813705444336e+00 -3.592767000198364258e+00 3.614260911941528320e+00 -1.211811542510986328e+00 -2.926756143569946289e+00
-1.291740894317626953e+00 -1.763233065605163574e+00 2.416822165250778198e-01 5.330253839492797852e-01 2.834990739822387695e+00 -1.769558548927307129e+00 -4.495979785919189453e+00 5.130423903465270996e-01 8.800565600395202637e-01 1.979284882545471191e+00 3.660455226898193359e+00 2.042756557464599609e+00 6.729626059532165527e-01 9.061667919158935547e-01 -3.718897342681884766e+00
3.525334119796752930e+00 2.041901826858520508e+00 2.247320652008056641e+00 1.870476484298706055e+00 -8.127340078353881836e-01 -2.031563282012939453e+00 -3.201979637145996094e+00 5.858847498893737793e-01 9.137240648269653320e-01 -4.839707374572753906e+00 -2.435311675071716309e-02 3.394644498825073242e+00 -1.809403896331787109e-01 8.505073785781860352e-01 -2.665937900543212891e+00
-1.695560574531555176e+00 -1.356633901596069336e+00 -3.489668071269989014e-01 9.441819787025451660e-02 6.593822836875915527e-01 -1.001353025436401367e+00 -1.756314635276794434e+00 2.411737203598022461e+00 -2.069491624832153320e+00 1.270683884620666504e+00 4.276560783386230469e+00 -1.302193164825439453e+00 4.068994224071502686e-01 1.418815970420837402e+00 6.046763420104980469e+00
-5.319182395935058594e+00 -2.640477418899536133e-01 3.031547069549560547e+00 3.382954359054565430e+00 4.610137462615966797e+00 9.771975874900817871e-01 2.648434638977050781e+00 -2.656861543655395508e+00 -6.036210060119628906e-01 9.137877821922302246e-01 3.468627214431762695e+00 4.997482299804687500e+00 3.568556308746337891e-01 -1.555328726768493652e+00 -3.991658210754394531e+00
2.884234428405761719e+00 -2.587925672531127930e+00 3.079648733139038086e+00 -5.324985027313232422e+00 -3.259379863739013672e+00 -4.212584972381591797e+00 -9.336616396903991699e-01 -4.155397891998291016e+00 2.961003780364990234e+00 3.514352560043334961e+00 -6.010238528251647949e-01 -3.430495560169219971e-01 3.231910943984985352e+00 -2.126020669937133789e+00 4.410058975219726562e+00
-2.683984637260437012e-01 8.911443948745727539e-01 -8.828197717666625977e-01 -1.660344656556844711e-03 1.331104397773742676e+00 -2.261469841003417969e+00 2.929748594760894775e-01 4.152279376983642578e+00 3.697078466415405273e+00 4.876324161887168884e-02 -1.397021412849426270e-01 -4.160175025463104248e-01 -1.566943407058715820e+00 3.300549745559692383e+00 2.373402357101440430e+00
