-4.501260280609130859e+00 5.676927566528320312e-01 8.181924000382423401e-03 1.777996122837066650e-02 2.262076854705810547e+00 -5.360612392425537109e+00 5.365233421325683594e+00 -1.339806199073791504e+00 1.352853298187255859e+00 1.004633426666259766e+00 -8.331104516983032227e-01 3.653000831604003906e+00 -5.356956958770751953e+00 -1.927739262580871582e+00 -5.758742809295654297e+00
-2.972805798053741455e-01 2.684713363647460938e+00 -8.893282413482666016e-01 6.603066444396972656e+00 -8.914850234985351562e+00 -5.067875385284423828e+00 -4.320558071136474609e+00 6.406107544898986816e-01 6.266022324562072754e-01 -2.809950351715087891e+00 -1.347362875938415527e+00 -5.276783943176269531e+00 -3.155362129211425781e+00 -5.954753875732421875e+00 -1.436151027679443359e+00
-3.505534648895263672e+00 -3.477569669485092163e-02 -4.558653831481933594e-01 2.096109151840209961e+00 -1.727495670318603516e+00 1.569820880889892578e+00 -8.824176192283630371e-01 1.935739398002624512e+00 3.058133125305175781e+00 7.231592535972595215e-01 -1.129115223884582520e+00 1.550366759300231934e+00 3.110968351364135742e+00 2.206138849258422852e+00 -1.050111055374145508e+00
-1.558912992477416992e+00 2.009712696075439453e+00 1.915439963340759277e+00 1.464311033487319946e-01 8.397936224937438965e-01 -2.819198369979858398e+00 -5.821314454078674316e-01 -6.398494243621826172e-01 -1.389121413230895996e+00 -1.280414909124374390e-01 2.020264863967895508e+00 1.636141240596771240e-01 1.011756062507629395e+00 4.412076950073242188e+00 -3.286357820034027100e-01
2.983454465866088867e+00 1.126727014780044556e-01 4.893687248229980469e+00 6.208686232566833496e-01 1.137238621711730957e+00 -2.653794288635253906e+00 1.932782292366027832e+00 3.496371507644653320e-01 2.520407676696777344e+00 1.807425379753112793e+00 2.899485349655151367e+00 -2.355724573135375977e+00 3.147209882736206055e+00 -4.172539234161376953e+00 3.534462153911590576e-01
-1.562347292900085449e+00 -4.024691581726074219e-01 4.811961650848388672e-01 2.079819440841674805e+00 4.757138252258300781e+00 -6.129696369171142578e+00 2.175412654876708984e+00 3.475575894117355347e-02 -1.852600812911987305e+00 2.158752679824829102e+00 1.217971920967102051e+00 -1.713372319936752319e-01 5.687772035598754883e-01 2.393193721771240234e+00 1.637623786926269531e+00
-2.305061340332031250e+00 -2.442146062850952148e+00 -2.679633378982543945e+00 5.465098857879638672e+00 1.492649435997009277e+00 -1.778191328048706055e+00 -2.438041448593139648e+00 -2.183581829071044922e+00 -3.116986513137817383e+00 -3.279248952865600586e+00 5.926901340484619141e+00 1.650983333587646484e+00 -4.050727188587188721e-02 4.151549339294433594e+00 3.006032943725585938e+00
5.219418406486511230e-01 3.806539177894592285e-01 -2.764228343963623047e+00 3.660369873046875000e+00 -3.032113552093505859e+00 -1.349861502647399902e+00 -7.265117764472961426e-01 -1.634245276451110840e+00 4.298320770263671875e+00 -5.326504632830619812e-02 1.299443602561950684e+00 -3.241550922393798828e+00 -2.942252635955810547e+00 -2.239056110382080078e+00 -3.250714540481567383e+00
3.314665794372558594e+00 1.010701656341552734e+00 -6.757928729057312012e-01 -3.555865526199340820e+00 -3.032042086124420166e-01 -4.940381050109863281e+00 -1.599248409271240234e+00 -3.927138566970825195e+00 -2.804438829421997070e+00 -5.326014518737792969e+00 6.064339727163314819e-02 6.070905327796936035e-01 3.919877111911773682e-01 4.197030544281005859e+00 -1.263858795166015625e+00
8.670267462730407715e-02 -2.987128257751464844e+00 -4.121197164058685303e-01 8.299442529678344727e-01 -9.898044168949127197e-03 -1.075325131416320801e+00 5.559744238853454590e-01 -1.941810011863708496e+00 -4.919599056243896484e+00 8.051809310913085938e+00 8.663371950387954712e-02 5.849561214447021484e+00 -3.137500286102294922e+00 9.519088268280029297e-01 1.616625428199768066e+00
3.972633928060531616e-02 3.392932891845703125e+00 -3.087588548660278320e+00 -1.005633831024169922e+00 2.220094203948974609e-02 1.606491088867187500e+00 -9.831926226615905762e-02 -5.281953215599060059e-01 6.876966953277587891e-01 -1.077709317207336426e+00 -1.705596685409545898e+00 4.305521845817565918e-01 -8.492054939270019531e-01 -4.863641038537025452e-02 1.489630937576293945e-01
2.385526418685913086e+00 1.479836225509643555e+00 1.194584220647811890e-01 5.094555020332336426e-01 2.595814943313598633e+00 1.729849457740783691e+00 1.627803444862365723e-01 -1.638239741325378418e+00 -2.315530300140380859e+00 1.594272702932357788e-01 1.037943124771118164e+00 -1.557729363441467285e+00 1.776810139417648315e-01 3.987906128168106079e-02 1.745927214622497559e+00
-2.751138687133789062e+00 1.372883200645446777e+00 4.818518757820129395e-01 -1.923318624496459961e+00 -1.899554133415222168e+00 2.983840703964233398e-01 -1.129267215728759766e+00 3.603653192520141602e+00 1.389606595039367676e+00 -1.380901932716369629e-01 1.861175775527954102e+00 -1.328055500984191895e+00 -1.376443743705749512e+00 7.906058430671691895e-01 1.082620978355407715e+00
-7.683229446411132812e-01 2.843013286590576172e+00 2.306228876113891602e+00 -4.741750955581665039e-01 -1.610014200210571289e+00 -1.367536067962646484e+00 4.230091571807861328e+00 9.685374498367309570e-01 -1.776631236076354980e+00 1.848050355911254883e+00 1.397037625312805176e+00 -2.648757696151733398e+00 7.783623933792114258e-01 1.611129164695739746e+00 6.596999764442443848e-01
1.504227995872497559e+00 6.173683404922485352e-01 4.494298934936523438e+00 7.518095970153808594e-01 -1.269544839859008789e+00 1.379156708717346191e+00 1.797096967697143555e+00 4.386729240417480469e+00 1.998874068260192871e+00 -4.489081203937530518e-01 3.441403627395629883e+00 2.084214687347412109e+00 -2.164230346679687500e+00 5.154966831207275391e+00 -4.625959396362304688e+00
4.852284431457519531e+00 6.714150428771972656e+00 -2.647619485855102539e+00 2.900033712387084961e+00 1.047903537750244141e+00 -2.105168104171752930e+00 -9.657973647117614746e-01 2.317548036575317383e+00 4.394073009490966797e+00 -6.485835552215576172e+00 -3.230164766311645508e+00 6.156347990036010742e-01 2.430349588394165039e+00 8.840806484222412109e-01 -2.091372251510620117e+00
-9.880118370056152344e-01 -2.488335132598876953e+00 -4.079654693603515625e+00 -4.546925544738769531e+00 -8.262233734130859375e-01 2.054820209741592407e-01 2.874329805374145508e+00 -3.730664253234863281e+00 1.502931952476501465e+00 -4.183937072753906250e+00 1.950701117515563965e+00 2.380750328302383423e-01 -2.612683057785034180e+00 1.677163720130920410e+00 2.060771703720092773e+00
-2.926446497440338135e-01 -3.480330228805541992e+00 6.085592269897460938e+00 -3.938314437866210938e+00 5.531775474548339844e+00 -3.093770503997802734e+00 5.155979394912719727e-01 -6.715340018272399902e-01 -4.308495998382568359e+00 4.500483036041259766e+00 5.683886528015136719e+00 2.991563796997070312e+00 -9.752607345581054688e+00 6.278915405273437500e+00 2.873488903045654297e+00
6.519126892089843750e-01 3.041713476181030273e+00 -3.631031036376953125e+00 -2.862756848335266113e-01 -1.807153105735778809e+00 1.151900887489318848e+00 -1.327104330062866211e+00 1.815026849508285522e-01 1.112952113151550293e+00 2.009280443191528320e+00 -1.877054333686828613e+00 3.043473243713378906e+00 -1.139796733856201172e+00 -1.359545439481735229e-01 -9.255077242851257324e-01
4.791713058948516846e-01 -1.189968705177307129e+00 4.930900573730468750e+00 1.518258929252624512e+00 2.203838109970092773e+00 3.036028146743774414e-01 -2.350567579269409180e+00 -1.016961812973022461e+00 5.735026359558105469e+00 1.267331242561340332e+00 -2.274962663650512695e+00 -6.249322369694709778e-02 1.519529104232788086e+00 -1.564793229103088379e+00 -9.775741100311279297e-01
2.710374832153320312e+00 -2.086361169815063477e+00 5.328025817871093750e+00 -1.092537760734558105e+00 -7.145050168037414551e-01 -1.734560251235961914e+00 -2.351790189743041992e+00 -1.298140764236450195e+00 3.524410247802734375e+00 4.375796318054199219e+00 -4.945089519023895264e-01 -7.820553183555603027e-01 2.823980331420898438e+00 3.350723505020141602e+00 -2.505305290222167969e+00
-1.335054188966751099e-01 5.077964067459106445e-01 1.604013442993164062e+00 1.124050974845886230e+00 -5.824329257011413574e-01 1.982754468917846680e+00 4.073233008384704590e-01 -2.433019280433654785e-01 -5.082299113273620605e-01 2.527180194854736328e+00 -4.256618618965148926e-01 2.416037768125534058e-01 -2.138235330581665039e+00 3.608176231384277344e+00 -1.067686676979064941e+00
3.442669630050659180e+00 -7.825671434402465820e-01 -1.947979927062988281e+00 -1.050244092941284180e+00 1.760047078132629395e+00 3.200283527374267578e+00 1.932471156120300293e+00 3.003042936325073242e+00 1.513676762580871582e+00 3.029911994934082031e+00 1.185640215873718262e+00 1.147903442382812500e+00 -1.923616409301757812e+00 6.214855194091796875e+00 -3.213144540786743164e+00
-1.734929323196411133e+00 2.594445943832397461e-01 -1.929417371749877930e+00 -2.506960391998291016e+00 -1.071752667427062988e+00 1.328276038169860840e+00 1.688442826271057129e+00 2.038395643234252930e+00 8.637278079986572266e-01 2.366169929504394531e+00 -1.781318545341491699e+00 -1.697234988212585449e+00 -2.761375904083251953e+00 8.753783702850341797e-01 6.944732666015625000e-01
5.552628636360168457e-01 -8.765419125556945801e-01 -5.237567424774169922e-01 -3.565669059753417969e+00 -7.070399075746536255e-02 7.672725915908813477e-01 1.390281081199645996e+00 -5.823828577995300293e-01 -1.943692088127136230e+00 -3.139287233352661133e-01 4.578394070267677307e-02 -7.040810585021972656e-01 -1.454474210739135742e+00 -2.604753255844116211e+00 -1.425729095935821533e-01
2.856890916824340820e+00 -2.738400936126708984e+00 -4.736209511756896973e-01 -2.885339021682739258e+00 -5.486366152763366699e-01 8.444843888282775879e-01 1.947355747222900391e+00 1.381669163703918457e+00 -2.028688341379165649e-01 1.638583898544311523e+00 4.862134158611297607e-01 -1.127095937728881836e+00 -9.414175748825073242e-01 -2.855433940887451172e+00 -6.748322844505310059e-01
-2.604380130767822266e+00 -9.945008754730224609e-01 3.372728824615478516e+00 -8.839622139930725098e-01 -1.915605306625366211e+00 -1.706057310104370117e+00 -2.108096599578857422e+00 -2.517480134963989258e+00 -1.931482672691345215e+00 9.638216346502304077e-02 -5.512036755681037903e-02 9.441497176885604858e-02 1.659488826990127563e-01 -8.426379561424255371e-01 -1.837635636329650879e+00
-2.214790105819702148e+00 -1.896180987358093262e+00 3.678020715713500977e+00 9.015398621559143066e-01 -1.565856456756591797e+00 -1.770784497261047363e+00 8.653724789619445801e-01 -1.717368125915527344e+00 -9.750098586082458496e-01 -3.616536259651184082e-01 -1.216555714607238770e+00 2.980428338050842285e-01 1.432135581970214844e+00 -2.583062410354614258e+00 1.567928194999694824e-01
-1.069385766983032227e+00 -2.072839021682739258e+00 9.699790477752685547e-01 1.980438709259033203e+00 -2.237869977951049805e+00 1.558241993188858032e-01 1.212875008583068848e+00 -1.573159575462341309e+00 -2.157211303710937500e+00 8.890509009361267090e-01 -1.365247249603271484e+00 5.066903308033943176e-02 -5.326014757156372070e-01 1.076115608215332031e+00 1.729214549064636230e+00
9.160557389259338379e-01 2.197585821151733398e+00 -2.371729850769042969e+00 -3.126990556716918945e+00 7.078509330749511719e-01 3.054135560989379883e+00 3.575201272964477539e+00 -1.366217613220214844e+00 1.284906744956970215e+00 -8.130760788917541504e-01 -1.006294131278991699e+00 -3.100513935089111328e+00 7.267488837242126465e-01 -3.670900106430053711e+00 2.035851031541824341e-02
4.654504060745239258e-01 -8.923823237419128418e-01 1.462392568588256836e+00 3.130876719951629639e-01 -1.926464587450027466e-01 2.099727630615234375e+00 3.210662126541137695e+00 3.115235090255737305e+00 -5.123115777969360352e-01 -2.543073654174804688e+00 3.781072497367858887e-01 -1.577644944190979004e+00 -2.758291959762573242e+00 -5.381849408149719238e-01 1.523082107305526733e-01
3.154517412185668945e-01 -2.059787273406982422e+00 2.052291631698608398e+00 1.994572877883911133e-01 -1.928457140922546387e+00 2.822603225708007812e+00 -3.217737376689910889e-02 3.181002855300903320e+00 6.423680186271667480e-01 -6.753675937652587891e-01 -2.101108312606811523e+00 -3.289842605590820312e+00 -3.142846584320068359e+00 4.076295375823974609e+00 -4.542893409729003906e+00
2.333388328552246094e+00 3.163244247436523438e+00 5.200008153915405273e-01 -3.401632070541381836e+00 1.173323765397071838e-01 2.533346891403198242e+00 -2.408344507217407227e+00 4.300908565521240234e+00 3.317996025085449219e+00 4.579691886901855469e-01 3.743184328079223633e+00 1.575506031513214111e-01 4.190375804901123047e+00 -2.145161628723144531e+00 -2.773545026779174805e+00
3.889905214309692383e+00 -3.706725835800170898e+00 -2.031026363372802734e+00 1.959669709205627441e+00 -7.309009075164794922e+00 -7.626000881195068359e+00 -1.621806979179382324e+00 5.046908855438232422e+00 -9.315938949584960938e-01 2.777224540710449219e+00 -2.383729219436645508e+00 1.423899769783020020e+00 2.903143405914306641e+00 9.553036093711853027e-01 -1.871125578880310059e+00
5.064223766326904297e+00 4.603119492530822754e-01 1.630723953247070312e+00 4.104638099670410156e+00 7.473488450050354004e-01 -5.742891311645507812e+00 8.142607808113098145e-01 -5.908000469207763672e+00 -3.375825881958007812e+00 -8.721382617950439453e-01 -4.624344348907470703e+00 -2.970801591873168945e-01 -2.286223173141479492e+00 -6.924980878829956055e-02 4.713969826698303223e-01
2.481210231781005859e+00 1.004416275024414062e+01 6.524453639984130859e+00 6.013473987579345703e+00 4.365130424499511719e+00 -5.535256385803222656e+00 -1.309150505065917969e+01 -2.255806446075439453e+00 -2.768002748489379883e+00 -1.616840124130249023e+00 3.920914649963378906e+00 3.427115678787231445e+00 1.616389870643615723e+00 3.914033174514770508e+00 -7.778586387634277344e+00
9.135470390319824219e-01 3.089817762374877930e+00 -3.684667825698852539e+00 -2.566275596618652344e-01 -2.062598943710327148e+00 9.784314036369323730e-01 -1.349469184875488281e+00 9.836395829916000366e-02 1.201867818832397461e+00 2.332632541656494141e+00 -1.541208267211914062e+00 3.107530593872070312e+00 -1.088612675666809082e+00 -2.339366674423217773e-01 -6.052092313766479492e-01
5.172480583190917969e+00 1.547226071357727051e+00 1.133790969848632812e+00 2.531892538070678711e+00 3.981514275074005127e-01 -1.720088720321655273e-01 -3.960406541824340820e+00 3.166422367095947266e+00 2.610190212726593018e-02 1.067881345748901367e+00 6.003656983375549316e-01 -3.910612165927886963e-01 -6.735072135925292969e-01 -9.079153537750244141e-01 -1.756065249443054199e+00
-1.608808524906635284e-03 4.152133166790008545e-01 3.254451155662536621e-01 -1.529909968376159668e+00 2.534156799316406250e+00 8.150100111961364746e-01 -8.312484622001647949e-01 1.826794624328613281e+00 -1.904205977916717529e-01 6.969621181488037109e-01 4.893121421337127686e-01 1.021949291229248047e+00 -2.024147033691406250e+00 -6.880381703376770020e-01 9.583531022071838379e-01
-1.432462334632873535e+00 -1.679820656776428223e+00 -9.065365791320800781e-02 1.096433639526367188e+00 -7.573742270469665527e-01 -2.181545048952102661e-01 4.996523380279541016e+00 4.156817913055419922e+00 1.534391343593597412e-01 1.568735837936401367e+00 -5.742902755737304688e-01 3.606597900390625000e+00 -2.650945186614990234e-01 1.993715643882751465e+00 3.573645353317260742e+00
1.847632050514221191e+00 3.290267229080200195e+00 -5.162886381149291992e-01 -1.126614689826965332e+00 -1.451509743928909302e-01 3.271460056304931641e+00 5.003266811370849609e+00 -1.128214001655578613e+00 -3.296163082122802734e+00 2.533238410949707031e+00 1.620111227035522461e+00 1.681822776794433594e+00 -2.255516767501831055e+00 1.584067344665527344e+00 -1.291265606880187988e+00
-2.360759019851684570e+00 4.690135002136230469e+00 -2.382781028747558594e+00 -1.202374935150146484e+00 1.750384330749511719e+00 -2.535399436950683594e+00 3.150254189968109131e-01 5.130491256713867188e+00 -6.007894992828369141e+00 -2.688295841217041016e+00 8.689532279968261719e-01 -1.615114808082580566e+00 -2.486709833145141602e+00 -2.968379497528076172e+00 -1.027479887008666992e+00
3.529997542500495911e-02 3.810961484909057617e+00 4.630510807037353516e+00 -8.191412687301635742e-01 1.798847556114196777e+00 -2.853959798812866211e-01 4.824896335601806641e+00 -4.617603778839111328e+00 3.059461832046508789e+00 1.365318536758422852e+00 -7.384756803512573242e-01 1.817867875099182129e+00 2.391173601150512695e+00 1.611258029937744141e+00 -2.907478094100952148e+00
-1.795568019151687622e-01 1.866972684860229492e+00 1.788727641105651855e+00 -4.021811962127685547e+00 -1.309768080711364746e+00 3.253345012664794922e+00 -6.026149749755859375e+00 -2.441175937652587891e+00 -8.358429670333862305e-01 -1.119162797927856445e+00 2.264982223510742188e+00 1.658759266138076782e-01 1.864813327789306641e+00 1.021725296974182129e+00 -4.299893379211425781e+00
-1.926455378532409668e+00 -1.492161393165588379e+00 2.327069520950317383e+00 -4.048111438751220703e+00 3.172686994075775146e-01 -1.045601606369018555e+00 -2.028367280960083008e+00 3.785618066787719727e+00 2.718556165695190430e+00 -2.050543308258056641e+00 5.079134106636047363e-01 -2.042244434356689453e+00 -2.905882596969604492e+00 -3.703759014606475830e-01 1.422156333923339844e+00
-2.945710659027099609e+00 2.930846691131591797e+00 -1.400002241134643555e+00 -1.239679932594299316e+00 1.650846719741821289e+00 2.059934377670288086e+00 -1.575979948043823242e+00 -1.016802906990051270e+00 7.572498321533203125e-01 6.335422992706298828e-01 -3.139977931976318359e+00 -1.442108154296875000e+00 1.356397151947021484e+00 -2.806558609008789062e-01 -2.970786809921264648e+00
-6.009515523910522461e-01 7.632709294557571411e-02 6.881708651781082153e-02 1.508656144142150879e+00 -1.550041794776916504e+00 1.478934884071350098e+00 -1.822087049484252930e+00 -1.437583208084106445e+00 6.938284635543823242e-01 8.592572212219238281e-01 -5.945110917091369629e-01 2.165810763835906982e-01 1.852368116378784180e-01 9.295525550842285156e-01 3.814950466156005859e+00
-4.166591763496398926e-01 2.596710443496704102e+00 -3.414025306701660156e+00 -1.988247036933898926e+00 7.892088294029235840e-01 3.111977577209472656e+00 -1.260019898414611816e+00 1.744303345680236816e+00 -1.513135075569152832e+00 -1.041167140007019043e+00 5.368441939353942871e-01 1.784978389739990234e+00 -4.214208126068115234e-01 -5.267919600009918213e-02 2.022693455219268799e-01
1.312673330307006836e+00 2.134807109832763672e+00 2.029581069946289062e+00 1.209248542785644531e+00 -9.086094498634338379e-01 5.601219534873962402e-01 4.282780647277832031e+00 -1.282665967941284180e+00 -4.833321094512939453e+00 -4.878014922142028809e-01 2.625874280929565430e+00 -1.879134058952331543e+00 -5.062221288681030273e-01 -1.545937657356262207e+00 1.959029078483581543e+00
2.766117572784423828e+00 1.208317041397094727e+00 1.582040548324584961e+00 -1.791908383369445801e+00 1.126131772994995117e+00 1.031096696853637695e+00 2.003946781158447266e+00 3.256525039672851562e+00 1.576225399971008301e+00 -8.385764956474304199e-01 1.754164218902587891e+00 -2.978675127029418945e+00 1.731807470321655273e+00 -9.045905470848083496e-01 1.662394046783447266e+00
2.330311298370361328e+00 -2.659747838973999023e+00 3.575309514999389648e+00 3.452854156494140625e-01 -1.765905737876892090e+00 2.695894956588745117e+00 2.463013887405395508e+00 3.196006774902343750e+00 2.398478031158447266e+00 -2.628635168075561523e+00 -7.928848266601562500e-01 -1.083921566605567932e-01 -2.296247959136962891e+00 3.344520092010498047e+00 -3.217447280883789062e+00
9.587290287017822266e-01 -3.606348037719726562e+00 1.795794367790222168e+00 6.047609329223632812e+00 -7.253680229187011719e-01 2.137368440628051758e+00 -4.429562568664550781e+00 4.453040599822998047e+00 -4.309925079345703125e+00 4.522091388702392578e+00 -3.155517578125000000e+00 7.215709090232849121e-01 -4.969951152801513672e+00 1.533525288105010986e-01 -1.489561676979064941e+00
2.828159093856811523e+00 7.558479905128479004e-01 -1.920289754867553711e+00 -1.236523628234863281e+00 3.075487017631530762e-01 -5.710576057434082031e+00 1.048922538757324219e+00 1.599079847335815430e+00 -3.041735649108886719e+00 -2.935139179229736328e+00 2.868170738220214844e+00 -4.036472797393798828e+00 2.169883728027343750e+00 -2.716437816619873047e+00 3.061284542083740234e+00
2.499094486236572266e+00 1.362907028198242188e+01 2.215136736631393433e-01 3.358546972274780273e+00 -3.113678693771362305e+00 -1.242350959777832031e+01 -3.236274003982543945e+00 3.338459253311157227e+00 1.792743563652038574e+00 9.937283396720886230e-02 6.133237481117248535e-01 -2.055995225906372070e+00 1.028791809082031250e+01 7.171852588653564453e+00 -4.001432895660400391e+00
1.236695170402526855e+00 4.190680980682373047e+00 -3.295869112014770508e+00 -3.552676737308502197e-01 -2.349019765853881836e+00 6.000899672508239746e-01 -1.102458000183105469e+00 -2.436221390962600708e-01 1.655969500541687012e+00 2.948965311050415039e+00 -4.140267968177795410e-01 2.428179740905761719e+00 8.096402883529663086e-01 4.796123206615447998e-01 1.027343392372131348e+00
-6.293478012084960938e-01 3.020827770233154297e+00 -1.907411217689514160e+00 1.077338933944702148e+00 -2.824085474014282227e+00 1.068434476852416992e+00 -1.405102014541625977e+00 2.296202182769775391e+00 -7.935909628868103027e-01 2.591472148895263672e+00 3.916315436363220215e-01 5.247922897338867188e+00 1.934457063674926758e+00 2.102135658264160156e+00 -4.137650012969970703e+00
3.772747218608856201e-01 -1.371312290430068970e-01 -6.302323341369628906e-01 -2.075114250183105469e+00 6.135006994009017944e-02 9.188094139099121094e-01 1.944698810577392578e+00 2.123038053512573242e+00 -1.440646529197692871e+00 2.000296354293823242e+00 1.922240495681762695e+00 4.667443275451660156e+00 -3.555039167404174805e-01 -1.399046063423156738e+00 -1.088927865028381348e+00
1.376373469829559326e-01 4.135288596153259277e-01 2.612296938896179199e-01 -1.680986523628234863e+00 2.475996017456054688e+00 9.680667519569396973e-01 -1.110247611999511719e+00 2.072890520095825195e+00 8.987772464752197266e-02 7.547243833541870117e-01 6.338177919387817383e-01 9.158658981323242188e-01 -1.862839818000793457e+00 -3.416119515895843506e-01 1.412227869033813477e+00
1.471750885248184204e-01 4.114073216915130615e-01 2.894662320613861084e-01 -1.499734282493591309e+00 2.492086648941040039e+00 9.364413619041442871e-01 -9.441537857055664062e-01 1.855151057243347168e+00 -8.012139797210693359e-02 6.971042156219482422e-01 5.720022320747375488e-01 1.012644886970520020e+00 -2.117617368698120117e+00 -5.700702667236328125e-01 9.070406556129455566e-01
5.450017452239990234e-01 5.400574207305908203e-01 9.439008235931396484e-01 5.062793195247650146e-02 3.297638297080993652e-01 1.623463749885559082e+00 -1.758841156959533691e+00 -3.656454980373382568e-01 2.969697117805480957e-01 2.991858005523681641e+00 2.981411851942539215e-02 5.571524500846862793e-01 -1.200493335723876953e+00 1.925163984298706055e+00 5.912110805511474609e-01
-3.147884309291839600e-01 3.701546192169189453e+00 1.653059005737304688e+00 2.189445734024047852e+00 -3.359626054763793945e+00 2.177032947540283203e+00 -7.941838502883911133e-01 -1.129760980606079102e+00 -1.747245550155639648e+00 7.355817556381225586e-01 1.381702184677124023e+00 2.982203960418701172e-01 6.621364355087280273e-01 2.197884321212768555e+00 -4.341593742370605469e+00
3.949705138802528381e-02 3.804596662521362305e-01 2.536247074604034424e-01 -1.595322966575622559e+00 2.563602924346923828e+00 9.278860688209533691e-01 -8.356898427009582520e-01 1.883070588111877441e+00 -5.201926454901695251e-02 6.869497299194335938e-01 4.238962829113006592e-01 1.121451854705810547e+00 -2.059754848480224609e+00 -5.633096098899841309e-01 1.002682566642761230e+00
-1.484373658895492554e-01 -1.135021686553955078e+00 -1.085595726966857910e+00 -4.911555647850036621e-01 2.583244323730468750e+00 2.155488252639770508e+00 -8.882241845130920410e-01 2.901289463043212891e+00 1.920517921447753906e+00 8.310662508010864258e-01 -1.440843462944030762e+00 1.367695689201354980e+00 -6.533841490745544434e-01 3.443292140960693359e+00 2.022526025772094727e+00
6.132823601365089417e-02 3.688681125640869141e-01 4.096975028514862061e-01 -1.553805351257324219e+00 2.422049760818481445e+00 9.108507633209228516e-01 -8.905009627342224121e-01 1.913701295852661133e+00 -2.547827363014221191e-01 7.299309968948364258e-01 4.943186640739440918e-01 9.883525967597961426e-01 -1.985079884529113770e+00 -4.793626964092254639e-01 1.021273493766784668e+00
-3.421267494559288025e-02 4.316817820072174072e-01 3.622593879699707031e-01 -1.696860551834106445e+00 2.526562213897705078e+00 9.027377963066101074e-01 -8.964486122131347656e-01 1.833295583724975586e+00 -2.646289765834808350e-01 6.576309204101562500e-01 4.508273601531982422e-01 1.108725547790527344e+00 -2.045730590820312500e+00 -7.547028064727783203e-01 8.175859451293945312e-01
4.487356171011924744e-02 3.731892108917236328e-01 3.074770271778106689e-01 -1.650843739509582520e+00 2.626342058181762695e+00 9.125843048095703125e-01 -7.842437028884887695e-01 1.883059620857238770e+00 -1.209355518221855164e-01 6.456879973411560059e-01 4.712996482849121094e-01 1.002329349517822266e+00 -2.080880641937255859e+00 -6.902998685836791992e-01 1.019137859344482422e+00
-3.170597314834594727e+00 7.639447450637817383e-01 -5.410783290863037109e-01 -5.355516076087951660e-01 -4.705350100994110107e-01 1.822947978973388672e+00 8.931944370269775391e-01 4.918097496032714844e+00 2.335142612457275391e+00 5.280221104621887207e-01 -4.469165503978729248e-01 2.101563215255737305e+00 -1.196468710899353027e+00 -1.250884294509887695e+00 7.181953787803649902e-01
-3.115745186805725098e-01 -7.010816931724548340e-01 2.974321603775024414e+00 -1.193041205406188965e+00 1.574687123298645020e+00 -7.714608311653137207e-02 -6.351106166839599609e-01 2.509127378463745117e+00 2.850173473358154297e+00 1.903657764196395874e-01 -8.562712669372558594e-01 6.224534511566162109e-01 -1.355915665626525879e+00 -3.115375339984893799e-01 1.529357433319091797e+00
1.048290729522705078e-01 3.813347220420837402e-01 2.002374082803726196e-01 -1.681446313858032227e+00 2.661421060562133789e+00 9.959346055984497070e-01 -7.734059691429138184e-01 1.886704206466674805e+00 -4.829977452754974365e-02 6.303133964538574219e-01 3.964137434959411621e-01 9.942120313644409180e-01 -2.152141094207763672e+00 -6.224818825721740723e-01 8.614342212677001953e-01
-1.388715267181396484e+00 1.208932876586914062e+00 5.677472949028015137e-01 -1.315752416849136353e-01 1.757925748825073242e+00 1.499039411544799805e+00 -2.123124837875366211e+00 9.598471224308013916e-02 1.425222277641296387e+00 2.013320684432983398e+00 -2.078043937683105469e+00 7.730654478073120117e-01 -1.623712539672851562e+00 1.699517369270324707e+00 1.133142113685607910e+00
-2.935783751308917999e-02 4.643086194992065430e-01 2.529717087745666504e-01 -1.733869910240173340e+00 2.662852764129638672e+00 8.489550948143005371e-01 -8.277235031127929688e-01 1.776834845542907715e+00 -1.819640100002288818e-01 6.221926212310791016e-01 4.281139373779296875e-01 1.059768795967102051e+00 -2.192267179489135742e+00 -6.694397926330566406e-01 7.843636274337768555e-01
-1.200698256492614746e+00 3.856483697891235352e+00 2.216953277587890625e+00 1.562828719615936279e-01 1.678633451461791992e+00 1.320143461227416992e+00 -1.173286676406860352e+00 -1.010292410850524902e+00 2.728292942047119141e-01 1.826772332191467285e+00 1.023755908012390137e+00 2.309674583375453949e-02 -2.517114579677581787e-01 3.412330389022827148e+00 -7.992999553680419922e-01
-2.009440422058105469e+00 6.212770938873291016e+00 1.855604648590087891e+00 -5.939711093902587891e+00 -8.897571563720703125e+00 -1.516022205352783203e+00 -1.043127059936523438e+00 1.843037962913513184e+00 -1.015830636024475098e+00 -1.671388626098632812e+00 -3.399301290512084961e+00 2.257412821054458618e-01 -1.199959039688110352e+00 -1.146745324134826660e+00 -8.842573165893554688e-01
-2.651314437389373779e-01 3.951325416564941406e+00 4.674367427825927734e+00 -3.175044059753417969e-01 2.014714479446411133e+00 -6.580951809883117676e-01 1.270345896482467651e-01 1.799715399742126465e+00 1.426049470901489258e+00 3.063627004623413086e+00 3.629781246185302734e+00 4.785145759582519531e+00 -6.191679477691650391e+00 -4.355996102094650269e-02 9.138686656951904297e-01
2.377007305622100830e-01 5.083310604095458984e+00 4.003757953643798828e+00 -2.142128944396972656e+00 -4.148778915405273438e+00 -4.169189453125000000e+00 -2.400446414947509766e+00 1.080656886100769043e+00 -1.433090686798095703e+00 -7.220037579536437988e-01 1.638602733612060547e+00 4.288274347782135010e-01 -2.209829986095428467e-01 2.422554254531860352e+00 6.844340264797210693e-02
1.910764575004577637e+00 -4.607214450836181641e+00 1.651648133993148804e-01 -2.365564107894897461e+00 3.459617614746093750e+00 -5.865786671638488770e-01 4.259978294372558594e+00 2.534870386123657227e+00 2.765893697738647461e+00 1.144447922706604004e+00 2.197489738464355469e+00 -4.780922889709472656e+00 -1.604697346687316895e+00 5.633412837982177734e+00 -4.719141125679016113e-01
8.355327695608139038e-02 1.729482889175415039e+00 2.026864528656005859e+00 -2.053837776184082031e+00 5.509718060493469238e-01 1.793601155281066895e+00 6.283762305974960327e-02 -4.059114933013916016e+00 -5.574952602386474609e+00 -1.473030090332031250e+00 1.495541810989379883e+00 3.767683804035186768e-01 2.381324529647827148e+00 -1.582450747489929199e+00 -6.281511783599853516e+00
-2.496447801589965820e+00 -6.262226700782775879e-01 2.593941926956176758e+00 -1.474164009094238281e+00 1.531973958015441895e+00 -8.138001561164855957e-01 -1.489495038986206055e+00 1.293421030044555664e+00 1.389342308044433594e+00 -2.518794536590576172e+00 -2.256971836090087891e+00 -2.378267288208007812e+00 -1.271985054016113281e+00 1.139499321579933167e-01 2.483471155166625977e+00
-1.584621310234069824e+00 5.205587744712829590e-01 -9.259770512580871582e-01 2.105926126241683960e-01 -8.420971035957336426e-01 2.346584081649780273e+00 -3.852329969406127930e+00 1.359716355800628662e-01 4.961970448493957520e-01 -3.480480313301086426e-01 5.315184593200683594e-01 -8.057077974081039429e-02 2.669190168380737305e+00 -6.605349183082580566e-01 -8.903048038482666016e-01
4.667311012744903564e-01 3.342518806457519531e-01 6.668631434440612793e-01 7.738742232322692871e-01 -1.806131362915039062e+00 1.135214328765869141e+00 -1.021903157234191895e+00 -9.968907237052917480e-01 -1.202841177582740784e-01 1.820745319128036499e-01 -1.518822789192199707e+00 1.209861278533935547e+00 -3.707237958908081055e+00 -5.467539429664611816e-01 4.436603069305419922e+00
-6.837562918663024902e-01 1.693995952606201172e+00 4.487275704741477966e-02 1.511875510215759277e+00 -1.202296257019042969e+00 1.386431455612182617e+00 -1.923161625862121582e+00 -1.019683480262756348e+00 2.785769462585449219e+00 6.273891925811767578e-01 -1.767058014869689941e+00 -4.208494126796722412e-01 3.336437046527862549e-01 6.757849454879760742e-01 3.540434598922729492e+00
-2.364080905914306641e+00 1.439006924629211426e+00 -2.719102144241333008e+00 2.778043271973729134e-03 -3.094392061233520508e+00 -5.580222606658935547e-01 -1.322475671768188477e+00 -9.725261926651000977e-01 -3.556808233261108398e+00 5.750648498535156250e+00 -3.027964591979980469e+00 -2.407617807388305664e+00 1.692289113998413086e+00 1.849652409553527832e+00 -2.574352979660034180e+00
4.148217737674713135e-01 2.456041574478149414e+00 2.011668682098388672e+00 6.658686995506286621e-01 -3.669540643692016602e+00 9.103390574455261230e-01 2.967209815979003906e+00 -1.613370895385742188e+00 -3.387781620025634766e+00 -2.601880133152008057e-01 1.480130791664123535e+00 2.794952392578125000e-01 -2.001036405563354492e+00 -2.886231184005737305e+00 2.198907852172851562e+00
-2.763158559799194336e+00 5.022629499435424805e-01 2.390999048948287964e-01 3.851345062255859375e+00 -1.787615537643432617e+00 5.948772430419921875e+00 7.094549536705017090e-01 7.326182842254638672e+00 -3.957559823989868164e+00 -2.273194551467895508e+00 1.362149238586425781e+00 1.685048580169677734e+00 1.811041951179504395e+00 -2.005623817443847656e+00 3.295714139938354492e+00
-2.816719412803649902e-01 -4.406983852386474609e+00 -3.066650390625000000e+00 1.222979784011840820e+00 -3.843173682689666748e-01 4.320072174072265625e+00 4.790008544921875000e+00 2.555448532104492188e+00 -9.128127694129943848e-01 2.013617038726806641e+00 -2.231696128845214844e+00 -3.263109683990478516e+00 -1.962754011154174805e+00 -1.858940005302429199e+00 2.515665054321289062e+00
2.956922054290771484e-01 1.919343948364257812e+00 4.301153421401977539e-01 -5.346533656120300293e-01 3.567326545715332031e+00 -2.399534940719604492e+00 -1.078588366508483887e+00 1.732530295848846436e-01 -1.732300758361816406e+00 -7.255671024322509766e-01 1.002420902252197266e+00 -2.008438825607299805e+00 2.046305894851684570e+00 -2.183745384216308594e+00 -6.176155805587768555e-01
3.135269165039062500e+00 2.997081995010375977e+00 -3.264236211776733398e+00 4.985407590866088867e-01 -5.935298800468444824e-01 -8.940560817718505859e-01 -4.631407260894775391e+00 1.173014342784881592e-01 -5.597722530364990234e-01 3.856040954589843750e+00 -2.748641490936279297e+00 -4.052049636840820312e+00 2.473026663064956665e-01 -2.333643436431884766e-01 -3.050530433654785156e+00
7.875098586082458496e-01 5.684929847717285156e+00 3.276615858078002930e+00 -8.063078880310058594e+00 -4.350416660308837891e-01 3.664980888366699219e+00 3.730843961238861084e-02 5.954177856445312500e+00 -1.010125517845153809e+00 -6.023848533630371094e+00 -3.238342285156250000e+00 6.662480831146240234e-01 -1.130006551742553711e+00 -9.477733969688415527e-01 6.187882900238037109e+00
-4.033416748046875000e+00 5.266031265258789062e+00 2.464404582977294922e+00 6.175718307495117188e+00 -6.252791404724121094e+00 3.889890193939208984e+00 -6.865340232849121094e+00 -1.614515900611877441e+00 -4.303362846374511719e+00 -3.147419691085815430e+00 8.223679542541503906e+00 -3.718845129013061523e+00 -5.474143981933593750e+00 8.641577720642089844e+00 -3.465056419372558594e+00
-1.070096492767333984e+00 1.554010987281799316e+00 5.195332527160644531e+00 1.650604367256164551e+00 8.647388219833374023e-01 1.340113282203674316e+00 -7.090882658958435059e-01 1.585622549057006836e+00 2.170107126235961914e+00 -6.675342321395874023e-01 1.747035264968872070e+00 3.207708597183227539e-01 -1.591883182525634766e+00 4.382775425910949707e-01 1.993906974792480469e+00
-5.928048491477966309e-01 -2.118167400360107422e+00 1.830823719501495361e-02 -1.048255920410156250e+00 1.706908702850341797e+00 1.845865130424499512e+00 -3.080066204071044922e+00 5.327485203742980957e-01 -5.106117725372314453e+00 -7.491655349731445312e+00 1.814424753189086914e+00 -4.555936455726623535e-01 9.135215878486633301e-01 7.666148245334625244e-02 -1.966524600982666016e+00
1.012101411819458008e+00 -1.002706766128540039e+00 2.001318693161010742e+00 -6.441405773162841797e+00 -1.802905797958374023e+00 -8.031285405158996582e-01 -3.912354111671447754e-01 3.947820663452148438e+00 3.537180423736572266e+00 3.103708982467651367e+00 -6.026639342308044434e-01 5.660328865051269531e+00 9.583038091659545898e-01 1.132157802581787109e+00 -4.910021424293518066e-01
4.993542194366455078e+00 -2.101354360580444336e+00 4.777433872222900391e+00 4.097869873046875000e+00 4.039522171020507812e+00 3.052455186843872070e+00 -3.047974824905395508e+00 1.513060480356216431e-01 2.660649538040161133e+00 4.139707088470458984e+00 -1.913236379623413086e-01 -1.575998544692993164e+00 3.255969285964965820e+00 1.903872728347778320e+00 -5.319937229156494141e+00
2.975479602813720703e+00 6.148529648780822754e-01 3.688451349735260010e-01 -2.240404933691024780e-01 3.036501646041870117e+00 2.949555397033691406e+00 -4.287098884582519531e+00 -1.442758679389953613e+00 -1.716888666152954102e+00 2.952551603317260742e+00 1.111485838890075684e+00 1.349362492561340332e+00 -2.463084310293197632e-01 -1.654424965381622314e-01 -3.469635963439941406e+00
