1.440180391073226929e-01
3.152867317199707031e+00
8.247027397155761719e-01
2.283353090286254883e+00
-5.196974799036979675e-02
4.402034878730773926e-01
5.977146625518798828e-01
-8.607906699180603027e-01
-1.327926397323608398e+00
1.319021344184875488e+00
-7.470967769622802734e-01
-3.594015836715698242e+00
-1.391230344772338867e+00
-2.517757654190063477e+00
1.527555346488952637e+00
6.023204922676086426e-01
-2.674444913864135742e+00
-4.327657818794250488e-01
2.180684566497802734e+00
4.304146289825439453e+00
3.432435750961303711e+00
-2.199453830718994141e+00
-1.184206604957580566e+00
-7.136688828468322754e-01
7.786247134208679199e-01
-1.279289364814758301e+00
7.230242729187011719e+00
-3.267810940742492676e-01
1.009563088417053223e+00
1.875762104988098145e+00
-9.198604226112365723e-01
-1.953436136245727539e+00
-7.515811324119567871e-01
-2.620625734329223633e+00
-2.871434926986694336e+00
3.304219245910644531e+00
-1.804726243019104004e+00
1.508758813142776489e-01
1.038108944892883301e+00
-2.741610705852508545e-01
