-2.141700029373168945e+00
1.209116056561470032e-01
1.807637214660644531e+00
-3.343118190765380859e+00
-2.044132471084594727e+00
4.315624713897705078e+00
-3.417437791824340820e+00
-1.679518073797225952e-01
-1.752875566482543945e+00
-1.368578791618347168e+00
1.276453495025634766e+00
8.149366974830627441e-01
2.820236921310424805e+00
-1.552675008773803711e+00
1.971587836742401123e-01
1.314534425735473633e+00
8.820486813783645630e-02
1.741253376007080078e+00
9.598833918571472168e-01
-2.433768749237060547e+00
4.298427700996398926e-02
1.961544632911682129e+00
1.889206647872924805e+00
2.116607666015625000e+00
-6.499391794204711914e-01
1.830714583396911621e+00
-2.194669008255004883e+00
2.309043884277343750e+00
6.879544854164123535e-01
1.483761191368103027e+00
4.274857342243194580e-01
1.948707222938537598e+00
1.530506610870361328e+00
3.685415744781494141e+00
2.139039516448974609e+00
-1.319254040718078613e+00
4.658301770687103271e-01
4.619889557361602783e-01
1.053769662976264954e-01
7.059864401817321777e-01
