-1.279199719429016113e+00
-5.619754195213317871e-01
-1.283788800239562988e+00
1.031597971916198730e+00
9.495577812194824219e-01
-1.416204571723937988e+00
6.641261577606201172e-01
-2.436983436346054077e-01
6.995639204978942871e-01
-9.716107845306396484e-01
-2.247819900512695312e-01
9.393088817596435547e-01
4.378119707107543945e-01
-3.756963908672332764e-01
1.486028552055358887e+00
5.130602717399597168e-01
3.642920851707458496e-01
-1.713878631591796875e+00
5.151518583297729492e-01
-7.780383825302124023e-01
-7.460662722587585449e-01
-1.055927634239196777e+00
-2.081337928771972656e+00
-8.549795746803283691e-01
-7.872688174247741699e-01
-1.292219161987304688e+00
3.920257836580276489e-02
-1.255773544311523438e+00
9.067078232765197754e-01
1.111978173255920410e+00
9.810039401054382324e-01
1.678857952356338501e-01
-7.024582028388977051e-01
-1.001134291291236877e-01
-2.018478631973266602e+00
-4.608360305428504944e-02
9.214240312576293945e-01
-4.666489362716674805e-01
5.871732234954833984e-01
-6.841354966163635254e-01
1.522442698478698730e-01
5.754573345184326172e-01
-2.059016823768615723e-01
1.829216331243515015e-01
3.472956418991088867e-01
-4.687052369117736816e-01
-7.817912101745605469e-01
1.506140470504760742e+00
-1.295497059822082520e+00
-1.285966187715530396e-01
