-2.487145900726318359e+00
4.364363849163055420e-01
-1.784176081418991089e-01
-4.238056838512420654e-01
-2.008951663970947266e+00
-2.535006761550903320e+00
-1.950222373008728027e+00
3.343833088874816895e-01
-4.005311802029609680e-02
-2.854044735431671143e-01
2.084131240844726562e-01
5.838856697082519531e-01
4.980770349502563477e-01
-4.494084417819976807e-01
1.415268778800964355e+00
-2.512290716171264648e+00
-8.364359736442565918e-01
-5.424643158912658691e-01
-1.185066699981689453e+00
1.663880586624145508e+00
1.169848084449768066e+00
-3.603544831275939941e-01
2.741658091545104980e-01
-2.012669801712036133e+00
6.803687214851379395e-01
7.262716293334960938e-01
2.756545543670654297e-01
-1.566637992858886719e+00
2.612352073192596436e-01
1.331248879432678223e+00
1.412161350250244141e+00
-7.044177055358886719e-01
-1.315774798393249512e+00
-1.202033758163452148e+00
-2.372137308120727539e-01
1.577681183815002441e+00
-1.260441780090332031e+00
1.405127286911010742e+00
2.163601398468017578e+00
8.154491186141967773e-01
