1.276593446731567383e+00
-5.655094981193542480e-01
8.623846173286437988e-01
-2.681678533554077148e-01
1.745649456977844238e+00
-8.644902706146240234e-01
8.686678409576416016e-01
-2.669320344924926758e+00
9.619470834732055664e-01
3.036509752273559570e-01
1.415486216545104980e+00
2.924915790557861328e+00
-2.000128030776977539e+00
-2.067092418670654297e+00
-3.425005197525024414e+00
8.735482692718505859e-01
3.254746913909912109e+00
3.815505981445312500e+00
-3.891592919826507568e-01
3.620039224624633789e+00
1.836201548576354980e-01
-9.299009442329406738e-01
1.625445485115051270e+00
1.607698082923889160e+00
5.566210150718688965e-01
1.103450059890747070e+00
-3.470901548862457275e-01
-6.349402070045471191e-01
7.258907556533813477e-01
-3.270350396633148193e-01
1.969142675399780273e+00
-3.157633841037750244e-01
2.932187795639038086e+00
-4.236559391021728516e+00
-2.899317741394042969e-01
3.426872014999389648e+00
1.914350032806396484e+00
-2.669574499130249023e+00
-7.353858351707458496e-01
-3.575317859649658203e+00
