4.967513561248779297e+00
1.030954456329345703e+01
-1.351529121398925781e+01
-3.032443046569824219e+00
-1.271227455139160156e+01
5.868570327758789062e+00
6.813135147094726562e+00
-1.652770280838012695e+00
1.849530029296875000e+01
1.725371551513671875e+01
-6.701952934265136719e+00
7.225199699401855469e+00
1.525048542022705078e+01
2.267562627792358398e+00
-4.377022743225097656e+00
-1.533057975769042969e+01
-4.145214080810546875e+00
1.200975513458251953e+01
-1.615338563919067383e+00
1.311120986938476562e+01
-7.684326648712158203e+00
-5.903178215026855469e+00
1.958639907836914062e+01
2.768111038208007812e+01
5.428253412246704102e-01
1.051293015480041504e+00
-2.625306320190429688e+01
-1.107161164283752441e+00
1.387206935882568359e+01
-8.767390251159667969e+00
1.165889453887939453e+01
-2.142533683776855469e+01
-1.106363487243652344e+01
-1.215392971038818359e+01
1.985175848007202148e+00
-2.003151893615722656e+00
1.623883819580078125e+01
-1.249487304687500000e+01
5.164648056030273438e+00
4.640535354614257812e+00
1.081370258331298828e+01
-9.581541061401367188e+00
1.542269706726074219e+01
7.701958656311035156e+00
-5.138571262359619141e+00
-1.253483390808105469e+01
2.415447950363159180e+00
7.686782360076904297e+00
-4.874326705932617188e+00
-8.910331726074218750e+00
-1.378958415985107422e+01
-1.937697792053222656e+01
-1.320879077911376953e+01
1.521115589141845703e+01
-1.287349128723144531e+01
1.174898910522460938e+01
1.221791267395019531e+01
-3.885702610015869141e+00
-1.924132108688354492e+00
7.361913681030273438e+00
