4.729161560535430908e-01
1.093192696571350098e+00
3.910174369812011719e-01
-3.358126580715179443e-01
1.526786923408508301e+00
-2.622462272644042969e+00
-2.101861238479614258e+00
-1.808341264724731445e+00
-1.336688399314880371e+00
3.354610681533813477e+00
2.103124856948852539e+00
-2.528486728668212891e+00
-8.176835626363754272e-02
2.298501968383789062e+00
2.819833993911743164e+00
-4.082478582859039307e-01
-3.043957650661468506e-01
-3.415413856506347656e+00
-1.478039175271987915e-01
1.607692956924438477e+00
3.139721751213073730e-01
-2.602171301841735840e-01
2.521321535110473633e+00
4.536156654357910156e+00
3.650149405002593994e-01
3.260857343673706055e+00
-1.100309252738952637e+00
2.538178920745849609e+00
1.463737249374389648e+00
-3.497045993804931641e+00
