-1.131813168525695801e+00 -7.534660696983337402e-01
-1.521775871515274048e-01 -4.905725419521331787e-01
-2.726195454597473145e-01 -6.595577597618103027e-01
1.110670447349548340e+00 7.054236531257629395e-01
-3.517094552516937256e-01 4.564689844846725464e-02
1.283210068941116333e-01 -1.615801304578781128e-01
1.217006206512451172e+00 7.923892736434936523e-01
1.019402980804443359e+00 7.628646492958068848e-01
1.015614271163940430e+00 7.021868228912353516e-01
4.703726246953010559e-02 -1.799076497554779053e-01
-7.315489649772644043e-01 -1.074659109115600586e+00
-3.773671090602874756e-01 -5.989474654197692871e-01
-7.758642733097076416e-02 1.963539719581604004e-01
9.174619317054748535e-01 6.869835406541824341e-02
1.085109472274780273e+00 7.063477039337158203e-01
-4.903532564640045166e-02 -4.811366200447082520e-01
-8.340803533792495728e-02 2.069621086120605469e-01
8.552222847938537598e-01 1.176171183586120605e+00
6.324198246002197266e-01 9.058636426925659180e-01
-1.988140493631362915e-01 -5.570076107978820801e-01
6.501469612121582031e-01 3.472743630409240723e-01
-4.745160341262817383e-01 -1.430574655532836914e-01
-6.221030950546264648e-01 -9.228972792625427246e-01
-1.162059068679809570e+00 -8.527544736862182617e-01
-2.584491670131683350e-01 2.922495082020759583e-02
2.280083000659942627e-01 -1.684326976537704468e-01
8.043201565742492676e-01 4.694381356239318848e-01
1.264504492282867432e-01 -3.528694212436676025e-01
7.722297906875610352e-01 3.693573474884033203e-01
8.906185626983642578e-01 1.200256347656250000e+00
-5.003692507743835449e-01 -1.485095471143722534e-01
3.769910633563995361e-01 -5.831660237163305283e-04
-5.091011524200439453e-01 -1.465353965759277344e-01
-9.560439586639404297e-01 -6.956554651260375977e-01
-3.818793594837188721e-01 -5.554779898375272751e-03
3.997308313846588135e-01 8.107254505157470703e-01
-4.322992563247680664e-01 -1.097650751471519470e-01
2.321593910455703735e-01 6.115909218788146973e-01
6.521844267845153809e-01 2.533205151557922363e-01
1.001993417739868164e+00 7.102522253990173340e-01
7.656638026237487793e-01 4.985189437866210938e-01
5.218408703804016113e-01 8.296353816986083984e-01
-7.045365571975708008e-01 -4.054583609104156494e-01
2.790838778018951416e-01 2.973832655698060989e-03
-3.331135213375091553e-01 -5.781822651624679565e-02
1.608013063669204712e-01 5.031647086143493652e-01
-3.396961987018585205e-01 -7.409624457359313965e-01
-9.457588791847229004e-01 -1.348527073860168457e+00
-1.304122805595397949e-01 1.544517874717712402e-01
2.453961670398712158e-01 4.260108768939971924e-01
-1.041290998458862305e+00 -1.258429169654846191e+00
6.953331828117370605e-01 4.622043371200561523e-01
1.379689276218414307e-01 -1.149341240525245667e-01
-5.607497692108154297e-01 -3.135786354541778564e-01
3.336031734943389893e-01 -1.813653260469436646e-01
-2.548014223575592041e-01 -6.250795125961303711e-01
3.878828585147857666e-01 2.483594976365566254e-02
-9.398434162139892578e-01 -1.308446168899536133e+00
1.380834728479385376e-01 5.300757288932800293e-01
-1.299904435873031616e-01 -4.503664672374725342e-01
