0.357421875 0.36529797315597534 1732.0 31444.0 16755.0 677.0
0.94921875 0.9496522545814514 142.0 281.0 47918.0 2267.0
0.919921875 0.9273237586021423 790.0 2059.0 46140.0 1619.0
0.947265625 0.9357808828353882 723.0 1564.0 46635.0 1686.0
0.943359375 0.938744843006134 831.0 1522.0 46677.0 1578.0
0.935546875 0.9374209642410278 947.0 1705.0 46494.0 1462.0
0.921875 0.9412938952445984 911.0 1473.0 46726.0 1498.0
0.9296875 0.9375395178794861 1048.0 1800.0 46399.0 1361.0
0.943359375 0.9392388463020325 1110.0 1776.0 46423.0 1299.0
0.94140625 0.9366898536682129 1203.0 1998.0 46201.0 1206.0
0.953125 0.9486839771270752 1038.0 1226.0 46973.0 1371.0
0.9453125 0.9426968097686768 1143.0 1634.0 46565.0 1266.0
0.947265625 0.941313624382019 1256.0 1817.0 46382.0 1153.0
0.958984375 0.9498103260993958 1132.0 1263.0 46936.0 1277.0
0.955078125 0.9422423243522644 1275.0 1789.0 46410.0 1134.0
0.935546875 0.9434081315994263 1248.0 1703.0 46496.0 1161.0
0.95703125 0.9507785439491272 1144.0 1226.0 46973.0 1265.0
0.94140625 0.9424992203712463 1271.0 1772.0 46427.0 1138.0
0.958984375 0.9460954666137695 1284.0 1603.0 46596.0 1125.0
0.939453125 0.9410765171051025 1391.0 1964.0 46235.0 1018.0
0.953125 0.9528138041496277 1059.0 1038.0 47161.0 1350.0
0.94140625 0.9446925520896912 1323.0 1713.0 46486.0 1086.0
0.94921875 0.9465697407722473 1298.0 1593.0 46606.0 1111.0
0.9453125 0.9455026984214783 1341.0 1690.0 46509.0 1068.0
0.94921875 0.9422621130943298 1393.0 1906.0 46293.0 1016.0
0.92578125 0.9362748861312866 1436.0 2252.0 45947.0 973.0
0.95703125 0.9496719837188721 1298.0 1436.0 46763.0 1111.0
0.94140625 0.9416100382804871 1398.0 1944.0 46255.0 1011.0
0.951171875 0.9500079154968262 1270.0 1391.0 46808.0 1139.0
0.94140625 0.9468463659286499 1385.0 1666.0 46533.0 1024.0
0.97265625 0.9494546055793762 1257.0 1406.0 46793.0 1152.0
0.9453125 0.9376185536384583 1426.0 2174.0 46025.0 983.0
0.9609375 0.9563508033752441 1204.0 1004.0 47195.0 1205.0
0.958984375 0.9526359438896179 1286.0 1274.0 46925.0 1123.0
0.951171875 0.947063684463501 1325.0 1595.0 46604.0 1084.0
0.953125 0.9517664909362793 1306.0 1338.0 46861.0 1103.0
0.962890625 0.9448111057281494 1414.0 1798.0 46401.0 995.0
0.96484375 0.9500079154968262 1360.0 1481.0 46718.0 1049.0
0.94921875 0.9473008513450623 1348.0 1606.0 46593.0 1061.0
0.96484375 0.947360098361969 1422.0 1677.0 46522.0 987.0
0.93359375 0.9437440633773804 1396.0 1834.0 46365.0 1013.0
0.953125 0.9481109976768494 1385.0 1602.0 46597.0 1024.0
0.97265625 0.9523988366127014 1284.0 1284.0 46915.0 1125.0
0.943359375 0.9490396976470947 1305.0 1475.0 46724.0 1104.0
0.943359375 0.9477947950363159 1399.0 1632.0 46567.0 1010.0
0.95703125 0.950699508190155 1341.0 1427.0 46772.0 1068.0
0.955078125 0.9590973854064941 1112.0 773.0 47426.0 1297.0
0.9453125 0.9498103260993958 1406.0 1537.0 46662.0 1003.0
0.951171875 0.9546316862106323 1246.0 1133.0 47066.0 1163.0
0.962890625 0.955244243144989 1274.0 1130.0 47069.0 1135.0
0.95703125 0.9514503479003906 1294.0 1342.0 46857.0 1115.0
0.966796875 0.9530904293060303 1276.0 1241.0 46958.0 1133.0
0.95703125 0.9483283162117004 1395.0 1601.0 46598.0 1014.0
0.966796875 0.9502647519111633 1327.0 1435.0 46764.0 1082.0
0.947265625 0.9433884024620056 1467.0 1923.0 46276.0 942.0
0.958984375 0.9525371193885803 1273.0 1266.0 46933.0 1136.0
0.94921875 0.9406615495681763 1520.0 2114.0 46085.0 889.0
0.970703125 0.9508180618286133 1350.0 1430.0 46769.0 1059.0
0.95703125 0.9495534300804138 1408.0 1552.0 46647.0 1001.0
0.95703125 0.9540784358978271 1250.0 1165.0 47034.0 1159.0
0.951171875 0.9507982730865479 1385.0 1466.0 46733.0 1024.0
0.94921875 0.9450284242630005 1456.0 1829.0 46370.0 953.0
0.96484375 0.951134204864502 1285.0 1349.0 46850.0 1124.0
0.951171875 0.9536634683609009 1308.0 1244.0 46955.0 1101.0
0.94921875 0.9485654234886169 1437.0 1631.0 46568.0 972.0
0.947265625 0.9514108300209045 1406.0 1456.0 46743.0 1003.0
0.966796875 0.9513713121414185 1376.0 1428.0 46771.0 1033.0
0.94140625 0.9421040415763855 1489.0 2010.0 46189.0 920.0
0.939453125 0.9469254016876221 1411.0 1688.0 46511.0 998.0
0.947265625 0.9480121731758118 1412.0 1634.0 46565.0 997.0
0.953125 0.9511539936065674 1407.0 1470.0 46729.0 1002.0
0.974609375 0.9542760252952576 1221.0 1126.0 47073.0 1188.0
0.939453125 0.9483283162117004 1410.0 1616.0 46583.0 999.0
0.939453125 0.952675461769104 1337.0 1323.0 46876.0 1072.0
0.951171875 0.9467278122901917 1411.0 1698.0 46501.0 998.0
0.931640625 0.9469649195671082 1402.0 1677.0 46522.0 1007.0
0.951171875 0.9528730511665344 1299.0 1275.0 46924.0 1110.0
0.958984375 0.9496917724609375 1392.0 1529.0 46670.0 1017.0
0.958984375 0.9501659870147705 1343.0 1456.0 46743.0 1066.0
0.966796875 0.9562717080116272 1250.0 1054.0 47145.0 1159.0
0.955078125 0.9514503479003906 1354.0 1402.0 46797.0 1055.0
0.95703125 0.95087730884552 1398.0 1475.0 46724.0 1011.0
0.951171875 0.9537227153778076 1226.0 1159.0 47040.0 1183.0
0.9453125 0.9503240585327148 1395.0 1500.0 46699.0 1014.0
0.947265625 0.9476169943809509 1390.0 1632.0 46567.0 1019.0
0.943359375 0.9487234950065613 1365.0 1551.0 46648.0 1044.0
0.962890625 0.9524383544921875 1325.0 1323.0 46876.0 1084.0
0.94140625 0.94354647397995 1453.0 1901.0 46298.0 956.0
0.935546875 0.9495336413383484 1384.0 1529.0 46670.0 1025.0
0.93359375 0.9455422163009644 1381.0 1728.0 46471.0 1028.0
0.96875 0.953702986240387 1340.0 1274.0 46925.0 1069.0
0.94140625 0.9433093667030334 1488.0 1948.0 46251.0 921.0
0.9453125 0.9535053968429565 1310.0 1254.0 46945.0 1099.0
0.962890625 0.9488025903701782 1400.0 1582.0 46617.0 1009.0
0.94140625 0.9457595348358154 1421.0 1757.0 46442.0 988.0
0.9453125 0.9447122812271118 1430.0 1819.0 46380.0 979.0
0.953125 0.9469846487045288 1366.0 1640.0 46559.0 1043.0
0.9765625 0.9535844326019287 1356.0 1296.0 46903.0 1053.0
0.951171875 0.9485456943511963 1433.0 1628.0 46571.0 976.0
0.951171875 0.9529520869255066 1380.0 1352.0 46847.0 1029.0
0.958984375 0.9530113935470581 1341.0 1310.0 46889.0 1068.0
0.95703125 0.9484468698501587 1409.0 1609.0 46590.0 1000.0
0.9453125 0.9515886902809143 1349.0 1390.0 46809.0 1060.0
0.958984375 0.9533868432044983 1327.0 1277.0 46922.0 1082.0
0.958984375 0.9538610577583313 1310.0 1236.0 46963.0 1099.0
0.955078125 0.9526162147521973 1353.0 1342.0 46857.0 1056.0
0.95703125 0.9550268650054932 1311.0 1178.0 47021.0 1098.0
0.935546875 0.9476169943809509 1424.0 1666.0 46533.0 985.0
0.95703125 0.9511935114860535 1395.0 1456.0 46743.0 1014.0
0.94921875 0.9491977691650391 1365.0 1527.0 46672.0 1044.0
0.943359375 0.9534263610839844 1351.0 1299.0 46900.0 1058.0
0.953125 0.9508575797080994 1335.0 1413.0 46786.0 1074.0
0.970703125 0.9529916048049927 1325.0 1295.0 46904.0 1084.0
0.962890625 0.951470136642456 1325.0 1372.0 46827.0 1084.0
0.93359375 0.9468660950660706 1461.0 1741.0 46458.0 948.0
0.951171875 0.9559950828552246 1241.0 1059.0 47140.0 1168.0
0.939453125 0.954947829246521 1364.0 1235.0 46964.0 1045.0
0.953125 0.9567064642906189 1224.0 1006.0 47193.0 1185.0
0.94140625 0.9545131325721741 1252.0 1145.0 47054.0 1157.0
0.9453125 0.9556592106819153 1331.0 1166.0 47033.0 1078.0
0.951171875 0.9349707365036011 1567.0 2449.0 45750.0 842.0
0.962890625 0.9546118974685669 1302.0 1190.0 47009.0 1107.0
0.947265625 0.9483085870742798 1387.0 1594.0 46605.0 1022.0
0.939453125 0.9447122812271118 1461.0 1850.0 46349.0 948.0
0.939453125 0.9492372870445251 1416.0 1576.0 46623.0 993.0
0.96484375 0.9545131325721741 1363.0 1256.0 46943.0 1046.0
0.94140625 0.9532682299613953 1331.0 1287.0 46912.0 1078.0
0.9609375 0.9513911008834839 1399.0 1450.0 46749.0 1010.0
0.9453125 0.947360098361969 1436.0 1691.0 46508.0 973.0
0.958984375 0.9495732188224792 1375.0 1518.0 46681.0 1034.0
0.93359375 0.9483481049537659 1410.0 1615.0 46584.0 999.0
0.947265625 0.9449691772460938 1435.0 1811.0 46388.0 974.0
0.951171875 0.953446090221405 1360.0 1307.0 46892.0 1049.0
0.94140625 0.9455817341804504 1449.0 1794.0 46405.0 960.0
0.94140625 0.9462733268737793 1488.0 1798.0 46401.0 921.0
0.95703125 0.9495732188224792 1455.0 1598.0 46601.0 954.0
0.94140625 0.9504624009132385 1387.0 1485.0 46714.0 1022.0
0.94140625 0.9531101584434509 1328.0 1292.0 46907.0 1081.0
0.947265625 0.9501461982727051 1397.0 1511.0 46688.0 1012.0
0.974609375 0.9569830894470215 1252.0 1020.0 47179.0 1157.0
0.955078125 0.9502450227737427 1387.0 1496.0 46703.0 1022.0
0.95703125 0.9557579755783081 1285.0 1115.0 47084.0 1124.0
0.955078125 0.9480516910552979 1434.0 1654.0 46545.0 975.0
0.951171875 0.950659990310669 1419.0 1507.0 46692.0 990.0
0.96484375 0.9514503479003906 1370.0 1418.0 46781.0 1039.0
0.9609375 0.9528138041496277 1341.0 1320.0 46879.0 1068.0
0.94921875 0.9535053968429565 1368.0 1312.0 46887.0 1041.0
0.947265625 0.9479726552963257 1485.0 1709.0 46490.0 924.0
0.96875 0.9536831974983215 1282.0 1217.0 46982.0 1127.0
0.966796875 0.9503438472747803 1358.0 1462.0 46737.0 1051.0
0.947265625 0.9514898657798767 1366.0 1412.0 46787.0 1043.0
0.9453125 0.9468265771865845 1461.0 1743.0 46456.0 948.0
0.974609375 0.9572597146034241 1250.0 1004.0 47195.0 1159.0
0.9453125 0.9527742862701416 1377.0 1358.0 46841.0 1032.0
0.947265625 0.9482097625732422 1422.0 1634.0 46565.0 987.0
0.9609375 0.9527149796485901 1400.0 1384.0 46815.0 1009.0
0.955078125 0.952379047870636 1302.0 1303.0 46896.0 1107.0
0.953125 0.9513317942619324 1352.0 1406.0 46793.0 1057.0
0.943359375 0.9519246220588684 1371.0 1395.0 46804.0 1038.0
0.92578125 0.942518949508667 1499.0 1999.0 46200.0 910.0
0.947265625 0.9540388584136963 1338.0 1255.0 46944.0 1071.0
0.939453125 0.9495336413383484 1362.0 1507.0 46692.0 1047.0
0.953125 0.9570621252059937 1262.0 1026.0 47173.0 1147.0
0.94921875 0.949158251285553 1461.0 1625.0 46574.0 948.0
0.9296875 0.9432105422019958 1525.0 1990.0 46209.0 884.0
0.953125 0.9510749578475952 1367.0 1434.0 46765.0 1042.0
0.951171875 0.9466487765312195 1330.0 1621.0 46578.0 1079.0
0.94921875 0.9392191171646118 1572.0 2239.0 45960.0 837.0
0.94140625 0.9485456943511963 1432.0 1627.0 46572.0 977.0
0.9453125 0.9449889063835144 1400.0 1775.0 46424.0 1009.0
0.96484375 0.9521617293357849 1363.0 1375.0 46824.0 1046.0
0.953125 0.9425979852676392 1465.0 1961.0 46238.0 944.0
0.958984375 0.9494546055793762 1432.0 1581.0 46618.0 977.0
0.958984375 0.9562519788742065 1318.0 1123.0 47076.0 1091.0
0.953125 0.9512922763824463 1386.0 1442.0 46757.0 1023.0
0.96875 0.953702986240387 1327.0 1261.0 46938.0 1082.0
0.955078125 0.9512922763824463 1422.0 1478.0 46721.0 987.0
0.95703125 0.9446925520896912 1488.0 1878.0 46321.0 921.0
0.94921875 0.9551256895065308 1323.0 1185.0 47014.0 1086.0
0.958984375 0.9505611658096313 1346.0 1439.0 46760.0 1063.0
0.955078125 0.9575363397598267 1286.0 1026.0 47173.0 1123.0
0.95703125 0.956153154373169 1276.0 1086.0 47113.0 1133.0
0.927734375 0.9467278122901917 1518.0 1805.0 46394.0 891.0
