0.44140625 0.45597535371780396 1263.0 26386.0 21813.0 1146.0
0.892578125 0.8714234828948975 285.0 4383.0 43816.0 2124.0
0.91796875 0.9040467739105225 239.0 2686.0 45513.0 2170.0
0.91796875 0.9163966178894043 234.0 2056.0 46143.0 2175.0
0.90625 0.9244388341903687 225.0 1640.0 46559.0 2184.0
0.9296875 0.9314732551574707 197.0 1256.0 46943.0 2212.0
0.9375 0.9381718039512634 186.0 906.0 47293.0 2223.0
0.939453125 0.9424794316291809 199.0 701.0 47498.0 2210.0
0.9453125 0.9460559487342834 181.0 502.0 47697.0 2228.0
0.947265625 0.9485061764717102 172.0 369.0 47830.0 2237.0
0.951171875 0.9500276446342468 152.0 272.0 47927.0 2257.0
0.955078125 0.9510353803634644 130.0 199.0 48000.0 2279.0
0.96484375 0.9512330293655396 139.0 198.0 48001.0 2270.0
0.955078125 0.9517269730567932 138.0 172.0 48027.0 2271.0
0.947265625 0.9518060088157654 159.0 189.0 48010.0 2250.0
0.951171875 0.9516874551773071 180.0 216.0 47983.0 2229.0
0.94921875 0.9520431756973267 159.0 177.0 48022.0 2250.0
0.958984375 0.9517862796783447 163.0 194.0 48005.0 2246.0
0.951171875 0.9521024227142334 163.0 178.0 48021.0 2246.0
0.947265625 0.9523988366127014 152.0 152.0 48047.0 2257.0
0.94921875 0.9523000121116638 182.0 187.0 48012.0 2227.0
0.953125 0.952379047870636 188.0 189.0 48010.0 2221.0
0.955078125 0.9527940154075623 183.0 163.0 48036.0 2226.0
0.955078125 0.9525766968727112 211.0 202.0 47997.0 2198.0
0.947265625 0.9525964260101318 232.0 222.0 47977.0 2177.0
0.94921875 0.9529916048049927 222.0 192.0 48007.0 2187.0
0.9609375 0.9527149796485901 235.0 219.0 47980.0 2174.0
0.947265625 0.9529125690460205 260.0 234.0 47965.0 2149.0
0.955078125 0.9529520869255066 252.0 224.0 47975.0 2157.0
0.955078125 0.9530904293060303 242.0 207.0 47992.0 2167.0
0.953125 0.9529916048049927 271.0 241.0 47958.0 2138.0
0.95703125 0.9530113935470581 294.0 263.0 47936.0 2115.0
0.953125 0.953149676322937 254.0 216.0 47983.0 2155.0
0.953125 0.9533868432044983 243.0 193.0 48006.0 2166.0
0.943359375 0.9533275365829468 289.0 242.0 47957.0 2120.0
0.94921875 0.9535844326019287 272.0 212.0 47987.0 2137.0
0.95703125 0.9533473253250122 281.0 233.0 47966.0 2128.0
0.953125 0.953702986240387 280.0 214.0 47985.0 2129.0
0.94921875 0.9533670544624329 316.0 267.0 47932.0 2093.0
0.9609375 0.953702986240387 304.0 238.0 47961.0 2105.0
0.955078125 0.9535449147224426 306.0 248.0 47951.0 2103.0
0.94921875 0.953702986240387 332.0 266.0 47933.0 2077.0
0.955078125 0.9538017511367798 310.0 239.0 47960.0 2099.0
0.95703125 0.9534856081008911 325.0 270.0 47929.0 2084.0
0.94921875 0.9535646438598633 332.0 273.0 47926.0 2077.0
0.953125 0.953702986240387 305.0 239.0 47960.0 2104.0
0.955078125 0.953880786895752 315.0 240.0 47959.0 2094.0
0.96484375 0.9535449147224426 328.0 270.0 47929.0 2081.0
0.962890625 0.9535844326019287 346.0 286.0 47913.0 2063.0
0.953125 0.9533670544624329 364.0 315.0 47884.0 2045.0
0.94921875 0.9535449147224426 343.0 285.0 47914.0 2066.0
0.94921875 0.9533670544624329 371.0 322.0 47877.0 2038.0
0.9609375 0.9536634683609009 333.0 269.0 47930.0 2076.0
0.95703125 0.9537227153778076 364.0 297.0 47902.0 2045.0
0.951171875 0.9536436796188354 379.0 316.0 47883.0 2030.0
0.95703125 0.9539005756378174 349.0 273.0 47926.0 2060.0
0.953125 0.953446090221405 399.0 346.0 47853.0 2010.0
0.953125 0.9539598226547241 356.0 277.0 47922.0 2053.0
0.953125 0.9536634683609009 399.0 335.0 47864.0 2010.0
0.955078125 0.953742504119873 366.0 298.0 47901.0 2043.0
0.95703125 0.9539400935173035 395.0 317.0 47882.0 2014.0
0.951171875 0.9539598226547241 400.0 321.0 47878.0 2009.0
0.95703125 0.9538017511367798 413.0 342.0 47857.0 1996.0
0.955078125 0.9540191292762756 405.0 323.0 47876.0 2004.0
0.95703125 0.95417720079422 387.0 297.0 47902.0 2022.0
0.951171875 0.9544933438301086 413.0 307.0 47892.0 1996.0
0.955078125 0.9545526504516602 391.0 282.0 47917.0 2018.0
0.95703125 0.9543155431747437 412.0 315.0 47884.0 1997.0
0.958984375 0.9537622332572937 428.0 359.0 47840.0 1981.0
0.955078125 0.9542562365531921 416.0 322.0 47877.0 1993.0
0.953125 0.9543352723121643 419.0 321.0 47878.0 1990.0
0.953125 0.9542760252952576 435.0 340.0 47859.0 1974.0
0.958984375 0.9542957544326782 435.0 339.0 47860.0 1974.0
0.96875 0.9545328617095947 447.0 339.0 47860.0 1962.0
0.94921875 0.9546316862106323 476.0 363.0 47836.0 1933.0
0.94921875 0.9544538259506226 453.0 349.0 47850.0 1956.0
0.9609375 0.9546316862106323 444.0 331.0 47868.0 1965.0
0.96484375 0.954947829246521 454.0 325.0 47874.0 1955.0
0.953125 0.9547897577285767 463.0 342.0 47857.0 1946.0
0.96484375 0.9548292756080627 458.0 335.0 47864.0 1951.0
0.951171875 0.9550268650054932 456.0 323.0 47876.0 1953.0
0.958984375 0.9547502398490906 447.0 328.0 47871.0 1962.0
0.95703125 0.9548885822296143 445.0 319.0 47880.0 1964.0
0.95703125 0.954651415348053 477.0 363.0 47836.0 1932.0
0.95703125 0.9549676179885864 441.0 311.0 47888.0 1968.0
0.958984375 0.9544340968132019 500.0 397.0 47802.0 1909.0
0.95703125 0.9548490643501282 439.0 315.0 47884.0 1970.0
0.95703125 0.9547897577285767 462.0 341.0 47858.0 1947.0
0.953125 0.9548687934875488 439.0 314.0 47885.0 1970.0
0.953125 0.9545328617095947 457.0 349.0 47850.0 1952.0
0.953125 0.9548094868659973 471.0 349.0 47850.0 1938.0
0.958984375 0.9550861716270447 432.0 296.0 47903.0 1977.0
0.951171875 0.9550861716270447 472.0 336.0 47863.0 1937.0
0.962890625 0.9548292756080627 484.0 361.0 47837.0 1925.0
0.958984375 0.954947829246521 470.0 341.0 47858.0 1939.0
0.955078125 0.9546316862106323 498.0 385.0 47814.0 1911.0
0.94921875 0.954651415348053 487.0 373.0 47826.0 1922.0
0.947265625 0.9547502398490906 490.0 371.0 47828.0 1919.0
0.962890625 0.9551256895065308 478.0 340.0 47859.0 1931.0
0.955078125 0.9551256895065308 477.0 339.0 47860.0 1932.0
0.94921875 0.9548687934875488 519.0 394.0 47805.0 1890.0
0.958984375 0.9549676179885864 520.0 390.0 47809.0 1889.0
0.958984375 0.9549873471260071 489.0 358.0 47841.0 1920.0
0.953125 0.9553034901618958 499.0 352.0 47847.0 1910.0
0.96875 0.9550268650054932 505.0 372.0 47827.0 1904.0
0.958984375 0.9552047252655029 495.0 353.0 47846.0 1914.0
0.94921875 0.9552837610244751 491.0 345.0 47854.0 1918.0
0.95703125 0.9552639722824097 489.0 344.0 47855.0 1920.0
0.958984375 0.9550663828849792 525.0 390.0 47809.0 1884.0
0.95703125 0.9553034901618958 516.0 369.0 47830.0 1893.0
0.95703125 0.9552837610244751 502.0 356.0 47843.0 1907.0
0.96484375 0.9553034901618958 499.0 352.0 47847.0 1910.0
0.9609375 0.9554023146629333 503.0 351.0 47848.0 1906.0
0.94921875 0.9553430080413818 511.0 362.0 47837.0 1898.0
0.947265625 0.9556394219398499 515.0 351.0 47848.0 1894.0
0.953125 0.9552047252655029 547.0 405.0 47794.0 1862.0
0.96484375 0.9552837610244751 527.0 381.0 47818.0 1882.0
0.953125 0.9551652073860168 512.0 372.0 47827.0 1897.0
0.9609375 0.9556987285614014 528.0 361.0 47838.0 1881.0
0.95703125 0.9555208683013916 532.0 374.0 47825.0 1877.0
0.955078125 0.9558172821998596 541.0 368.0 47831.0 1868.0
0.95703125 0.9553627967834473 537.0 387.0 47812.0 1872.0
0.953125 0.9556394219398499 531.0 367.0 47832.0 1878.0
0.955078125 0.9557974934577942 527.0 355.0 47844.0 1882.0
0.958984375 0.9555405974388123 552.0 393.0 47806.0 1857.0
0.966796875 0.9558568000793457 537.0 362.0 47837.0 1872.0
0.947265625 0.9557382464408875 539.0 370.0 47829.0 1870.0
0.958984375 0.9556592106819153 550.0 385.0 47814.0 1859.0
0.953125 0.9557382464408875 541.0 372.0 47827.0 1868.0
0.962890625 0.9555999040603638 548.0 386.0 47813.0 1861.0
0.958984375 0.9555208683013916 541.0 383.0 47816.0 1868.0
0.96875 0.9557579755783081 511.0 341.0 47858.0 1898.0
0.94921875 0.955422043800354 512.0 359.0 47840.0 1897.0
0.958984375 0.9556196928024292 536.0 373.0 47826.0 1873.0
0.951171875 0.9557974934577942 569.0 397.0 47802.0 1840.0
0.94921875 0.9556789398193359 553.0 387.0 47812.0 1856.0
0.958984375 0.955718457698822 565.0 397.0 47802.0 1844.0
0.953125 0.9557777643203735 535.0 364.0 47835.0 1874.0
0.962890625 0.9557382464408875 557.0 388.0 47811.0 1852.0
0.962890625 0.9557777643203735 537.0 366.0 47833.0 1872.0
0.95703125 0.9558370113372803 554.0 380.0 47819.0 1855.0
0.953125 0.9555208683013916 573.0 415.0 47784.0 1836.0
0.95703125 0.9555999040603638 553.0 391.0 47808.0 1856.0
0.96875 0.955718457698822 555.0 387.0 47812.0 1854.0
0.962890625 0.9556394219398499 554.0 390.0 47809.0 1855.0
0.9609375 0.9559160470962524 567.0 389.0 47810.0 1842.0
0.951171875 0.9559160470962524 559.0 381.0 47818.0 1850.0
0.958984375 0.9558172821998596 576.0 403.0 47796.0 1833.0
0.97265625 0.9557382464408875 597.0 428.0 47771.0 1812.0
0.955078125 0.9556987285614014 573.0 406.0 47793.0 1836.0
0.955078125 0.9558765292167664 562.0 386.0 47813.0 1847.0
0.953125 0.9555999040603638 551.0 389.0 47810.0 1858.0
0.96875 0.9554023146629333 582.0 430.0 47769.0 1827.0
0.966796875 0.9558172821998596 570.0 397.0 47802.0 1839.0
0.962890625 0.9558370113372803 582.0 408.0 47791.0 1827.0
0.958984375 0.9560741186141968 536.0 350.0 47849.0 1873.0
0.947265625 0.9558568000793457 557.0 382.0 47817.0 1852.0
0.955078125 0.9562124609947205 579.0 386.0 47813.0 1830.0
0.9609375 0.9561136364936829 572.0 384.0 47815.0 1837.0
0.947265625 0.9557777643203735 565.0 394.0 47805.0 1844.0
0.953125 0.9560741186141968 582.0 396.0 47803.0 1827.0
0.955078125 0.956192672252655 557.0 365.0 47834.0 1852.0
0.9609375 0.9556592106819153 578.0 413.0 47786.0 1831.0
0.955078125 0.9558568000793457 560.0 385.0 47814.0 1849.0
0.970703125 0.9559555649757385 584.0 404.0 47795.0 1825.0
0.94921875 0.9560741186141968 587.0 401.0 47798.0 1822.0
0.958984375 0.956449568271637 587.0 382.0 47817.0 1822.0
0.962890625 0.9562717080116272 580.0 384.0 47815.0 1829.0
0.9609375 0.9562914967536926 568.0 371.0 47828.0 1841.0
0.95703125 0.9563903212547302 582.0 380.0 47819.0 1827.0
0.95703125 0.9563112258911133 582.0 384.0 47815.0 1827.0
0.955078125 0.9560346007347107 602.0 418.0 47781.0 1807.0
0.958984375 0.9560741186141968 590.0 404.0 47795.0 1819.0
0.955078125 0.9562914967536926 578.0 381.0 47818.0 1831.0
0.9609375 0.9563310146331787 602.0 403.0 47796.0 1807.0
0.9609375 0.9563310146331787 579.0 380.0 47819.0 1830.0
0.951171875 0.956449568271637 608.0 403.0 47796.0 1801.0
0.953125 0.9563508033752441 557.0 357.0 47842.0 1852.0
0.96484375 0.9563112258911133 595.0 397.0 47802.0 1814.0
0.951171875 0.9563508033752441 609.0 409.0 47790.0 1800.0
0.953125 0.9562124609947205 604.0 411.0 47788.0 1805.0
0.95703125 0.9562519788742065 604.0 409.0 47790.0 1805.0
0.962890625 0.9563705325126648 619.0 418.0 47781.0 1790.0
0.953125 0.9565879106521606 598.0 386.0 47813.0 1811.0
0.958984375 0.9566866755485535 584.0 367.0 47832.0 1825.0
0.95703125 0.9567657113075256 590.0 369.0 47830.0 1819.0
0.95703125 0.9565088748931885 597.0 389.0 47810.0 1812.0
0.95703125 0.9565088748931885 617.0 409.0 47790.0 1792.0
0.9453125 0.9565286040306091 625.0 416.0 47783.0 1784.0
0.953125 0.9568250179290771 621.0 397.0 47802.0 1788.0
0.947265625 0.9566866755485535 625.0 408.0 47791.0 1784.0
0.955078125 0.9569830894470215 624.0 392.0 47807.0 1785.0
0.9609375 0.9566274285316467 611.0 397.0 47802.0 1798.0
0.95703125 0.9566669464111328 643.0 427.0 47772.0 1766.0
0.953125 0.9567261934280396 632.0 413.0 47786.0 1777.0
0.953125 0.9565088748931885 615.0 407.0 47792.0 1794.0
0.958984375 0.9565879106521606 606.0 394.0 47805.0 1803.0
0.95703125 0.956745982170105 627.0 407.0 47792.0 1782.0
0.958984375 0.9568052291870117 619.0 396.0 47803.0 1790.0
0.958984375 0.9567064642906189 617.0 399.0 47800.0 1792.0
0.96875 0.9567064642906189 621.0 403.0 47796.0 1788.0
0.9609375 0.9567855000495911 613.0 391.0 47808.0 1796.0
0.95703125 0.9568447470664978 619.0 394.0 47805.0 1790.0
0.94921875 0.9566471576690674 628.0 413.0 47786.0 1781.0
0.958984375 0.956745982170105 641.0 421.0 47778.0 1768.0
0.96484375 0.9567064642906189 621.0 403.0 47796.0 1788.0
0.966796875 0.9568447470664978 646.0 421.0 47778.0 1763.0
0.96875 0.9568250179290771 644.0 420.0 47779.0 1765.0
0.94921875 0.9569040536880493 616.0 388.0 47811.0 1793.0
0.9609375 0.9569830894470215 614.0 382.0 47817.0 1795.0
0.9609375 0.9567261934280396 619.0 400.0 47799.0 1790.0
0.958984375 0.9569435715675354 626.0 396.0 47803.0 1783.0
0.951171875 0.9571609497070312 626.0 385.0 47814.0 1783.0
0.958984375 0.9568842649459839 629.0 402.0 47797.0 1780.0
0.9609375 0.956745982170105 641.0 421.0 47778.0 1768.0
0.95703125 0.9568250179290771 643.0 419.0 47780.0 1766.0
0.958984375 0.957220196723938 640.0 396.0 47803.0 1769.0
0.955078125 0.9569830894470215 647.0 415.0 47784.0 1762.0
0.96484375 0.9566866755485535 655.0 438.0 47761.0 1754.0
0.95703125 0.956963300704956 656.0 425.0 47774.0 1753.0
0.95703125 0.9568645358085632 656.0 430.0 47769.0 1753.0
0.9609375 0.9566866755485535 664.0 447.0 47752.0 1745.0
0.953125 0.9570028185844421 622.0 389.0 47810.0 1787.0
0.953125 0.9566471576690674 661.0 446.0 47753.0 1748.0
0.9609375 0.9569040536880493 665.0 437.0 47762.0 1744.0
0.947265625 0.9569435715675354 661.0 431.0 47768.0 1748.0
0.96875 0.9568447470664978 641.0 416.0 47783.0 1768.0
0.955078125 0.9569830894470215 639.0 407.0 47792.0 1770.0
0.947265625 0.9569830894470215 663.0 431.0 47768.0 1746.0
0.95703125 0.9569830894470215 629.0 397.0 47802.0 1780.0
0.958984375 0.95692378282547 629.0 400.0 47799.0 1780.0
0.955078125 0.9572597146034241 615.0 369.0 47830.0 1794.0
0.9609375 0.9571609497070312 636.0 395.0 47804.0 1773.0
0.96484375 0.9569830894470215 644.0 412.0 47787.0 1765.0
0.951171875 0.9570819139480591 643.0 406.0 47793.0 1766.0
0.970703125 0.9573782682418823 637.0 385.0 47814.0 1772.0
0.970703125 0.9571806788444519 645.0 403.0 47796.0 1764.0
0.95703125 0.9569435715675354 653.0 423.0 47776.0 1756.0
0.958984375 0.9570621252059937 626.0 390.0 47809.0 1783.0
0.95703125 0.9571609497070312 670.0 429.0 47770.0 1739.0
0.96875 0.9572597146034241 645.0 399.0 47800.0 1764.0
0.95703125 0.9572795033454895 656.0 409.0 47790.0 1753.0
0.951171875 0.9573585391044617 667.0 416.0 47783.0 1742.0
0.955078125 0.9572399854660034 667.0 422.0 47777.0 1742.0
0.958984375 0.9573190212249756 637.0 388.0 47811.0 1772.0
0.958984375 0.957220196723938 653.0 409.0 47790.0 1756.0
0.953125 0.9572399854660034 648.0 403.0 47796.0 1761.0
0.955078125 0.9570028185844421 649.0 416.0 47783.0 1760.0
0.96484375 0.9571016430854797 674.0 436.0 47763.0 1735.0
0.95703125 0.9571806788444519 664.0 422.0 47777.0 1745.0
0.95703125 0.9572795033454895 655.0 408.0 47791.0 1754.0
0.958984375 0.9570423364639282 655.0 420.0 47779.0 1754.0
0.955078125 0.9575758576393127 648.0 386.0 47813.0 1761.0
0.95703125 0.9573585391044617 659.0 408.0 47791.0 1750.0
0.962890625 0.9573980569839478 675.0 422.0 47777.0 1734.0
0.953125 0.9572004675865173 640.0 397.0 47802.0 1769.0
0.9609375 0.9572004675865173 660.0 417.0 47782.0 1749.0
0.94921875 0.9570028185844421 667.0 434.0 47765.0 1742.0
0.962890625 0.9573782682418823 646.0 394.0 47805.0 1763.0
0.9609375 0.9571806788444519 653.0 411.0 47788.0 1756.0
0.955078125 0.9571016430854797 648.0 410.0 47789.0 1761.0
0.958984375 0.9568645358085632 671.0 445.0 47754.0 1738.0
0.970703125 0.9574177861213684 656.0 402.0 47797.0 1753.0
0.95703125 0.9573190212249756 636.0 387.0 47812.0 1773.0
0.962890625 0.9571806788444519 636.0 394.0 47805.0 1773.0
0.9609375 0.9572992324829102 654.0 406.0 47793.0 1755.0
0.94921875 0.9573585391044617 671.0 420.0 47779.0 1738.0
0.95703125 0.9573980569839478 680.0 427.0 47772.0 1729.0
0.955078125 0.9574177861213684 663.0 409.0 47790.0 1746.0
0.95703125 0.9572399854660034 654.0 409.0 47790.0 1755.0
0.958984375 0.9572795033454895 652.0 405.0 47794.0 1757.0
0.9609375 0.9572597146034241 657.0 411.0 47788.0 1752.0
0.953125 0.9571411609649658 678.0 438.0 47761.0 1731.0
0.947265625 0.9570621252059937 688.0 452.0 47747.0 1721.0
0.955078125 0.9568842649459839 679.0 452.0 47747.0 1730.0
0.958984375 0.9573387503623962 679.0 429.0 47770.0 1730.0
0.95703125 0.9572597146034241 679.0 433.0 47766.0 1730.0
0.953125 0.9572004675865173 678.0 435.0 47764.0 1731.0
0.955078125 0.95692378282547 674.0 445.0 47754.0 1735.0
0.958984375 0.9571016430854797 654.0 416.0 47783.0 1755.0
0.958984375 0.9573980569839478 693.0 440.0 47759.0 1716.0
0.958984375 0.9571016430854797 667.0 429.0 47770.0 1742.0
0.9453125 0.9571411609649658 693.0 453.0 47746.0 1716.0
0.9609375 0.9573387503623962 696.0 446.0 47753.0 1713.0
0.96484375 0.9571016430854797 673.0 435.0 47764.0 1736.0
0.951171875 0.9575758576393127 681.0 419.0 47780.0 1728.0
0.9609375 0.9577537178993225 670.0 399.0 47800.0 1739.0
0.958984375 0.9573782682418823 683.0 431.0 47768.0 1726.0
0.958984375 0.9576746821403503 660.0 393.0 47806.0 1749.0
0.955078125 0.9573980569839478 669.0 416.0 47783.0 1740.0
0.958984375 0.9573190212249756 676.0 427.0 47772.0 1733.0
0.953125 0.9573585391044617 666.0 415.0 47784.0 1743.0
0.970703125 0.9574573040008545 691.0 435.0 47764.0 1718.0
0.96484375 0.9572795033454895 683.0 436.0 47763.0 1726.0
0.966796875 0.9575956463813782 659.0 396.0 47803.0 1750.0
0.951171875 0.9573190212249756 688.0 439.0 47760.0 1721.0
0.955078125 0.9575561285018921 684.0 423.0 47776.0 1725.0
0.96484375 0.9574375748634338 688.0 433.0 47766.0 1721.0
0.955078125 0.9572992324829102 711.0 463.0 47736.0 1698.0
0.958984375 0.9575758576393127 700.0 438.0 47761.0 1709.0
0.955078125 0.9575956463813782 664.0 401.0 47798.0 1745.0
0.96484375 0.9574968218803406 668.0 410.0 47789.0 1741.0
0.9609375 0.9575363397598267 655.0 395.0 47804.0 1754.0
0.96484375 0.9574375748634338 705.0 450.0 47749.0 1704.0
0.95703125 0.9577339291572571 691.0 421.0 47778.0 1718.0
0.970703125 0.9574770927429199 659.0 402.0 47797.0 1750.0
0.951171875 0.9574177861213684 726.0 472.0 47727.0 1683.0
0.962890625 0.9572597146034241 702.0 456.0 47743.0 1707.0
0.951171875 0.9576153755187988 680.0 416.0 47783.0 1729.0
0.962890625 0.9577734470367432 708.0 436.0 47763.0 1701.0
0.951171875 0.957516610622406 696.0 437.0 47762.0 1713.0
0.9453125 0.9576153755187988 701.0 437.0 47762.0 1708.0
0.96875 0.9578920602798462 674.0 396.0 47803.0 1735.0
0.958984375 0.9579315781593323 707.0 427.0 47772.0 1702.0
0.955078125 0.9575758576393127 722.0 460.0 47739.0 1687.0
0.9609375 0.9575956463813782 672.0 409.0 47790.0 1737.0
0.947265625 0.9579315781593323 724.0 444.0 47755.0 1685.0
0.958984375 0.957694411277771 708.0 440.0 47759.0 1701.0
0.953125 0.957694411277771 730.0 462.0 47737.0 1679.0
0.974609375 0.9579117894172668 714.0 435.0 47764.0 1695.0
0.953125 0.9578129649162292 686.0 412.0 47787.0 1723.0
0.95703125 0.9579117894172668 716.0 437.0 47762.0 1693.0
0.951171875 0.9580106139183044 709.0 425.0 47774.0 1700.0
0.96484375 0.9575758576393127 723.0 461.0 47738.0 1686.0
0.9609375 0.9578129649162292 710.0 436.0 47763.0 1699.0
0.962890625 0.9579513072967529 693.0 412.0 47787.0 1716.0
0.9609375 0.9579513072967529 717.0 436.0 47763.0 1692.0
0.958984375 0.9577537178993225 710.0 439.0 47760.0 1699.0
0.95703125 0.9579315781593323 710.0 430.0 47769.0 1699.0
0.9609375 0.9580501317977905 704.0 418.0 47781.0 1705.0
0.958984375 0.9578327536582947 723.0 448.0 47751.0 1686.0
0.953125 0.9574770927429199 718.0 461.0 47738.0 1691.0
0.958984375 0.9578920602798462 733.0 455.0 47744.0 1676.0
0.955078125 0.9578327536582947 729.0 454.0 47745.0 1680.0
0.9609375 0.9578920602798462 738.0 460.0 47739.0 1671.0
0.958984375 0.9580896496772766 710.0 422.0 47777.0 1699.0
0.9609375 0.957694411277771 709.0 441.0 47758.0 1700.0
0.9453125 0.9577142000198364 736.0 467.0 47732.0 1673.0
0.95703125 0.9577537178993225 728.0 457.0 47742.0 1681.0
0.9609375 0.9579710960388184 716.0 434.0 47765.0 1693.0
0.955078125 0.9578525424003601 699.0 423.0 47776.0 1710.0
0.951171875 0.9579315781593323 741.0 461.0 47738.0 1668.0
0.9609375 0.9578920602798462 716.0 438.0 47761.0 1693.0
0.958984375 0.9580896496772766 722.0 434.0 47765.0 1687.0
0.96875 0.9579117894172668 730.0 451.0 47748.0 1679.0
0.962890625 0.9578920602798462 711.0 433.0 47766.0 1698.0
0.96484375 0.9582674503326416 736.0 439.0 47760.0 1673.0
0.958984375 0.9582674503326416 729.0 432.0 47767.0 1680.0
0.96484375 0.9578920602798462 748.0 470.0 47729.0 1661.0
0.955078125 0.9579315781593323 721.0 441.0 47758.0 1688.0
0.96875 0.9577339291572571 752.0 482.0 47717.0 1657.0
0.962890625 0.9579513072967529 732.0 451.0 47748.0 1677.0
0.94921875 0.9576548933982849 707.0 441.0 47758.0 1702.0
0.955078125 0.9581291675567627 755.0 465.0 47734.0 1654.0
0.953125 0.9583069682121277 751.0 452.0 47747.0 1658.0
0.958984375 0.958247721195221 749.0 453.0 47746.0 1660.0
0.962890625 0.9580698609352112 749.0 462.0 47737.0 1660.0
0.958984375 0.9583662748336792 730.0 428.0 47771.0 1679.0
0.962890625 0.9582082033157349 743.0 449.0 47750.0 1666.0
0.962890625 0.9583662748336792 752.0 450.0 47749.0 1657.0
0.95703125 0.9579315781593323 736.0 456.0 47743.0 1673.0
0.955078125 0.9576153755187988 751.0 487.0 47712.0 1658.0
0.962890625 0.9581291675567627 749.0 459.0 47740.0 1660.0
0.9609375 0.9581686854362488 742.0 450.0 47749.0 1667.0
0.947265625 0.9581093788146973 729.0 440.0 47759.0 1680.0
0.94921875 0.958465039730072 734.0 427.0 47772.0 1675.0
0.95703125 0.9582082033157349 737.0 443.0 47756.0 1672.0
0.9609375 0.958247721195221 714.0 418.0 47781.0 1695.0
0.953125 0.9579315781593323 722.0 442.0 47757.0 1687.0
0.95703125 0.9579710960388184 731.0 449.0 47750.0 1678.0
0.962890625 0.9582674503326416 733.0 436.0 47763.0 1676.0
0.962890625 0.9582082033157349 771.0 477.0 47722.0 1638.0
0.96484375 0.9582279324531555 729.0 434.0 47765.0 1680.0
0.970703125 0.958465039730072 757.0 450.0 47749.0 1652.0
0.962890625 0.9586824178695679 760.0 442.0 47757.0 1649.0
0.9609375 0.9582674503326416 760.0 463.0 47736.0 1649.0
0.955078125 0.9587417244911194 763.0 442.0 47757.0 1646.0
0.955078125 0.9586231708526611 732.0 417.0 47782.0 1677.0
0.955078125 0.9580303430557251 768.0 483.0 47716.0 1641.0
0.94921875 0.958465039730072 755.0 448.0 47751.0 1654.0
0.955078125 0.9582279324531555 772.0 477.0 47722.0 1637.0
0.96484375 0.9587417244911194 747.0 426.0 47773.0 1662.0
0.955078125 0.958721935749054 748.0 428.0 47771.0 1661.0
0.96484375 0.9583069682121277 746.0 447.0 47752.0 1663.0
0.962890625 0.9581291675567627 754.0 464.0 47735.0 1655.0
0.9609375 0.9587417244911194 761.0 440.0 47759.0 1648.0
0.966796875 0.9583267569541931 742.0 442.0 47757.0 1667.0
0.962890625 0.9585835933685303 757.0 444.0 47755.0 1652.0
0.96875 0.9587812423706055 768.0 445.0 47754.0 1641.0
0.9609375 0.9579513072967529 759.0 478.0 47721.0 1650.0
0.962890625 0.9583860039710999 762.0 459.0 47740.0 1647.0
0.955078125 0.9584057927131653 766.0 462.0 47737.0 1643.0
0.953125 0.9584255218505859 765.0 460.0 47739.0 1644.0
0.9609375 0.958465039730072 745.0 438.0 47761.0 1664.0
0.96875 0.9580896496772766 751.0 463.0 47736.0 1658.0
0.953125 0.9586231708526611 743.0 428.0 47771.0 1666.0
0.958984375 0.958287239074707 770.0 472.0 47727.0 1639.0
0.9609375 0.9587022066116333 747.0 428.0 47771.0 1662.0
0.96875 0.9580106139183044 772.0 488.0 47711.0 1637.0
0.958984375 0.9585440754890442 778.0 467.0 47732.0 1631.0
0.9609375 0.9581884145736694 773.0 480.0 47719.0 1636.0
0.95703125 0.9588602781295776 764.0 437.0 47762.0 1645.0
0.955078125 0.9591764211654663 758.0 415.0 47784.0 1651.0
0.958984375 0.9585243463516235 776.0 466.0 47733.0 1633.0
0.951171875 0.9583662748336792 765.0 463.0 47736.0 1644.0
0.96484375 0.9589195251464844 773.0 443.0 47756.0 1636.0
0.966796875 0.9581291675567627 793.0 503.0 47696.0 1616.0
0.970703125 0.9591369032859802 764.0 423.0 47776.0 1645.0
0.958984375 0.9588207602500916 766.0 441.0 47758.0 1643.0
0.966796875 0.9586428999900818 780.0 464.0 47735.0 1629.0
0.970703125 0.958465039730072 791.0 484.0 47715.0 1618.0
0.962890625 0.9588800072669983 775.0 447.0 47752.0 1634.0
0.94921875 0.9584848284721375 791.0 483.0 47716.0 1618.0
0.95703125 0.9586033821105957 783.0 469.0 47730.0 1626.0
0.953125 0.9591566324234009 772.0 430.0 47769.0 1637.0
0.94921875 0.9593542814254761 781.0 429.0 47770.0 1628.0
0.95703125 0.9586428999900818 784.0 468.0 47731.0 1625.0
0.95703125 0.9587417244911194 768.0 447.0 47752.0 1641.0
0.953125 0.9582279324531555 787.0 492.0 47707.0 1622.0
0.966796875 0.9584057927131653 767.0 463.0 47736.0 1642.0
0.955078125 0.9586824178695679 768.0 450.0 47749.0 1641.0
0.96484375 0.9587812423706055 742.0 419.0 47780.0 1667.0
0.970703125 0.9587417244911194 770.0 449.0 47750.0 1639.0
0.9609375 0.9585243463516235 794.0 484.0 47715.0 1615.0
0.96875 0.9585045576095581 778.0 469.0 47730.0 1631.0
0.958984375 0.9588207602500916 789.0 464.0 47735.0 1620.0
0.95703125 0.9582082033157349 798.0 504.0 47695.0 1611.0
0.96875 0.9584453105926514 769.0 463.0 47736.0 1640.0
0.96484375 0.9588404893875122 774.0 448.0 47751.0 1635.0
0.951171875 0.95876145362854 790.0 468.0 47731.0 1619.0
0.966796875 0.9586231708526611 772.0 457.0 47742.0 1637.0
0.9609375 0.9585835933685303 779.0 466.0 47733.0 1630.0
0.951171875 0.9586033821105957 789.0 475.0 47724.0 1620.0
0.953125 0.9586824178695679 766.0 448.0 47751.0 1643.0
0.953125 0.958247721195221 778.0 482.0 47717.0 1631.0
0.96875 0.958465039730072 778.0 471.0 47728.0 1631.0
0.955078125 0.9583069682121277 795.0 496.0 47703.0 1614.0
0.958984375 0.9584057927131653 777.0 473.0 47726.0 1632.0
0.953125 0.9589195251464844 784.0 454.0 47745.0 1625.0
0.953125 0.9586231708526611 783.0 468.0 47731.0 1626.0
0.9609375 0.9586231708526611 787.0 472.0 47727.0 1622.0
0.96875 0.9588009715080261 797.0 473.0 47726.0 1612.0
0.974609375 0.9586626887321472 775.0 458.0 47741.0 1634.0
0.947265625 0.9587022066116333 771.0 452.0 47747.0 1638.0
0.958984375 0.9588800072669983 753.0 425.0 47774.0 1656.0
0.962890625 0.9586824178695679 772.0 454.0 47745.0 1637.0
0.962890625 0.9591369032859802 798.0 457.0 47742.0 1611.0
0.958984375 0.9590578675270081 809.0 472.0 47727.0 1600.0
0.9609375 0.9588997960090637 795.0 466.0 47733.0 1614.0
0.96484375 0.9585835933685303 801.0 488.0 47711.0 1608.0
0.970703125 0.9591369032859802 788.0 447.0 47752.0 1621.0
0.955078125 0.9594135284423828 811.0 456.0 47743.0 1598.0
0.96875 0.9590775966644287 802.0 464.0 47735.0 1607.0
0.95703125 0.9587022066116333 784.0 465.0 47734.0 1625.0
0.9765625 0.9591566324234009 789.0 447.0 47752.0 1620.0
0.958984375 0.9589788317680359 792.0 459.0 47740.0 1617.0
0.953125 0.9590775966644287 800.0 462.0 47737.0 1609.0
0.953125 0.9588404893875122 814.0 488.0 47711.0 1595.0
0.96484375 0.959018349647522 794.0 459.0 47740.0 1615.0
0.962890625 0.9588404893875122 811.0 485.0 47714.0 1598.0
0.966796875 0.9588404893875122 808.0 482.0 47717.0 1601.0
0.95703125 0.958721935749054 794.0 474.0 47725.0 1615.0
0.966796875 0.9586231708526611 806.0 491.0 47708.0 1603.0
0.962890625 0.9591764211654663 788.0 445.0 47754.0 1621.0
0.96875 0.9591171145439148 823.0 483.0 47716.0 1586.0
0.962890625 0.9588800072669983 812.0 484.0 47715.0 1597.0
0.96484375 0.9592751860618591 819.0 471.0 47728.0 1590.0
0.95703125 0.9590380787849426 801.0 465.0 47734.0 1608.0
0.97265625 0.959196150302887 810.0 466.0 47733.0 1599.0
0.95703125 0.9591369032859802 824.0 483.0 47716.0 1585.0
0.951171875 0.9594135284423828 803.0 448.0 47751.0 1606.0
0.9609375 0.9592949748039246 815.0 466.0 47733.0 1594.0
0.962890625 0.959235668182373 810.0 464.0 47735.0 1599.0
0.9609375 0.9595123529434204 800.0 440.0 47759.0 1609.0
0.955078125 0.959235668182373 804.0 458.0 47741.0 1605.0
0.962890625 0.9591369032859802 809.0 468.0 47731.0 1600.0
0.96484375 0.9595518708229065 789.0 427.0 47772.0 1620.0
0.951171875 0.9595320820808411 810.0 449.0 47750.0 1599.0
0.9609375 0.9590775966644287 814.0 476.0 47723.0 1595.0
0.951171875 0.9590578675270081 814.0 477.0 47722.0 1595.0
0.966796875 0.9592949748039246 810.0 461.0 47738.0 1599.0
0.9609375 0.9596506357192993 795.0 428.0 47771.0 1614.0
0.96484375 0.9588009715080261 807.0 483.0 47716.0 1602.0
0.9609375 0.9590380787849426 818.0 482.0 47717.0 1591.0
0.94921875 0.959196150302887 809.0 465.0 47734.0 1600.0
0.955078125 0.9591566324234009 803.0 461.0 47738.0 1606.0
0.955078125 0.9591566324234009 818.0 476.0 47723.0 1591.0
0.953125 0.959492564201355 809.0 450.0 47749.0 1600.0
0.9609375 0.9593147039413452 821.0 471.0 47728.0 1588.0
0.966796875 0.9592159390449524 819.0 474.0 47725.0 1590.0
0.95703125 0.9592751860618591 807.0 459.0 47740.0 1602.0
0.970703125 0.9597296714782715 806.0 435.0 47764.0 1603.0
0.96484375 0.9592159390449524 803.0 458.0 47741.0 1606.0
0.958984375 0.9598087072372437 811.0 436.0 47763.0 1598.0
0.96875 0.9592751860618591 811.0 463.0 47736.0 1598.0
0.958984375 0.9593542814254761 811.0 459.0 47740.0 1598.0
0.9609375 0.9597099423408508 811.0 441.0 47758.0 1598.0
0.95703125 0.9594333171844482 835.0 479.0 47720.0 1574.0
0.97265625 0.9594530463218689 816.0 459.0 47740.0 1593.0
0.9609375 0.9595320820808411 814.0 453.0 47746.0 1595.0
0.9609375 0.9596506357192993 817.0 450.0 47749.0 1592.0
0.947265625 0.9595320820808411 815.0 454.0 47745.0 1594.0
0.966796875 0.9590578675270081 816.0 479.0 47720.0 1593.0
0.955078125 0.9597296714782715 839.0 468.0 47731.0 1570.0
0.962890625 0.9595913887023926 823.0 459.0 47740.0 1586.0
0.96875 0.9595913887023926 794.0 430.0 47769.0 1615.0
0.951171875 0.9593937993049622 837.0 483.0 47716.0 1572.0
0.966796875 0.9592949748039246 840.0 491.0 47708.0 1569.0
0.96484375 0.9595518708229065 813.0 451.0 47748.0 1596.0
0.9609375 0.9593740105628967 813.0 460.0 47739.0 1596.0
0.947265625 0.9593344926834106 821.0 470.0 47729.0 1588.0
0.962890625 0.9594530463218689 834.0 477.0 47722.0 1575.0
0.962890625 0.959492564201355 830.0 471.0 47728.0 1579.0
0.958984375 0.9593937993049622 833.0 479.0 47720.0 1576.0
0.962890625 0.9595715999603271 830.0 467.0 47732.0 1579.0
0.966796875 0.9598680138587952 792.0 414.0 47785.0 1617.0
0.9609375 0.9599272608757019 818.0 437.0 47762.0 1591.0
0.9609375 0.9594728350639343 800.0 442.0 47757.0 1609.0
0.966796875 0.9595715999603271 826.0 463.0 47736.0 1583.0
0.953125 0.9595715999603271 839.0 476.0 47723.0 1570.0
0.962890625 0.9597494602203369 822.0 450.0 47749.0 1587.0
0.951171875 0.9593147039413452 847.0 497.0 47702.0 1562.0
0.9609375 0.9594530463218689 835.0 478.0 47721.0 1574.0
0.953125 0.9598087072372437 832.0 457.0 47742.0 1577.0
0.958984375 0.9597494602203369 847.0 475.0 47724.0 1562.0
0.95703125 0.9595320820808411 828.0 467.0 47732.0 1581.0
0.953125 0.9593937993049622 825.0 471.0 47728.0 1584.0
0.962890625 0.9595715999603271 803.0 440.0 47759.0 1606.0
0.966796875 0.9597691893577576 844.0 471.0 47728.0 1565.0
0.9609375 0.9595715999603271 826.0 463.0 47736.0 1583.0
0.955078125 0.9600062966346741 842.0 457.0 47742.0 1567.0
0.970703125 0.9596111178398132 819.0 454.0 47745.0 1590.0
0.96484375 0.9594135284423828 827.0 472.0 47727.0 1582.0
0.96484375 0.959018349647522 847.0 512.0 47687.0 1562.0
0.955078125 0.9595123529434204 840.0 480.0 47719.0 1569.0
0.953125 0.9596111178398132 841.0 476.0 47723.0 1568.0
0.95703125 0.9596506357192993 845.0 478.0 47721.0 1564.0
0.955078125 0.9598680138587952 832.0 454.0 47745.0 1577.0
0.95703125 0.9595913887023926 817.0 453.0 47746.0 1592.0
0.966796875 0.9598087072372437 847.0 472.0 47727.0 1562.0
0.955078125 0.9598284959793091 833.0 457.0 47742.0 1576.0
0.966796875 0.9598482251167297 834.0 457.0 47742.0 1575.0
0.958984375 0.9598284959793091 820.0 444.0 47755.0 1589.0
0.962890625 0.9597691893577576 842.0 469.0 47730.0 1567.0
0.962890625 0.9595715999603271 842.0 479.0 47720.0 1567.0
0.953125 0.9593542814254761 849.0 497.0 47702.0 1560.0
0.9609375 0.9598680138587952 827.0 449.0 47750.0 1582.0
0.966796875 0.9598877429962158 829.0 450.0 47749.0 1580.0
0.951171875 0.9595123529434204 832.0 472.0 47727.0 1577.0
0.9609375 0.9595913887023926 840.0 476.0 47723.0 1569.0
0.9765625 0.9600458145141602 853.0 466.0 47733.0 1556.0
0.958984375 0.9597494602203369 845.0 473.0 47726.0 1564.0
0.958984375 0.9596111178398132 837.0 472.0 47727.0 1572.0
0.95703125 0.9597296714782715 851.0 480.0 47719.0 1558.0
0.9609375 0.9602829813957214 839.0 440.0 47759.0 1570.0
0.955078125 0.9598284959793091 836.0 460.0 47739.0 1573.0
0.96484375 0.9600656032562256 845.0 457.0 47742.0 1564.0
0.9609375 0.9597099423408508 843.0 473.0 47726.0 1566.0
0.974609375 0.9601249098777771 844.0 453.0 47746.0 1565.0
0.95703125 0.9598284959793091 863.0 487.0 47712.0 1546.0
0.947265625 0.9598284959793091 862.0 486.0 47713.0 1547.0
0.9609375 0.9602236747741699 834.0 438.0 47761.0 1575.0
0.958984375 0.959966778755188 835.0 452.0 47747.0 1574.0
0.953125 0.9596309065818787 853.0 487.0 47712.0 1556.0
0.95703125 0.9600260853767395 842.0 456.0 47743.0 1567.0
0.97265625 0.9600062966346741 856.0 471.0 47728.0 1553.0
0.958984375 0.9601841568946838 840.0 446.0 47753.0 1569.0
0.958984375 0.9604805707931519 829.0 420.0 47779.0 1580.0
0.966796875 0.9600656032562256 850.0 462.0 47737.0 1559.0
0.955078125 0.9599075317382812 827.0 447.0 47752.0 1582.0
0.966796875 0.9598284959793091 819.0 443.0 47756.0 1590.0
0.966796875 0.9599075317382812 860.0 480.0 47719.0 1549.0
0.9609375 0.959966778755188 834.0 451.0 47748.0 1575.0
0.95703125 0.9598680138587952 830.0 452.0 47747.0 1579.0
0.96484375 0.9600062966346741 841.0 456.0 47743.0 1568.0
0.9609375 0.9598877429962158 855.0 476.0 47723.0 1554.0
0.966796875 0.9600656032562256 848.0 460.0 47739.0 1561.0
0.962890625 0.9598877429962158 855.0 476.0 47723.0 1554.0
0.958984375 0.9598087072372437 851.0 476.0 47723.0 1558.0
0.96875 0.9599470496177673 843.0 461.0 47738.0 1566.0
0.953125 0.9594728350639343 866.0 508.0 47691.0 1543.0
0.962890625 0.9598284959793091 855.0 479.0 47720.0 1554.0
0.95703125 0.9599865674972534 842.0 458.0 47741.0 1567.0
0.970703125 0.9602829813957214 846.0 447.0 47752.0 1563.0
0.962890625 0.9600062966346741 841.0 456.0 47743.0 1568.0
0.95703125 0.9596901535987854 869.0 500.0 47699.0 1540.0
0.955078125 0.9593740105628967 842.0 489.0 47710.0 1567.0
0.96484375 0.9601841568946838 857.0 463.0 47736.0 1552.0
0.9609375 0.9597099423408508 842.0 472.0 47727.0 1567.0
0.96484375 0.9598284959793091 846.0 470.0 47729.0 1563.0
0.958984375 0.9601644277572632 854.0 461.0 47738.0 1555.0
0.962890625 0.9600853323936462 845.0 456.0 47743.0 1564.0
0.96875 0.960263192653656 847.0 449.0 47750.0 1562.0
0.955078125 0.9600062966346741 836.0 451.0 47748.0 1573.0
0.94921875 0.959788978099823 840.0 466.0 47733.0 1569.0
0.962890625 0.9600853323936462 840.0 451.0 47748.0 1569.0
0.94921875 0.9596111178398132 858.0 493.0 47706.0 1551.0
0.958984375 0.9597691893577576 858.0 485.0 47714.0 1551.0
0.958984375 0.9603027105331421 836.0 436.0 47763.0 1573.0
0.95703125 0.9602829813957214 840.0 441.0 47758.0 1569.0
0.962890625 0.9602434635162354 860.0 463.0 47736.0 1549.0
0.9609375 0.9601841568946838 887.0 493.0 47706.0 1522.0
0.966796875 0.9601051211357117 834.0 444.0 47755.0 1575.0
0.962890625 0.9598482251167297 859.0 482.0 47717.0 1550.0
0.9609375 0.9603422284126282 874.0 472.0 47727.0 1535.0
0.962890625 0.9598877429962158 836.0 457.0 47742.0 1573.0
0.9609375 0.9600458145141602 842.0 455.0 47744.0 1567.0
0.9609375 0.9596704244613647 871.0 503.0 47696.0 1538.0
0.96484375 0.9600853323936462 847.0 458.0 47741.0 1562.0
0.962890625 0.9600458145141602 850.0 463.0 47736.0 1559.0
0.96484375 0.9599272608757019 850.0 469.0 47730.0 1559.0
0.96484375 0.9598284959793091 852.0 476.0 47723.0 1557.0
0.953125 0.9602039456367493 862.0 467.0 47732.0 1547.0
0.958984375 0.9603027105331421 856.0 456.0 47743.0 1553.0
0.96484375 0.9600656032562256 839.0 451.0 47748.0 1570.0
0.962890625 0.9601051211357117 852.0 462.0 47737.0 1557.0
0.970703125 0.9601644277572632 850.0 457.0 47742.0 1559.0
0.95703125 0.9600062966346741 879.0 494.0 47705.0 1530.0
0.958984375 0.9605002999305725 887.0 477.0 47722.0 1522.0
0.958984375 0.9600656032562256 863.0 475.0 47724.0 1546.0
0.95703125 0.9605002999305725 847.0 437.0 47762.0 1562.0
0.958984375 0.9601249098777771 867.0 476.0 47723.0 1542.0
0.955078125 0.9599865674972534 848.0 464.0 47735.0 1561.0
0.9609375 0.9598877429962158 863.0 484.0 47715.0 1546.0
0.958984375 0.9602236747741699 860.0 464.0 47735.0 1549.0
0.96484375 0.9603027105331421 856.0 456.0 47743.0 1553.0
0.96484375 0.9600458145141602 873.0 486.0 47713.0 1536.0
0.974609375 0.9602039456367493 870.0 475.0 47724.0 1539.0
0.96484375 0.9600260853767395 869.0 483.0 47716.0 1540.0
0.955078125 0.9602039456367493 847.0 452.0 47747.0 1562.0
0.94921875 0.9600260853767395 875.0 489.0 47710.0 1534.0
0.958984375 0.960263192653656 889.0 491.0 47708.0 1520.0
0.958984375 0.9601446390151978 865.0 473.0 47726.0 1544.0
0.966796875 0.9602434635162354 904.0 507.0 47692.0 1505.0
0.96875 0.9601841568946838 888.0 494.0 47705.0 1521.0
0.955078125 0.9604015350341797 877.0 472.0 47727.0 1532.0
0.966796875 0.9605398178100586 883.0 471.0 47728.0 1526.0
0.97265625 0.9601644277572632 889.0 496.0 47703.0 1520.0
0.94921875 0.9603817462921143 843.0 439.0 47760.0 1566.0
0.958984375 0.9602434635162354 887.0 490.0 47709.0 1522.0
0.970703125 0.9604805707931519 864.0 455.0 47744.0 1545.0
0.955078125 0.9605398178100586 867.0 455.0 47744.0 1542.0
0.962890625 0.9604805707931519 894.0 485.0 47714.0 1515.0
0.953125 0.9602829813957214 870.0 471.0 47728.0 1539.0
0.962890625 0.9602039456367493 861.0 466.0 47733.0 1548.0
0.95703125 0.9603224992752075 865.0 464.0 47735.0 1544.0
0.955078125 0.9603422284126282 858.0 456.0 47743.0 1551.0
0.962890625 0.9604212641716003 866.0 460.0 47739.0 1543.0
0.96484375 0.9604607820510864 862.0 454.0 47745.0 1547.0
0.96875 0.9602434635162354 882.0 485.0 47714.0 1527.0
0.9609375 0.9602829813957214 866.0 467.0 47732.0 1543.0
0.958984375 0.9603817462921143 865.0 461.0 47738.0 1544.0
0.953125 0.9601841568946838 884.0 490.0 47709.0 1525.0
0.96484375 0.9605002999305725 873.0 463.0 47736.0 1536.0
0.953125 0.9601644277572632 894.0 501.0 47698.0 1515.0
0.96875 0.9604607820510864 895.0 487.0 47712.0 1514.0
0.962890625 0.960856020450592 883.0 455.0 47744.0 1526.0
0.95703125 0.9606781601905823 884.0 465.0 47734.0 1525.0
0.96484375 0.9606978893280029 896.0 476.0 47723.0 1513.0
0.95703125 0.9608164429664612 886.0 460.0 47739.0 1523.0
0.96484375 0.960737407207489 889.0 467.0 47732.0 1520.0
0.96484375 0.9605991244316101 880.0 465.0 47734.0 1529.0
0.966796875 0.9602236747741699 857.0 461.0 47738.0 1552.0
0.95703125 0.9603027105331421 887.0 487.0 47712.0 1522.0
0.96484375 0.9606781601905823 897.0 478.0 47721.0 1512.0
0.96484375 0.9604212641716003 885.0 479.0 47720.0 1524.0
0.94921875 0.9607571959495544 866.0 443.0 47756.0 1543.0
0.97265625 0.9604410529136658 869.0 462.0 47737.0 1540.0
0.962890625 0.9605002999305725 896.0 486.0 47713.0 1513.0
0.96875 0.9604015350341797 865.0 460.0 47739.0 1544.0
0.970703125 0.9606978893280029 875.0 455.0 47744.0 1534.0
0.9609375 0.960559606552124 872.0 459.0 47740.0 1537.0
0.970703125 0.9606583714485168 876.0 458.0 47741.0 1533.0
0.96875 0.9603620171546936 902.0 499.0 47700.0 1507.0
0.9609375 0.9608955383300781 881.0 451.0 47748.0 1528.0
0.96875 0.960994303226471 882.0 447.0 47752.0 1527.0
0.970703125 0.9607769250869751 871.0 447.0 47752.0 1538.0
0.953125 0.960856020450592 872.0 444.0 47755.0 1537.0
0.955078125 0.9607769250869751 896.0 472.0 47727.0 1513.0
0.9609375 0.9606781601905823 875.0 456.0 47743.0 1534.0
0.9609375 0.9608362317085266 897.0 470.0 47729.0 1512.0
0.962890625 0.9607769250869751 877.0 453.0 47746.0 1532.0
0.958984375 0.9608362317085266 884.0 457.0 47742.0 1525.0
0.962890625 0.960737407207489 864.0 442.0 47757.0 1545.0
0.966796875 0.9604015350341797 894.0 489.0 47710.0 1515.0
0.978515625 0.9608955383300781 906.0 476.0 47723.0 1503.0
0.966796875 0.9607571959495544 891.0 468.0 47731.0 1518.0
0.96484375 0.9608164429664612 886.0 460.0 47739.0 1523.0
0.9765625 0.9606188535690308 888.0 472.0 47727.0 1521.0
0.966796875 0.9601644277572632 908.0 515.0 47684.0 1501.0
0.96875 0.9606978893280029 894.0 474.0 47725.0 1515.0
0.96484375 0.9609745740890503 885.0 451.0 47748.0 1524.0
