1.421781063079833984e+00 1.688712120056152344e+00 -9.358365535736083984e-01 -2.675839424133300781e+00 -4.591073989868164062e-01 -5.344206333160400391e+00 -2.679805994033813477e+00 7.821541309356689453e+00 -4.733762264251708984e+00 4.147070407867431641e+00
-2.031782388687133789e+00 4.846472740173339844e+00 1.761938691139221191e+00 7.211599946022033691e-01 6.460593938827514648e-01 1.033127307891845703e+00 -9.769712686538696289e-01 3.153057098388671875e+00 1.136443987488746643e-01 2.729311704635620117e+00
-1.233110785484313965e+00 -7.740061879158020020e-01 -1.035432219505310059e+00 2.749131917953491211e+00 -7.712118625640869141e-01 -1.431879252195358276e-01 -2.934284210205078125e-01 1.135380268096923828e+00 6.189672350883483887e-01 4.791639745235443115e-01
-2.038801908493041992e-01 8.103449940681457520e-01 -2.824330568313598633e+00 1.319538831710815430e+00 -8.608930110931396484e-01 6.255940198898315430e-01 6.693535447120666504e-01 2.874386548995971680e+00 9.426441788673400879e-01 -1.440668225288391113e+00
-9.354737587273120880e-03 -4.483134269714355469e+00 -5.357253551483154297e-01 3.348388969898223877e-01 -3.163590431213378906e+00 7.759733200073242188e-01 -8.290307521820068359e-01 1.782915234565734863e+00 1.489624977111816406e+00 -2.598450899124145508e+00
-2.328833818435668945e+00 -1.213992953300476074e+00 -6.737062931060791016e+00 -4.052533149719238281e+00 -2.773123741149902344e+00 1.048810601234436035e+00 7.068004608154296875e+00 -8.855627775192260742e-01 3.336562156677246094e+00 1.131755828857421875e+00
4.145009994506835938e+00 3.775913953781127930e+00 2.498729944229125977e+00 6.328455924987792969e+00 3.031249284744262695e+00 2.038654088973999023e+00 -2.767229318618774414e+00 3.324482917785644531e+00 4.561276435852050781e+00 -4.413663387298583984e+00
-2.400534629821777344e+00 2.732409954071044922e+00 -2.183891057968139648e+00 -5.341997146606445312e+00 -2.494367122650146484e+00 4.181548595428466797e+00 -1.004887938499450684e+00 -1.391783475875854492e+00 -1.007231473922729492e+00 3.403531551361083984e+00
4.675055027008056641e+00 1.357427835464477539e+00 -2.624063968658447266e+00 -6.327970623970031738e-01 -6.701231598854064941e-01 4.614224910736083984e+00 -2.386000394821166992e+00 5.724027156829833984e+00 -4.553388118743896484e+00 3.037898540496826172e+00
3.802290439605712891e+00 -5.859939098358154297e+00 -4.430570125579833984e+00 3.395639896392822266e+00 -6.424184799194335938e+00 -1.519310772418975830e-01 1.680089712142944336e+00 2.003049373626708984e+00 -7.595813274383544922e-01 3.973857402801513672e+00
-3.486597776412963867e+00 -9.749188423156738281e-01 2.846714735031127930e+00 1.123495578765869141e+00 -9.363897442817687988e-01 -6.254904717206954956e-02 -1.900739669799804688e+00 5.053457021713256836e-01 7.923308610916137695e-01 2.030057907104492188e+00
-1.185829281806945801e+00 -1.494497060775756836e+00 -2.139033794403076172e+00 2.455738782882690430e+00 -1.623383402824401855e+00 1.227927684783935547e+00 -7.487215995788574219e-01 -8.568875193595886230e-01 3.725036084651947021e-01 -2.241498231887817383e+00
1.249547243118286133e+00 2.366352796554565430e+00 -1.885756105184555054e-01 -2.584505558013916016e+00 -2.563221454620361328e-01 -1.081473350524902344e+00 -4.563071429729461670e-01 -9.947459697723388672e-01 1.851285398006439209e-01 -2.147249460220336914e+00
2.890970945358276367e+00 -3.831047058105468750e+00 -2.905746936798095703e+00 -3.351241827011108398e+00 1.824772477149963379e+00 5.244913101196289062e-01 -2.859645366668701172e+00 -8.918102383613586426e-01 3.908594369888305664e+00 -5.709106922149658203e-01
2.863330841064453125e+00 -8.238090872764587402e-01 4.845922470092773438e+00 -4.302167892456054688e+00 -3.038325548171997070e+00 1.494591385126113892e-01 -5.096158027648925781e+00 8.317977190017700195e-01 8.722766041755676270e-01 -2.875747680664062500e+00
2.495462894439697266e+00 -4.957960128784179688e+00 1.332277417182922363e+00 -1.270266771316528320e+00 2.147881031036376953e+00 5.117582798004150391e+00 -3.253037631511688232e-01 -4.945863246917724609e+00 -7.059521675109863281e+00 5.578988552093505859e+00
-2.087608098983764648e+00 4.442904472351074219e+00 3.039000988006591797e+00 1.455118536949157715e+00 -2.768520593643188477e+00 4.695508003234863281e+00 -5.723584175109863281e+00 -1.731625318527221680e+00 2.729811429977416992e+00 -2.562448978424072266e+00
3.302103281021118164e+00 5.696352958679199219e+00 1.994060397148132324e+00 1.614175796508789062e+00 -3.490091562271118164e+00 -2.947047233581542969e+00 3.184111356735229492e+00 -2.855821371078491211e+00 -4.057298183441162109e+00 -2.973518371582031250e+00
-3.258834362030029297e+00 -1.153482317924499512e+00 3.238041639328002930e+00 1.109886765480041504e+00 -9.218358397483825684e-01 -1.152920722961425781e-01 -2.069070100784301758e+00 1.725117713212966919e-01 4.514502882957458496e-01 2.280862569808959961e+00
-2.907121419906616211e+00 -2.036457777023315430e+00 2.866961717605590820e+00 2.480742454528808594e+00 -5.838093161582946777e-01 -2.013043165206909180e+00 -1.635246276855468750e+00 2.427850484848022461e+00 1.323325395584106445e+00 1.787889480590820312e+00
1.514085531234741211e+00 3.448484241962432861e-01 8.025538921356201172e-01 2.114744424819946289e+00 -9.441910982131958008e-01 -1.043603062629699707e+00 4.182378575205802917e-02 6.167515516281127930e-01 -2.991352558135986328e+00 -1.391151070594787598e+00
2.187659740447998047e+00 1.684514522552490234e+00 1.972171306610107422e+00 -2.268122196197509766e+00 4.499385654926300049e-01 -9.512658119201660156e-01 1.212841629981994629e+00 7.348645925521850586e-01 -9.731740951538085938e-01 -7.446230053901672363e-01
1.340752601623535156e+00 -5.014417648315429688e+00 7.359325885772705078e-01 1.188656806945800781e+00 -1.737726211547851562e+00 8.405294418334960938e-01 -1.476194143295288086e+00 1.985088825225830078e+00 -2.217593431472778320e+00 -2.764418601989746094e+00
-8.363210558891296387e-01 -1.500384807586669922e+00 1.282606840133666992e+00 -1.264940023422241211e+00 -1.617703199386596680e+00 -4.933151304721832275e-01 1.409434437751770020e+00 2.687242269515991211e+00 -8.310370445251464844e-01 -2.398351192474365234e+00
-6.783579587936401367e-01 -1.288580745458602905e-01 -2.900330126285552979e-01 -9.750335812568664551e-01 -1.081997990608215332e+00 -5.054742097854614258e-01 1.140275359153747559e+00 9.621558189392089844e-01 -1.737441897392272949e+00 -2.390643119812011719e+00
-1.734843373298645020e+00 9.359738826751708984e-01 -1.707168817520141602e+00 6.966034770011901855e-01 3.961265087127685547e+00 1.592319726943969727e+00 4.611692428588867188e+00 1.054128885269165039e+00 5.889907479286193848e-01 -2.800823152065277100e-01
-4.959620535373687744e-02 -6.911026835441589355e-01 -1.044264554977416992e+00 -1.797352582216262817e-01 -2.603599071502685547e+00 1.168974518775939941e+00 4.566767811775207520e-01 -1.065859913825988770e+00 -2.586789369583129883e+00 -3.826068162918090820e+00
5.086051940917968750e+00 5.304650306701660156e+00 -6.635572910308837891e-01 1.510020613670349121e+00 1.404029130935668945e+00 5.928031206130981445e-01 3.114042758941650391e+00 -2.515192031860351562e-01 2.060579061508178711e+00 3.669278621673583984e+00
-1.250663638114929199e+00 2.010057568550109863e-01 -8.982761502265930176e-01 -1.620607972145080566e+00 1.428106546401977539e+00 -1.073707580566406250e+00 -1.741913408041000366e-01 -1.084745764732360840e+00 7.109584808349609375e-01 -4.257960021495819092e-01
-1.453482151031494141e+00 1.767099201679229736e-01 -8.507707715034484863e-01 -1.474688529968261719e+00 4.537486732006072998e-01 -5.065225362777709961e-01 -9.176792502403259277e-01 -1.690940141677856445e+00 -5.272575616836547852e-01 -2.202614307403564453e+00
-2.957650423049926758e-01 2.100611448287963867e+00 3.470388650894165039e-01 3.595641851425170898e+00 -5.495409965515136719e+00 -7.353106737136840820e-01 1.605905532836914062e+00 6.095312237739562988e-01 -8.835355937480926514e-02 -1.579086631536483765e-01
-1.805725693702697754e+00 -8.718128204345703125e-01 1.540247499942779541e-01 3.538696289062500000e+00 -6.746023178100585938e+00 6.331705451011657715e-01 5.487352013587951660e-01 -1.148420691490173340e+00 -1.265015602111816406e+00 -3.382839679718017578e+00
1.615323871374130249e-01 -1.319303870201110840e+00 5.209257125854492188e+00 -1.391320347785949707e+00 3.718252658843994141e+00 5.313047885894775391e+00 2.838507652282714844e+00 -2.436979770660400391e+00 3.588576316833496094e+00 3.181644082069396973e-01
-2.649325132369995117e+00 -4.249047338962554932e-01 6.859734058380126953e+00 -2.342986345291137695e+00 -1.483980059623718262e+00 4.176896095275878906e+00 4.148957252502441406e+00 -5.961163640022277832e-01 3.710803508758544922e+00 1.884160161018371582e+00
-1.201098561286926270e+00 -2.173868656158447266e+00 -2.497977018356323242e+00 1.589090943336486816e+00 -2.504467725753784180e+00 6.907860040664672852e-01 3.901949405670166016e+00 -1.439218997955322266e+00 1.030385494232177734e+00 5.564040184020996094e+00
8.756501078605651855e-01 -1.625842452049255371e+00 -1.172317147254943848e+00 2.664357423782348633e+00 5.056988000869750977e-01 2.061309814453125000e+00 -5.519589424133300781e+00 5.437401771545410156e+00 -4.325755119323730469e+00 -2.092393636703491211e+00
-3.069185972213745117e+00 -1.169826030731201172e+00 3.492139816284179688e+00 1.394706726074218750e+00 -1.003547906875610352e+00 -1.019117310643196106e-01 -1.845122933387756348e+00 1.773238480091094971e-01 1.727457493543624878e-01 2.435075044631958008e+00
-3.141293525695800781e+00 -2.127094268798828125e+00 3.578368902206420898e+00 1.646713614463806152e+00 -1.767050921916961670e-01 -1.681396722793579102e+00 -2.427547216415405273e+00 2.411388874053955078e+00 1.399208188056945801e+00 1.541183352470397949e+00
1.744032382965087891e+00 1.424780786037445068e-01 1.843452215194702148e+00 1.414478659629821777e+00 1.073891758918762207e+00 -1.325094103813171387e+00 8.351743221282958984e-01 1.270238757133483887e-01 -1.826252579689025879e+00 1.918564289808273315e-01
2.585533380508422852e+00 1.865160465240478516e+00 3.216256856918334961e+00 -2.742226839065551758e+00 -6.093441247940063477e-01 -1.720339775085449219e+00 2.028817683458328247e-01 -7.533682584762573242e-01 -2.115128278732299805e+00 -7.332917451858520508e-01
-1.335880458354949951e-01 -2.589173793792724609e+00 1.966329336166381836e+00 -2.914860725402832031e+00 7.787596900016069412e-03 -1.359085202217102051e+00 1.201040506362915039e+00 3.266641378402709961e+00 7.960639595985412598e-01 -1.480444073677062988e+00
-1.441271901130676270e+00 -2.866104364395141602e+00 1.989376902580261230e+00 -7.481006979942321777e-01 -2.413599252700805664e+00 -2.507706582546234131e-01 2.697796821594238281e+00 4.827781677246093750e+00 3.637155890464782715e-01 -1.712343692779541016e+00
7.729106545448303223e-01 -3.999732494354248047e+00 -3.346788883209228516e+00 8.985958099365234375e-01 1.769765615463256836e+00 -1.166406035423278809e+00 -3.508032321929931641e+00 3.258602619171142578e+00 -7.860491871833801270e-01 -2.955692529678344727e+00
2.479511260986328125e+00 -3.528511524200439453e-01 1.935839295387268066e+00 9.369704127311706543e-01 -5.520687103271484375e+00 8.550069332122802734e-01 3.673787117004394531e+00 7.726002335548400879e-01 1.766824722290039062e+00 1.999100565910339355e+00
-1.020179629325866699e+00 -2.755037307739257812e+00 -6.370114684104919434e-01 -2.868233919143676758e+00 2.779425382614135742e-01 -1.160044074058532715e+00 -3.698553085327148438e+00 -4.276546001434326172e+00 -1.081145644187927246e+00 -9.876134991645812988e-01
-8.518066406250000000e-01 2.870668888092041016e+00 -9.834377169609069824e-01 -2.896074295043945312e+00 2.046936273574829102e+00 -1.875344395637512207e+00 -9.237118363380432129e-01 -2.063408613204956055e+00 -8.300303816795349121e-01 -1.155531525611877441e+00
-1.340786695480346680e+00 9.668597579002380371e-01 -3.877192437648773193e-01 -3.303700983524322510e-01 2.047359496355056763e-01 -8.814301490783691406e-01 2.744117379188537598e-01 -8.692270517349243164e-01 1.552620410919189453e+00 1.004887342453002930e+00
-2.444731473922729492e+00 -4.611212015151977539e-01 4.585011303424835205e-01 -1.520060062408447266e+00 1.513204574584960938e-01 -8.189103007316589355e-02 -1.303001880645751953e+00 -2.149257898330688477e+00 1.165012955665588379e+00 -1.841946840286254883e+00
-6.624622344970703125e-01 1.385512948036193848e+00 1.361753821372985840e+00 -2.900696039199829102e+00 4.791923165321350098e-01 -7.149814963340759277e-01 -7.671036720275878906e-01 -2.565341949462890625e+00 8.914176225662231445e-01 -2.708238601684570312e+00
1.587574243545532227e+00 2.289890527725219727e+00 8.175783157348632812e-01 -6.429481506347656250e-01 -3.834665536880493164e+00 -1.704969644546508789e+00 -9.282555580139160156e-01 -1.740078806877136230e+00 1.614630222320556641e-01 -7.624472379684448242e-01
3.112223625183105469e+00 -2.002380132675170898e+00 -8.386158943176269531e-01 -3.617198467254638672e+00 9.586434364318847656e-01 -6.075423955917358398e-01 -1.412861824035644531e+00 -9.538048505783081055e-01 5.004868030548095703e+00 5.755690336227416992e-01
-8.440774917602539062e+00 1.453588724136352539e+00 7.137793898582458496e-01 6.096541285514831543e-01 4.644144535064697266e+00 -1.477082490921020508e+00 2.356216907501220703e+00 3.545926332473754883e+00 -4.293305397033691406e+00 -2.108580112457275391e+00
2.683302402496337891e+00 6.853840947151184082e-01 2.341365575790405273e+00 4.216379165649414062e+00 1.858769893646240234e+00 6.412158012390136719e+00 -4.598784148693084717e-01 2.136323213577270508e+00 -1.076978445053100586e+00 -3.027806520462036133e+00
7.156699150800704956e-02 -7.737000465393066406e+00 -3.068822920322418213e-01 1.648102164268493652e+00 5.137458443641662598e-01 4.928017616271972656e+00 -5.300500869750976562e+00 1.166742610931396484e+01 -3.257441282272338867e+00 -3.655568122863769531e+00
-2.641206264495849609e+00 -7.229042053222656250e-01 3.589371681213378906e+00 1.846453785896301270e+00 -1.295309901237487793e+00 -2.132581323385238647e-01 -1.571341276168823242e+00 1.852402389049530029e-01 2.196584939956665039e-01 2.633066177368164062e+00
-3.219725370407104492e+00 -2.169389963150024414e+00 4.082872867584228516e+00 1.331561326980590820e+00 -1.340476423501968384e-01 -1.363180279731750488e+00 -2.253345251083374023e+00 2.135400772094726562e+00 1.430257201194763184e+00 2.008081197738647461e+00
1.603627324104309082e+00 1.841438263654708862e-01 1.847992181777954102e+00 1.407268524169921875e+00 1.098563432693481445e+00 -1.231872797012329102e+00 6.157728433609008789e-01 1.409007981419563293e-02 -2.211696147918701172e+00 -2.636087536811828613e-01
1.991533756256103516e+00 5.280057787895202637e-01 2.010626316070556641e+00 1.133305788040161133e+00 1.334888219833374023e+00 -1.628918290138244629e+00 6.972873210906982422e-01 -7.909749448299407959e-02 -2.098642587661743164e+00 4.360642135143280029e-01
1.433049440383911133e+00 -4.698447510600090027e-02 2.080420494079589844e+00 1.455276608467102051e+00 1.090875029563903809e+00 -1.509560108184814453e+00 7.069315314292907715e-01 2.089508324861526489e-01 -2.114162683486938477e+00 9.035456925630569458e-02
1.735986351966857910e+00 5.110102295875549316e-01 2.047045469284057617e+00 9.964620471000671387e-01 1.248194217681884766e+00 -1.529691338539123535e+00 6.020095944404602051e-01 8.856771886348724365e-02 -1.972201824188232422e+00 1.849933415651321411e-01
2.761021852493286133e+00 1.421991386450827122e-03 1.882711768150329590e+00 3.405605077743530273e+00 -1.400069713592529297e+00 2.676758170127868652e-01 -1.327465534210205078e+00 9.585067629814147949e-01 -1.158253669738769531e+00 -6.112077832221984863e-01
1.661941766738891602e+00 6.257772445678710938e-01 1.939258575439453125e+00 8.620684742927551270e-01 1.447605848312377930e+00 -1.530425310134887695e+00 5.441837906837463379e-01 -4.582950472831726074e-02 -1.732350945472717285e+00 2.624455690383911133e-01
1.960125684738159180e+00 1.459418058395385742e+00 1.490870594978332520e+00 8.829413652420043945e-01 1.908092260360717773e+00 -1.265972375869750977e+00 4.828724563121795654e-01 -5.075292661786079407e-02 -2.205569505691528320e+00 4.687294065952301025e-01
1.689484119415283203e+00 1.722884327173233032e-01 1.746366620063781738e+00 1.218055129051208496e+00 1.286963462829589844e+00 -1.568931341171264648e+00 7.325320243835449219e-01 9.279908239841461182e-02 -1.810860514640808105e+00 1.070674583315849304e-01
1.833220839500427246e+00 2.478074282407760620e-01 1.921084523200988770e+00 1.284490942955017090e+00 1.093688130378723145e+00 -1.395556449890136719e+00 5.754588246345520020e-01 7.410483807325363159e-02 -2.054488658905029297e+00 1.013077124953269958e-01
1.749894499778747559e+00 4.755111634731292725e-01 1.971086144447326660e+00 1.052151322364807129e+00 1.368097066879272461e+00 -1.479753971099853516e+00 8.326663970947265625e-01 -9.434041380882263184e-02 -1.894397258758544922e+00 3.145589232444763184e-01
1.512252688407897949e+00 7.706296443939208984e-02 2.040828466415405273e+00 1.455179572105407715e+00 9.748732447624206543e-01 -1.409612059593200684e+00 8.971272706985473633e-01 2.088230401277542114e-01 -1.912815809249877930e+00 2.444152832031250000e-01
1.606467366218566895e+00 2.455529272556304932e-01 1.488657116889953613e+00 1.165539860725402832e+00 8.284358978271484375e-01 -9.869832992553710938e-01 2.788131833076477051e-01 -1.155565381050109863e-01 -2.489458799362182617e+00 -7.342761754989624023e-01
1.459246158599853516e+00 2.063000500202178955e-01 1.539353966712951660e+00 1.435615062713623047e+00 8.433697223663330078e-01 -1.131840586662292480e+00 2.464110404253005981e-01 -2.510315775871276855e-01 -2.480816125869750977e+00 -6.242007613182067871e-01
1.760854601860046387e+00 8.988193273544311523e-01 1.679295063018798828e+00 7.390491366386413574e-01 1.247848153114318848e+00 -1.417944788932800293e+00 3.848130106925964355e-01 -1.747605651617050171e-01 -2.044589996337890625e+00 1.337170302867889404e-01
1.910041093826293945e+00 5.699945092201232910e-01 1.832401156425476074e+00 8.515937328338623047e-01 1.379162430763244629e+00 -1.502967119216918945e+00 7.167306542396545410e-01 2.687104046344757080e-01 -1.796569824218750000e+00 3.600814938545227051e-01
1.824257016181945801e+00 -9.032137393951416016e-01 1.070490553975105286e-01 8.500708937644958496e-01 2.263780832290649414e+00 3.658622801303863525e-01 2.043975591659545898e-01 4.723999276757240295e-02 -2.248333692550659180e+00 -3.067157030105590820e+00
2.744035720825195312e+00 -2.152864456176757812e+00 4.074606418609619141e+00 2.923542261123657227e-01 -2.017732143402099609e+00 9.401139020919799805e-01 -1.844567298889160156e+00 5.245139356702566147e-03 -2.585027694702148438e+00 -2.860083103179931641e+00
-9.937163591384887695e-01 -3.465960264205932617e+00 2.570859909057617188e+00 2.569300234317779541e-01 -2.565689086914062500e+00 1.949440538883209229e-01 3.201782226562500000e+00 5.809605121612548828e+00 1.207142233848571777e+00 -6.128728985786437988e-01
1.358946561813354492e-01 -3.112881660461425781e+00 3.846965074539184570e+00 -2.415990829467773438e+00 -2.262935638427734375e+00 -1.714667320251464844e+00 2.691204071044921875e+00 3.913887977600097656e+00 3.792477846145629883e+00 2.184886932373046875e+00
-1.695240616798400879e+00 -4.245240688323974609e+00 -2.904471397399902344e+00 -2.488462209701538086e+00 8.579464554786682129e-01 -1.305830597877502441e+00 -1.537201523780822754e+00 5.755609512329101562e+00 -2.081067562103271484e-01 -4.458588600158691406e+00
1.537185549736022949e+00 4.220977783203125000e+00 -1.072811841964721680e+00 1.103639721870422363e+00 9.432002902030944824e-01 3.922680377960205078e+00 4.839857578277587891e+00 -2.623095512390136719e+00 -2.437074184417724609e+00 -3.488354206085205078e+00
-4.679800271987915039e-01 4.622715473175048828e+00 8.357923626899719238e-01 -1.882837414741516113e+00 -6.454661488533020020e-01 -2.094315528869628906e+00 -1.440001845359802246e+00 -3.634852170944213867e+00 -3.598061323165893555e+00 -2.060619831085205078e+00
-2.147986173629760742e+00 3.344299316406250000e+00 9.796790033578872681e-02 -1.502349495887756348e+00 9.882918000221252441e-01 -1.784171819686889648e+00 1.114196896553039551e+00 -1.071526855230331421e-01 2.602157354354858398e+00 1.673822551965713501e-01
-1.219236135482788086e+00 1.581351637840270996e+00 7.622053623199462891e-01 -1.119602769613265991e-01 -2.040758609771728516e+00 -1.253631949424743652e+00 -1.292702078819274902e+00 8.373136073350906372e-02 2.118672132492065430e+00 1.128999948501586914e+00
-1.648953914642333984e+00 1.658710718154907227e+00 2.601323127746582031e+00 6.746305823326110840e-01 -2.773898541927337646e-01 1.494253158569335938e+00 1.632428616285324097e-01 -1.414960861206054688e+00 1.027793049812316895e+00 -5.236188769340515137e-01
-2.567022562026977539e+00 1.253595590591430664e+00 1.272709608078002930e+00 -1.333036899566650391e+00 7.285673916339874268e-02 8.132511377334594727e-01 -5.851363539695739746e-01 -1.456826925277709961e+00 6.641216874122619629e-01 -3.099035978317260742e+00
1.175197958946228027e+00 1.509086966514587402e+00 4.424360275268554688e+00 -1.588004589080810547e+00 2.702673196792602539e+00 3.321848154067993164e+00 -3.065410554409027100e-01 -1.131759211421012878e-01 3.080053806304931641e+00 -6.252403259277343750e-01
1.915555715560913086e+00 3.691028594970703125e+00 3.158215045928955078e+00 -1.767721176147460938e+00 2.773488998413085938e+00 -2.779901027679443359e+00 2.886774539947509766e+00 -2.976928949356079102e+00 1.167686104774475098e+00 -3.443342149257659912e-01
4.122998237609863281e+00 1.618418216705322266e+00 3.185301303863525391e+00 3.273052215576171875e+00 -5.961122512817382812e-01 1.583566188812255859e+00 8.079781532287597656e-01 -3.086458206176757812e+00 -2.786783456802368164e+00 -1.674299478530883789e+00
-8.059346675872802734e-01 -4.478643417358398438e+00 3.376921653747558594e+00 -4.666499197483062744e-01 1.677127778530120850e-01 -3.864455938339233398e+00 2.778360366821289062e+00 -9.110354185104370117e-01 3.470690250396728516e+00 7.826970815658569336e-01
2.286454916000366211e+00 -1.498942822217941284e-01 1.943648338317871094e+00 -4.608380317687988281e+00 -1.446986436843872070e+00 -4.423599720001220703e+00 1.582584619522094727e+00 -3.387119770050048828e+00 -9.705695509910583496e-02 1.887726783752441406e+00
-3.204137325286865234e+00 2.880794525146484375e+00 1.199796497821807861e-01 -2.224986791610717773e+00 1.776499032974243164e+00 -1.208397150039672852e+00 1.561453700065612793e+00 8.677180409431457520e-01 -1.768731325864791870e-01 1.151341199874877930e+00
1.119180679321289062e+00 1.761156201362609863e+00 3.450690269470214844e+00 6.774581074714660645e-01 2.635989665985107422e+00 1.447339415550231934e+00 -1.984781265258789062e+00 2.266626119613647461e+00 1.330168247222900391e+00 -2.098523080348968506e-01
2.795691490173339844e+00 -1.794197440147399902e+00 1.778546810150146484e+00 6.127458572387695312e+00 -2.076021194458007812e+00 2.433406561613082886e-01 1.973791122436523438e-01 -1.722020506858825684e-01 -1.306131482124328613e+00 1.312069535255432129e+00
-4.386226654052734375e+00 5.973755121231079102e-01 -7.486446499824523926e-01 -7.379553318023681641e+00 -1.707337051630020142e-01 -2.189587354660034180e+00 -1.716892600059509277e+00 -3.744722604751586914e+00 2.964282751083374023e+00 -3.334903717041015625e-01
3.083224892616271973e-01 -4.232757568359375000e+00 2.458342790603637695e+00 1.465830802917480469e+00 -2.370016276836395264e-01 3.121536076068878174e-01 -2.658502459526062012e-01 8.810468912124633789e-01 -4.423274993896484375e+00 -3.800692796707153320e+00
2.849294662475585938e+00 -2.934750795364379883e+00 2.950755357742309570e+00 4.933051586151123047e+00 -5.908042788505554199e-01 -3.382002413272857666e-01 1.434790015220642090e+00 2.755859613418579102e+00 -2.278516292572021484e+00 8.926497101783752441e-01
-2.500607490539550781e+00 -1.202687859535217285e+00 2.459431171417236328e+00 -1.678387761116027832e+00 -8.011477440595626831e-02 -1.848905205726623535e+00 2.155813455581665039e+00 1.570235490798950195e+00 -1.548972725868225098e+00 -2.382293939590454102e+00
