-4.453238964080810547e+00 1.709807753562927246e+00 2.069034874439239502e-01 -3.819056510925292969e+00 1.292921543121337891e+00 -4.341801166534423828e+00 9.621818661689758301e-01 -3.009869098663330078e+00 6.714858531951904297e+00 -3.162000179290771484e+00
-1.616101622581481934e+00 -5.695715904235839844e+00 3.928758144378662109e+00 -1.348345279693603516e+00 -5.588388442993164062e-01 2.444151163101196289e+00 -1.487568020820617676e+00 3.231822967529296875e+00 -1.021242856979370117e+00 1.174040794372558594e+00
6.644991040229797363e-01 -3.788440525531768799e-01 5.547164678573608398e-01 1.574174128472805023e-02 2.150566428899765015e-01 1.356814622879028320e+00 4.716747403144836426e-01 -1.439982891082763672e+00 -7.246178984642028809e-01 1.130601525306701660e+00
1.308475136756896973e+00 -1.152370810508728027e+00 2.188470363616943359e+00 -3.673492908477783203e+00 -4.064981341361999512e-01 5.513386726379394531e-01 -2.207992315292358398e+00 -2.512758493423461914e+00 1.016187760978937149e-02 3.351549386978149414e+00
-1.746274590492248535e+00 -3.533080816268920898e-01 9.034563899040222168e-01 -3.868356466293334961e+00 4.894580841064453125e-01 1.237839818000793457e+00 1.758292876183986664e-02 2.689098596572875977e+00 -3.135918140411376953e+00 -3.432059586048126221e-01
-2.111376047134399414e+00 -5.553544044494628906e+00 -1.564324617385864258e+00 4.998363971710205078e+00 5.059465885162353516e+00 3.925964832305908203e+00 -8.567443490028381348e-01 -1.629992842674255371e+00 -5.306208878755569458e-02 -5.120755672454833984e+00
-2.308538675308227539e+00 -3.318995475769042969e+00 2.847071647644042969e+00 -4.927081584930419922e+00 -1.170765042304992676e+00 7.201760768890380859e+00 -1.412446647882461548e-01 -2.673130750656127930e+00 -8.046903461217880249e-02 6.327096223831176758e-01
8.472189903259277344e-01 -1.088466882705688477e+00 9.963374733924865723e-01 -2.073316097259521484e+00 -1.297447830438613892e-01 1.563818812370300293e+00 -4.349299371242523193e-01 -4.916765689849853516e+00 -1.022537350654602051e+00 -5.940901279449462891e+00
3.433347702026367188e+00 -2.193486690521240234e+00 4.677684783935546875e+00 1.033185362815856934e+00 1.093424081802368164e+00 3.564352750778198242e+00 6.661661148071289062e+00 9.149927645921707153e-02 1.200590491294860840e+00 -2.374995201826095581e-01
1.599840998649597168e+00 1.782986521720886230e+00 8.611202239990234375e-01 1.343957304954528809e+00 9.110062718391418457e-01 -4.334481239318847656e+00 3.688981235027313232e-01 1.300428867340087891e+00 -1.353015780448913574e+00 2.181123495101928711e+00
1.890401840209960938e+00 6.568023562431335449e-01 3.110061585903167725e-01 1.343530118465423584e-01 -1.168146967887878418e+00 1.304308652877807617e+00 -5.790593028068542480e-01 -1.102011322975158691e+00 -5.976309180259704590e-01 1.223699096590280533e-02
2.152766883373260498e-01 -1.539932191371917725e-01 3.824646174907684326e-01 -9.400231242179870605e-01 6.483340263366699219e-01 1.741601943969726562e+00 1.299039483070373535e+00 -1.150304794311523438e+00 -1.919719457626342773e+00 2.337795257568359375e+00
3.921269178390502930e-01 1.765748143196105957e+00 1.961778283119201660e+00 5.468401908874511719e-01 -2.422163009643554688e+00 -1.345106959342956543e+00 1.710664033889770508e+00 -5.834171175956726074e-01 -4.800008773803710938e+00 1.476217269897460938e+00
-1.504527211189270020e+00 8.010572791099548340e-01 -8.035747706890106201e-02 -3.831813335418701172e-01 2.007094144821166992e+00 -2.756431341171264648e+00 1.726664423942565918e+00 6.870990395545959473e-01 -3.363688230514526367e+00 -8.872489333152770996e-01
3.649764060974121094e+00 -8.308486938476562500e-01 1.262170910835266113e+00 -1.932678699493408203e+00 1.471008360385894775e-01 -2.757139682769775391e+00 2.378360778093338013e-01 2.093519449234008789e+00 -4.127171516418457031e+00 -1.087725639343261719e+00
-2.271307945251464844e+00 3.336617708206176758e+00 6.847016334533691406e+00 2.488909244537353516e+00 -8.083086609840393066e-01 7.275992035865783691e-01 -5.733769893646240234e+00 1.352440953254699707e+00 -1.639788389205932617e+00 -2.196048736572265625e+00
-1.850712448358535767e-01 3.753911256790161133e+00 -1.983091235160827637e+00 -1.055573105812072754e+00 -7.205422878265380859e+00 8.985131978988647461e-01 4.962570190429687500e+00 2.401892900466918945e+00 3.700374364852905273e+00 -3.491521596908569336e+00
1.719630122184753418e+00 -7.052313089370727539e-01 -1.976442486047744751e-01 -5.388085842132568359e+00 -2.623281717300415039e+00 4.623593807220458984e+00 9.279494881629943848e-01 -8.047593116760253906e+00 2.371429204940795898e-01 1.898501634597778320e+00
3.908740997314453125e+00 1.738467335700988770e+00 -2.389496117830276489e-01 4.810321629047393799e-01 -2.194277524948120117e+00 1.413487553596496582e+00 -9.634527564048767090e-02 3.967737555503845215e-01 6.254983544349670410e-01 -1.311834812164306641e+00
2.874208450317382812e+00 9.218592643737792969e-01 1.414477467536926270e+00 -3.140505850315093994e-01 5.892335772514343262e-01 1.494858145713806152e+00 -1.315535306930541992e+00 -1.531957745552062988e+00 -2.517593801021575928e-01 2.460644006729125977e+00
1.889184117317199707e+00 -1.968035817146301270e+00 6.626247167587280273e-01 -1.036861181259155273e+00 8.354104757308959961e-01 -8.469415307044982910e-01 4.384131729602813721e-01 9.335253238677978516e-01 1.614237070083618164e+00 3.297809839248657227e+00
-2.369033731520175934e-02 1.093181610107421875e+00 -2.510599493980407715e-01 -1.328411221504211426e+00 1.368402957916259766e+00 -1.815369606018066406e+00 7.717058658599853516e-01 1.754698634147644043e+00 2.405902624130249023e+00 2.926831960678100586e+00
2.553765773773193359e+00 -9.286599755287170410e-01 1.007985830307006836e+00 -3.285089492797851562e+00 2.223239421844482422e+00 1.054007094353437424e-02 6.247814297676086426e-01 1.622418999671936035e+00 8.218439221382141113e-01 3.661490917205810547e+00
1.870342731475830078e+00 8.437225595116615295e-03 3.894508481025695801e-01 -3.099272489547729492e+00 2.382227659225463867e+00 5.362184643745422363e-01 3.378235399723052979e-01 1.737772345542907715e+00 6.868494153022766113e-01 3.781519651412963867e+00
-8.525639772415161133e-01 -5.624330639839172363e-01 -8.319576382637023926e-01 -1.417683839797973633e+00 -1.026673913002014160e+00 -2.204509258270263672e+00 -2.018589973449707031e+00 -1.465466141700744629e+00 -1.883235126733779907e-01 1.274383306503295898e+00
-1.553651452064514160e+00 -4.432793259620666504e-01 -1.777731180191040039e+00 -1.373870253562927246e+00 -1.203578948974609375e+00 -1.851586341857910156e+00 -2.297696471214294434e-01 -8.033800721168518066e-01 -2.490640133619308472e-01 1.429525136947631836e+00
-2.751287937164306641e+00 -1.510035842657089233e-01 -1.321508884429931641e+00 -6.025195717811584473e-01 -2.467116355895996094e+00 -3.230353593826293945e+00 -6.974399089813232422e-01 -1.614433288574218750e+00 -1.088067531585693359e+00 3.468726575374603271e-01
-1.241059064865112305e+00 -2.923513352870941162e-01 1.329510807991027832e+00 -8.034179806709289551e-01 -1.674546450376510620e-01 -2.207619667053222656e+00 -1.081157922744750977e+00 -3.349162578582763672e+00 -5.903888940811157227e-01 2.561640024185180664e+00
5.237578153610229492e-01 -2.062890768051147461e+00 -1.410882353782653809e+00 -1.957665681838989258e-01 -1.689124107360839844e-01 -2.317489862442016602e+00 -1.680378556251525879e+00 -1.318754434585571289e+00 4.296177327632904053e-01 -8.820191025733947754e-01
1.962126970291137695e+00 1.813989877700805664e+00 -1.275229454040527344e+00 1.341807246208190918e-01 -1.366825342178344727e+00 -1.596597433090209961e+00 1.239362835884094238e+00 -2.264121770858764648e+00 -8.721805214881896973e-01 -8.432881832122802734e-01
4.803123176097869873e-01 -9.015906453132629395e-01 -1.002148866653442383e+00 -2.546533644199371338e-01 2.957829041406512260e-03 -3.241854906082153320e+00 2.887230396270751953e+00 3.257871568202972412e-01 -5.403150618076324463e-02 1.202342957258224487e-01
-1.850322008132934570e+00 2.932876825332641602e+00 1.599797964096069336e+00 -9.347200393676757812e-01 2.532260656356811523e+00 -9.555641561746597290e-02 5.807217359542846680e-01 2.267584651708602905e-01 -5.225151062011718750e+00 3.743840754032135010e-01
-2.301269054412841797e+00 5.694947719573974609e+00 1.856588125228881836e-01 1.569199562072753906e+00 4.935712814331054688e+00 9.928769469261169434e-01 2.018890142440795898e+00 4.271524906158447266e+00 4.615513384342193604e-01 -5.894079059362411499e-02
-1.876967191696166992e+00 4.235702514648437500e+00 -2.043495416641235352e+00 2.868401706218719482e-01 4.606661319732666016e+00 4.794439792633056641e+00 6.899819970130920410e-01 7.570029735565185547e+00 -3.592324852943420410e-01 -3.838734626770019531e+00
3.891181707382202148e+00 -2.405862808227539062e+00 -4.760057628154754639e-01 -7.272107124328613281e+00 6.379340648651123047e+00 -2.446317434310913086e+00 4.346274852752685547e+00 5.971673727035522461e-01 9.873452782630920410e-01 -2.912758827209472656e+00
-1.141428947448730469e+00 8.086022138595581055e-01 1.608051896095275879e+00 1.060529112815856934e+00 2.988209962844848633e+00 5.608553066849708557e-02 9.333639144897460938e-01 -4.498038768768310547e+00 3.919137954711914062e+00 9.852502942085266113e-01
4.080268383026123047e+00 1.793994665145874023e+00 -2.992171347141265869e-01 4.839459061622619629e-01 -2.118279933929443359e+00 1.633192658424377441e+00 1.912624835968017578e-01 5.816040635108947754e-01 7.614077925682067871e-01 -1.363266944885253906e+00
2.879190444946289062e+00 1.272590398788452148e+00 1.062464714050292969e+00 -4.842262864112854004e-01 1.570039689540863037e-01 1.393490195274353027e+00 -2.003992557525634766e+00 -1.702566623687744141e+00 -1.713694036006927490e-01 2.312499046325683594e+00
2.128701448440551758e+00 -5.369432568550109863e-01 -7.675162553787231445e-01 5.760108232498168945e-01 -1.418257236480712891e+00 -7.892107963562011719e-01 -1.201311945915222168e+00 1.200612425804138184e+00 3.965958952903747559e-01 2.217954874038696289e+00
3.940076828002929688e+00 4.664224624633789062e+00 -6.353811264038085938e+00 2.984134435653686523e+00 -4.777313172817230225e-01 1.328388094902038574e+00 -8.568542003631591797e-01 -2.808832168579101562e+00 -3.194177865982055664e+00 -1.897147536277770996e+00
1.289393186569213867e+00 1.203900456428527832e+00 -1.615394353866577148e+00 -2.188039541244506836e+00 -1.652458310127258301e-02 -3.289199352264404297e+00 -1.621940612792968750e+00 2.023240804672241211e+00 3.200483322143554688e+00 1.928564786911010742e+00
3.733701467514038086e+00 -1.082184553146362305e+00 1.390838176012039185e-01 -4.951366424560546875e+00 1.400513291358947754e+00 -8.054673075675964355e-01 -2.135951995849609375e+00 2.322668313980102539e+00 1.317097783088684082e+00 2.987560749053955078e+00
-2.795205354690551758e+00 -1.062817573547363281e+00 2.690452337265014648e+00 3.469045639038085938e+00 3.901813030242919922e+00 -6.905333995819091797e-01 -5.432336330413818359e-01 5.942378640174865723e-01 1.741352796554565430e+00 1.808785945177078247e-01
-1.433675050735473633e+00 1.791134715080261230e+00 -1.313238859176635742e+00 -4.397166252136230469e+00 -3.737648248672485352e+00 -9.268848896026611328e-01 2.394970655441284180e+00 1.383724212646484375e+00 -3.968158721923828125e+00 2.913107633590698242e+00
-3.415109634399414062e+00 3.154762506484985352e+00 -7.388859987258911133e-01 4.677189826965332031e+00 5.502368450164794922e+00 3.965500354766845703e+00 -1.334038138389587402e+00 -2.624408483505249023e+00 -1.016391277313232422e+00 1.010422706604003906e+00
-1.356692433357238770e+00 2.604693889617919922e+00 -3.858757495880126953e+00 8.518634438514709473e-01 -1.904666543006896973e+00 -3.031115770339965820e+00 -6.401575356721878052e-02 -3.800918817520141602e+00 -1.129739642143249512e+00 -1.504027843475341797e+00
2.296007424592971802e-01 -5.728466436266899109e-02 -7.589578628540039062e-01 9.492100775241851807e-02 -8.325381278991699219e-01 8.760223388671875000e-01 1.547489464282989502e-01 -1.894157648086547852e+00 -1.997495412826538086e+00 -1.855369061231613159e-01
1.301882714033126831e-01 -4.721921980381011963e-01 -2.185060977935791016e+00 -6.379423141479492188e-01 -1.582694649696350098e+00 -1.816736817359924316e+00 1.301284790039062500e+00 -1.069268941879272461e+00 -6.595571637153625488e-01 -2.280447930097579956e-01
4.293504059314727783e-01 5.512635111808776855e-01 -1.464004635810852051e+00 3.776077628135681152e-01 1.010410547256469727e+00 -1.860052227973937988e+00 3.129262208938598633e+00 6.129187345504760742e-01 -8.792496323585510254e-01 -3.560043573379516602e-01
1.093779325485229492e+00 -1.151891946792602539e+00 -1.405889153480529785e+00 -1.701996326446533203e+00 -4.959321022033691406e-01 -2.548412322998046875e+00 -9.430865049362182617e-01 2.772681713104248047e-01 -3.142559766769409180e+00 -8.358319401741027832e-01
1.835297226905822754e+00 1.472100734710693359e+00 -5.782877445220947266e+00 -2.498844861984252930e+00 2.462381839752197266e+00 2.751760005950927734e+00 3.633954286575317383e+00 -2.038116693496704102e+00 -2.282250165939331055e+00 -9.972080588340759277e-02
1.002243876457214355e+00 3.101263523101806641e+00 -4.308699071407318115e-01 -4.283985137939453125e+00 6.056796550750732422e+00 3.317537784576416016e+00 -2.261072874069213867e+00 -2.238213568925857544e-01 6.048763751983642578e+00 2.704774141311645508e+00
1.781917691230773926e+00 -2.501429557800292969e+00 -5.495543479919433594e+00 -2.275574684143066406e+00 1.440920948982238770e+00 5.953758239746093750e+00 -2.980688095092773438e+00 -1.212863922119140625e+00 4.211471080780029297e+00 -3.780172109603881836e+00
5.671628117561340332e-01 -1.087249159812927246e+00 -4.045160770416259766e+00 -6.878700733184814453e+00 7.098329663276672363e-01 4.076279640197753906e+00 3.997209310531616211e+00 -3.264806509017944336e+00 1.125163555145263672e+00 7.292045354843139648e-01
4.048944950103759766e+00 1.732796549797058105e+00 -5.759544968605041504e-01 5.513297915458679199e-01 -2.240325450897216797e+00 1.659406423568725586e+00 3.318042159080505371e-01 7.455878853797912598e-01 7.335019111633300781e-01 -1.641023635864257812e+00
3.274664402008056641e+00 2.132385253906250000e+00 1.748045831918716431e-01 -4.484063684940338135e-01 -9.014785289764404297e-01 1.535204768180847168e+00 -2.990367650985717773e+00 -1.911964893341064453e+00 -2.276403158903121948e-01 1.740605235099792480e+00
2.328068733215332031e+00 -4.713807106018066406e-01 -9.531707167625427246e-01 4.485182464122772217e-01 -1.525410175323486328e+00 -7.573961615562438965e-01 -1.461867451667785645e+00 1.049647569656372070e+00 4.382782876491546631e-01 2.275843858718872070e+00
2.432878971099853516e+00 -5.980030894279479980e-01 -9.974764585494995117e-01 5.889090895652770996e-01 -1.490737438201904297e+00 -8.864668607711791992e-01 -1.512792229652404785e+00 1.025002479553222656e+00 3.794625103473663330e-01 2.202909231185913086e+00
2.363749265670776367e+00 -5.636525750160217285e-01 -1.011969208717346191e+00 5.129472613334655762e-01 -1.480256080627441406e+00 -8.363032341003417969e-01 -1.416560649871826172e+00 1.063276767730712891e+00 4.508604407310485840e-01 2.254438161849975586e+00
2.320223569869995117e+00 -5.724951028823852539e-01 -8.690908551216125488e-01 4.868953227996826172e-01 -1.530927419662475586e+00 -8.254005312919616699e-01 -1.360485434532165527e+00 1.207086443901062012e+00 4.798555374145507812e-01 2.197964191436767578e+00
1.355087995529174805e+00 8.784036636352539062e-01 8.941764831542968750e-01 -1.173986911773681641e+00 -5.627875328063964844e-01 5.915366858243942261e-02 -7.081744670867919922e-01 1.077632308006286621e-01 -2.868608713150024414e+00 7.674965262413024902e-01
2.365329265594482422e+00 -5.554639697074890137e-01 -8.754112720489501953e-01 5.157936215400695801e-01 -1.484732031822204590e+00 -7.341260910034179688e-01 -1.457185268402099609e+00 1.038606286048889160e+00 5.322338342666625977e-01 2.224040746688842773e+00
2.785424232482910156e+00 8.020137548446655273e-01 -2.251913249492645264e-01 5.336365103721618652e-01 5.912535265088081360e-02 2.114457637071609497e-01 -1.197355985641479492e+00 -7.061933875083923340e-01 5.464666709303855896e-02 1.877151131629943848e+00
2.132433891296386719e+00 -6.891133785247802734e-01 -8.423839807510375977e-01 5.684497952461242676e-01 -1.425298690795898438e+00 -8.357172012329101562e-01 -1.203903794288635254e+00 1.155863881111145020e+00 3.823147714138031006e-01 2.238152980804443359e+00
2.187866449356079102e+00 -4.941322207450866699e-01 -7.517369985580444336e-01 5.479610562324523926e-01 -1.521760582923889160e+00 -9.111554622650146484e-01 -1.390427350997924805e+00 1.190021753311157227e+00 4.602874815464019775e-01 2.205142974853515625e+00
2.256348371505737305e+00 -4.773217439651489258e-01 -8.292261362075805664e-01 5.660866498947143555e-01 -1.473517179489135742e+00 -8.545069098472595215e-01 -1.382952332496643066e+00 1.144551992416381836e+00 4.717023074626922607e-01 2.214210033416748047e+00
2.146631717681884766e+00 -4.600573778152465820e-01 -7.654451131820678711e-01 5.856447815895080566e-01 -1.519296407699584961e+00 -8.449597954750061035e-01 -1.273589372634887695e+00 1.161258816719055176e+00 4.508112967014312744e-01 2.134637594223022461e+00
2.125155210494995117e+00 -5.161057114601135254e-01 -7.845760583877563477e-01 6.676517724990844727e-01 -1.399668335914611816e+00 -7.845628261566162109e-01 -1.199802994728088379e+00 1.191739559173583984e+00 4.915007650852203369e-01 2.168966293334960938e+00
2.287746906280517578e+00 -4.947993159294128418e-01 -7.983337044715881348e-01 5.843568444252014160e-01 -1.554558634757995605e+00 -8.701518774032592773e-01 -1.329070687294006348e+00 1.107355594635009766e+00 4.595156908035278320e-01 2.186581134796142578e+00
2.308352231979370117e+00 -6.826885938644409180e-01 -8.172883987426757812e-01 6.239212751388549805e-01 -1.437196612358093262e+00 -9.174010157585144043e-01 -1.314164876937866211e+00 9.393922090530395508e-01 5.132113695144653320e-01 2.075556278228759766e+00
2.116007328033447266e+00 -5.170894265174865723e-01 -7.299274206161499023e-01 6.890023946762084961e-01 -1.391209483146667480e+00 -8.207404613494873047e-01 -1.192463994026184082e+00 1.127928614616394043e+00 5.373520851135253906e-01 2.274824380874633789e+00
1.708101034164428711e+00 -8.023891448974609375e-01 2.531376361846923828e+00 5.015572071075439453e+00 -8.030095696449279785e-01 -6.190424919128417969e+00 -1.901195883750915527e+00 7.413760423660278320e-01 3.163240432739257812e+00 -1.780791163444519043e+00
9.745600819587707520e-01 1.387565582990646362e-01 -5.008391380310058594e+00 1.992111504077911377e-01 -5.835840702056884766e-01 -4.655944824218750000e+00 -1.212974786758422852e+00 4.889646530151367188e+00 3.214769363403320312e+00 -2.999164342880249023e+00
3.940691232681274414e+00 -2.625143051147460938e+00 -5.051241874694824219e+00 -1.595189332962036133e+00 -1.252898812294006348e+00 -4.108666896820068359e+00 1.180441021919250488e+00 8.002750396728515625e+00 2.093742609024047852e+00 -4.605453968048095703e+00
-1.143546581268310547e+00 1.782665967941284180e+00 -4.623719215393066406e+00 -4.203069210052490234e+00 -8.197960257530212402e-01 -8.888602256774902344e-01 4.883305430412292480e-01 3.906548261642456055e+00 -2.761112749576568604e-01 7.549251914024353027e-01
-4.310616970062255859e+00 3.389516830444335938e+00 -2.103495121002197266e+00 -3.665365219116210938e+00 -3.826956987380981445e+00 -8.913124203681945801e-01 -1.236039638519287109e+00 -1.737047791481018066e+00 -2.728330612182617188e+00 3.838256120681762695e+00
-1.624585628509521484e+00 2.052862644195556641e+00 4.909647464752197266e+00 -1.806758642196655273e-01 1.852181911468505859e+00 -4.894065380096435547e+00 2.321549177169799805e+00 -2.074946403503417969e+00 1.759620904922485352e+00 2.465155601501464844e+00
-1.754483819007873535e+00 3.095262765884399414e+00 2.266212701797485352e+00 6.716258525848388672e-01 2.485714197158813477e+00 -2.538549423217773438e+00 -2.817237854003906250e+00 -2.380820989608764648e+00 -2.495519399642944336e+00 -8.842039108276367188e-01
-2.889348745346069336e+00 1.175779104232788086e+00 -1.497474670410156250e+00 9.032052159309387207e-01 1.903843283653259277e+00 -1.167407155036926270e+00 2.368608474731445312e+00 -1.411442041397094727e+00 -1.294997572898864746e+00 -1.788180023431777954e-01
4.174130439758300781e+00 -4.321448802947998047e+00 2.642532348632812500e+00 -2.153605073690414429e-01 2.191982507705688477e+00 1.784130930900573730e+00 2.221687555313110352e+00 3.210501909255981445e+00 2.880684137344360352e+00 9.776265621185302734e-01
1.158823728561401367e+00 -8.450191020965576172e-01 -2.759851932525634766e+00 -3.518196940422058105e-01 -2.817643642425537109e+00 -1.451269626617431641e+00 -1.073407888412475586e+00 -1.371411919593811035e+00 -5.259901881217956543e-01 -2.250694036483764648e+00
2.021968841552734375e+00 4.356578350067138672e+00 -1.883547008037567139e-01 4.636544883251190186e-01 1.267533540725708008e+00 4.018705368041992188e+00 2.829962253570556641e+00 9.833508729934692383e-01 -2.496531724929809570e+00 -5.197080373764038086e-01
3.831299543380737305e-01 4.820365309715270996e-01 -1.397081971168518066e+00 -1.219876170158386230e+00 2.502212524414062500e-01 -1.471702337265014648e+00 -1.832277894020080566e+00 -9.525058865547180176e-01 -3.126777172088623047e+00 -1.387833833694458008e+00
-3.437526702880859375e+00 -2.415686845779418945e+00 -5.429945468902587891e+00 3.758435010910034180e+00 -4.453528881072998047e+00 -5.741209164261817932e-02 7.166974544525146484e+00 1.855946063995361328e+00 -5.092837333679199219e+00 1.001095294952392578e+00
2.157352685928344727e+00 2.863733768463134766e+00 -1.035942316055297852e+00 -2.837844610214233398e+00 4.463662147521972656e+00 5.397940874099731445e-01 1.801882028579711914e+00 1.637110233306884766e+00 -3.003013610839843750e+00 -3.279742956161499023e+00
-2.746102333068847656e+00 -1.639970898628234863e+00 1.302510261535644531e+00 -2.270180284976959229e-01 -6.227401494979858398e-01 1.940778791904449463e-01 3.605594038963317871e-01 9.990250468254089355e-01 -1.274203211069107056e-01 -3.063359737396240234e+00
4.169574260711669922e+00 -3.862807273864746094e+00 1.448908090591430664e+00 -2.033523917198181152e-01 3.274196386337280273e-01 1.771949082612991333e-01 2.950819015502929688e+00 1.993890523910522461e+00 -1.153101325035095215e+00 -8.818700313568115234e-01
-1.466490507125854492e+00 -2.080105304718017578e+00 -3.480639457702636719e+00 6.541345119476318359e+00 4.485709667205810547e+00 -6.974674224853515625e+00 4.214461803436279297e+00 -1.230934858322143555e+00 -5.725933313369750977e-01 9.600672721862792969e+00
3.179402053356170654e-01 3.221951723098754883e+00 -1.762944340705871582e+00 -3.125864267349243164e-01 -5.289657592773437500e+00 5.976198673248291016e+00 -2.581640720367431641e+00 -3.791088104248046875e+00 1.760822892189025879e+00 -3.727010011672973633e+00
2.872629880905151367e+00 -1.338956952095031738e+00 -1.123620390892028809e+00 1.042654037475585938e+00 -1.855139851570129395e+00 -1.890460252761840820e+00 -2.513599395751953125e+00 2.024981260299682617e+00 7.482069730758666992e-01 2.033082723617553711e+00
-6.442921161651611328e-01 3.455732464790344238e-01 3.125552415847778320e+00 9.399222135543823242e-01 -4.656513035297393799e-01 -3.224926233291625977e+00 4.018371105194091797e+00 1.455053806304931641e+00 4.731887340545654297e+00 9.395973086357116699e-01
4.397429466247558594e+00 -1.821756064891815186e-01 -1.908139944076538086e+00 -7.643743753433227539e-01 -5.852537155151367188e-01 -1.441689729690551758e+00 -4.472923278808593750e+00 2.465067625045776367e+00 1.052802324295043945e+00 2.495671272277832031e+00
1.820876240730285645e+00 1.763130068778991699e+00 -1.347275614738464355e+00 1.759649664163589478e-01 -6.945873498916625977e-01 -2.185953110456466675e-01 -3.907107114791870117e+00 2.143811225891113281e+00 3.987712413072586060e-02 2.197797775268554688e+00
2.639118194580078125e+00 -1.590749144554138184e+00 -3.041152238845825195e+00 -1.956308722496032715e+00 -1.927597403526306152e+00 -1.548521995544433594e+00 -2.128378391265869141e+00 2.041396856307983398e+00 -5.558790564537048340e-01 1.197952032089233398e+00
