-1.648052215576171875e+00
-6.450683474540710449e-01
-6.116193532943725586e-02
8.437652587890625000e-01
2.097257375717163086e+00
2.142189443111419678e-01
7.541469931602478027e-01
-2.298184394836425781e+00
-7.465709447860717773e-01
2.242566347122192383e+00
-9.560402631759643555e-01
-6.853585839271545410e-01
-9.395855665206909180e-02
1.561383008956909180e-01
1.356428027153015137e+00
-1.084232449531555176e+00
-8.494084477424621582e-01
-1.593219280242919922e+00
-6.066517904400825500e-02
9.109205603599548340e-01
8.510562181472778320e-01
-1.670366644859313965e+00
-2.141957730054855347e-01
-6.493160724639892578e-01
-4.439119815826416016e+00
1.447799205780029297e+00
2.299489259719848633e+00
2.304061651229858398e+00
8.906490206718444824e-01
-7.271370887756347656e-01
