-2.810449898242950439e-01
2.932679653167724609e+00
1.133070588111877441e+00
3.908310532569885254e-01
-2.092305898666381836e+00
1.732995867729187012e+00
-1.095552206039428711e+00
9.355828166007995605e-01
-1.394118785858154297e+00
3.229590892791748047e+00
3.147865772247314453e+00
-1.000109672546386719e+00
4.323006868362426758e-01
-3.656151145696640015e-02
-7.246327996253967285e-01
-1.734431505203247070e+00
-6.983079314231872559e-01
8.098104000091552734e-01
-1.555719524621963501e-01
1.547632217407226562e+00
1.014220237731933594e+00
-1.191215038299560547e+00
-8.688941001892089844e-01
-1.148880958557128906e+00
8.804196119308471680e-01
1.140483379364013672e+00
-1.087330747395753860e-04
4.130306541919708252e-01
-5.765702724456787109e-01
-1.294706463813781738e+00
-5.262679457664489746e-01
7.337273955345153809e-01
-7.335773110389709473e-01
1.249365568161010742e+00
8.746401667594909668e-01
2.549775503575801849e-02
7.254593968391418457e-01
-6.260744929313659668e-01
-2.176162451505661011e-01
5.647200718522071838e-02
2.270064830780029297e+00
1.994019627571105957e+00
6.640515923500061035e-01
-5.711495280265808105e-01
-1.039365649223327637e+00
-3.056776523590087891e+00
1.917805910110473633e+00
1.294302463531494141e+00
5.782198905944824219e-01
3.013076484203338623e-01
2.356008291244506836e+00
-1.226622223854064941e+00
2.235846996307373047e+00
-6.253318786621093750e-01
-5.770570039749145508e-01
2.559045255184173584e-01
1.066719532012939453e+00
3.353504464030265808e-03
6.035474538803100586e-01
1.082073569297790527e+00
2.238793373107910156e+00
-2.185902833938598633e+00
2.507644176483154297e+00
4.139824211597442627e-01
1.981807798147201538e-01
-2.125797420740127563e-01
-1.371044635772705078e+00
-4.706677198410034180e-01
-7.560255527496337891e-01
1.639912605285644531e+00
-1.903976321220397949e+00
-2.162613868713378906e+00
-4.699242413043975830e-01
-2.992137968540191650e-01
-2.776313424110412598e-01
1.175639629364013672e-01
-4.132304191589355469e-01
-1.579548716545104980e+00
-9.867693781852722168e-01
2.784049510955810547e+00
