-8.219239115715026855e-01
2.021124601364135742e+00
6.280893087387084961e-01
1.102626323699951172e-01
6.569059491157531738e-01
5.984156206250190735e-02
2.296548187732696533e-01
4.222335293889045715e-02
-4.971198439598083496e-01
2.677948772907257080e-01
7.537108063697814941e-01
1.470373034477233887e+00
-1.435500144958496094e+00
-2.746921300888061523e+00
-1.268505692481994629e+00
2.581958174705505371e-01
6.411547064781188965e-01
-4.092527329921722412e-01
-5.981084108352661133e-01
-1.258864521980285645e+00
-1.587662458419799805e+00
2.066674709320068359e+00
-1.181631803512573242e+00
-1.175141930580139160e+00
-6.757218241691589355e-01
-1.609810233116149902e+00
6.422277092933654785e-01
1.361428260803222656e+00
1.833404779434204102e+00
-1.767683625221252441e+00
