-1.467684388160705566e+00
8.319087982177734375e+00
5.990970611572265625e+00
-5.086399555206298828e+00
4.378402531147003174e-01
-1.583351850509643555e+00
-1.896967887878417969e+00
3.519583463668823242e+00
4.380153179168701172e+00
8.527780532836914062e+00
4.293704509735107422e+00
1.734086990356445312e+00
6.396045207977294922e+00
3.019111633300781250e+00
-8.522284507751464844e+00
-4.126954078674316406e+00
-6.752978324890136719e+00
1.059996932744979858e-01
-9.228836059570312500e+00
3.929291725158691406e+00
-7.099548816680908203e+00
2.438975095748901367e+00
-3.253133773803710938e+00
2.645607888698577881e-01
5.912823677062988281e+00
-4.300692081451416016e+00
9.301207542419433594e+00
8.106052398681640625e+00
-8.081786036491394043e-01
4.732940196990966797e-01
9.934519767761230469e+00
3.765380680561065674e-01
-7.694831848144531250e+00
-3.386598825454711914e+00
1.722580909729003906e+01
4.277042388916015625e+00
7.366250991821289062e+00
-9.289692878723144531e+00
-3.939823627471923828e+00
-8.709265708923339844e+00
