-2.740192115306854248e-01 3.036530017852783203e-01
4.484913349151611328e-01 1.114994361996650696e-01
-6.261812448501586914e-01 -2.339698672294616699e-01
1.291250228881835938e+00 -8.092166185379028320e-01
3.676809966564178467e-01 1.117012929171323776e-03
-4.888305813074111938e-02 4.016979932785034180e-01
1.354386329650878906e+00 6.230069398880004883e-01
-2.400226891040802002e-01 -6.850875020027160645e-01
-1.999842375516891479e-01 -6.034302115440368652e-01
3.061692416667938232e-01 9.378234744071960449e-01
3.563181459903717041e-01 7.176496386528015137e-01
-6.305626630783081055e-01 -1.144606024026870728e-01
-5.794363617897033691e-01 6.542033702135086060e-02
-3.075394034385681152e-01 -6.241827607154846191e-01
-3.422867357730865479e-01 1.501793116331100464e-01
-8.812789320945739746e-01 -6.385171413421630859e-01
1.189961075782775879e+00 7.518248558044433594e-01
-8.115919828414916992e-01 -1.748832911252975464e-01
-9.983742237091064453e-01 -1.392000555992126465e+00
2.522221505641937256e-01 7.991883158683776855e-01
4.356344938278198242e-01 6.885031461715698242e-01
-1.134343147277832031e+00 -1.737364381551742554e-01
2.270041778683662415e-02 -3.415820300579071045e-01
-1.149208307266235352e+00 -7.479635477066040039e-01
-2.191405296325683594e-01 3.713795244693756104e-01
1.028187990188598633e+00 5.888236165046691895e-01
-1.386661887168884277e+00 -9.482851624488830566e-01
7.965546846389770508e-01 3.289825022220611572e-01
1.043563842773437500e+00 6.631349325180053711e-01
-5.323607325553894043e-01 -1.054169058799743652e+00
-1.580424904823303223e-01 -7.009776234626770020e-01
5.277727842330932617e-01 1.014706254005432129e+00
7.666404843330383301e-01 5.170468688011169434e-01
3.360252976417541504e-01 -4.177361130714416504e-01
1.908434182405471802e-01 5.751437544822692871e-01
3.847913444042205811e-01 7.343716174364089966e-02
1.431676447391510010e-01 5.518127083778381348e-01
-1.568601876497268677e-01 -5.981816649436950684e-01
-5.544371604919433594e-01 -4.210509825497865677e-03
5.963280797004699707e-01 9.127966761589050293e-01
-8.396822214126586914e-01 -1.136896848678588867e+00
-3.587267100811004639e-01 1.062399819493293762e-01
-2.155238538980484009e-01 -6.986868381500244141e-01
-5.072867274284362793e-01 -1.736641526222229004e-01
-1.428070943802595139e-02 -5.023391246795654297e-01
-4.501551985740661621e-01 -8.861473202705383301e-01
9.617109298706054688e-01 4.095298945903778076e-01
7.632212042808532715e-01 1.081528306007385254e+00
1.185339093208312988e+00 5.260006189346313477e-01
1.816658228635787964e-01 -1.708019673824310303e-01
1.707826554775238037e-02 5.496360063552856445e-01
6.175856590270996094e-01 2.691292762756347656e-01
6.827258467674255371e-01 -5.222972109913825989e-02
1.090748071670532227e+00 1.390694022178649902e+00
-1.108782172203063965e+00 -7.516076564788818359e-01
-5.079962611198425293e-01 -1.240331754088401794e-01
4.529546797275543213e-01 -3.696577847003936768e-01
1.015208587050437927e-01 4.576573669910430908e-01
-1.084292903542518616e-01 5.722562670707702637e-01
3.279428482055664062e-01 7.566632032394409180e-01
