1.999162286520004272e-01 5.416973233222961426e-01
-1.201789006590843201e-01 2.152508497238159180e-01
6.147794723510742188e-01 3.073849081993103027e-01
7.474504411220550537e-02 1.866025626659393311e-01
7.709265351295471191e-01 3.519995808601379395e-01
-3.391927182674407959e-01 1.838154643774032593e-01
4.671605229377746582e-01 7.218540310859680176e-01
-4.149341583251953125e-01 -1.189002916216850281e-01
1.564944535493850708e-01 3.625419437885284424e-01
1.744491219520568848e+00 -2.017985880374908447e-01
-3.657111823558807373e-01 -1.138070821762084961e-01
5.350111126899719238e-01 2.452322244644165039e-01
6.579052805900573730e-01 1.005771756172180176e+00
-1.408063322305679321e-01 2.904345393180847168e-01
3.388206064701080322e-01 6.143478155136108398e-01
-5.008195638656616211e-01 -5.577887594699859619e-02
-2.580726742744445801e-01 -5.938785076141357422e-01
-2.934735715389251709e-01 -3.912980854511260986e-02
-9.776576608419418335e-02 2.490641176700592041e-01
9.218838065862655640e-02 -2.392193973064422607e-01
-6.082525849342346191e-01 -9.151570796966552734e-01
-1.541971087455749512e+00 -1.198665857315063477e+00
4.830023348331451416e-01 1.098190248012542725e-01
6.493071317672729492e-01 2.748350501060485840e-01
1.728646457195281982e-01 5.478495955467224121e-01
4.006532728672027588e-01 9.072747081518173218e-02
-5.694396793842315674e-02 1.376040875911712646e-01
1.081828117370605469e+00 7.726563215255737305e-01
-8.242341279983520508e-01 -1.074292540550231934e+00
-5.090241432189941406e-01 -7.442814111709594727e-01
-2.396556586027145386e-01 4.702098295092582703e-02
1.519368588924407959e-01 -2.979054450988769531e-01
1.139138936996459961e-01 -1.008540317416191101e-01
-1.546650379896163940e-01 2.454262971878051758e-01
3.273579776287078857e-01 1.204257011413574219e-01
4.243644475936889648e-01 9.758787602186203003e-02
4.652901738882064819e-02 3.239543735980987549e-01
3.726013600826263428e-01 5.759155154228210449e-01
-4.143724143505096436e-01 -7.339018583297729492e-01
5.331292748451232910e-01 2.016936987638473511e-01
