3.993728756904602051e-02 -3.078905344009399414e-01
-7.673060297966003418e-01 -3.921416699886322021e-01
-1.078678727149963379e+00 -5.898159146308898926e-01
5.000251531600952148e-01 8.790014684200286865e-02
-7.600364685058593750e-01 -1.166101694107055664e+00
-1.033288598060607910e+00 -5.387254357337951660e-01
-6.866684556007385254e-02 2.473268508911132812e-01
9.096333384513854980e-01 5.834631919860839844e-01
2.386580109596252441e-01 6.625099182128906250e-01
-1.653829514980316162e-01 1.005434691905975342e-01
-1.106848478317260742e+00 -7.848438620567321777e-01
9.200266599655151367e-01 4.509702920913696289e-01
-6.801473498344421387e-01 -3.535587489604949951e-01
2.472551725804805756e-02 4.304551482200622559e-01
-8.138530254364013672e-01 -1.284045100212097168e+00
7.244163155555725098e-01 2.978790104389190674e-01
-6.125848293304443359e-01 -2.088410407304763794e-01
1.655673384666442871e+00 1.303050756454467773e+00
-3.291965425014495850e-01 -3.898786008358001709e-02
3.620649576187133789e-01 1.251007020473480225e-01
-4.103381335735321045e-01 -5.282822251319885254e-02
-1.564321368932723999e-01 -5.230624079704284668e-01
2.325326204299926758e-01 6.527967453002929688e-01
1.049149870872497559e+00 6.059074401855468750e-01
-6.340458393096923828e-01 -1.890778392553329468e-01
-1.267441630363464355e+00 -8.503156900405883789e-01
2.013642638921737671e-01 -6.374546885490417480e-02
-6.156036630272865295e-02 -4.411621093750000000e-01
3.868246376514434814e-01 -4.105284810066223145e-02
-8.627485483884811401e-02 2.900549471378326416e-01
-5.959658026695251465e-01 -1.783215850591659546e-01
1.236502170562744141e+00 1.705855488777160645e+00
-1.384744882583618164e+00 -1.781015515327453613e+00
-7.009528279304504395e-01 -1.011461496353149414e+00
3.902324736118316650e-01 1.094186678528785706e-01
-6.813871860504150391e-01 -4.314342737197875977e-01
3.744350075721740723e-01 1.343548391014337540e-02
-4.704562723636627197e-01 -1.396650075912475586e-01
-9.765596985816955566e-01 -5.886877775192260742e-01
8.559870719909667969e-02 3.902532160282135010e-01
5.143998190760612488e-02 -3.781428933143615723e-01
-7.902440428733825684e-02 3.367204666137695312e-01
8.122516870498657227e-01 4.331738948822021484e-01
1.057479232549667358e-01 5.904682874679565430e-01
-6.041621789336204529e-02 2.219088524580001831e-01
1.958225369453430176e-01 -1.399454176425933838e-01
7.115051746368408203e-01 3.798738718032836914e-01
1.256018728017807007e-01 -3.000755608081817627e-01
-4.094424545764923096e-01 -5.232966691255569458e-02
6.784116625785827637e-01 1.014097809791564941e+00
-1.060839295387268066e+00 -7.020351290702819824e-01
2.761249840259552002e-01 -9.088853001594543457e-02
-5.025456845760345459e-02 -4.214544594287872314e-01
1.628912240266799927e-01 5.896480083465576172e-01
-4.261159002780914307e-01 -8.433307409286499023e-01
3.844375908374786377e-01 1.527198106050491333e-01
-5.064609646797180176e-01 -8.864161372184753418e-01
-8.921977132558822632e-02 -5.228402614593505859e-01
9.724724888801574707e-01 1.264268875122070312e+00
3.200626671314239502e-01 -1.393449399620294571e-02
