-8.286207318305969238e-01 -1.228175878524780273e+00
6.875727772712707520e-01 3.312869369983673096e-01
3.404371812939643860e-02 3.121376633644104004e-01
-8.533135652542114258e-01 -5.270127058029174805e-01
-8.017355799674987793e-01 -1.276837944984436035e+00
7.771777361631393433e-02 -1.839261204004287720e-01
1.233725309371948242e+00 8.181238770484924316e-01
-3.256149590015411377e-01 -8.812565207481384277e-01
3.709063529968261719e-01 -8.573418855667114258e-02
7.780187577009201050e-02 4.567485451698303223e-01
-6.337895393371582031e-01 -3.256467580795288086e-01
5.526626110076904297e-01 2.620502710342407227e-01
3.150052130222320557e-01 -6.817680597305297852e-02
8.888837695121765137e-01 5.079067349433898926e-01
-1.541755199432373047e-01 1.580605208873748779e-01
7.048374414443969727e-01 2.833991348743438721e-01
1.521113961935043335e-01 9.095029830932617188e-01
-4.160717427730560303e-01 -7.945372462272644043e-01
-1.357061862945556641e+00 -1.006926894187927246e+00
4.450466632843017578e-01 7.291566133499145508e-01
-1.564674973487854004e-01 2.855259478092193604e-01
6.687947511672973633e-01 9.938755631446838379e-01
5.192821621894836426e-01 -9.949085861444473267e-02
-7.513126134872436523e-01 -3.981074690818786621e-01
2.194340974092483521e-01 -1.128655895590782166e-01
-7.929586768150329590e-01 -1.040041685104370117e+00
3.556735515594482422e-01 6.909420490264892578e-01
-4.021700024604797363e-01 -6.271882653236389160e-01
1.137577652931213379e+00 1.429229617118835449e+00
-1.233193635940551758e+00 -1.585862636566162109e+00
7.478719353675842285e-01 3.249576687812805176e-01
-8.486461639404296875e-01 -1.379779577255249023e+00
4.780190289020538330e-01 8.529776334762573242e-01
8.816698193550109863e-01 1.369015455245971680e+00
-2.301479279994964600e-01 -4.778495430946350098e-01
-2.669691145420074463e-01 1.570823341608047485e-01
3.516477346420288086e-01 7.814233303070068359e-01
-1.639834642410278320e+00 -2.058362722396850586e+00
-5.128943175077438354e-02 -5.696308612823486328e-01
-3.694302216172218323e-02 -2.284184545278549194e-01
-1.070636391639709473e+00 -1.394690871238708496e+00
-5.638526380062103271e-02 2.902365028858184814e-01
-4.037271738052368164e-01 -7.028953433036804199e-01
-5.651319622993469238e-01 -7.061895728111267090e-01
4.397739097476005554e-02 3.886023163795471191e-01
-2.988348305225372314e-01 -8.879364281892776489e-02
1.828184127807617188e-01 -9.879589080810546875e-02
-1.283837914466857910e+00 -7.276230454444885254e-01
3.084972202777862549e-01 8.193308860063552856e-02
-1.682173311710357666e-01 -7.079498171806335449e-01
1.405899971723556519e-01 -1.878998428583145142e-01
4.584063291549682617e-01 6.554467976093292236e-02
-8.845295310020446777e-01 -3.976425528526306152e-01
6.138062477111816406e-01 2.609094977378845215e-01
1.004607677459716797e+00 1.559874057769775391e+00
-3.514160215854644775e-02 -5.032739043235778809e-01
5.840206742286682129e-01 9.950646013021469116e-02
-7.729724049568176270e-01 -3.026680052280426025e-01
-1.854165792465209961e+00 -1.393864750862121582e+00
3.618721961975097656e-01 7.595754265785217285e-01
