6.276383996009826660e-02 4.271972477436065674e-01
-4.385599493980407715e-01 -1.318083256483078003e-01
6.632597446441650391e-01 3.050183951854705811e-01
1.260394304990768433e-01 4.400436282157897949e-01
-3.721421211957931519e-02 -3.570153117179870605e-01
2.519647181034088135e-01 5.656279921531677246e-01
-1.040495038032531738e+00 -6.955177783966064453e-01
-6.819826364517211914e-01 -3.502671718597412109e-01
-1.058645844459533691e+00 -7.669110894203186035e-01
-7.023062109947204590e-01 -4.059990644454956055e-01
2.911328673362731934e-01 6.547036170959472656e-01
-4.118352830410003662e-01 -9.570134431123733521e-02
-7.876960933208465576e-02 2.835513353347778320e-01
4.672814309597015381e-01 7.957689762115478516e-01
2.222104370594024658e-01 5.261088609695434570e-01
1.585187196731567383e+00 1.214573383331298828e+00
-2.637162208557128906e-01 -6.553175449371337891e-01
7.195736765861511230e-01 9.269278645515441895e-01
5.646809339523315430e-01 8.955603837966918945e-01
8.203967213630676270e-01 1.154516816139221191e+00
7.486531734466552734e-01 1.070601224899291992e+00
8.129455447196960449e-01 5.236799120903015137e-01
4.740765392780303955e-01 7.574168443679809570e-01
7.808012962341308594e-01 3.620938956737518311e-01
-1.139773011207580566e+00 -1.503266453742980957e+00
-2.479641437530517578e-01 -6.464622020721435547e-01
3.432648181915283203e-01 6.166571974754333496e-01
5.355080366134643555e-01 9.241419434547424316e-01
-2.566424012184143066e-01 -5.882025957107543945e-01
1.747982054948806763e-01 -2.554629743099212646e-01
6.271737217903137207e-01 1.522507518529891968e-01
-4.566773176193237305e-01 -1.463858634233474731e-01
-5.874235033988952637e-01 -8.230611681938171387e-01
9.862794876098632812e-01 1.269163727760314941e+00
-8.290332555770874023e-01 -1.189196228981018066e+00
-7.908452749252319336e-01 -4.193480610847473145e-01
1.855936944484710693e-01 -1.590524166822433472e-01
1.324521899223327637e+00 1.074659824371337891e+00
9.918566048145294189e-02 4.018565118312835693e-01
-4.639607369899749756e-01 -9.154075980186462402e-01
-5.222867131233215332e-01 -1.785589158535003662e-01
-2.316630333662033081e-01 8.579957485198974609e-02
5.773954987525939941e-01 2.227128148078918457e-01
-2.097736448049545288e-01 9.523556381464004517e-02
-9.787877649068832397e-02 1.838081330060958862e-01
-1.835173368453979492e-01 8.081102371215820312e-02
7.910950183868408203e-01 1.066364288330078125e+00
-6.345783472061157227e-01 -9.588949680328369141e-01
2.301575243473052979e-01 -2.067544907331466675e-01
4.807175397872924805e-01 7.625153660774230957e-01
4.294549301266670227e-02 -1.917089968919754028e-01
5.200471878051757812e-01 2.389699965715408325e-01
-5.870169401168823242e-01 -3.113684654235839844e-01
8.807032108306884766e-01 5.771168470382690430e-01
1.197083473205566406e+00 9.417768716812133789e-01
-5.045571923255920410e-01 -1.018209159374237061e-01
-2.849979698657989502e-01 1.349345594644546509e-01
2.314048260450363159e-01 -1.417140513658523560e-01
-6.716068387031555176e-01 -9.768871665000915527e-01
-1.251573860645294189e-01 -5.541765093803405762e-01
7.224223017692565918e-01 3.783328235149383545e-01
-2.772886864840984344e-02 -3.214251995086669922e-01
-7.970527559518814087e-02 -4.473346471786499023e-01
-1.800919175148010254e-01 -6.078516244888305664e-01
-6.156689524650573730e-01 -3.911300301551818848e-01
-6.129509210586547852e-01 -2.964009344577789307e-01
6.821631640195846558e-02 3.713337481021881104e-01
9.775298833847045898e-02 -1.841661334037780762e-01
-2.375233918428421021e-01 4.284382238984107971e-02
-3.068518638610839844e-01 -5.790024399757385254e-01
-7.126976251602172852e-01 -1.058082103729248047e+00
-4.706069082021713257e-02 -2.591572701930999756e-01
9.725705981254577637e-01 7.069714069366455078e-01
1.315590023994445801e+00 9.827178120613098145e-01
-1.759676784276962280e-01 1.449775546789169312e-01
-5.670505762100219727e-01 -8.281741142272949219e-01
2.316385954618453979e-01 5.339331030845642090e-01
3.072049319744110107e-01 5.904110670089721680e-01
-4.613772630691528320e-01 -2.154876440763473511e-01
-3.711770102381706238e-02 -3.712078332901000977e-01
