7.437254786491394043e-01 1.451328396797180176e-01
2.729296870529651642e-02 -4.973780512809753418e-01
-2.310752421617507935e-01 -6.281579732894897461e-01
9.102388620376586914e-01 4.213533699512481689e-01
5.880134701728820801e-01 2.985716052353382111e-02
5.502097010612487793e-01 -2.439924888312816620e-02
-6.742039322853088379e-01 -1.047486290335655212e-01
1.897619217634201050e-01 -4.512805342674255371e-01
-5.907684564590454102e-01 -5.549654364585876465e-02
-7.012024521827697754e-01 -1.832389235496520996e-01
-2.364144176244735718e-01 -8.242428302764892578e-01
1.907622963190078735e-01 -3.546174168586730957e-01
7.287729978561401367e-01 8.259485661983489990e-02
-1.047695398330688477e+00 -5.102919936180114746e-01
-4.172298610210418701e-01 -8.948640823364257812e-01
-3.286093175411224365e-01 -7.559467554092407227e-01
1.094872117042541504e+00 6.524621844291687012e-01
-8.135303854942321777e-01 -1.266667127609252930e+00
1.488438487052917480e+00 8.295821547508239746e-01
-5.862066149711608887e-01 -1.193730115890502930e+00
-8.469865322113037109e-01 -2.794659733772277832e-01
-8.754076808691024780e-02 -6.578080654144287109e-01
-3.447870612144470215e-01 9.515214711427688599e-02
1.033243685960769653e-01 -3.596787750720977783e-01
1.108880519866943359e+00 4.883537888526916504e-01
-7.681744694709777832e-01 -1.263356566429138184e+00
-6.292033791542053223e-01 -1.198790907859802246e+00
1.190644621849060059e+00 1.914841175079345703e+00
-5.946956276893615723e-01 -1.382423192262649536e-01
-9.024338126182556152e-01 -3.304701745510101318e-01
