-1.116222023963928223e+00 -9.852313995361328125e-01
-3.651455640792846680e-01 -6.317767500877380371e-01
-8.738472461700439453e-01 -1.199186921119689941e+00
-2.098355442285537720e-02 -3.961260616779327393e-01
-5.353191494941711426e-01 -9.003205299377441406e-01
-9.839087724685668945e-01 -7.087390422821044922e-01
-1.215839982032775879e+00 -8.723133802413940430e-01
-4.561131894588470459e-01 -2.426072657108306885e-01
-1.895251721143722534e-01 -3.728626072406768799e-01
-1.255128622055053711e+00 -1.064972162246704102e+00
1.168309926986694336e+00 9.023776650428771973e-01
7.004413604736328125e-01 3.971692323684692383e-01
-9.444679617881774902e-01 -8.754133582115173340e-01
6.347535252571105957e-01 3.988449573516845703e-01
-1.752755194902420044e-01 -2.833784520626068115e-01
1.606660038232803345e-01 -2.455594241619110107e-01
-2.609880641102790833e-02 2.390087544918060303e-01
5.115678533911705017e-02 2.083243131637573242e-01
-1.018171757459640503e-01 3.267472088336944580e-01
4.404432773590087891e-01 7.436459064483642578e-01
-2.737585306167602539e-01 -7.695707678794860840e-01
6.109189987182617188e-01 9.384593963623046875e-01
1.875779330730438232e-01 -1.736737340688705444e-01
-2.461706474423408508e-02 2.146101444959640503e-01
-4.554178416728973389e-01 -7.594102025032043457e-01
-3.823466002941131592e-01 -6.296420842409133911e-02
7.382260262966156006e-02 -1.880919486284255981e-01
1.007600188255310059e+00 5.922860503196716309e-01
-5.620536208152770996e-01 -7.746078968048095703e-01
4.545802474021911621e-01 1.783698499202728271e-01
-5.998539328575134277e-01 -8.068580031394958496e-01
-2.508243918418884277e-01 -2.039292361587285995e-03
-1.694124937057495117e+00 -1.399993062019348145e+00
-8.755598962306976318e-02 2.290219813585281372e-01
8.432159572839736938e-02 4.260002672672271729e-01
-1.423168331384658813e-01 9.857454895973205566e-02
8.596304655075073242e-01 1.161876797676086426e+00
2.110442221164703369e-01 -8.800910413265228271e-02
8.940690159797668457e-01 5.574898123741149902e-01
-1.352334618568420410e-01 -4.708006083965301514e-01
