9.516895413398742676e-01 1.219556689262390137e+00
5.467419624328613281e-01 1.676358729600906372e-01
-3.375887274742126465e-01 4.462573677301406860e-02
9.169474244117736816e-02 3.290329575538635254e-01
-7.273424863815307617e-01 -4.762394130229949951e-01
-3.125293254852294922e-01 -4.874085485935211182e-01
-7.726563811302185059e-01 -1.059197068214416504e+00
2.128041386604309082e-01 -7.761946320533752441e-02
5.285413265228271484e-01 2.580367922782897949e-01
-1.029784321784973145e+00 -1.299539327621459961e+00
-2.096816524863243103e-02 3.021450042724609375e-01
-2.552502751350402832e-01 3.704364970326423645e-02
1.219210624694824219e-01 -1.199074089527130127e-01
1.169322013854980469e+00 8.711141347885131836e-01
2.252924293279647827e-01 -2.592957019805908203e-01
-7.859600782394409180e-01 -1.134333729743957520e+00
4.247310459613800049e-01 1.463269293308258057e-01
-1.523446887731552124e-01 2.669567763805389404e-01
-1.363168507814407349e-01 -3.784555792808532715e-01
1.438709616661071777e+00 1.201780080795288086e+00
1.382044106721878052e-01 -6.810814142227172852e-02
-5.327920913696289062e-01 -1.874861270189285278e-01
-5.398386120796203613e-01 -7.446478009223937988e-01
-3.069974780082702637e-01 -7.414064407348632812e-01
3.585821688175201416e-01 3.086149320006370544e-02
3.456369042396545410e-01 6.066748499870300293e-01
-6.047226190567016602e-01 -3.969908952713012695e-01
-5.510147809982299805e-01 -8.334755897521972656e-01
-2.874923646450042725e-01 -5.183948874473571777e-01
1.536872535943984985e-01 -3.776583969593048096e-01
-1.249895468354225159e-01 1.984202712774276733e-01
-3.200716078281402588e-01 -5.769017338752746582e-01
7.181143164634704590e-01 4.404081702232360840e-01
6.272596120834350586e-01 7.889056801795959473e-01
3.853171467781066895e-01 1.424133591353893280e-02
9.608579277992248535e-01 6.856317520141601562e-01
2.599150836467742920e-01 5.751084685325622559e-01
1.236588478088378906e+00 1.053072810173034668e+00
1.239660903811454773e-01 5.541073679924011230e-01
-3.714744746685028076e-01 -6.092067956924438477e-01
4.134530425071716309e-01 6.862515807151794434e-01
-7.041250467300415039e-01 -8.771620392799377441e-01
1.748729050159454346e-01 4.627485275268554688e-01
6.112970113754272461e-01 9.539058208465576172e-01
2.051427960395812988e-01 -4.323310684412717819e-03
-1.196250796318054199e+00 -9.002211093902587891e-01
2.327530086040496826e-01 5.379065871238708496e-01
-1.252187639474868774e-01 1.659315824508666992e-01
1.147274626418948174e-03 -1.350755691528320312e-01
4.042935371398925781e-02 -2.895086109638214111e-01
-7.788895368576049805e-01 -5.052978992462158203e-01
9.766187667846679688e-01 6.231153011322021484e-01
4.490906596183776855e-01 7.066283822059631348e-01
1.834129095077514648e-01 5.403438210487365723e-01
8.132748007774353027e-01 3.620589375495910645e-01
3.113483488559722900e-01 5.086014866828918457e-01
5.568321347236633301e-01 8.592476248741149902e-01
-2.854572832584381104e-01 1.175290793180465698e-01
2.063386589288711548e-01 -1.428139358758926392e-01
3.989965617656707764e-01 1.182593554258346558e-01
