0.47265625 0.5039988160133362 1018.0 11757.0 12342.0 1391.0
0.8046875 0.815980076789856 738.0 3207.0 20892.0 1671.0
0.84765625 0.8414063453674316 817.0 2612.0 21487.0 1592.0
0.861328125 0.8654745817184448 809.0 1966.0 22133.0 1600.0
0.890625 0.8854308128356934 761.0 1389.0 22710.0 1648.0
0.89453125 0.8986343741416931 702.0 980.0 23119.0 1707.0
0.91015625 0.9024068117141724 693.0 871.0 23228.0 1716.0
0.912109375 0.9044061899185181 684.0 809.0 23290.0 1725.0
0.908203125 0.9056511521339417 725.0 817.0 23282.0 1684.0
0.8984375 0.9054625034332275 761.0 858.0 23241.0 1648.0
0.916015625 0.9071601033210754 759.0 811.0 23288.0 1650.0
0.912109375 0.9060283899307251 794.0 876.0 23223.0 1615.0
0.90234375 0.9060661196708679 804.0 885.0 23214.0 1605.0
0.91796875 0.9062547087669373 821.0 897.0 23202.0 1588.0
0.904296875 0.9051607251167297 839.0 944.0 23155.0 1570.0
0.912109375 0.9054625034332275 850.0 947.0 23152.0 1559.0
0.900390625 0.9054247736930847 846.0 944.0 23155.0 1563.0
0.892578125 0.9049343466758728 871.0 982.0 23117.0 1538.0
0.884765625 0.9054625034332275 927.0 1024.0 23075.0 1482.0
0.921875 0.9044061899185181 912.0 1037.0 23062.0 1497.0
0.923828125 0.9046702980995178 930.0 1048.0 23051.0 1479.0
0.892578125 0.9060283899307251 923.0 1005.0 23094.0 1486.0
0.923828125 0.905575692653656 928.0 1022.0 23077.0 1481.0
0.90625 0.9040666818618774 960.0 1094.0 23005.0 1449.0
0.908203125 0.9057265520095825 957.0 1047.0 23052.0 1452.0
0.908203125 0.9064810872077942 957.0 1027.0 23072.0 1452.0
0.92578125 0.9072355628013611 960.0 1010.0 23089.0 1449.0
0.919921875 0.9047080278396606 973.0 1090.0 23009.0 1436.0
0.90234375 0.9054247736930847 987.0 1085.0 23014.0 1422.0
0.908203125 0.9075750708580017 954.0 995.0 23104.0 1455.0
0.92578125 0.9084427356719971 944.0 962.0 23137.0 1465.0
0.935546875 0.9088199734687805 960.0 968.0 23131.0 1449.0
0.91796875 0.9092726707458496 959.0 955.0 23144.0 1450.0
0.927734375 0.9089708924293518 962.0 966.0 23133.0 1447.0
0.91796875 0.9094235897064209 988.0 980.0 23119.0 1421.0
0.9140625 0.9109325408935547 967.0 919.0 23180.0 1442.0
0.912109375 0.9089708924293518 1006.0 1010.0 23089.0 1403.0
0.91015625 0.9105553030967712 996.0 958.0 23141.0 1413.0
0.916015625 0.9099894165992737 996.0 973.0 23126.0 1413.0
0.91015625 0.9103666543960571 1003.0 970.0 23129.0 1406.0
0.916015625 0.9111966490745544 1007.0 952.0 23147.0 1402.0
0.92578125 0.9100648760795593 1018.0 993.0 23106.0 1391.0
0.91015625 0.9107816219329834 1019.0 975.0 23124.0 1390.0
0.9140625 0.9099894165992737 1001.0 978.0 23121.0 1408.0
0.90625 0.9094235897064209 1040.0 1032.0 23067.0 1369.0
0.912109375 0.9093104004859924 1043.0 1038.0 23061.0 1366.0
0.908203125 0.9090086221694946 1053.0 1056.0 23043.0 1356.0
0.9296875 0.9102157950401306 1054.0 1025.0 23074.0 1355.0
0.9296875 0.9097253680229187 1045.0 1029.0 23070.0 1364.0
0.912109375 0.9114984273910522 1027.0 964.0 23135.0 1382.0
0.8984375 0.9098008275032043 1039.0 1021.0 23078.0 1370.0
0.912109375 0.9109702706336975 1039.0 990.0 23109.0 1370.0
0.900390625 0.9094613194465637 1063.0 1054.0 23045.0 1346.0
0.923828125 0.9109325408935547 1035.0 987.0 23112.0 1374.0
0.9296875 0.9101780652999878 1060.0 1032.0 23067.0 1349.0
0.912109375 0.9093104004859924 1055.0 1050.0 23049.0 1354.0
0.927734375 0.9096499085426331 1074.0 1060.0 23039.0 1335.0
0.916015625 0.9114229679107666 1048.0 987.0 23112.0 1361.0
0.927734375 0.9113852381706238 1055.0 995.0 23104.0 1354.0
0.919921875 0.9111211895942688 1024.0 971.0 23128.0 1385.0
0.91015625 0.9110080003738403 1081.0 1031.0 23068.0 1328.0
0.91796875 0.9119133949279785 1065.0 991.0 23108.0 1344.0
0.912109375 0.9119511246681213 1089.0 1014.0 23085.0 1320.0
0.916015625 0.9104421138763428 1082.0 1047.0 23052.0 1327.0
0.900390625 0.9114606976509094 1098.0 1036.0 23063.0 1311.0
0.927734375 0.9128187894821167 1053.0 955.0 23144.0 1356.0
0.904296875 0.9109325408935547 1097.0 1049.0 23050.0 1312.0
0.919921875 0.9114984273910522 1097.0 1034.0 23065.0 1312.0
0.93359375 0.912743330001831 1073.0 977.0 23122.0 1336.0
0.91015625 0.9109325408935547 1098.0 1050.0 23049.0 1311.0
0.9140625 0.9111966490745544 1113.0 1058.0 23041.0 1296.0
0.9140625 0.9109702706336975 1105.0 1056.0 23043.0 1304.0
0.91015625 0.9115738868713379 1096.0 1031.0 23068.0 1313.0
0.912109375 0.9116492867469788 1116.0 1049.0 23050.0 1293.0
0.91015625 0.9117247462272644 1108.0 1039.0 23060.0 1301.0
0.912109375 0.9134223461151123 1109.0 995.0 23104.0 1300.0
0.919921875 0.9128942489624023 1118.0 1018.0 23081.0 1291.0
0.927734375 0.9136864542961121 1108.0 987.0 23112.0 1301.0
0.91796875 0.9118379354476929 1131.0 1059.0 23040.0 1278.0
0.8984375 0.9118379354476929 1136.0 1064.0 23035.0 1273.0
0.919921875 0.9129696488380432 1105.0 1003.0 23096.0 1304.0
0.919921875 0.9135355353355408 1138.0 1021.0 23078.0 1271.0
0.92578125 0.9138750433921814 1095.0 969.0 23130.0 1314.0
0.904296875 0.9106684923171997 1136.0 1095.0 23004.0 1273.0
0.916015625 0.9117624759674072 1143.0 1073.0 23026.0 1266.0
0.904296875 0.9121774435043335 1152.0 1071.0 23028.0 1257.0
0.921875 0.9132714867591858 1149.0 1039.0 23060.0 1260.0
0.9140625 0.9116492867469788 1145.0 1078.0 23021.0 1264.0
0.91796875 0.9128565192222595 1146.0 1047.0 23052.0 1263.0
0.93359375 0.9113097786903381 1150.0 1092.0 23007.0 1259.0
0.9375 0.9125169515609741 1155.0 1065.0 23034.0 1254.0
0.90625 0.9117247462272644 1148.0 1079.0 23020.0 1261.0
0.92578125 0.910857081413269 1174.0 1128.0 22971.0 1235.0
0.9140625 0.9118756651878357 1164.0 1091.0 23008.0 1245.0
0.916015625 0.9128187894821167 1170.0 1072.0 23027.0 1239.0
0.912109375 0.9116870164871216 1170.0 1102.0 22997.0 1239.0
0.927734375 0.9125546813011169 1145.0 1054.0 23045.0 1264.0
0.919921875 0.9111589193344116 1182.0 1128.0 22971.0 1227.0
0.90234375 0.9105553030967712 1188.0 1150.0 22949.0 1221.0
0.916015625 0.913007378578186 1157.0 1054.0 23045.0 1252.0
0.919921875 0.9116116166114807 1182.0 1116.0 22983.0 1227.0
0.931640625 0.9124415516853333 1174.0 1086.0 23013.0 1235.0
0.91796875 0.9127056002616882 1175.0 1080.0 23019.0 1234.0
0.919921875 0.9119133949279785 1186.0 1112.0 22987.0 1223.0
0.9296875 0.9114229679107666 1204.0 1143.0 22956.0 1205.0
0.927734375 0.9132714867591858 1199.0 1089.0 23010.0 1210.0
0.912109375 0.9134223461151123 1187.0 1073.0 23026.0 1222.0
0.9375 0.9136487245559692 1156.0 1036.0 23063.0 1253.0
0.90625 0.9134223461151123 1178.0 1064.0 23035.0 1231.0
0.896484375 0.9121774435043335 1187.0 1106.0 22993.0 1222.0
0.91796875 0.912290632724762 1190.0 1106.0 22993.0 1219.0
0.927734375 0.9131582975387573 1194.0 1087.0 23012.0 1215.0
0.91796875 0.9139127731323242 1179.0 1052.0 23047.0 1230.0
0.9140625 0.913007378578186 1183.0 1080.0 23019.0 1226.0
0.90234375 0.912026584148407 1169.0 1092.0 23007.0 1240.0
0.919921875 0.9133092164993286 1205.0 1094.0 23005.0 1204.0
0.9140625 0.9131582975387573 1194.0 1087.0 23012.0 1215.0
0.923828125 0.9125924110412598 1214.0 1122.0 22977.0 1195.0
0.904296875 0.9125546813011169 1183.0 1092.0 23007.0 1226.0
0.9296875 0.9136864542961121 1204.0 1083.0 23016.0 1205.0
0.9140625 0.9137241840362549 1187.0 1065.0 23034.0 1222.0
0.919921875 0.9141014218330383 1182.0 1050.0 23049.0 1227.0
0.904296875 0.9110080003738403 1244.0 1194.0 22905.0 1165.0
0.927734375 0.9126678705215454 1202.0 1108.0 22991.0 1207.0
0.90234375 0.9131582975387573 1208.0 1101.0 22998.0 1201.0
0.921875 0.914893627166748 1202.0 1049.0 23050.0 1207.0
0.912109375 0.9142522811889648 1203.0 1067.0 23032.0 1206.0
0.921875 0.9132714867591858 1210.0 1100.0 22999.0 1199.0
0.923828125 0.9157235622406006 1184.0 1009.0 23090.0 1225.0
0.92578125 0.9134223461151123 1227.0 1113.0 22986.0 1182.0
0.93359375 0.9129319190979004 1219.0 1118.0 22981.0 1190.0
0.921875 0.9137995839118958 1216.0 1092.0 23007.0 1193.0
0.9296875 0.9134223461151123 1211.0 1097.0 23002.0 1198.0
0.91796875 0.9127810597419739 1206.0 1109.0 22990.0 1203.0
0.91015625 0.9137995839118958 1220.0 1096.0 23003.0 1189.0
0.919921875 0.912743330001831 1245.0 1149.0 22950.0 1164.0
0.9140625 0.9126301407814026 1248.0 1155.0 22944.0 1161.0
0.9375 0.9136487245559692 1238.0 1118.0 22981.0 1171.0
0.91015625 0.9132714867591858 1222.0 1112.0 22987.0 1187.0
0.91015625 0.9137241840362549 1227.0 1105.0 22994.0 1182.0
0.9140625 0.9135732650756836 1241.0 1123.0 22976.0 1168.0
0.91796875 0.9147427082061768 1232.0 1083.0 23016.0 1177.0
0.916015625 0.9131960272789001 1255.0 1147.0 22952.0 1154.0
0.916015625 0.915157675743103 1211.0 1051.0 23048.0 1198.0
0.93359375 0.9146672487258911 1217.0 1070.0 23029.0 1192.0
0.91796875 0.9145163893699646 1236.0 1093.0 23006.0 1173.0
0.9140625 0.9141014218330383 1235.0 1103.0 22996.0 1174.0
0.92578125 0.9141014218330383 1254.0 1122.0 22977.0 1155.0
0.91015625 0.914176881313324 1245.0 1111.0 22988.0 1164.0
0.90234375 0.9145541191101074 1238.0 1094.0 23005.0 1171.0
0.9296875 0.913007378578186 1244.0 1141.0 22958.0 1165.0
0.896484375 0.9152331352233887 1203.0 1041.0 23058.0 1206.0
0.91015625 0.9147049784660339 1242.0 1094.0 23005.0 1167.0
0.921875 0.913950502872467 1244.0 1116.0 22983.0 1165.0
0.8984375 0.9148181676864624 1245.0 1094.0 23005.0 1164.0
0.91796875 0.9150068163871765 1253.0 1097.0 23002.0 1156.0
