0.62109375 0.6185680031776428 734.0 8436.0 15663.0 1675.0
0.8955078125 0.887920618057251 1004.0 1566.0 22533.0 1405.0
0.8857421875 0.884563148021698 1141.0 1792.0 22307.0 1268.0
0.8720703125 0.8826014995574951 1258.0 1961.0 22138.0 1151.0
0.8857421875 0.8850535750389099 1333.0 1971.0 22128.0 1076.0
0.876953125 0.886713445186615 1358.0 1952.0 22147.0 1051.0
0.904296875 0.894371509552002 1299.0 1690.0 22409.0 1110.0
0.9033203125 0.8930511474609375 1392.0 1818.0 22281.0 1017.0
0.91796875 0.8910517692565918 1416.0 1895.0 22204.0 993.0
0.8935546875 0.8961822986602783 1379.0 1722.0 22377.0 1030.0
0.8955078125 0.8891655206680298 1481.0 2010.0 22089.0 928.0
0.8935546875 0.8967104554176331 1435.0 1764.0 22335.0 974.0
0.89453125 0.8976912498474121 1467.0 1770.0 22329.0 942.0
0.890625 0.8959181904792786 1459.0 1809.0 22290.0 950.0
0.904296875 0.890787661075592 1467.0 1953.0 22146.0 942.0
0.9033203125 0.8936547636985779 1492.0 1902.0 22197.0 917.0
0.904296875 0.8939565420150757 1543.0 1945.0 22154.0 866.0
0.90234375 0.8941451907157898 1565.0 1962.0 22137.0 844.0
0.8984375 0.9005582928657532 1498.0 1725.0 22374.0 911.0
0.8984375 0.8951637148857117 1570.0 1940.0 22159.0 839.0
0.9013671875 0.8954278230667114 1576.0 1939.0 22160.0 833.0
0.9267578125 0.89938884973526 1526.0 1784.0 22315.0 883.0
0.8974609375 0.9049343466758728 1519.0 1630.0 22469.0 890.0
0.904296875 0.89938884973526 1560.0 1818.0 22281.0 849.0
0.9033203125 0.8988984227180481 1592.0 1863.0 22236.0 817.0
0.8935546875 0.8902972936630249 1627.0 2126.0 21973.0 782.0
0.896484375 0.8978421688079834 1592.0 1891.0 22208.0 817.0
0.9111328125 0.8948619365692139 1582.0 1960.0 22139.0 827.0
0.91015625 0.8987852931022644 1568.0 1842.0 22257.0 841.0
0.8994140625 0.9021427631378174 1564.0 1749.0 22350.0 845.0
0.9150390625 0.8983703255653381 1602.0 1887.0 22212.0 807.0
0.9033203125 0.8994265794754028 1600.0 1857.0 22242.0 809.0
0.916015625 0.9027085900306702 1586.0 1756.0 22343.0 823.0
0.912109375 0.9037271738052368 1603.0 1746.0 22353.0 806.0
0.92578125 0.9055379629135132 1602.0 1697.0 22402.0 807.0
0.9208984375 0.9044061899185181 1589.0 1714.0 22385.0 820.0
0.916015625 0.9002942442893982 1617.0 1851.0 22248.0 792.0
0.8916015625 0.8991625308990479 1623.0 1887.0 22212.0 786.0
0.912109375 0.8998038172721863 1616.0 1863.0 22236.0 793.0
0.923828125 0.9062547087669373 1608.0 1684.0 22415.0 801.0
0.912109375 0.9002565145492554 1641.0 1876.0 22223.0 768.0
0.9091796875 0.9063678979873657 1611.0 1684.0 22415.0 798.0
0.9189453125 0.9028217792510986 1658.0 1825.0 22274.0 751.0
0.9208984375 0.9025200009346008 1622.0 1797.0 22302.0 787.0
0.9091796875 0.9043307900428772 1633.0 1760.0 22339.0 776.0
0.9296875 0.9004828929901123 1673.0 1902.0 22197.0 736.0
0.9306640625 0.9115738868713379 1580.0 1515.0 22584.0 829.0
0.8935546875 0.8982948660850525 1678.0 1965.0 22134.0 731.0
0.9111328125 0.8990493416786194 1704.0 1971.0 22128.0 705.0
0.921875 0.8968613147735596 1660.0 1985.0 22114.0 749.0
0.9169921875 0.9077637195587158 1620.0 1656.0 22443.0 789.0
0.9287109375 0.9098385572433472 1579.0 1560.0 22539.0 830.0
0.90234375 0.896257758140564 1695.0 2036.0 22063.0 714.0
0.9150390625 0.9037649035453796 1610.0 1752.0 22347.0 799.0
0.921875 0.9037271738052368 1656.0 1799.0 22300.0 753.0
0.916015625 0.902482271194458 1636.0 1812.0 22287.0 773.0
0.927734375 0.9016900658607483 1643.0 1840.0 22259.0 766.0
0.8935546875 0.8996152281761169 1667.0 1919.0 22180.0 742.0
0.9150390625 0.9069714546203613 1636.0 1693.0 22406.0 773.0
0.916015625 0.9057265520095825 1651.0 1741.0 22358.0 758.0
0.9052734375 0.8997283577919006 1697.0 1946.0 22153.0 712.0
0.9287109375 0.9045571088790894 1633.0 1754.0 22345.0 776.0
0.9228515625 0.9078013896942139 1632.0 1667.0 22432.0 777.0
0.9111328125 0.901539146900177 1684.0 1885.0 22214.0 725.0
0.923828125 0.9119888544082642 1583.0 1507.0 22592.0 826.0
0.9140625 0.9008224010467529 1708.0 1928.0 22171.0 701.0
0.9208984375 0.9071223735809326 1665.0 1718.0 22381.0 744.0
0.9169921875 0.9047080278396606 1646.0 1763.0 22336.0 763.0
0.919921875 0.9064433574676514 1662.0 1733.0 22366.0 747.0
0.919921875 0.9028217792510986 1717.0 1884.0 22215.0 692.0
0.9208984375 0.9028972387313843 1714.0 1879.0 22220.0 695.0
0.9140625 0.9043307900428772 1664.0 1791.0 22308.0 745.0
0.9384765625 0.9084804654121399 1658.0 1675.0 22424.0 751.0
0.923828125 0.9058020114898682 1692.0 1780.0 22319.0 717.0
0.9091796875 0.9088199734687805 1694.0 1702.0 22397.0 715.0
0.9169921875 0.9086313843727112 1665.0 1678.0 22421.0 744.0
0.9150390625 0.9031235575675964 1685.0 1844.0 22255.0 724.0
0.9111328125 0.9047834873199463 1688.0 1803.0 22296.0 721.0
0.92578125 0.9088954329490662 1658.0 1664.0 22435.0 751.0
0.9228515625 0.9045193791389465 1700.0 1822.0 22277.0 709.0
0.921875 0.9107439517974854 1639.0 1596.0 22503.0 770.0
0.9111328125 0.9087445139884949 1660.0 1670.0 22429.0 749.0
0.9208984375 0.9136487245559692 1651.0 1531.0 22568.0 758.0
0.8896484375 0.90489661693573 1690.0 1802.0 22297.0 719.0
0.92578125 0.9033876657485962 1709.0 1861.0 22238.0 700.0
0.9306640625 0.9128565192222595 1628.0 1529.0 22570.0 781.0
0.9150390625 0.9053115844726562 1686.0 1787.0 22312.0 723.0
0.91796875 0.9060661196708679 1710.0 1791.0 22308.0 699.0
0.9072265625 0.9050475358963013 1692.0 1800.0 22299.0 717.0
0.927734375 0.9085181951522827 1669.0 1685.0 22414.0 740.0
0.919921875 0.9114606976509094 1665.0 1603.0 22496.0 744.0
0.912109375 0.9069714546203613 1692.0 1749.0 22350.0 717.0
0.908203125 0.9095367193222046 1673.0 1662.0 22437.0 736.0
0.9150390625 0.9049343466758728 1714.0 1825.0 22274.0 695.0
0.90625 0.9079523086547852 1678.0 1709.0 22390.0 731.0
0.9189453125 0.9063301682472229 1710.0 1784.0 22315.0 699.0
0.9140625 0.9081032276153564 1683.0 1710.0 22389.0 726.0
0.9130859375 0.9056134223937988 1715.0 1808.0 22291.0 694.0
0.916015625 0.910857081413269 1669.0 1623.0 22476.0 740.0
0.9140625 0.9059529304504395 1694.0 1778.0 22321.0 715.0
0.9208984375 0.908706784248352 1690.0 1701.0 22398.0 719.0
0.9287109375 0.9056511521339417 1728.0 1820.0 22279.0 681.0
0.9130859375 0.9093858599662781 1667.0 1660.0 22439.0 742.0
0.9189453125 0.9069714546203613 1680.0 1737.0 22362.0 729.0
0.90625 0.9111966490745544 1679.0 1624.0 22475.0 730.0
0.900390625 0.9059906601905823 1703.0 1786.0 22313.0 706.0
0.921875 0.9073110222816467 1702.0 1750.0 22349.0 707.0
0.9287109375 0.9104043841362 1676.0 1642.0 22457.0 733.0
0.94921875 0.9114229679107666 1656.0 1595.0 22504.0 753.0
0.9150390625 0.9132714867591858 1645.0 1535.0 22564.0 764.0
0.8974609375 0.9042176008224487 1717.0 1847.0 22252.0 692.0
0.91015625 0.9112343192100525 1637.0 1581.0 22518.0 772.0
0.9326171875 0.9099140167236328 1658.0 1637.0 22462.0 751.0
0.921875 0.9098008275032043 1694.0 1676.0 22423.0 715.0
0.931640625 0.9100648760795593 1688.0 1663.0 22436.0 721.0
0.908203125 0.9020673036575317 1720.0 1907.0 22192.0 689.0
0.921875 0.9044439196586609 1737.0 1861.0 22238.0 672.0
0.919921875 0.9071978330612183 1704.0 1755.0 22344.0 705.0
0.9091796875 0.90987628698349 1696.0 1676.0 22423.0 713.0
0.9130859375 0.9107816219329834 1704.0 1660.0 22439.0 705.0
0.92578125 0.9093104004859924 1694.0 1689.0 22410.0 715.0
0.91015625 0.9079523086547852 1692.0 1723.0 22376.0 717.0
0.9228515625 0.9056134223937988 1708.0 1801.0 22298.0 701.0
0.90625 0.9126678705215454 1579.0 1485.0 22614.0 830.0
0.9228515625 0.9151954054832458 1669.0 1508.0 22591.0 740.0
0.927734375 0.9080654978752136 1735.0 1763.0 22336.0 674.0
0.9111328125 0.9088577032089233 1690.0 1697.0 22402.0 719.0
0.9248046875 0.9099894165992737 1705.0 1682.0 22417.0 704.0
0.9248046875 0.9048588871955872 1718.0 1831.0 22268.0 691.0
0.91015625 0.9073110222816467 1732.0 1780.0 22319.0 677.0
0.9248046875 0.9122529029846191 1688.0 1605.0 22494.0 721.0
0.9296875 0.9109702706336975 1698.0 1649.0 22450.0 711.0
0.9306640625 0.9143277406692505 1663.0 1525.0 22574.0 746.0
0.919921875 0.9077637195587158 1690.0 1726.0 22373.0 719.0
0.9111328125 0.9081032276153564 1697.0 1724.0 22375.0 712.0
0.9189453125 0.9099140167236328 1719.0 1698.0 22401.0 690.0
0.9208984375 0.9090840220451355 1728.0 1729.0 22370.0 681.0
0.91015625 0.9083295464515686 1700.0 1721.0 22378.0 709.0
