0.685546875 0.6564433574676514 612.0 7310.0 16789.0 1797.0
0.873046875 0.8883733153343201 884.0 1434.0 22665.0 1525.0
0.892578125 0.8854308128356934 1013.0 1641.0 22458.0 1396.0
0.87890625 0.8890523910522461 1074.0 1606.0 22493.0 1335.0
0.8671875 0.8849781155586243 1163.0 1803.0 22296.0 1246.0
0.88671875 0.8924475908279419 1180.0 1622.0 22477.0 1229.0
0.904296875 0.8912026286125183 1249.0 1724.0 22375.0 1160.0
0.904296875 0.8813565969467163 1374.0 2110.0 21989.0 1035.0
0.904296875 0.8927493691444397 1261.0 1695.0 22404.0 1148.0
0.875 0.8963331580162048 1330.0 1669.0 22430.0 1079.0
0.908203125 0.8898823261260986 1414.0 1924.0 22175.0 995.0
0.89453125 0.8916930556297302 1396.0 1858.0 22241.0 1013.0
0.896484375 0.8913912773132324 1431.0 1901.0 22198.0 978.0
0.896484375 0.8905236124992371 1469.0 1962.0 22137.0 940.0
0.912109375 0.885506272315979 1538.0 2164.0 21935.0 871.0
0.876953125 0.8906745314598083 1469.0 1958.0 22141.0 940.0
0.91796875 0.8911272287368774 1509.0 1986.0 22113.0 900.0
0.884765625 0.8902972936630249 1535.0 2034.0 22065.0 874.0
0.892578125 0.8922966718673706 1521.0 1967.0 22132.0 888.0
0.89453125 0.8975403904914856 1555.0 1862.0 22237.0 854.0
0.916015625 0.9048211574554443 1484.0 1598.0 22501.0 925.0
0.91015625 0.8904858827590942 1629.0 2123.0 21976.0 780.0
0.8828125 0.8999924659729004 1481.0 1723.0 22376.0 928.0
0.8984375 0.9027840495109558 1549.0 1717.0 22382.0 860.0
0.904296875 0.9033122062683105 1504.0 1658.0 22441.0 905.0
0.921875 0.9031990170478821 1474.0 1631.0 22468.0 935.0
0.904296875 0.8993133902549744 1532.0 1792.0 22307.0 877.0
0.888671875 0.8917685151100159 1573.0 2033.0 22066.0 836.0
0.931640625 0.9022559523582458 1533.0 1715.0 22384.0 876.0
0.9140625 0.8951259851455688 1610.0 1981.0 22118.0 799.0
0.923828125 0.9067074060440063 1482.0 1546.0 22553.0 927.0
0.92578125 0.9018032550811768 1549.0 1743.0 22356.0 860.0
0.908203125 0.9025954604148865 1531.0 1704.0 22395.0 878.0
0.927734375 0.9004451632499695 1560.0 1790.0 22309.0 849.0
0.890625 0.8996529579162598 1633.0 1884.0 22215.0 776.0
0.91796875 0.9072732925415039 1526.0 1575.0 22524.0 883.0
0.919921875 0.9005582928657532 1625.0 1852.0 22247.0 784.0
0.90234375 0.8986343741416931 1603.0 1881.0 22218.0 806.0
0.890625 0.897917628288269 1603.0 1900.0 22199.0 806.0
0.8984375 0.9047834873199463 1571.0 1686.0 22413.0 838.0
0.91796875 0.9014259576797485 1599.0 1803.0 22296.0 810.0
0.904296875 0.9116492867469788 1535.0 1468.0 22631.0 874.0
0.908203125 0.9051229953765869 1617.0 1723.0 22376.0 792.0
0.884765625 0.8970122337341309 1693.0 2014.0 22085.0 716.0
0.90625 0.9052738547325134 1614.0 1716.0 22383.0 795.0
0.919921875 0.9083672761917114 1592.0 1612.0 22487.0 817.0
0.9140625 0.9042176008224487 1630.0 1760.0 22339.0 779.0
0.919921875 0.9042176008224487 1657.0 1787.0 22312.0 752.0
0.91015625 0.9045948386192322 1595.0 1715.0 22384.0 814.0
0.91015625 0.9035008549690247 1636.0 1785.0 22314.0 773.0
0.9296875 0.9055002331733704 1611.0 1707.0 22392.0 798.0
0.89453125 0.9020673036575317 1641.0 1828.0 22271.0 768.0
0.9296875 0.9010864496231079 1645.0 1858.0 22241.0 764.0
0.916015625 0.9142522811889648 1539.0 1403.0 22696.0 870.0
0.9140625 0.9049720764160156 1631.0 1741.0 22358.0 778.0
0.92578125 0.9053870439529419 1597.0 1696.0 22403.0 812.0
0.9375 0.9063678979873657 1629.0 1702.0 22397.0 780.0
0.921875 0.9122529029846191 1579.0 1496.0 22603.0 830.0
0.931640625 0.9150068163871765 1554.0 1398.0 22701.0 855.0
0.904296875 0.9059152007102966 1654.0 1739.0 22360.0 755.0
0.923828125 0.9044816493988037 1639.0 1762.0 22337.0 770.0
0.92578125 0.9082164168357849 1675.0 1699.0 22400.0 734.0
0.916015625 0.9102535247802734 1647.0 1617.0 22482.0 762.0
0.908203125 0.9073110222816467 1649.0 1697.0 22402.0 760.0
0.921875 0.9146672487258911 1603.0 1456.0 22643.0 806.0
0.912109375 0.9033499360084534 1694.0 1847.0 22252.0 715.0
0.935546875 0.9128187894821167 1651.0 1553.0 22546.0 758.0
0.90234375 0.9133468866348267 1634.0 1522.0 22577.0 775.0
0.8984375 0.9105553030967712 1653.0 1615.0 22484.0 756.0
0.923828125 0.9111211895942688 1637.0 1584.0 22515.0 772.0
0.90625 0.9078391194343567 1686.0 1720.0 22379.0 723.0
0.931640625 0.9062924385070801 1711.0 1786.0 22313.0 698.0
0.880859375 0.9031990170478821 1731.0 1888.0 22211.0 678.0
0.935546875 0.9085559248924255 1712.0 1727.0 22372.0 697.0
0.939453125 0.9082918167114258 1705.0 1727.0 22372.0 704.0
0.91015625 0.9088954329490662 1633.0 1639.0 22460.0 776.0
0.904296875 0.9065942168235779 1728.0 1795.0 22304.0 681.0
0.921875 0.9098385572433472 1672.0 1653.0 22446.0 737.0
0.892578125 0.9048588871955872 1748.0 1861.0 22238.0 661.0
0.916015625 0.9142522811889648 1619.0 1483.0 22616.0 790.0
0.91015625 0.9094235897064209 1670.0 1662.0 22437.0 739.0
0.931640625 0.9127056002616882 1682.0 1587.0 22512.0 727.0
0.94140625 0.907990038394928 1682.0 1712.0 22387.0 727.0
0.921875 0.916364848613739 1649.0 1457.0 22642.0 760.0
0.896484375 0.9028217792510986 1759.0 1926.0 22173.0 650.0
0.908203125 0.9149313569068909 1666.0 1512.0 22587.0 743.0
0.931640625 0.9146295189857483 1693.0 1547.0 22552.0 716.0
0.921875 0.9088199734687805 1717.0 1725.0 22374.0 692.0
0.931640625 0.9156103730201721 1612.0 1440.0 22659.0 797.0
0.912109375 0.9097253680229187 1711.0 1695.0 22404.0 698.0
0.9296875 0.9155726432800293 1645.0 1474.0 22625.0 764.0
0.912109375 0.9154971837997437 1670.0 1501.0 22598.0 739.0
0.916015625 0.907046914100647 1750.0 1805.0 22294.0 659.0
0.90625 0.9087445139884949 1697.0 1707.0 22392.0 712.0
0.912109375 0.9104798436164856 1726.0 1690.0 22409.0 683.0
0.921875 0.91180020570755 1723.0 1652.0 22447.0 686.0
0.8984375 0.9090086221694946 1727.0 1730.0 22369.0 682.0
0.935546875 0.9142522811889648 1684.0 1548.0 22551.0 725.0
0.90234375 0.9096876382827759 1716.0 1701.0 22398.0 693.0
0.93359375 0.914440929889679 1684.0 1543.0 22556.0 725.0
0.93359375 0.9100648760795593 1709.0 1684.0 22415.0 700.0
0.912109375 0.9115738868713379 1697.0 1632.0 22467.0 712.0
0.91796875 0.9153085947036743 1627.0 1463.0 22636.0 782.0
0.9140625 0.9063678979873657 1730.0 1803.0 22296.0 679.0
0.91015625 0.9103289842605591 1693.0 1661.0 22438.0 716.0
0.91015625 0.9175720810890198 1677.0 1453.0 22646.0 732.0
0.939453125 0.9092726707458496 1764.0 1760.0 22339.0 645.0
0.939453125 0.9164403080940247 1651.0 1457.0 22642.0 758.0
0.919921875 0.9178738594055176 1628.0 1396.0 22703.0 781.0
0.91015625 0.9110457301139832 1716.0 1665.0 22434.0 693.0
0.91796875 0.9134223461151123 1704.0 1590.0 22509.0 705.0
0.912109375 0.9095367193222046 1690.0 1679.0 22420.0 719.0
0.9375 0.9208918213844299 1660.0 1348.0 22751.0 749.0
0.921875 0.9132714867591858 1685.0 1575.0 22524.0 724.0
0.9375 0.9143277406692505 1706.0 1568.0 22531.0 703.0
0.912109375 0.9087822437286377 1730.0 1739.0 22360.0 679.0
0.892578125 0.915157675743103 1678.0 1518.0 22581.0 731.0
0.94140625 0.918251097202301 1680.0 1438.0 22661.0 729.0
0.923828125 0.9148181676864624 1727.0 1576.0 22523.0 682.0
0.916015625 0.9178361296653748 1681.0 1450.0 22649.0 728.0
0.90625 0.9114606976509094 1770.0 1708.0 22391.0 639.0
0.9140625 0.9121774435043335 1790.0 1709.0 22390.0 619.0
0.916015625 0.9161762595176697 1715.0 1528.0 22571.0 694.0
0.921875 0.9131960272789001 1727.0 1619.0 22480.0 682.0
0.919921875 0.9145918488502502 1757.0 1612.0 22487.0 652.0
0.931640625 0.9162894487380981 1708.0 1518.0 22581.0 701.0
0.9296875 0.915157675743103 1743.0 1583.0 22516.0 666.0
0.9375 0.9121019840240479 1764.0 1685.0 22414.0 645.0
0.912109375 0.910140335559845 1770.0 1743.0 22356.0 639.0
0.916015625 0.9155726432800293 1718.0 1547.0 22552.0 691.0
0.921875 0.9183265566825867 1727.0 1483.0 22616.0 682.0
0.90234375 0.9188547134399414 1682.0 1424.0 22675.0 727.0
0.93359375 0.9222121834754944 1671.0 1324.0 22775.0 738.0
0.939453125 0.9157612919807434 1738.0 1562.0 22537.0 671.0
0.9296875 0.9133468866348267 1718.0 1606.0 22493.0 691.0
0.919921875 0.9196091890335083 1687.0 1409.0 22690.0 722.0
0.9375 0.9182888269424438 1693.0 1450.0 22649.0 716.0
0.92578125 0.9144032001495361 1710.0 1570.0 22529.0 699.0
0.916015625 0.9145918488502502 1720.0 1575.0 22524.0 689.0
0.9375 0.9154971837997437 1754.0 1585.0 22514.0 655.0
0.91796875 0.9197600483894348 1655.0 1373.0 22726.0 754.0
0.904296875 0.9112343192100525 1755.0 1699.0 22400.0 654.0
0.91796875 0.9115738868713379 1734.0 1669.0 22430.0 675.0
0.93359375 0.9109702706336975 1759.0 1710.0 22389.0 650.0
0.9375 0.9164780378341675 1722.0 1527.0 22572.0 687.0
0.919921875 0.9215708374977112 1657.0 1327.0 22772.0 752.0
0.931640625 0.9205145835876465 1661.0 1359.0 22740.0 748.0
0.90234375 0.9108193516731262 1792.0 1747.0 22352.0 617.0
0.935546875 0.9191564917564392 1703.0 1437.0 22662.0 706.0
0.921875 0.9207031726837158 1688.0 1381.0 22718.0 721.0
0.92578125 0.9135355353355408 1719.0 1602.0 22497.0 690.0
0.923828125 0.9226271510124207 1592.0 1234.0 22865.0 817.0
0.9140625 0.9121397137641907 1742.0 1662.0 22437.0 667.0
0.9296875 0.913950502872467 1713.0 1585.0 22514.0 696.0
0.916015625 0.9141391515731812 1742.0 1609.0 22490.0 667.0
0.916015625 0.9119511246681213 1759.0 1684.0 22415.0 650.0
0.935546875 0.9170061945915222 1774.0 1565.0 22534.0 635.0
0.927734375 0.9125169515609741 1750.0 1660.0 22439.0 659.0
0.91796875 0.9202882051467896 1713.0 1417.0 22682.0 696.0
0.921875 0.917534351348877 1720.0 1497.0 22602.0 689.0
0.9375 0.9168175458908081 1735.0 1531.0 22568.0 674.0
0.939453125 0.9176474809646606 1757.0 1531.0 22568.0 652.0
0.9296875 0.9190433025360107 1728.0 1465.0 22634.0 681.0
0.935546875 0.9097253680229187 1813.0 1797.0 22302.0 596.0
0.921875 0.9209295511245728 1703.0 1390.0 22709.0 706.0
0.90625 0.9075373411178589 1826.0 1868.0 22231.0 583.0
0.9296875 0.9139882326126099 1776.0 1647.0 22452.0 633.0
0.904296875 0.9164025783538818 1727.0 1534.0 22565.0 682.0
0.939453125 0.9085181951522827 1790.0 1806.0 22293.0 619.0
0.927734375 0.918515145778656 1709.0 1460.0 22639.0 700.0
0.9296875 0.9106307625770569 1775.0 1735.0 22364.0 634.0
0.931640625 0.9177606701850891 1731.0 1502.0 22597.0 678.0
0.931640625 0.9168552756309509 1722.0 1517.0 22582.0 687.0
0.904296875 0.9171571135520935 1745.0 1532.0 22567.0 664.0
0.912109375 0.9160630702972412 1760.0 1576.0 22523.0 649.0
0.91015625 0.9168552756309509 1749.0 1544.0 22555.0 660.0
0.927734375 0.9163271188735962 1732.0 1541.0 22558.0 677.0
0.912109375 0.9106307625770569 1785.0 1745.0 22354.0 624.0
0.9296875 0.9185528755187988 1730.0 1480.0 22619.0 679.0
0.919921875 0.9139127731323242 1795.0 1668.0 22431.0 614.0
0.951171875 0.9153085947036743 1785.0 1621.0 22478.0 624.0
0.904296875 0.9153463244438171 1781.0 1616.0 22483.0 628.0
0.93359375 0.921344518661499 1744.0 1420.0 22679.0 665.0
0.92578125 0.9167798161506653 1762.0 1559.0 22540.0 647.0
0.931640625 0.9258714318275452 1663.0 1219.0 22880.0 746.0
0.93359375 0.9215331077575684 1714.0 1385.0 22714.0 695.0
0.919921875 0.9145541191101074 1741.0 1597.0 22502.0 668.0
0.931640625 0.9179115891456604 1751.0 1518.0 22581.0 658.0
0.912109375 0.919458270072937 1759.0 1485.0 22614.0 650.0
0.921875 0.9136109948158264 1811.0 1692.0 22407.0 598.0
0.943359375 0.9242492914199829 1693.0 1292.0 22807.0 716.0
0.93359375 0.9231552481651306 1703.0 1331.0 22768.0 706.0
0.90625 0.9188547134399414 1742.0 1484.0 22615.0 667.0
0.92578125 0.9196469187736511 1732.0 1453.0 22646.0 677.0
0.9140625 0.9225139617919922 1710.0 1355.0 22744.0 699.0
0.91015625 0.9196091890335083 1748.0 1470.0 22629.0 661.0
0.93359375 0.9216840267181396 1703.0 1370.0 22729.0 706.0
0.927734375 0.921344518661499 1727.0 1403.0 22696.0 682.0
0.935546875 0.9167798161506653 1780.0 1577.0 22522.0 629.0
0.90625 0.9168175458908081 1782.0 1578.0 22521.0 627.0
0.908203125 0.9171571135520935 1790.0 1577.0 22522.0 619.0
0.92578125 0.9190055727958679 1754.0 1492.0 22607.0 655.0
0.9140625 0.915836751461029 1786.0 1608.0 22491.0 623.0
0.935546875 0.9219480752944946 1738.0 1398.0 22701.0 671.0
0.93359375 0.916364848613739 1745.0 1553.0 22546.0 664.0
0.908203125 0.9173457026481628 1740.0 1522.0 22577.0 669.0
0.939453125 0.9137618541717529 1762.0 1639.0 22460.0 647.0
0.9453125 0.923758864402771 1693.0 1305.0 22794.0 716.0
0.931640625 0.92281574010849 1697.0 1334.0 22765.0 712.0
0.93359375 0.9169684648513794 1798.0 1590.0 22509.0 611.0
0.951171875 0.9183642864227295 1756.0 1511.0 22588.0 653.0
0.9375 0.9183642864227295 1750.0 1505.0 22594.0 659.0
0.923828125 0.9208918213844299 1732.0 1420.0 22679.0 677.0
0.923828125 0.9187037944793701 1755.0 1501.0 22598.0 654.0
0.92578125 0.914893627166748 1801.0 1648.0 22451.0 608.0
0.91796875 0.9191187620162964 1775.0 1510.0 22589.0 634.0
0.921875 0.9199864268302917 1701.0 1413.0 22686.0 708.0
0.94921875 0.9207031726837158 1734.0 1427.0 22672.0 675.0
0.931640625 0.914176881313324 1758.0 1624.0 22475.0 651.0
0.94140625 0.9136487245559692 1809.0 1689.0 22410.0 600.0
0.9140625 0.9069714546203613 1844.0 1901.0 22198.0 565.0
0.9453125 0.9187037944793701 1774.0 1520.0 22579.0 635.0
0.935546875 0.9149313569068909 1801.0 1647.0 22452.0 608.0
0.916015625 0.9162139892578125 1757.0 1569.0 22530.0 652.0
0.92578125 0.9183265566825867 1772.0 1528.0 22571.0 637.0
0.9296875 0.9228534698486328 1725.0 1361.0 22738.0 684.0
0.919921875 0.9177229404449463 1772.0 1544.0 22555.0 637.0
0.9296875 0.9182133674621582 1786.0 1545.0 22554.0 623.0
0.92578125 0.9129319190979004 1831.0 1730.0 22369.0 578.0
0.931640625 0.9156481027603149 1802.0 1629.0 22470.0 607.0
0.931640625 0.9238720536231995 1709.0 1318.0 22781.0 700.0
0.927734375 0.9201750159263611 1761.0 1468.0 22631.0 648.0
0.91796875 0.9156481027603149 1765.0 1592.0 22507.0 644.0
0.943359375 0.9214199781417847 1725.0 1399.0 22700.0 684.0
0.935546875 0.9187792539596558 1752.0 1496.0 22603.0 657.0
0.921875 0.9181001782417297 1734.0 1496.0 22603.0 675.0
0.921875 0.9214199781417847 1728.0 1402.0 22697.0 681.0
0.9296875 0.9220989942550659 1730.0 1386.0 22713.0 679.0
0.931640625 0.9107816219329834 1825.0 1781.0 22318.0 584.0
0.9453125 0.9245133399963379 1736.0 1328.0 22771.0 673.0
0.943359375 0.9237211346626282 1742.0 1355.0 22744.0 667.0
0.912109375 0.9167420864105225 1775.0 1573.0 22526.0 634.0
0.939453125 0.9151954054832458 1769.0 1608.0 22491.0 640.0
0.947265625 0.9199486970901489 1723.0 1436.0 22663.0 686.0
0.92578125 0.921608567237854 1762.0 1431.0 22668.0 647.0
0.9375 0.9242115616798401 1715.0 1315.0 22784.0 694.0
0.9296875 0.9212690591812134 1724.0 1402.0 22697.0 685.0
0.92578125 0.9178361296653748 1760.0 1529.0 22570.0 649.0
0.927734375 0.9202882051467896 1756.0 1460.0 22639.0 653.0
0.916015625 0.9169684648513794 1772.0 1564.0 22535.0 637.0
0.923828125 0.9182133674621582 1763.0 1522.0 22577.0 646.0
0.935546875 0.9222121834754944 1767.0 1420.0 22679.0 642.0
0.92578125 0.9210049510002136 1759.0 1444.0 22655.0 650.0
0.9375 0.9199109673500061 1770.0 1484.0 22615.0 639.0
0.9375 0.9170816540718079 1772.0 1561.0 22538.0 637.0
0.9296875 0.9182888269424438 1774.0 1531.0 22568.0 635.0
0.9296875 0.9230043888092041 1737.0 1369.0 22730.0 672.0
0.947265625 0.9232307076454163 1703.0 1329.0 22770.0 706.0
0.919921875 0.9196469187736511 1780.0 1501.0 22598.0 629.0
0.90234375 0.9187037944793701 1751.0 1497.0 22602.0 658.0
0.927734375 0.9203636646270752 1749.0 1451.0 22648.0 660.0
0.921875 0.9178738594055176 1774.0 1542.0 22557.0 635.0
0.93359375 0.9223253130912781 1713.0 1363.0 22736.0 696.0
0.94921875 0.9213822484016418 1740.0 1415.0 22684.0 669.0
0.947265625 0.9221744537353516 1743.0 1397.0 22702.0 666.0
0.935546875 0.9188923835754395 1741.0 1482.0 22617.0 668.0
0.931640625 0.9200996160507202 1764.0 1473.0 22626.0 645.0
0.91796875 0.9219480752944946 1712.0 1372.0 22727.0 697.0
0.935546875 0.9199864268302917 1764.0 1476.0 22623.0 645.0
0.931640625 0.9205145835876465 1745.0 1443.0 22656.0 664.0
0.9453125 0.9236834049224854 1732.0 1346.0 22753.0 677.0
0.935546875 0.9205523133277893 1771.0 1468.0 22631.0 638.0
0.9453125 0.9131582975387573 1820.0 1713.0 22386.0 589.0
0.935546875 0.9189301133155823 1773.0 1513.0 22586.0 636.0
0.9375 0.9236834049224854 1720.0 1334.0 22765.0 689.0
0.931640625 0.9226648807525635 1733.0 1374.0 22725.0 676.0
0.935546875 0.912064254283905 1797.0 1719.0 22380.0 612.0
0.939453125 0.9181379079818726 1752.0 1513.0 22586.0 657.0
0.916015625 0.9260223507881165 1710.0 1262.0 22837.0 699.0
0.935546875 0.9234193563461304 1714.0 1335.0 22764.0 695.0
0.923828125 0.9206277132034302 1738.0 1433.0 22666.0 671.0
0.93359375 0.9236079454421997 1745.0 1361.0 22738.0 664.0
0.93359375 0.9183265566825867 1787.0 1543.0 22556.0 622.0
0.908203125 0.914214551448822 1817.0 1682.0 22417.0 592.0
0.91796875 0.921344518661499 1761.0 1437.0 22662.0 648.0
0.939453125 0.9170061945915222 1770.0 1561.0 22538.0 639.0
0.931640625 0.919684648513794 1730.0 1450.0 22649.0 679.0
0.91796875 0.9139882326126099 1804.0 1675.0 22424.0 605.0
0.923828125 0.9174588918685913 1738.0 1517.0 22582.0 671.0
0.931640625 0.9188169836997986 1760.0 1503.0 22596.0 649.0
0.919921875 0.9129319190979004 1839.0 1738.0 22361.0 570.0
0.912109375 0.9146295189857483 1803.0 1657.0 22442.0 606.0
0.943359375 0.9219858050346375 1737.0 1396.0 22703.0 672.0
0.916015625 0.9125924110412598 1803.0 1711.0 22388.0 606.0
0.9375 0.9181001782417297 1769.0 1531.0 22568.0 640.0
0.931640625 0.9204768538475037 1759.0 1458.0 22641.0 650.0
0.89453125 0.9155726432800293 1809.0 1638.0 22461.0 600.0
0.93359375 0.920665442943573 1742.0 1436.0 22663.0 667.0
0.923828125 0.9129696488380432 1822.0 1720.0 22379.0 587.0
0.923828125 0.9233061671257019 1780.0 1404.0 22695.0 629.0
0.943359375 0.9218349456787109 1741.0 1404.0 22695.0 668.0
0.931640625 0.9181379079818726 1769.0 1530.0 22569.0 640.0
0.927734375 0.9198355078697205 1744.0 1460.0 22639.0 665.0
0.931640625 0.9242492914199829 1694.0 1293.0 22806.0 715.0
0.931640625 0.9172702431678772 1741.0 1525.0 22574.0 668.0
0.94140625 0.918251097202301 1763.0 1521.0 22578.0 646.0
0.927734375 0.9185906052589417 1784.0 1533.0 22566.0 625.0
0.931640625 0.9188923835754395 1740.0 1481.0 22618.0 669.0
0.931640625 0.9211558699607849 1742.0 1423.0 22676.0 667.0
0.92578125 0.9237965941429138 1737.0 1348.0 22751.0 672.0
0.94140625 0.9200241565704346 1742.0 1453.0 22646.0 667.0
0.939453125 0.9234193563461304 1737.0 1358.0 22741.0 672.0
0.916015625 0.9217972159385681 1745.0 1409.0 22690.0 664.0
0.9296875 0.9140259623527527 1811.0 1681.0 22418.0 598.0
0.935546875 0.9219480752944946 1728.0 1388.0 22711.0 681.0
0.9296875 0.9212313294410706 1759.0 1438.0 22661.0 650.0
0.93359375 0.913497805595398 1799.0 1683.0 22416.0 610.0
0.90234375 0.9105553030967712 1847.0 1809.0 22290.0 562.0
0.9375 0.9195337295532227 1766.0 1490.0 22609.0 643.0
0.9140625 0.9182888269424438 1804.0 1561.0 22538.0 605.0
0.92578125 0.9239851832389832 1745.0 1351.0 22748.0 664.0
0.919921875 0.9217972159385681 1738.0 1402.0 22697.0 671.0
0.919921875 0.9214199781417847 1788.0 1462.0 22637.0 621.0
0.927734375 0.9213067889213562 1767.0 1444.0 22655.0 642.0
0.912109375 0.9168175458908081 1786.0 1582.0 22517.0 623.0
0.921875 0.9211181402206421 1777.0 1459.0 22640.0 632.0
0.91796875 0.9175720810890198 1764.0 1540.0 22559.0 645.0
0.935546875 0.9179493188858032 1767.0 1533.0 22566.0 642.0
0.921875 0.9171571135520935 1756.0 1543.0 22556.0 653.0
0.91796875 0.9193450808525085 1784.0 1513.0 22586.0 625.0
0.908203125 0.9194959998130798 1766.0 1491.0 22608.0 643.0
0.908203125 0.9157990217208862 1789.0 1612.0 22487.0 620.0
0.9140625 0.9238720536231995 1732.0 1341.0 22758.0 677.0
0.921875 0.9209672808647156 1748.0 1434.0 22665.0 661.0
0.9453125 0.918251097202301 1759.0 1517.0 22582.0 650.0
0.9453125 0.9162517189979553 1781.0 1592.0 22507.0 628.0
0.927734375 0.9177606701850891 1774.0 1545.0 22554.0 635.0
0.91796875 0.9213822484016418 1708.0 1383.0 22716.0 701.0
0.923828125 0.9175720810890198 1775.0 1551.0 22548.0 634.0
0.919921875 0.9168175458908081 1760.0 1556.0 22543.0 649.0
0.921875 0.9252301454544067 1709.0 1282.0 22817.0 700.0
0.931640625 0.9208540916442871 1755.0 1444.0 22655.0 654.0
0.935546875 0.9184397459030151 1755.0 1508.0 22591.0 654.0
0.91796875 0.9174966216087341 1771.0 1549.0 22550.0 638.0
0.92578125 0.9200618863105774 1753.0 1463.0 22636.0 656.0
0.943359375 0.9243624806404114 1690.0 1286.0 22813.0 719.0
0.9296875 0.9212690591812134 1752.0 1430.0 22669.0 657.0
0.916015625 0.9179493188858032 1756.0 1522.0 22577.0 653.0
0.923828125 0.9195337295532227 1762.0 1486.0 22613.0 647.0
0.921875 0.919194221496582 1769.0 1502.0 22597.0 640.0
0.919921875 0.9194205403327942 1753.0 1480.0 22619.0 656.0
0.9375 0.9217972159385681 1742.0 1406.0 22693.0 667.0
0.90234375 0.914176881313324 1802.0 1668.0 22431.0 607.0
0.951171875 0.9176474809646606 1774.0 1548.0 22551.0 635.0
0.9296875 0.9193073511123657 1752.0 1482.0 22617.0 657.0
0.93359375 0.9173457026481628 1726.0 1508.0 22591.0 683.0
0.92578125 0.9270786046981812 1674.0 1198.0 22901.0 735.0
0.921875 0.9204768538475037 1741.0 1440.0 22659.0 668.0
0.9375 0.9147804379463196 1774.0 1624.0 22475.0 635.0
0.912109375 0.9195714592933655 1733.0 1456.0 22643.0 676.0
0.927734375 0.9253810048103333 1719.0 1288.0 22811.0 690.0
0.939453125 0.9177229404449463 1768.0 1540.0 22559.0 641.0
0.919921875 0.9200618863105774 1719.0 1429.0 22670.0 690.0
0.90625 0.918515145778656 1788.0 1539.0 22560.0 621.0
0.916015625 0.9211935997009277 1722.0 1402.0 22697.0 687.0
0.94140625 0.9225894212722778 1666.0 1309.0 22790.0 743.0
0.93359375 0.917534351348877 1768.0 1545.0 22554.0 641.0
0.9296875 0.9189301133155823 1788.0 1528.0 22571.0 621.0
0.9296875 0.9201750159263611 1723.0 1430.0 22669.0 686.0
0.935546875 0.9133846163749695 1824.0 1711.0 22388.0 585.0
0.92578125 0.9180624485015869 1774.0 1537.0 22562.0 635.0
0.943359375 0.9233816266059875 1733.0 1355.0 22744.0 676.0
0.912109375 0.9114229679107666 1813.0 1752.0 22347.0 596.0
0.912109375 0.9227402806282043 1697.0 1336.0 22763.0 712.0
0.9296875 0.926173210144043 1674.0 1222.0 22877.0 735.0
0.927734375 0.9195714592933655 1750.0 1473.0 22626.0 659.0
0.935546875 0.9129696488380432 1787.0 1685.0 22414.0 622.0
0.921875 0.9181756377220154 1760.0 1520.0 22579.0 649.0
0.92578125 0.920137345790863 1773.0 1481.0 22618.0 636.0
0.939453125 0.9226648807525635 1726.0 1367.0 22732.0 683.0
0.947265625 0.9223630428314209 1761.0 1410.0 22689.0 648.0
0.919921875 0.9170816540718079 1784.0 1573.0 22526.0 625.0
0.94140625 0.9205523133277893 1696.0 1393.0 22706.0 713.0
0.9296875 0.9209295511245728 1765.0 1452.0 22647.0 644.0
0.92578125 0.9161385297775269 1787.0 1601.0 22498.0 622.0
0.93359375 0.9233061671257019 1709.0 1333.0 22766.0 700.0
0.9375 0.919458270072937 1747.0 1473.0 22626.0 662.0
0.92578125 0.9174211621284485 1722.0 1502.0 22597.0 687.0
0.91015625 0.9205145835876465 1784.0 1482.0 22617.0 625.0
0.923828125 0.9229289293289185 1760.0 1394.0 22705.0 649.0
0.935546875 0.9194959998130798 1786.0 1511.0 22588.0 623.0
0.9375 0.9202127456665039 1767.0 1473.0 22626.0 642.0
0.919921875 0.917534351348877 1783.0 1560.0 22539.0 626.0
0.923828125 0.9217594861984253 1728.0 1393.0 22706.0 681.0
0.923828125 0.9190810322761536 1737.0 1473.0 22626.0 672.0
0.9375 0.9214199781417847 1771.0 1445.0 22654.0 638.0
0.9140625 0.9164780378341675 1807.0 1612.0 22487.0 602.0
0.919921875 0.9159121513366699 1804.0 1624.0 22475.0 605.0
0.921875 0.921344518661499 1784.0 1460.0 22639.0 625.0
0.923828125 0.9221367239952087 1723.0 1378.0 22721.0 686.0
0.92578125 0.916364848613739 1778.0 1586.0 22513.0 631.0
0.935546875 0.9177606701850891 1777.0 1548.0 22551.0 632.0
0.9453125 0.9245133399963379 1713.0 1305.0 22794.0 696.0
0.951171875 0.9222499132156372 1764.0 1416.0 22683.0 645.0
0.916015625 0.9124038219451904 1843.0 1756.0 22343.0 566.0
0.92578125 0.9176474809646606 1791.0 1565.0 22534.0 618.0
0.919921875 0.9150822162628174 1813.0 1655.0 22444.0 596.0
0.92578125 0.9214199781417847 1731.0 1405.0 22694.0 678.0
0.91796875 0.9193828105926514 1766.0 1494.0 22605.0 643.0
0.935546875 0.919684648513794 1781.0 1501.0 22598.0 628.0
0.935546875 0.9217217564582825 1737.0 1403.0 22696.0 672.0
0.939453125 0.9238720536231995 1701.0 1310.0 22789.0 708.0
0.9296875 0.9156103730201721 1804.0 1632.0 22467.0 605.0
0.919921875 0.9190433025360107 1778.0 1515.0 22584.0 631.0
0.916015625 0.9157612919807434 1755.0 1579.0 22520.0 654.0
0.92578125 0.9207786321640015 1766.0 1457.0 22642.0 643.0
0.927734375 0.919684648513794 1812.0 1532.0 22567.0 597.0
0.919921875 0.9213822484016418 1717.0 1392.0 22707.0 692.0
0.93359375 0.9166289567947388 1782.0 1583.0 22516.0 627.0
0.919921875 0.9209672808647156 1746.0 1432.0 22667.0 663.0
0.9453125 0.9240983724594116 1681.0 1284.0 22815.0 728.0
0.923828125 0.9173834323883057 1814.0 1595.0 22504.0 595.0
0.919921875 0.9208918213844299 1757.0 1445.0 22654.0 652.0
0.923828125 0.9217594861984253 1752.0 1417.0 22682.0 657.0
0.93359375 0.9251546859741211 1725.0 1300.0 22799.0 684.0
0.912109375 0.9235702157020569 1709.0 1326.0 22773.0 700.0
0.94140625 0.9202882051467896 1739.0 1443.0 22656.0 670.0
0.927734375 0.9206277132034302 1724.0 1419.0 22680.0 685.0
0.9375 0.9156858325004578 1769.0 1595.0 22504.0 640.0
0.939453125 0.9207409024238586 1738.0 1430.0 22669.0 671.0
0.931640625 0.9229666590690613 1713.0 1346.0 22753.0 696.0
0.923828125 0.9205523133277893 1762.0 1459.0 22640.0 647.0
0.9140625 0.9192696809768677 1799.0 1530.0 22569.0 610.0
0.935546875 0.9174211621284485 1796.0 1576.0 22523.0 613.0
0.923828125 0.9116870164871216 1811.0 1743.0 22356.0 598.0
0.90234375 0.9187415242195129 1755.0 1500.0 22599.0 654.0
0.904296875 0.9187792539596558 1793.0 1537.0 22562.0 616.0
0.935546875 0.9179115891456604 1774.0 1541.0 22558.0 635.0
0.93359375 0.9193828105926514 1729.0 1457.0 22642.0 680.0
0.91796875 0.9068960547447205 1829.0 1888.0 22211.0 580.0
0.931640625 0.9198732376098633 1765.0 1480.0 22619.0 644.0
0.931640625 0.9250414967536926 1726.0 1304.0 22795.0 683.0
0.931640625 0.9236834049224854 1732.0 1346.0 22753.0 677.0
0.9140625 0.9182888269424438 1759.0 1516.0 22583.0 650.0
0.9375 0.9255319237709045 1708.0 1273.0 22826.0 701.0
0.9375 0.9227402806282043 1774.0 1413.0 22686.0 635.0
0.93359375 0.9222499132156372 1743.0 1395.0 22704.0 666.0
0.919921875 0.9124038219451904 1828.0 1741.0 22358.0 581.0
0.9140625 0.9250792264938354 1759.0 1336.0 22763.0 650.0
0.93359375 0.9230043888092041 1764.0 1396.0 22703.0 645.0
0.9453125 0.9154595136642456 1770.0 1602.0 22497.0 639.0
0.93359375 0.9208163619041443 1745.0 1435.0 22664.0 664.0
0.931640625 0.9239097833633423 1715.0 1323.0 22776.0 694.0
0.90625 0.918515145778656 1735.0 1486.0 22613.0 674.0
0.91796875 0.9208540916442871 1747.0 1436.0 22663.0 662.0
0.908203125 0.9131582975387573 1797.0 1690.0 22409.0 612.0
0.923828125 0.9197977781295776 1752.0 1469.0 22630.0 657.0
0.939453125 0.9176474809646606 1817.0 1591.0 22508.0 592.0
0.92578125 0.9207786321640015 1762.0 1453.0 22646.0 647.0
0.92578125 0.9166289567947388 1781.0 1582.0 22517.0 628.0
0.931640625 0.9174588918685913 1775.0 1554.0 22545.0 634.0
0.931640625 0.9136487245559692 1783.0 1663.0 22436.0 626.0
0.92578125 0.9157990217208862 1761.0 1584.0 22515.0 648.0
0.9375 0.9243247509002686 1713.0 1310.0 22789.0 696.0
0.923828125 0.9189301133155823 1795.0 1535.0 22564.0 614.0
0.9296875 0.9214576482772827 1733.0 1406.0 22693.0 676.0
0.943359375 0.9262109398841858 1671.0 1218.0 22881.0 738.0
0.95703125 0.9222499132156372 1721.0 1373.0 22726.0 688.0
0.92578125 0.9225139617919922 1731.0 1376.0 22723.0 678.0
0.92578125 0.9180624485015869 1784.0 1547.0 22552.0 625.0
0.939453125 0.9178738594055176 1817.0 1585.0 22514.0 592.0
0.921875 0.9179115891456604 1779.0 1546.0 22553.0 630.0
0.921875 0.9148181676864624 1810.0 1659.0 22440.0 599.0
0.931640625 0.9265127778053284 1622.0 1161.0 22938.0 787.0
0.91796875 0.916364848613739 1744.0 1552.0 22547.0 665.0
0.919921875 0.9181001782417297 1757.0 1519.0 22580.0 652.0
0.916015625 0.9170816540718079 1795.0 1584.0 22515.0 614.0
0.91015625 0.9202127456665039 1780.0 1486.0 22613.0 629.0
0.94921875 0.9185528755187988 1736.0 1486.0 22613.0 673.0
0.947265625 0.9228534698486328 1712.0 1348.0 22751.0 697.0
0.9375 0.923494815826416 1711.0 1330.0 22769.0 698.0
0.923828125 0.9152331352233887 1802.0 1640.0 22459.0 607.0
0.935546875 0.9194205403327942 1773.0 1500.0 22599.0 636.0
0.921875 0.9199109673500061 1765.0 1479.0 22620.0 644.0
0.90234375 0.916591227054596 1770.0 1572.0 22527.0 639.0
0.927734375 0.9192696809768677 1769.0 1500.0 22599.0 640.0
0.9140625 0.9152708649635315 1830.0 1667.0 22432.0 579.0
0.935546875 0.9188923835754395 1764.0 1505.0 22594.0 645.0
0.94921875 0.9190433025360107 1738.0 1475.0 22624.0 671.0
0.908203125 0.9199109673500061 1804.0 1518.0 22581.0 605.0
0.94921875 0.924701988697052 1666.0 1253.0 22846.0 743.0
0.92578125 0.9243624806404114 1701.0 1297.0 22802.0 708.0
0.95703125 0.9235325455665588 1686.0 1304.0 22795.0 723.0
0.900390625 0.915157675743103 1794.0 1634.0 22465.0 615.0
0.908203125 0.917534351348877 1731.0 1508.0 22591.0 678.0
0.955078125 0.920665442943573 1743.0 1437.0 22662.0 666.0
0.931640625 0.9229666590690613 1697.0 1330.0 22769.0 712.0
0.916015625 0.9105175733566284 1821.0 1784.0 22315.0 588.0
0.9375 0.9257205128669739 1734.0 1294.0 22805.0 675.0
0.927734375 0.9196091890335083 1742.0 1464.0 22635.0 667.0
0.962890625 0.9244378805160522 1714.0 1308.0 22791.0 695.0
0.935546875 0.9231929779052734 1696.0 1323.0 22776.0 713.0
0.9296875 0.9178361296653748 1777.0 1546.0 22553.0 632.0
0.93359375 0.923758864402771 1723.0 1335.0 22764.0 686.0
0.947265625 0.9246642589569092 1749.0 1337.0 22762.0 660.0
0.90234375 0.9154595136642456 1798.0 1630.0 22469.0 611.0
0.89453125 0.9088199734687805 1794.0 1802.0 22297.0 615.0
0.884765625 0.9093104004859924 1801.0 1796.0 22303.0 608.0
0.923828125 0.9163271188735962 1756.0 1565.0 22534.0 653.0
0.9375 0.9216840267181396 1727.0 1394.0 22705.0 682.0
0.90625 0.9231929779052734 1721.0 1348.0 22751.0 688.0
0.9375 0.9133092164993286 1801.0 1690.0 22409.0 608.0
0.92578125 0.9181756377220154 1773.0 1533.0 22566.0 636.0
0.939453125 0.9179493188858032 1810.0 1576.0 22523.0 599.0
0.9296875 0.9260978102684021 1672.0 1222.0 22877.0 737.0
0.931640625 0.9245133399963379 1729.0 1321.0 22778.0 680.0
0.95703125 0.9221744537353516 1710.0 1364.0 22735.0 699.0
0.943359375 0.91730797290802 1706.0 1489.0 22610.0 703.0
0.91796875 0.9196469187736511 1728.0 1449.0 22650.0 681.0
0.912109375 0.919684648513794 1743.0 1463.0 22636.0 666.0
0.916015625 0.9183642864227295 1752.0 1507.0 22592.0 657.0
0.94140625 0.9196469187736511 1767.0 1488.0 22611.0 642.0
0.9296875 0.9186660647392273 1759.0 1506.0 22593.0 650.0
0.9375 0.918515145778656 1790.0 1541.0 22558.0 619.0
0.927734375 0.9205899834632874 1753.0 1449.0 22650.0 656.0
0.951171875 0.9239851832389832 1715.0 1321.0 22778.0 694.0
0.923828125 0.9210804104804993 1742.0 1425.0 22674.0 667.0
0.935546875 0.920665442943573 1753.0 1447.0 22652.0 656.0
0.92578125 0.9177229404449463 1780.0 1552.0 22547.0 629.0
0.92578125 0.9179493188858032 1764.0 1530.0 22569.0 645.0
0.90625 0.9152331352233887 1769.0 1607.0 22492.0 640.0
0.921875 0.9187792539596558 1771.0 1515.0 22584.0 638.0
0.916015625 0.9210804104804993 1738.0 1421.0 22678.0 671.0
0.921875 0.9137995839118958 1814.0 1690.0 22409.0 595.0
0.92578125 0.9217972159385681 1745.0 1409.0 22690.0 664.0
0.93359375 0.9171571135520935 1764.0 1551.0 22548.0 645.0
0.9140625 0.9150068163871765 1768.0 1612.0 22487.0 641.0
0.93359375 0.9231175780296326 1719.0 1348.0 22751.0 690.0
0.923828125 0.9184020161628723 1737.0 1491.0 22608.0 672.0
0.92578125 0.92281574010849 1760.0 1397.0 22702.0 649.0
0.935546875 0.9183642864227295 1783.0 1538.0 22561.0 626.0
0.9296875 0.9224007725715637 1707.0 1355.0 22744.0 702.0
0.947265625 0.9214199781417847 1727.0 1401.0 22698.0 682.0
0.916015625 0.9165157675743103 1776.0 1580.0 22519.0 633.0
0.92578125 0.9157612919807434 1747.0 1571.0 22528.0 662.0
0.93359375 0.9164403080940247 1777.0 1583.0 22516.0 632.0
0.92578125 0.9147427082061768 1790.0 1641.0 22458.0 619.0
0.919921875 0.9128187894821167 1813.0 1715.0 22384.0 596.0
0.935546875 0.9167798161506653 1792.0 1589.0 22510.0 617.0
0.9296875 0.9212313294410706 1700.0 1379.0 22720.0 709.0
0.931640625 0.9131960272789001 1795.0 1687.0 22412.0 614.0
0.923828125 0.9226648807525635 1703.0 1344.0 22755.0 706.0
0.91796875 0.9189678430557251 1752.0 1491.0 22608.0 657.0
0.943359375 0.913497805595398 1792.0 1676.0 22423.0 617.0
0.927734375 0.9231175780296326 1716.0 1345.0 22754.0 693.0
0.935546875 0.9223630428314209 1720.0 1369.0 22730.0 689.0
0.93359375 0.921608567237854 1661.0 1330.0 22769.0 748.0
0.935546875 0.9194959998130798 1758.0 1483.0 22616.0 651.0
0.912109375 0.9242115616798401 1725.0 1325.0 22774.0 684.0
0.927734375 0.917987048625946 1781.0 1546.0 22553.0 628.0
0.919921875 0.9194959998130798 1767.0 1492.0 22607.0 642.0
0.927734375 0.9195714592933655 1787.0 1510.0 22589.0 622.0
0.931640625 0.9213822484016418 1722.0 1397.0 22702.0 687.0
0.93359375 0.9168175458908081 1792.0 1588.0 22511.0 617.0
0.912109375 0.9148181676864624 1826.0 1675.0 22424.0 583.0
0.935546875 0.919722318649292 1781.0 1500.0 22599.0 628.0
0.939453125 0.921608567237854 1753.0 1422.0 22677.0 656.0
0.919921875 0.920137345790863 1752.0 1460.0 22639.0 657.0
0.9296875 0.9155726432800293 1828.0 1657.0 22442.0 581.0
0.9140625 0.9167420864105225 1764.0 1562.0 22537.0 645.0
0.935546875 0.917987048625946 1792.0 1557.0 22542.0 617.0
0.93359375 0.9141014218330383 1803.0 1671.0 22428.0 606.0
0.9453125 0.9229289293289185 1729.0 1363.0 22736.0 680.0
0.921875 0.9154595136642456 1788.0 1620.0 22479.0 621.0
0.947265625 0.9208163619041443 1759.0 1449.0 22650.0 650.0
0.919921875 0.9205899834632874 1777.0 1473.0 22626.0 632.0
0.927734375 0.9258337020874023 1707.0 1264.0 22835.0 702.0
0.9375 0.917987048625946 1772.0 1537.0 22562.0 637.0
0.947265625 0.9181756377220154 1728.0 1488.0 22611.0 681.0
0.9375 0.924966037273407 1690.0 1270.0 22829.0 719.0
0.931640625 0.9131582975387573 1800.0 1693.0 22406.0 609.0
0.947265625 0.9198732376098633 1768.0 1483.0 22616.0 641.0
0.927734375 0.9207409024238586 1760.0 1452.0 22647.0 649.0
0.923828125 0.9172325134277344 1727.0 1512.0 22587.0 682.0
0.912109375 0.9209295511245728 1757.0 1444.0 22655.0 652.0
0.94140625 0.9173457026481628 1744.0 1526.0 22573.0 665.0
0.927734375 0.9234570860862732 1723.0 1343.0 22756.0 686.0
0.923828125 0.9234193563461304 1770.0 1391.0 22708.0 639.0
0.90234375 0.9183642864227295 1715.0 1470.0 22629.0 694.0
0.931640625 0.9205145835876465 1745.0 1443.0 22656.0 664.0
0.9453125 0.9233438968658447 1733.0 1356.0 22743.0 676.0
0.92578125 0.9257959723472595 1686.0 1244.0 22855.0 723.0
0.92578125 0.9214576482772827 1768.0 1441.0 22658.0 641.0
0.9375 0.917987048625946 1756.0 1521.0 22578.0 653.0
0.93359375 0.9179115891456604 1713.0 1480.0 22619.0 696.0
0.9375 0.914893627166748 1757.0 1604.0 22495.0 652.0
0.912109375 0.9122151732444763 1806.0 1724.0 22375.0 603.0
0.888671875 0.9061792492866516 1836.0 1914.0 22185.0 573.0
0.916015625 0.9183642864227295 1740.0 1495.0 22604.0 669.0
0.95703125 0.9143277406692505 1787.0 1649.0 22450.0 622.0
0.93359375 0.9137995839118958 1750.0 1626.0 22473.0 659.0
0.9375 0.9208163619041443 1723.0 1413.0 22686.0 686.0
0.931640625 0.9207031726837158 1724.0 1417.0 22682.0 685.0
0.943359375 0.9225139617919922 1721.0 1366.0 22733.0 688.0
0.939453125 0.9194959998130798 1734.0 1459.0 22640.0 675.0
0.92578125 0.9187415242195129 1747.0 1492.0 22607.0 662.0
0.927734375 0.9172325134277344 1759.0 1544.0 22555.0 650.0
0.91796875 0.913950502872467 1858.0 1730.0 22369.0 551.0
0.921875 0.9231552481651306 1715.0 1343.0 22756.0 694.0
0.931640625 0.9176097512245178 1781.0 1556.0 22543.0 628.0
0.912109375 0.9156481027603149 1806.0 1633.0 22466.0 603.0
0.93359375 0.9209672808647156 1757.0 1443.0 22656.0 652.0
0.93359375 0.9169307351112366 1755.0 1548.0 22551.0 654.0
0.9140625 0.9222121834754944 1722.0 1375.0 22724.0 687.0
0.921875 0.9201750159263611 1758.0 1465.0 22634.0 651.0
0.9375 0.9208918213844299 1748.0 1436.0 22663.0 661.0
0.93359375 0.9236079454421997 1707.0 1323.0 22776.0 702.0
0.91796875 0.9167044162750244 1792.0 1591.0 22508.0 617.0
0.935546875 0.9181379079818726 1796.0 1557.0 22542.0 613.0
0.931640625 0.9200241565704346 1773.0 1484.0 22615.0 636.0
0.935546875 0.92281574010849 1655.0 1292.0 22807.0 754.0
0.919921875 0.9230421185493469 1738.0 1369.0 22730.0 671.0
0.931640625 0.9186660647392273 1774.0 1521.0 22578.0 635.0
0.9453125 0.9197600483894348 1783.0 1501.0 22598.0 626.0
0.908203125 0.9181379079818726 1761.0 1522.0 22577.0 648.0
0.92578125 0.915836751461029 1809.0 1631.0 22468.0 600.0
0.955078125 0.9242115616798401 1721.0 1321.0 22778.0 688.0
0.91015625 0.9107816219329834 1834.0 1790.0 22309.0 575.0
0.927734375 0.9156481027603149 1781.0 1608.0 22491.0 628.0
0.93359375 0.9204768538475037 1738.0 1437.0 22662.0 671.0
0.94140625 0.9232684373855591 1729.0 1354.0 22745.0 680.0
0.93359375 0.9123283624649048 1815.0 1730.0 22369.0 594.0
0.93359375 0.9255696535110474 1679.0 1243.0 22856.0 730.0
0.947265625 0.9165534973144531 1740.0 1543.0 22556.0 669.0
0.93359375 0.9141391515731812 1790.0 1657.0 22442.0 619.0
0.919921875 0.9175720810890198 1781.0 1557.0 22542.0 628.0
0.916015625 0.9102157950401306 1826.0 1797.0 22302.0 583.0
0.93359375 0.9173457026481628 1743.0 1525.0 22574.0 666.0
0.9140625 0.9171947836875916 1776.0 1562.0 22537.0 633.0
0.923828125 0.9140636920928955 1804.0 1673.0 22426.0 605.0
0.908203125 0.9146295189857483 1813.0 1667.0 22432.0 596.0
0.921875 0.9198355078697205 1733.0 1449.0 22650.0 676.0
0.94921875 0.9239851832389832 1721.0 1327.0 22772.0 688.0
0.9453125 0.9227402806282043 1723.0 1362.0 22737.0 686.0
0.93359375 0.9184020161628723 1794.0 1548.0 22551.0 615.0
0.92578125 0.9219858050346375 1763.0 1422.0 22677.0 646.0
0.9140625 0.9169307351112366 1801.0 1594.0 22505.0 608.0
0.931640625 0.918515145778656 1752.0 1503.0 22596.0 657.0
0.908203125 0.9185906052589417 1785.0 1534.0 22565.0 624.0
0.947265625 0.917043924331665 1768.0 1558.0 22541.0 641.0
0.91796875 0.9178361296653748 1786.0 1555.0 22544.0 623.0
0.9453125 0.9167420864105225 1781.0 1579.0 22520.0 628.0
0.935546875 0.9212313294410706 1726.0 1405.0 22694.0 683.0
0.90625 0.913950502872467 1814.0 1686.0 22413.0 595.0
0.93359375 0.9139882326126099 1781.0 1652.0 22447.0 628.0
0.939453125 0.9223253130912781 1688.0 1338.0 22761.0 721.0
0.923828125 0.9236456751823425 1697.0 1312.0 22787.0 712.0
0.935546875 0.920137345790863 1715.0 1423.0 22676.0 694.0
