7.040275573730468750e+00 2.879498243331909180e+00 -3.499527454376220703e+00 2.506039142608642578e-01 8.687222480773925781e+00 -4.460046291351318359e+00 1.914084076881408691e+00 9.561382293701171875e+00 3.354564011096954346e-01 -3.081511020660400391e+00 -1.754668503999710083e-01 -1.207482695579528809e+00 1.515116691589355469e+00 4.508010864257812500e+00 -4.964030265808105469e+00 -4.882829666137695312e+00 6.927466392517089844e-01 6.806235790252685547e+00 8.144077301025390625e+00 2.388536453247070312e+00
9.827380776405334473e-01 1.420938134193420410e+00 -3.756631851196289062e+00 8.649364471435546875e+00 -4.696763038635253906e+00 -7.966805934906005859e+00 -1.474016761779785156e+01 -4.192120552062988281e+00 8.219849467277526855e-01 -1.677289128303527832e+00 8.234416007995605469e+00 -6.169219613075256348e-01 5.354069709777832031e+00 -3.213530302047729492e+00 -8.828576087951660156e+00 1.520880889892578125e+01 4.402029514312744141e+00 -8.055854797363281250e+00 -4.825016856193542480e-01 -1.089471721649169922e+01
-5.361981391906738281e-01 4.877946972846984863e-01 -2.274556875228881836e+00 -1.585659265518188477e+00 -2.130027413368225098e-01 1.719571590423583984e+00 1.044151782989501953e-01 1.048107028007507324e+00 -1.743119835853576660e+00 -1.942455649375915527e+00 -8.968399763107299805e-01 -2.387133359909057617e+00 4.561605930328369141e+00 1.343679428100585938e+00 -2.006372213363647461e+00 3.172772407531738281e+00 -1.591524720191955566e+00 -1.689091801643371582e+00 -1.719599843025207520e+00 1.791857957839965820e+00
2.075912952423095703e+00 2.576801300048828125e+00 -1.462647467851638794e-01 -3.118934392929077148e+00 -2.821638584136962891e+00 6.311811447143554688e+00 3.035701990127563477e+00 5.027732253074645996e-01 -3.702177286148071289e+00 -3.620660543441772461e+00 1.475192010402679443e-01 -3.248300790786743164e+00 2.417559146881103516e+00 -2.773091793060302734e+00 -1.864809155464172363e+00 -4.724555969238281250e+00 4.669713020324707031e+00 1.837300062179565430e+00 4.109467029571533203e+00 -9.979175925254821777e-01
-6.321538448333740234e+00 4.692781448364257812e+00 -6.766528487205505371e-01 1.766689300537109375e+00 -1.427320241928100586e-01 1.111516952514648438e+01 -3.367118597030639648e+00 -9.606270790100097656e-01 3.093745470046997070e+00 -1.042405009269714355e+00 -4.438596725463867188e+00 1.856100082397460938e+00 1.510595202445983887e+00 2.610796928405761719e+00 -1.448282837867736816e+00 -6.290726661682128906e-01 1.246719360351562500e+00 5.586742401123046875e+00 9.647141695022583008e-01 -1.337509453296661377e-01
-8.927020072937011719e+00 -3.182753562927246094e+00 -1.895184874534606934e+00 8.495799064636230469e+00 2.871570348739624023e+00 5.658006668090820312e+00 1.677049279212951660e+00 -8.156773447990417480e-01 6.514580249786376953e+00 3.440045416355133057e-01 -7.280728816986083984e-01 7.604028701782226562e+00 2.150281429290771484e+00 -6.220334053039550781e+00 -9.452494978904724121e-01 -1.332249999046325684e+00 8.427464365959167480e-01 6.335082530975341797e+00 -2.357145786285400391e+00 4.653752803802490234e+00
1.197134733200073242e+00 7.613818168640136719e+00 4.199037551879882812e+00 2.286486864089965820e+00 1.403544902801513672e+01 8.479776978492736816e-01 3.586621522903442383e+00 -5.190406799316406250e+00 5.864546775817871094e+00 -2.776601314544677734e+00 1.935763478279113770e+00 -2.426779747009277344e+00 3.420723676681518555e+00 -8.049200057983398438e+00 3.519348144531250000e+00 -4.172699451446533203e+00 7.204602360725402832e-01 3.952317953109741211e+00 -3.764870405197143555e+00 1.846096396446228027e+00
2.883277654647827148e+00 9.454644203186035156e+00 2.687062740325927734e+00 3.614962995052337646e-01 -2.929934024810791016e+00 -2.395344495773315430e+00 1.966602325439453125e+00 8.233303070068359375e+00 -9.600561261177062988e-01 1.899393200874328613e+00 8.207126259803771973e-01 1.616704940795898438e+00 4.976042211055755615e-01 -3.224004507064819336e+00 4.382505893707275391e+00 -3.514788150787353516e-01 -5.310944914817810059e-01 4.775242328643798828e+00 7.058205008506774902e-01 2.643123149871826172e+00
3.058710336685180664e+00 8.375138640403747559e-01 4.806697368621826172e+00 -1.017055034637451172e+00 2.118979454040527344e+00 -1.914895892143249512e+00 3.184889316558837891e+00 6.381109714508056641e+00 2.365291357040405273e+00 7.128748893737792969e+00 7.575326561927795410e-01 9.664622306823730469e+00 2.502014398574829102e+00 2.025394916534423828e+00 -1.798509120941162109e+00 -4.728140830993652344e+00 7.291899681091308594e+00 9.477529525756835938e+00 -1.830247163772583008e+00 9.481367468833923340e-01
2.132498025894165039e+00 -1.193065717816352844e-01 -4.520839214324951172e+00 9.734380245208740234e-01 5.456418037414550781e+00 1.013183593750000000e+01 5.903042554855346680e-01 -7.594809532165527344e+00 -1.040070176124572754e+00 -4.936607837677001953e+00 1.202038407325744629e+00 -1.269811034202575684e+00 2.175164371728897095e-01 7.358940839767456055e-01 -2.005503654479980469e+00 -5.464639186859130859e+00 4.994887828826904297e+00 -5.140631675720214844e+00 -4.618447780609130859e+00 7.617339611053466797e+00
5.479167699813842773e-01 1.211435437202453613e+00 -2.192272901535034180e+00 -1.089860081672668457e+00 -3.325518608093261719e+00 7.344286441802978516e-01 -6.073207855224609375e+00 8.411021232604980469e+00 -4.218132793903350830e-01 -1.606815695762634277e+00 -9.589553475379943848e-01 -3.084907770156860352e+00 -1.980854272842407227e+00 -8.046799302101135254e-01 -2.382599830627441406e+00 1.314287900924682617e+00 1.210715919733047485e-01 -8.602814078330993652e-01 -4.856736183166503906e+00 -3.777265176177024841e-02
-1.167042732238769531e+00 -2.289108514785766602e+00 -1.013332128524780273e+00 2.078733921051025391e+00 -3.574054241180419922e+00 1.150485634803771973e+00 1.418940305709838867e+00 2.133994102478027344e+00 -3.119813919067382812e+00 -3.469224452972412109e+00 -1.115300893783569336e+00 -4.205004215240478516e+00 1.929359316825866699e+00 1.971836447715759277e+00 -6.176911830902099609e+00 3.567831754684448242e+00 3.024959087371826172e+00 5.362212657928466797e+00 -1.712359905242919922e+00 -1.301910519599914551e+00
-2.227362394332885742e+00 -8.594802618026733398e-01 3.235758781433105469e+00 1.413551066070795059e-02 -1.652830839157104492e+00 2.145306110382080078e+00 2.761100292205810547e+00 1.915271282196044922e-01 6.241105556488037109e+00 2.456465244293212891e+00 3.844336271286010742e-01 -5.690261363983154297e+00 -4.965447425842285156e+00 2.287531137466430664e+00 4.081089973449707031e+00 4.292488098144531250e+00 9.491817474365234375e+00 2.528125047683715820e+00 -1.597857713699340820e+00 2.075455188751220703e-01
2.737960577011108398e+00 1.172759294509887695e+00 7.948299884796142578e+00 -6.452937126159667969e+00 -4.890240192413330078e+00 2.167723655700683594e+00 -2.437987089157104492e+00 -2.153702735900878906e+00 8.980874061584472656e+00 -1.125506997108459473e+00 3.006874084472656250e+00 2.383438348770141602e+00 -1.081151604652404785e+00 6.771876811981201172e+00 -2.161149263381958008e+00 -6.998372673988342285e-01 -1.412799835205078125e+00 -3.789976119995117188e+00 3.111137390136718750e+00 1.908129453659057617e+00
-5.509406089782714844e+00 -9.385533332824707031e-01 -9.504640579223632812e+00 -2.710519552230834961e+00 2.605214357376098633e+00 5.523207664489746094e+00 5.064083576202392578e+00 4.608721256256103516e+00 -2.362727880477905273e+00 -6.501246929168701172e+00 -2.784668684005737305e+00 -6.116916537284851074e-01 -4.089638710021972656e+00 1.999532103538513184e+00 3.904232025146484375e+00 -1.187206459045410156e+01 -1.679333209991455078e+00 3.721540927886962891e+00 -4.562274456024169922e+00 1.819764018058776855e+00
-8.214464187622070312e+00 -3.337337493896484375e+00 2.537154197692871094e+00 -2.636465549468994141e+00 6.715223789215087891e+00 -1.958690285682678223e+00 -5.286068320274353027e-01 6.771575927734375000e+00 -5.089454650878906250e+00 1.099720573425292969e+01 1.726335406303405762e+00 -2.324289560317993164e+00 1.505104303359985352e+00 -6.836641788482666016e+00 -3.441174030303955078e+00 -1.037164688110351562e+01 -1.430150032043457031e+00 -7.613018751144409180e-01 -5.000577449798583984e+00 3.833835601806640625e+00
-4.115727424621582031e+00 7.862934112548828125e+00 3.011223077774047852e+00 -8.487085103988647461e-01 3.283569335937500000e+00 -7.918106019496917725e-02 1.872970312833786011e-01 3.246421575546264648e+00 2.023995161056518555e+00 4.325272560119628906e+00 3.654522895812988281e+00 4.608923912048339844e+00 4.342813014984130859e+00 3.770568370819091797e+00 4.364949226379394531e+00 -1.601397275924682617e+00 -6.292980194091796875e+00 3.650683462619781494e-01 -5.694108486175537109e+00 -1.102774024009704590e+00
-6.521674633026123047e+00 -3.727108955383300781e+00 -3.726087331771850586e+00 -1.510656237602233887e+00 6.523447990417480469e+00 3.982395529747009277e-01 3.251233816146850586e+00 -5.227689266204833984e+00 2.872673988342285156e+00 -5.814622879028320312e+00 -2.106494665145874023e+00 1.449760079383850098e+00 -4.994553089141845703e+00 1.302645325660705566e+00 -5.383489608764648438e+00 6.531720757484436035e-01 -5.338234901428222656e+00 8.255977630615234375e+00 3.643676042556762695e+00 -1.792184638977050781e+01
1.255860686302185059e+00 6.494960188865661621e-01 -2.183989286422729492e+00 -4.849000573158264160e-01 -3.558487415313720703e+00 1.337152242660522461e+00 -6.033336639404296875e+00 1.039628696441650391e+01 7.995855212211608887e-01 -8.873965591192245483e-02 -1.561457633972167969e+00 -2.722337961196899414e+00 -3.782349109649658203e+00 3.686719834804534912e-01 -2.763274908065795898e+00 3.285708725452423096e-01 -1.896142214536666870e-01 -2.604365587234497070e+00 -6.517428398132324219e+00 8.397585153579711914e-01
1.586675405502319336e+00 3.399095237255096436e-01 -3.629028320312500000e+00 1.398090422153472900e-01 -4.914855062961578369e-01 6.442331790924072266e+00 -5.889400839805603027e-01 4.433310031890869141e+00 -3.305440187454223633e+00 -1.839933633804321289e+00 -9.804706573486328125e-01 -2.942433118820190430e+00 3.291996002197265625e+00 1.066231966018676758e+00 -5.382149219512939453e-01 7.784568309783935547e+00 1.394909381866455078e+00 -5.429784297943115234e+00 -5.376236438751220703e+00 1.601745367050170898e+00
-3.968699455261230469e+00 -1.204625964164733887e+00 3.449276685714721680e+00 2.025675535202026367e+00 -1.044611811637878418e+00 3.367565155029296875e+00 -4.709582626819610596e-01 2.262454748153686523e+00 -1.596794128417968750e+00 -4.083096027374267578e+00 -2.399833202362060547e+00 1.713747829198837280e-01 -3.812003135681152344e+00 7.796730399131774902e-01 -4.138265132904052734e+00 3.489559412002563477e+00 -2.059408426284790039e+00 -3.682960271835327148e+00 1.574937105178833008e+00 -1.365795612335205078e+00
-4.686254978179931641e+00 -1.139429450035095215e+00 -7.519517838954925537e-02 -2.954543828964233398e+00 -1.445344090461730957e+00 2.930181026458740234e+00 5.238732695579528809e-01 -1.931592345237731934e+00 -1.165410518646240234e+00 -3.955814838409423828e+00 5.166137695312500000e+00 7.577363252639770508e-01 8.041921257972717285e-01 4.857380390167236328e+00 -4.066904067993164062e+00 6.868334859609603882e-02 1.955019712448120117e+00 -3.272495746612548828e+00 2.086775541305541992e+00 6.333054542541503906e+00
-1.319726705551147461e-01 -6.407626867294311523e-01 -9.054635465145111084e-02 -4.164598464965820312e+00 1.398262500762939453e+00 9.182743072509765625e+00 2.155972957611083984e+00 5.641471147537231445e-01 -4.025869369506835938e-01 -9.936465024948120117e-01 3.505512952804565430e+00 -3.854827955365180969e-02 4.580315053462982178e-01 2.783413887023925781e+00 -1.758078932762145996e+00 -3.371895989403128624e-03 1.220426440238952637e+00 -4.218981266021728516e+00 2.609591484069824219e+00 3.294752836227416992e+00
4.094185531139373779e-01 -3.080691337585449219e+00 -7.342036962509155273e-01 -4.508414268493652344e+00 2.392142772674560547e+00 8.909577369689941406e+00 3.224011659622192383e-01 1.646522432565689087e-01 -1.621238470077514648e+00 -1.561392426490783691e+00 1.847230792045593262e+00 -6.983231902122497559e-01 -1.946762084960937500e+00 2.029575586318969727e+00 -7.364690899848937988e-01 6.023325771093368530e-02 1.022599816322326660e+00 3.989190161228179932e-01 4.858805656433105469e+00 1.750484228134155273e+00
1.381928205490112305e+00 -1.989272385835647583e-01 -1.223140835762023926e+00 -2.127497196197509766e+00 1.576609611511230469e+00 5.853059291839599609e+00 2.266918420791625977e+00 -1.431587576866149902e+00 -7.675830721855163574e-01 4.340836048126220703e+00 1.703981518745422363e+00 -1.371861100196838379e+00 -1.823551654815673828e+00 2.506952524185180664e+00 -4.249351978302001953e+00 1.032755732536315918e+00 1.542370170354843140e-01 1.127290725708007812e+00 1.369686365127563477e+00 -2.556817770004272461e+00
8.161911368370056152e-01 -2.551094591617584229e-01 8.076170682907104492e-01 -2.836784839630126953e+00 -6.071602106094360352e-01 5.340483665466308594e+00 1.384825229644775391e+00 -1.615088105201721191e+00 -1.239674568176269531e+00 3.866993665695190430e+00 -2.167122364044189453e+00 -2.313641071319580078e+00 -5.207599639892578125e+00 6.376502513885498047e-01 -4.078459739685058594e+00 5.485758930444717407e-02 -9.617217779159545898e-01 -3.405532985925674438e-02 4.129540920257568359e+00 2.019232988357543945e+00
1.562387049198150635e-01 3.460325598716735840e-01 1.970899939537048340e+00 -4.283204555511474609e+00 1.313931226730346680e+00 3.774371862411499023e+00 4.471438229084014893e-01 -3.132527112960815430e+00 -3.523950576782226562e+00 3.508909225463867188e+00 -7.073220014572143555e-01 3.885259628295898438e-01 -5.855393409729003906e+00 -5.842801649123430252e-03 -1.997394680976867676e+00 -1.087546348571777344e+00 1.804786682128906250e+00 7.898796796798706055e-01 3.070088386535644531e+00 -3.548392280936241150e-02
5.709151029586791992e-01 1.371866703033447266e+00 2.724213361740112305e+00 -7.673605084419250488e-01 7.316300272941589355e-01 1.365661025047302246e+00 3.540054321289062500e+00 -3.319685697555541992e+00 -4.806276798248291016e+00 1.583981633186340332e+00 -3.104288816452026367e+00 -2.253336310386657715e-01 -5.891082286834716797e+00 1.012679457664489746e+00 -3.720029115676879883e+00 -8.560736775398254395e-01 1.173334002494812012e+00 -1.932507567107677460e-02 1.848488092422485352e+00 1.643383383750915527e+00
7.779774069786071777e-01 -3.436079978942871094e+00 -3.354418992996215820e+00 -3.195559740066528320e+00 1.638294219970703125e+00 6.975297331809997559e-01 4.669215679168701172e+00 6.761337518692016602e-01 8.128865361213684082e-01 4.289449214935302734e+00 5.177963152527809143e-02 -1.278736591339111328e+00 1.702326536178588867e+00 2.861790359020233154e-01 -2.533505201339721680e+00 3.223534107208251953e+00 -3.003356695175170898e+00 -1.113514661788940430e+00 2.065424174070358276e-01 1.848673820495605469e+00
-2.647701740264892578e+00 -7.510439753532409668e-01 -1.755544185638427734e+00 -2.195631027221679688e+00 -4.971758842468261719e+00 -2.911435961723327637e-01 3.611200809478759766e+00 1.978175401687622070e+00 -4.135147571563720703e+00 -3.815466403961181641e+00 3.065496683120727539e+00 -1.077579379081726074e+00 2.614108324050903320e+00 -3.989690840244293213e-01 -4.558653354644775391e+00 3.035813331604003906e+00 3.289813995361328125e+00 2.201343059539794922e+00 -1.061453819274902344e+00 -1.219442009925842285e+00
-5.447589874267578125e+00 -8.947739601135253906e-01 6.397206187248229980e-01 -2.907836437225341797e+00 -1.452938437461853027e+00 1.416909992694854736e-01 3.075985431671142578e+00 -5.138921737670898438e-01 1.879442334175109863e+00 1.514784455299377441e+00 3.761768817901611328e+00 -6.703195571899414062e+00 7.043850421905517578e-01 5.115147590637207031e+00 3.474447250366210938e+00 2.875475168228149414e+00 7.364981174468994141e+00 3.875303983688354492e+00 -6.875980496406555176e-01 -1.625005245208740234e+00
-7.182850241661071777e-01 -4.565566062927246094e+00 4.041659832000732422e+00 -2.957652091979980469e+00 -8.180315017700195312e+00 -3.732395768165588379e-01 7.408935546875000000e+00 4.733337402343750000e+00 2.408071279525756836e+00 -5.654386043548583984e+00 4.093504905700683594e+00 3.129136085510253906e+00 -2.818791866302490234e-01 -2.990217804908752441e-01 1.212636351585388184e+00 -1.303207397460937500e+00 -3.234575033187866211e+00 -5.006825923919677734e+00 7.380743026733398438e+00 -3.791660785675048828e+00
-7.259013652801513672e+00 -5.215291023254394531e+00 -4.114263534545898438e+00 -4.931062221527099609e+00 3.419818401336669922e+00 -6.363933682441711426e-01 5.841401576995849609e+00 7.335837364196777344e+00 -5.089518070220947266e+00 -7.294390678405761719e+00 -2.041579246520996094e+00 2.887573242187500000e-01 -2.977297782897949219e+00 4.848512172698974609e+00 9.844613075256347656e+00 -6.668051719665527344e+00 1.583340764045715332e+00 5.241871476173400879e-01 1.973146796226501465e+00 4.487382888793945312e+00
3.577861309051513672e+00 -6.900713920593261719e+00 1.976956367492675781e+00 2.852107763290405273e+00 -1.274537295103073120e-01 1.153453588485717773e-01 -1.096574425697326660e+00 3.946752309799194336e+00 -4.475244522094726562e+00 4.042169094085693359e+00 6.565329074859619141e+00 -6.394402682781219482e-02 -6.469723224639892578e+00 4.727299213409423828e+00 3.383722066879272461e+00 -5.878026962280273438e+00 -9.979629516601562500e+00 1.048418712615966797e+01 -5.858812332153320312e+00 -1.107825279235839844e+00
-9.723482728004455566e-01 6.433758735656738281e+00 -5.619698166847229004e-01 4.547502994537353516e+00 -5.383127331733703613e-01 -5.227340757846832275e-02 -3.367706537246704102e+00 9.765388965606689453e-01 -3.114814519882202148e+00 5.742411613464355469e+00 1.667560636997222900e-01 -8.107325434684753418e-01 -8.013146519660949707e-01 4.242984771728515625e+00 2.666011810302734375e+00 -4.363902091979980469e+00 -1.989113211631774902e+00 -4.546819329261779785e-01 3.405369281768798828e+00 -1.104013323783874512e+00
2.955212593078613281e+00 6.061625480651855469e+00 -1.777106404304504395e+00 9.613384008407592773e-01 2.880544900894165039e+00 7.237457752227783203e+00 4.189665317535400391e+00 5.785285472869873047e+00 -3.855273246765136719e+00 -2.452303469181060791e-01 6.347351670265197754e-01 8.595991134643554688e+00 -7.189720630645751953e+00 -6.244693756103515625e+00 -3.472270011901855469e+00 -6.870913028717041016e+00 -1.228511214256286621e+00 2.241868209838867188e+01 -2.708335161209106445e+00 -9.671235084533691406e+00
7.886070609092712402e-01 6.064915060997009277e-01 -2.219612121582031250e+00 1.123222708702087402e-01 -2.548194646835327148e+00 1.580411911010742188e+00 -6.112160682678222656e+00 1.049272537231445312e+01 1.671705245971679688e+00 4.239196181297302246e-01 -2.857022523880004883e+00 -2.657061338424682617e+00 -3.002947568893432617e+00 1.399167299270629883e+00 -2.702831745147705078e+00 5.575230717658996582e-01 -9.619693160057067871e-01 -2.665161132812500000e+00 -6.498797893524169922e+00 2.247711181640625000e+00
1.970992445945739746e+00 1.771242767572402954e-01 -4.156733989715576172e+00 2.948855161666870117e-01 7.037329077720642090e-01 5.932186603546142578e+00 -2.371884822845458984e+00 3.616724252700805664e+00 -4.192781925201416016e+00 -6.620578169822692871e-01 4.735571742057800293e-01 -1.498537659645080566e+00 1.875767588615417480e+00 8.081052303314208984e-01 -1.652782917022705078e+00 7.903726100921630859e+00 8.309610486030578613e-01 -4.238611221313476562e+00 -4.532573699951171875e+00 1.378638386726379395e+00
-5.047829627990722656e+00 -2.338645309209823608e-01 -1.434774994850158691e-01 1.643271923065185547e+00 1.980216622352600098e+00 2.675447225570678711e+00 -2.325132369995117188e+00 1.063392877578735352e+00 -1.453402519226074219e+00 -3.127270221710205078e+00 7.544358372688293457e-01 -3.904719948768615723e-01 -2.638379096984863281e+00 2.678178787231445312e+00 -5.064243793487548828e+00 4.279899597167968750e+00 1.586356043815612793e+00 -1.990046024322509766e+00 -1.719109892845153809e+00 -1.659064054489135742e+00
-3.172209024429321289e+00 -3.242328405380249023e+00 1.575725197792053223e+00 9.513962864875793457e-01 -1.630789995193481445e+00 4.844896316528320312e+00 -5.956927537918090820e-01 -6.913822889328002930e-01 1.392112970352172852e+00 -2.460586547851562500e+00 5.000869274139404297e+00 8.157656788825988770e-01 -2.921875417232513428e-01 4.628990650177001953e+00 -5.239810466766357422e+00 -1.535506844520568848e+00 4.448742389678955078e+00 -4.235630512237548828e+00 2.081840991973876953e+00 3.065945148468017578e+00
-3.528873205184936523e+00 -1.694088459014892578e+00 -2.449346542358398438e+00 -9.831130504608154297e-01 -2.709860801696777344e+00 5.620439052581787109e+00 9.177308678627014160e-01 -5.980466008186340332e-01 -2.049775838851928711e+00 -3.738863468170166016e+00 1.824705839157104492e+00 -9.114113450050354004e-01 -1.857981085777282715e+00 5.844813823699951172e+00 -3.205913543701171875e+00 -2.365884780883789062e+00 1.100630283355712891e+00 -3.684503793716430664e+00 2.070152044296264648e+00 6.037439346313476562e+00
4.594076156616210938e+00 -2.330950736999511719e+00 -1.417171716690063477e+00 -2.440664529800415039e+00 1.450233459472656250e+00 1.030888175964355469e+01 3.420428752899169922e+00 -1.340910553932189941e+00 -1.588174819946289062e+00 3.296478986740112305e-01 5.948930263519287109e+00 -8.691980242729187012e-01 -1.109289169311523438e+00 5.627131462097167969e+00 1.086583971977233887e+00 1.361617803573608398e+00 3.493028879165649414e+00 -2.486296415328979492e+00 -5.581700801849365234e-01 6.114434242248535156e+00
1.073037028312683105e+00 1.055229067802429199e+00 -2.703197479248046875e+00 -5.131345748901367188e+00 -4.620299816131591797e+00 1.488989162445068359e+01 -1.481923699378967285e+00 -3.467543125152587891e+00 1.294312715530395508e+00 -6.565280437469482422e+00 4.466095447540283203e+00 8.846722841262817383e-01 -9.436427950859069824e-01 -5.665954351425170898e-01 -2.285396099090576172e+00 -3.717520713806152344e+00 -2.832897663116455078e+00 4.132660865783691406e+00 -5.756605625152587891e+00 -3.744894504547119141e+00
-2.269495248794555664e+00 4.413381099700927734e+00 -3.599576711654663086e+00 -1.062424468994140625e+01 -1.225865125656127930e+00 1.707571625709533691e+00 3.777221441268920898e+00 -7.256775856018066406e+00 -1.381107807159423828e+00 -2.804121494293212891e+00 1.947406649589538574e+00 4.134133338928222656e+00 -9.064924240112304688e+00 -4.452826976776123047e+00 -2.518225193023681641e+00 2.941718101501464844e+00 -3.830847740173339844e+00 2.629041910171508789e+00 -1.653551936149597168e+00 3.285866260528564453e+00
6.282090544700622559e-01 1.310714721679687500e+00 -8.998815536499023438e+00 -9.600320816040039062e+00 5.157733559608459473e-01 -9.674915075302124023e-01 2.623766660690307617e+00 -6.408191204071044922e+00 1.314033508300781250e+00 3.109611511230468750e+00 6.763398647308349609e-01 5.095991134643554688e+00 -6.626272678375244141e+00 -1.819461464881896973e+00 1.308454275131225586e+00 3.578751564025878906e+00 -4.218912124633789062e+00 2.312177658081054688e+00 -2.508462667465209961e+00 3.222896337509155273e+00
3.557918548583984375e+00 -5.718894004821777344e+00 3.096281290054321289e+00 -3.526234626770019531e+00 5.762446880340576172e+00 1.220087885856628418e+00 -1.177139639854431152e+00 3.677316427230834961e+00 -5.800576686859130859e+00 6.750661134719848633e-02 -5.228092670440673828e-01 4.408642292022705078e+00 -2.220278024673461914e+00 -1.024085879325866699e+00 5.510207653045654297e+00 6.070830345153808594e+00 7.266691684722900391e+00 -8.093730211257934570e-01 3.748615741729736328e+00 -3.439899682998657227e+00
7.782443165779113770e-01 -3.899496555328369141e+00 -3.090012073516845703e+00 -1.505593538284301758e+00 1.496736854314804077e-01 1.463688969612121582e+00 1.155419468879699707e+00 1.404951930046081543e+00 -1.982699632644653320e+00 4.871255397796630859e+00 -3.218149662017822266e+00 -1.084926247596740723e+00 1.251816034317016602e+00 -1.074994683265686035e+00 -1.435668349266052246e+00 4.441318988800048828e+00 -1.666268587112426758e+00 1.007373571395874023e+00 1.324131250381469727e+00 3.982159852981567383e+00
-3.322072029113769531e+00 2.692411422729492188e+00 -3.574546337127685547e+00 -3.229155838489532471e-01 -5.777011394500732422e+00 -1.199270129203796387e+00 3.528756141662597656e+00 3.567627429962158203e+00 1.696379065513610840e+00 -1.290794134140014648e+00 4.299638271331787109e+00 -7.028604507446289062e+00 -2.946552753448486328e+00 -1.913132667541503906e+00 -6.460526585578918457e-01 1.875906825065612793e+00 3.536772966384887695e+00 -3.229468464851379395e-01 1.432407796382904053e-01 -4.777584075927734375e+00
-4.618288516998291016e+00 4.695488214492797852e-01 -5.069190025329589844e+00 -3.156673192977905273e+00 -3.066658973693847656e+00 -7.789272665977478027e-01 1.400203943252563477e+00 3.039855957031250000e+00 3.374392747879028320e+00 3.806755304336547852e+00 4.227371215820312500e+00 -3.103418350219726562e+00 -2.946153879165649414e+00 2.919282913208007812e-01 2.674225568771362305e+00 1.396352767944335938e+00 4.618998050689697266e+00 1.937515288591384888e-01 6.220295906066894531e+00 -7.577527523040771484e+00
1.435682654380798340e+00 -2.656291246414184570e+00 3.145549058914184570e+00 -1.493878483772277832e+00 -1.019531822204589844e+01 -1.972719669342041016e+00 9.040286064147949219e+00 1.232652783393859863e+00 3.479789733886718750e+00 2.031357765197753906e+00 1.326055049896240234e+00 6.554796099662780762e-01 -1.407337307929992676e+00 6.622821807861328125e+00 2.178046226501464844e+00 1.051461100578308105e+00 -3.399334907531738281e+00 -2.423017501831054688e+00 3.749794483184814453e+00 3.355364203453063965e-01
6.283488273620605469e+00 -4.931192874908447266e+00 5.406708240509033203e+00 -8.119883537292480469e+00 8.454304337501525879e-01 1.985889911651611328e+00 -5.177411556243896484e+00 9.443614482879638672e-01 8.703439712524414062e+00 -1.869315505027770996e+00 3.849808931350708008e+00 1.394263207912445068e-01 -2.353465795516967773e+00 2.402926683425903320e+00 -6.438127160072326660e-02 2.266090154647827148e+00 -2.456674575805664062e+00 6.143930554389953613e-01 6.865321397781372070e-01 -4.430758476257324219e+00
1.329273414611816406e+01 2.169180214405059814e-01 5.209977626800537109e+00 4.636801242828369141e+00 2.036790698766708374e-01 7.280395507812500000e+00 -2.250754117965698242e+00 2.529702186584472656e+00 2.593505382537841797e+00 -1.527896165847778320e+00 1.404801750183105469e+01 -4.888521671295166016e+00 7.228011608123779297e+00 -9.462913513183593750e+00 -7.239773750305175781e+00 4.934741020202636719e+00 -2.382621288299560547e+00 -9.176082015037536621e-01 3.539428949356079102e+00 9.123540878295898438e+00
3.977589130401611328e+00 3.307666301727294922e+00 -6.267716407775878906e+00 8.988188743591308594e+00 -1.393162608146667480e+00 1.472654223442077637e+00 -4.523072838783264160e-01 -1.172301411628723145e+00 -5.446502208709716797e+00 -4.061864376068115234e+00 1.259562873840332031e+01 -1.204670891165733337e-01 -7.110896110534667969e+00 8.377951622009277344e+00 3.161069869995117188e+00 -5.534584999084472656e+00 -9.992929100990295410e-01 -1.682077795267105103e-01 -1.105046033859252930e+00 5.440546989440917969e+00
4.826262474060058594e+00 -3.522619962692260742e+00 -8.184927940368652344e+00 -7.097475051879882812e+00 1.129439115524291992e+00 -4.538794159889221191e-01 -1.445004105567932129e+00 6.733427047729492188e+00 2.470610380172729492e+00 -2.442030668258666992e+00 -6.301891207695007324e-01 4.939651191234588623e-01 -9.494230270385742188e+00 -1.511064529418945312e+00 -4.819405078887939453e+00 7.197262763977050781e+00 -2.106223583221435547e+00 2.191904830932617188e+01 -1.062945246696472168e+00 1.955558896064758301e+00
6.677992939949035645e-01 1.016588211059570312e+00 -2.772220849990844727e+00 -2.177577614784240723e-01 -2.931550741195678711e+00 1.552430152893066406e+00 -6.884576797485351562e+00 9.722701072692871094e+00 1.807325243949890137e+00 1.031720042228698730e+00 -2.399296045303344727e+00 -3.028541326522827148e+00 -3.176407337188720703e+00 1.872388601303100586e+00 -2.452046632766723633e+00 8.900527954101562500e-01 -1.136063218116760254e+00 -2.176912069320678711e+00 -7.129774570465087891e+00 2.030293464660644531e+00
3.283402025699615479e-01 8.878769874572753906e-01 -1.518218398094177246e+00 -2.136335849761962891e+00 -1.523052573204040527e+00 2.353285074234008789e+00 -6.679227828979492188e+00 4.158507347106933594e+00 -5.993193626403808594e+00 -5.307672023773193359e+00 3.211346864700317383e+00 -2.072630167007446289e+00 -5.896135568618774414e-01 -6.990713477134704590e-01 -3.499547243118286133e+00 6.249817371368408203e+00 1.886872649192810059e+00 -1.073737621307373047e+00 -5.054811477661132812e+00 -1.093516111373901367e+00
-5.360426425933837891e+00 -1.272104531526565552e-01 -9.402568638324737549e-02 1.177855849266052246e+00 2.834777116775512695e+00 1.342089295387268066e+00 -2.518358469009399414e+00 1.078101754188537598e+00 -9.869343638420104980e-01 -3.397136449813842773e+00 1.448501467704772949e+00 -2.509724199771881104e-01 -3.684156417846679688e+00 3.634533882141113281e+00 -5.497010231018066406e+00 5.708703517913818359e+00 1.631816029548645020e+00 -2.788913011550903320e+00 -1.464038610458374023e+00 -3.365037143230438232e-01
-5.062210083007812500e+00 9.499245136976242065e-02 -7.850788831710815430e-01 9.230825304985046387e-01 2.249861240386962891e+00 2.064359903335571289e+00 -2.387225866317749023e+00 1.338884949684143066e+00 -1.002721309661865234e+00 -2.270464181900024414e+00 1.022785902023315430e+00 -3.637235760688781738e-01 -3.296385526657104492e+00 3.051751613616943359e+00 -5.476408004760742188e+00 5.257237434387207031e+00 1.788249015808105469e+00 -2.964503765106201172e+00 -1.766410827636718750e+00 -9.712011218070983887e-01
-5.344484806060791016e+00 3.306264877319335938e-01 -4.251847267150878906e-01 8.762112855911254883e-01 2.375390768051147461e+00 2.166977882385253906e+00 -2.073217391967773438e+00 1.339771151542663574e+00 -6.172453761100769043e-01 -2.587405204772949219e+00 1.091705083847045898e+00 -2.053981870412826538e-01 -2.690076828002929688e+00 2.809003114700317383e+00 -4.858649253845214844e+00 5.151796817779541016e+00 1.497841358184814453e+00 -2.575764179229736328e+00 -1.626533627510070801e+00 -1.525980830192565918e+00
-4.902914524078369141e+00 5.349429845809936523e-01 -4.272629916667938232e-01 6.773929595947265625e-01 1.697782516479492188e+00 2.163029432296752930e+00 -2.479705810546875000e+00 1.238958477973937988e+00 -8.596262931823730469e-01 -2.047878503799438477e+00 8.406143188476562500e-01 1.441041827201843262e-01 -2.603866815567016602e+00 3.104091167449951172e+00 -4.880225181579589844e+00 5.091811656951904297e+00 2.003889322280883789e+00 -2.357102394104003906e+00 -1.537903785705566406e+00 -1.704700946807861328e+00
-1.323274970054626465e+00 9.357834458351135254e-01 2.489348888397216797e+00 4.473415374755859375e+00 4.720718383789062500e+00 1.636675357818603516e+00 1.628474742174148560e-01 -3.807955741882324219e+00 -7.388143241405487061e-02 -5.058316707611083984e+00 3.135682821273803711e+00 -5.153388500213623047e+00 -6.552719116210937500e+00 2.955526113510131836e+00 -3.424360990524291992e+00 4.665243923664093018e-01 2.525034427642822266e+00 7.166996598243713379e-01 -1.483814358711242676e+00 5.443180561065673828e+00
-4.580174922943115234e+00 8.916079998016357422e-02 6.109221279621124268e-02 1.029016494750976562e+00 2.118041038513183594e+00 1.891719222068786621e+00 -1.959465861320495605e+00 1.487609028816223145e+00 -1.549668192863464355e+00 -3.066927194595336914e+00 7.328644990921020508e-01 1.118083000183105469e-01 -2.735486030578613281e+00 3.048278093338012695e+00 -5.096282005310058594e+00 4.815124988555908203e+00 1.431268692016601562e+00 -3.282148361206054688e+00 -1.603422164916992188e+00 -1.079506993293762207e+00
-5.781124830245971680e-01 -1.825544834136962891e+00 -5.166875839233398438e+00 3.147420585155487061e-01 2.766012191772460938e+00 2.224678277969360352e+00 -8.618186712265014648e-01 1.778216600418090820e+00 -2.912793636322021484e+00 -1.225198626518249512e+00 7.986634969711303711e-01 -6.367600560188293457e-01 -8.520448207855224609e-02 4.204216957092285156e+00 -3.643107652664184570e+00 8.188955307006835938e+00 4.189357757568359375e-01 -5.223999023437500000e+00 -4.336599826812744141e+00 2.445403814315795898e+00
-5.024241924285888672e+00 -5.614526942372322083e-02 -3.082751929759979248e-01 1.061075329780578613e+00 2.130740165710449219e+00 2.136103153228759766e+00 -2.757845401763916016e+00 6.567983627319335938e-01 -1.497160434722900391e+00 -2.737177133560180664e+00 7.008140087127685547e-01 5.728065222501754761e-02 -2.835262775421142578e+00 2.841346025466918945e+00 -4.925400257110595703e+00 5.087738513946533203e+00 1.765388250350952148e+00 -2.202666759490966797e+00 -1.499834895133972168e+00 -1.519904136657714844e+00
-4.085208415985107422e+00 -4.506636857986450195e-01 -5.050991475582122803e-02 8.606445789337158203e-01 2.351088762283325195e+00 3.431732654571533203e+00 -1.976223349571228027e+00 1.844154477119445801e+00 5.931168198585510254e-01 -2.531191110610961914e+00 -4.508274197578430176e-01 7.500548958778381348e-01 -3.641354799270629883e+00 1.285134792327880859e+00 -3.888576507568359375e+00 4.212595939636230469e+00 2.748564004898071289e+00 -4.017507553100585938e+00 -8.897232413291931152e-01 -1.574283957481384277e+00
-4.423063278198242188e+00 -8.382444381713867188e-01 -1.959156990051269531e-02 1.034421205520629883e+00 2.033179044723510742e+00 2.935209035873413086e+00 -1.317864894866943359e+00 1.928043127059936523e+00 1.337416917085647583e-01 -2.505758047103881836e+00 -9.286942332983016968e-02 3.192204535007476807e-01 -3.177509069442749023e+00 1.368053674697875977e+00 -4.730852127075195312e+00 4.100862026214599609e+00 1.829607605934143066e+00 -3.553517580032348633e+00 -2.048054933547973633e+00 -1.483304619789123535e+00
-5.133398532867431641e+00 -2.244901657104492188e-01 -2.362176626920700073e-01 7.394462823867797852e-01 2.193036079406738281e+00 2.113646268844604492e+00 -2.445395708084106445e+00 1.304590344429016113e+00 -5.178018808364868164e-01 -2.571820974349975586e+00 9.247822761535644531e-01 1.064020752906799316e+00 -2.731374740600585938e+00 2.857872962951660156e+00 -4.669803619384765625e+00 4.917565345764160156e+00 2.002730607986450195e+00 -2.429159164428710938e+00 -1.384016633033752441e+00 -1.570962190628051758e+00
-3.816026687622070312e+00 -4.794079661369323730e-01 -2.265002876520156860e-01 6.493473649024963379e-01 1.979722857475280762e+00 3.792856216430664062e+00 -1.669896245002746582e+00 2.573550462722778320e+00 -1.223069429397583008e-01 -2.057427644729614258e+00 -8.095052242279052734e-01 4.028439521789550781e-01 -3.766092061996459961e+00 9.159085750579833984e-01 -4.419189453125000000e+00 4.407187461853027344e+00 2.620818376541137695e+00 -3.540094137191772461e+00 -1.610828876495361328e+00 -1.785462260246276855e+00
-3.725117444992065430e+00 -8.586512804031372070e-01 -1.611832827329635620e-01 8.953083157539367676e-01 1.928149938583374023e+00 3.041606187820434570e+00 -8.970893025398254395e-01 3.229931592941284180e+00 4.911110103130340576e-01 -2.105907201766967773e+00 -5.787736177444458008e-01 3.081733882427215576e-01 -2.866666793823242188e+00 1.251552820205688477e+00 -4.200048446655273438e+00 3.841170072555541992e+00 2.375603914260864258e+00 -4.548456192016601562e+00 -6.871303319931030273e-01 -1.794600009918212891e+00
-3.325235605239868164e+00 3.849566280841827393e-01 -4.587624669075012207e-01 7.848659753799438477e-01 2.171564817428588867e+00 1.731119871139526367e+00 5.697852373123168945e-01 1.261736750602722168e+00 -1.879877448081970215e+00 -2.915287494659423828e+00 1.354278802871704102e+00 -1.374499052762985229e-01 -9.318709969520568848e-01 3.367591142654418945e+00 -5.260259151458740234e+00 4.718096733093261719e+00 5.552856326103210449e-01 -2.613404273986816406e+00 -2.428149938583374023e+00 -2.645199775695800781e+00
-3.609616994857788086e+00 -8.095874190330505371e-01 8.021274805068969727e-01 1.418536543846130371e+00 2.480095863342285156e+00 4.118441581726074219e+00 -2.588540315628051758e-01 3.145418167114257812e+00 9.074796438217163086e-01 -2.371676683425903320e+00 -1.191318035125732422e+00 7.467393875122070312e-01 -3.377427101135253906e+00 9.571324586868286133e-01 -4.633665084838867188e+00 3.313902854919433594e+00 2.228596448898315430e+00 -4.349856376647949219e+00 -5.309537053108215332e-01 -1.975763916969299316e+00
-3.700788497924804688e+00 -2.689286708831787109e+00 1.434807777404785156e+00 -9.666563272476196289e-01 -1.996121287345886230e+00 4.721297264099121094e+00 2.954412400722503662e-01 5.576074123382568359e-01 -4.457886517047882080e-01 -2.385603904724121094e+00 3.490349531173706055e+00 4.048474133014678955e-01 -6.246075630187988281e-01 4.966815948486328125e+00 -4.855911731719970703e+00 -4.674851000308990479e-01 5.253165245056152344e+00 -5.537082195281982422e+00 1.836548805236816406e+00 4.330621242523193359e+00
-3.571933507919311523e+00 -3.412472486495971680e+00 -2.180834770202636719e+00 3.453337848186492920e-01 -4.531220436096191406e+00 6.412447929382324219e+00 -4.974479079246520996e-01 -1.129815652966499329e-01 -2.267465353012084961e+00 -2.100775957107543945e+00 6.924105644226074219e+00 2.091704845428466797e+00 -4.169213473796844482e-01 4.027212619781494141e+00 -4.864618778228759766e+00 -2.688902616500854492e-01 1.305404901504516602e+00 -2.085206508636474609e+00 4.985715866088867188e+00 6.337748527526855469e+00
-3.364117741584777832e-01 8.563265204429626465e-01 -4.812524318695068359e+00 1.656491518020629883e+00 7.068613171577453613e-01 1.319662952423095703e+01 -4.188670158386230469e+00 -2.533277869224548340e-01 -3.049529716372489929e-02 8.894535899162292480e-01 1.038398742675781250e+01 3.751915216445922852e+00 -2.851604223251342773e+00 1.490372896194458008e+00 -4.600450038909912109e+00 2.393227338790893555e+00 2.059062004089355469e+00 -1.525857806205749512e+00 2.668720722198486328e+00 9.988649487495422363e-01
3.954706907272338867e+00 -2.469022274017333984e+00 -1.414200067520141602e+00 -3.170730352401733398e+00 -3.531661272048950195e+00 1.661703872680664062e+01 1.056009531021118164e+00 -2.358403682708740234e+00 1.715250730514526367e+00 -3.631966114044189453e+00 2.711909294128417969e+00 -2.677262783050537109e+00 -3.619807481765747070e+00 8.221518397331237793e-01 -3.333865404129028320e+00 -7.183223247528076172e+00 -1.280978322029113770e+00 6.595475077629089355e-01 -6.210632324218750000e+00 -1.010649561882019043e+00
-3.730396181344985962e-02 2.263354301452636719e+00 -6.314729690551757812e+00 1.557937860488891602e+00 1.002256631851196289e+00 5.915318965911865234e+00 1.091196632385253906e+01 -5.498295307159423828e+00 1.293731212615966797e+00 -5.170270919799804688e+00 9.621899604797363281e+00 -1.104022979736328125e+00 -1.225794601440429688e+01 -7.544704437255859375e+00 -2.886237204074859619e-01 2.113736867904663086e+00 -4.191386222839355469e+00 8.823515176773071289e-01 -3.356070995330810547e+00 2.164885282516479492e+00
4.391752481460571289e-01 -3.703806161880493164e+00 7.975631237030029297e+00 4.741774559020996094e+00 3.839898586273193359e+00 -3.372594833374023438e+00 3.409788131713867188e+00 -4.585494518280029297e+00 -8.922901153564453125e+00 2.365778207778930664e+00 3.590002775192260742e+00 -6.804749965667724609e-01 -6.429864406585693359e+00 -7.537239551544189453e+00 -7.281435489654541016e+00 -4.403191089630126953e+00 5.126014709472656250e+00 1.183959364891052246e+00 -3.719410657882690430e+00 -3.491956710815429688e+00
2.228019475936889648e+00 2.342735052108764648e+00 -1.622409462928771973e+00 -8.754691123962402344e+00 2.877186298370361328e+00 -5.291934013366699219e-01 8.692255020141601562e+00 6.638349294662475586e-01 -2.078451633453369141e+00 -3.529135942459106445e+00 1.381889462471008301e+00 2.087902069091796875e+00 -3.683920621871948242e+00 -2.403350353240966797e+00 -3.566875934600830078e+00 3.980203628540039062e+00 -2.346564292907714844e+00 -4.023173809051513672e+00 -1.789785146713256836e+00 -4.432801246643066406e+00
2.828922271728515625e+00 -1.987955689430236816e+00 3.009389400482177734e+00 -3.048629522323608398e+00 1.494813799858093262e+00 -7.250965237617492676e-01 9.462810754776000977e-01 1.470047593116760254e+00 1.661347150802612305e-01 -5.628817081451416016e+00 -1.516993284225463867e+00 4.831940650939941406e+00 -3.406526088714599609e+00 -2.035870105028152466e-01 -1.988210678100585938e+00 2.456266641616821289e+00 1.503087520599365234e+00 3.222809433937072754e-01 -4.410392418503761292e-02 -3.892156839370727539e+00
-1.242580533027648926e+00 -2.737524509429931641e+00 3.192108273506164551e-01 3.564547538757324219e+00 -1.931626677513122559e+00 -8.622523546218872070e-01 6.049640178680419922e-01 8.714650154113769531e+00 4.313175678253173828e+00 4.136600017547607422e+00 3.803142547607421875e+00 -1.753778696060180664e+00 -6.831165552139282227e-01 3.973250150680541992e+00 1.111104965209960938e+00 3.275368213653564453e+00 -5.849881172180175781e+00 -1.588080883026123047e+00 5.023867607116699219e+00 -7.488347291946411133e-01
-1.785023093223571777e+00 6.790755987167358398e-01 -2.995382547378540039e+00 9.041503667831420898e-01 -7.042405009269714355e-01 -1.942201614379882812e+00 3.755843162536621094e+00 4.292295932769775391e+00 6.233659744262695312e+00 -5.032233595848083496e-01 2.261447429656982422e+00 -1.963358640670776367e+00 -4.535603523254394531e+00 2.015548944473266602e+00 2.407884597778320312e+00 1.436649441719055176e+00 -2.102911949157714844e+00 -1.267159342765808105e+00 1.150459527969360352e+00 -3.147332906723022461e+00
-2.088119745254516602e+00 -5.686198711395263672e+00 2.194067835807800293e-01 4.097253382205963135e-01 -4.598454475402832031e+00 -1.223100781440734863e+00 6.415903568267822266e+00 2.863289594650268555e+00 6.721265316009521484e+00 1.377850472927093506e-01 -4.006592333316802979e-01 -2.546456813812255859e+00 -4.785681724548339844e+00 8.838707804679870605e-01 2.384742259979248047e+00 3.600136995315551758e+00 -4.735411643981933594e+00 4.277879714965820312e+00 4.918844699859619141e-01 6.805632114410400391e-01
-4.859918117523193359e+00 -1.712620854377746582e+00 6.906437873840332031e+00 -4.143943309783935547e+00 4.255401611328125000e+00 2.782552480697631836e+00 -3.642258167266845703e+00 -4.762124419212341309e-01 5.897524833679199219e+00 1.708215475082397461e+00 -8.640304803848266602e-01 -1.206135272979736328e+01 -4.186890602111816406e+00 2.014586925506591797e+00 4.973399639129638672e+00 3.686110734939575195e+00 -2.126740932464599609e+00 4.822361469268798828e+00 3.333772420883178711e+00 2.322681665420532227e+00
4.918049871921539307e-01 1.833839058876037598e+00 -2.483551740646362305e+00 1.975663566589355469e+01 -1.013179588317871094e+01 -2.711943864822387695e+00 1.296776413917541504e+00 -1.276995372772216797e+01 -2.297796249389648438e+00 -8.479081153869628906e+00 -6.865436077117919922e+00 -5.667737483978271484e+00 7.756865978240966797e+00 -7.118202209472656250e+00 7.856969356536865234e+00 3.336539268493652344e+00 -5.586093902587890625e+00 -1.321103477478027344e+01 -1.971519708633422852e+00 -1.494031524658203125e+01
7.465723752975463867e-01 -3.903667449951171875e+00 -1.446874499320983887e+00 -3.341232299804687500e+00 2.743654489517211914e+00 2.083746433258056641e+00 4.581400871276855469e+00 -2.973676204681396484e+00 4.022763252258300781e+00 3.771136283874511719e+00 1.356115460395812988e+00 -4.665534019470214844e+00 3.782793581485748291e-01 -4.858012199401855469e+00 -1.202749460935592651e-01 -4.029776573181152344e+00 1.071907520294189453e+00 -3.656036138534545898e+00 -4.434432029724121094e+00 4.536191225051879883e-01
3.616292238235473633e+00 1.070346355438232422e+00 4.115629673004150391e+00 1.442365441471338272e-02 -3.175159931182861328e+00 2.477770566940307617e+00 -4.182291030883789062e+00 2.597521781921386719e+00 2.612818717956542969e+00 -3.358741760253906250e+00 2.725171089172363281e+00 6.031109094619750977e-01 3.557197153568267822e-01 4.658266901969909668e-01 3.413782596588134766e+00 -1.467503190040588379e+00 -6.521777510643005371e-01 5.591554164886474609e+00 -9.157162904739379883e-01 -5.319379806518554688e+00
2.016970872879028320e+00 2.565170288085937500e+00 4.221204757690429688e+00 -5.087538957595825195e-01 -5.295977115631103516e+00 2.578447580337524414e+00 -3.263510167598724365e-01 -4.035657942295074463e-01 4.206940174102783203e+00 -7.860980033874511719e-01 -9.191873669624328613e-02 -3.538842201232910156e+00 1.695762395858764648e+00 1.905678749084472656e+00 -2.027446031570434570e+00 1.115249395370483398e+00 -1.914060592651367188e+00 -3.559148788452148438e+00 4.088546276092529297e+00 -3.315384685993194580e-02
-3.198058009147644043e-01 -7.302711904048919678e-02 -2.597293257713317871e-01 -3.135735273361206055e+00 -5.891363620758056641e+00 -5.456382751464843750e+00 -1.171760320663452148e+00 3.048771619796752930e-01 1.358907938003540039e+00 9.132096171379089355e-01 -7.944328188896179199e-01 -7.006357192993164062e+00 6.117022514343261719e+00 5.384382247924804688e+00 -6.191434383392333984e+00 2.936151504516601562e+00 -3.957644224166870117e+00 2.594707012176513672e+00 4.962725639343261719e-01 -1.478656768798828125e+00
-4.059464454650878906e+00 -1.141483068466186523e+00 1.128238916397094727e+00 4.089931011199951172e+00 -2.969257593154907227e+00 4.782275199890136719e+00 -2.210730552673339844e+00 7.202336788177490234e+00 5.986923575401306152e-01 3.006747663021087646e-01 3.242512226104736328e+00 1.189418435096740723e+00 -2.329910278320312500e+00 5.453735828399658203e+00 -6.178896427154541016e-01 4.481803476810455322e-01 4.065415859222412109e+00 2.641293525695800781e+00 -6.356713771820068359e-01 2.122090101242065430e+00
-5.207924365997314453e+00 -2.586382925510406494e-01 -2.420517921447753906e+00 1.500499010086059570e+00 -9.132210016250610352e-01 7.459953784942626953e+00 1.848428368568420410e+00 2.626005172729492188e+00 -4.906505107879638672e+00 8.515136241912841797e-01 -8.271937966346740723e-01 -1.417484641075134277e+00 -1.357848525047302246e+00 3.679979324340820312e+00 -4.671979904174804688e+00 3.769108057022094727e+00 3.332934156060218811e-02 -4.726063251495361328e+00 7.981476783752441406e-01 -6.182776927947998047e+00
9.338905215263366699e-01 -2.129915475845336914e+00 -1.466811656951904297e+00 -2.004011154174804688e+00 -9.682334899902343750e+00 9.560832023620605469e+00 -8.258705139160156250e+00 4.763787984848022461e-01 -2.608971595764160156e+00 -1.274117708206176758e+00 2.758565843105316162e-01 -6.780740261077880859e+00 -8.388634681701660156e+00 1.314306020736694336e+00 -4.659428119659423828e+00 -6.004156589508056641e+00 -5.763174295425415039e-01 -6.725114822387695312e+00 -4.854969501495361328e+00 -5.077307701110839844e+00
-2.773210048675537109e+00 -4.044045448303222656e+00 -1.844319820404052734e+00 -1.652211099863052368e-01 -3.639155626296997070e-01 8.460577964782714844e+00 2.361795425415039062e+00 1.362593054771423340e+00 -1.395185828208923340e+00 -7.967791706323623657e-02 7.162687778472900391e+00 -1.700468897819519043e+00 -2.551679372787475586e+00 3.583808898925781250e+00 -3.382448196411132812e+00 2.585675954818725586e+00 1.469467878341674805e+00 -4.941302299499511719e+00 -6.075639724731445312e-01 1.740220546722412109e+00
-2.031920671463012695e+00 -3.586126565933227539e+00 -2.793869972229003906e+00 9.245907664299011230e-01 2.902451276779174805e+00 7.962563037872314453e+00 1.005297064781188965e+00 1.504685759544372559e+00 -1.690258264541625977e+00 -1.837322950363159180e+00 4.969848155975341797e+00 2.225271224975585938e+00 -6.089685440063476562e+00 1.115362048149108887e+00 -3.683812856674194336e+00 1.167686104774475098e+00 -2.526239395141601562e+00 -7.377249717712402344e+00 1.042107343673706055e+00 8.199875354766845703e-01
-1.231247663497924805e+00 -5.042998790740966797e+00 2.312427759170532227e+00 5.115179061889648438e+00 2.874620437622070312e+00 6.256728172302246094e+00 6.691780090332031250e+00 3.742274999618530273e+00 -3.915472701191902161e-02 -1.084623575210571289e+00 3.520842075347900391e+00 -3.282754898071289062e+00 -4.476196289062500000e+00 -8.725249767303466797e-01 -2.341422319412231445e+00 4.371358871459960938e+00 6.243021488189697266e-01 -6.616947650909423828e+00 -2.931838035583496094e+00 -6.288782358169555664e-01
