1.197443008422851562e+00 -4.282537698745727539e-01 1.069235354661941528e-01 -2.036466360092163086e+00 -2.067357540130615234e+00 -1.047528609633445740e-01 -5.269966602325439453e+00 1.930463194847106934e+00 6.842894554138183594e-01 -3.887893915176391602e+00 -3.231290578842163086e+00 -3.070083856582641602e+00 -2.528619289398193359e+00 -1.731889724731445312e+00 3.530732631683349609e+00 -4.925066471099853516e+00 -4.770647048950195312e+00 -2.867574930191040039e+00 -2.285566091537475586e+00 -2.022449374198913574e-01
-2.534981250762939453e+00 1.325396150350570679e-01 -1.920310020446777344e+00 4.003387093544006348e-01 2.646113038063049316e-01 -1.535987496376037598e+00 -2.956431210041046143e-01 -2.446200132369995117e+00 4.712106704711914062e+00 2.361711978912353516e+00 -4.851382374763488770e-01 4.075759649276733398e-01 3.693369865417480469e+00 -1.218812465667724609e+00 -1.296955823898315430e+00 -1.468219399452209473e+00 2.391017377376556396e-01 -3.020313262939453125e+00 -1.376870125532150269e-01 -4.120020866394042969e+00
2.223469972610473633e+00 3.830157518386840820e+00 1.855685114860534668e+00 -4.313303947448730469e+00 2.220486879348754883e+00 1.370816349983215332e+00 -2.284212589263916016e+00 3.586218357086181641e+00 2.906933546066284180e+00 1.884155154228210449e+00 2.223199129104614258e+00 5.268041491508483887e-01 1.842234015464782715e+00 -1.576797485351562500e+00 -1.746601343154907227e+00 -1.023712515830993652e+00 -1.312222719192504883e+00 -7.052299380302429199e-01 -3.488161802291870117e+00 4.660058617591857910e-01
3.329629898071289062e+00 -4.551990509033203125e+00 2.183681249618530273e+00 -4.077083468437194824e-01 -2.175609827041625977e+00 5.724920034408569336e-01 2.756999492645263672e+00 1.161432564258575439e-01 -2.872180938720703125e+00 3.387591600418090820e+00 5.091547012329101562e+00 7.432233095169067383e-01 3.075566291809082031e+00 -1.490932941436767578e+00 -2.708726882934570312e+00 2.587534952908754349e-03 -7.252379655838012695e-01 -1.901890158653259277e+00 1.220605969429016113e+00 -4.885605871677398682e-01
2.790740013122558594e+00 8.877323865890502930e-01 -8.518779650330543518e-03 1.658322930335998535e+00 -9.218211174011230469e-01 -2.452067375183105469e+00 -1.723250865936279297e+00 -1.708493828773498535e+00 -1.981264591217041016e+00 -2.127917051315307617e+00 -9.641728401184082031e-01 -3.618849992752075195e+00 2.303782463073730469e+00 -1.448398709297180176e+00 2.557421445846557617e+00 -1.656808376312255859e+00 4.011417329311370850e-01 2.517239570617675781e+00 2.204389095306396484e+00 -4.901978373527526855e-01
-8.645505309104919434e-01 -1.678128123283386230e+00 2.742708206176757812e+00 -1.842316389083862305e-01 1.280164122581481934e+00 -4.051155090332031250e+00 -1.591061592102050781e+00 -6.265038251876831055e-01 -3.741244077682495117e-01 2.049159049987792969e+00 -1.347414493560791016e+00 -2.161685228347778320e+00 4.703400731086730957e-01 9.365378022193908691e-01 -1.045403242111206055e+00 -2.115468263626098633e+00 -1.073091745376586914e+00 2.234483718872070312e+00 2.054536104202270508e+00 2.344119310379028320e+00
4.431238174438476562e+00 1.057357788085937500e+00 8.873191475868225098e-01 2.735995054244995117e+00 3.677772879600524902e-01 -4.624926567077636719e+00 -4.266987323760986328e+00 1.940339803695678711e+00 1.311983704566955566e+00 -3.280811309814453125e+00 -2.525337219238281250e+00 1.305699944496154785e+00 -1.924935698509216309e+00 2.029754877090454102e+00 9.358524680137634277e-01 -8.689197301864624023e-01 5.546592473983764648e-01 -2.318392515182495117e+00 5.544902324676513672e+00 -4.004661560058593750e+00
1.768262267112731934e+00 4.256625473499298096e-01 -2.440663099288940430e+00 -3.426450729370117188e+00 -1.049033924937248230e-01 -1.984159469604492188e+00 1.331111192703247070e+00 3.215063333511352539e+00 3.380903303623199463e-01 2.620191812515258789e+00 -2.060492277145385742e+00 2.072158336639404297e+00 -1.161057114601135254e+00 1.018654704093933105e+00 4.600952148437500000e+00 4.381749629974365234e+00 7.915080338716506958e-02 -1.288816213607788086e+00 -3.652334451675415039e+00 -1.833754539489746094e+00
2.565328359603881836e+00 -5.094658732414245605e-01 2.585036754608154297e+00 9.935218691825866699e-01 -3.761750459671020508e+00 -2.473846226930618286e-01 -5.640347957611083984e+00 5.584846138954162598e-01 3.055603981018066406e+00 3.229764997959136963e-01 -3.596988677978515625e+00 -7.009993791580200195e-01 -4.291212558746337891e+00 -4.713268280029296875e+00 3.166045188903808594e+00 -1.106725931167602539e+00 1.564882993698120117e+00 5.430124402046203613e-01 -4.594289958477020264e-01 6.503197550773620605e-01
2.392822742462158203e+00 3.143067121505737305e+00 4.393543303012847900e-01 2.071799278259277344e+00 3.037802934646606445e+00 -5.668585896492004395e-01 -1.270278096199035645e+00 2.753291845321655273e+00 -3.924377441406250000e+00 -5.088320255279541016e+00 5.816442966461181641e+00 3.009694099426269531e+00 -4.738480567932128906e+00 3.904031217098236084e-01 1.572122335433959961e+00 -2.005122184753417969e+00 -3.436177492141723633e+00 -3.944948673248291016e+00 -1.703290343284606934e+00 1.103829264640808105e+00
4.688999652862548828e+00 4.569254815578460693e-01 -2.223317623138427734e+00 2.546037673950195312e+00 2.551636457443237305e+00 -3.241678953170776367e+00 -1.393250703811645508e+00 2.511529207229614258e+00 3.380861043930053711e+00 6.558520793914794922e-01 -6.214403510093688965e-01 -4.566617488861083984e+00 -2.739757061004638672e+00 -2.279579162597656250e+00 2.302309274673461914e+00 5.490073561668395996e-01 -1.288812637329101562e+00 2.408721923828125000e+00 -2.145952463150024414e+00 -2.150638818740844727e+00
5.971544981002807617e-01 4.632502555847167969e+00 1.074140071868896484e+00 -9.727490693330764771e-02 -2.744382061064243317e-02 4.315543651580810547e+00 -2.743870019912719727e-01 -3.282787084579467773e+00 4.603857517242431641e+00 -1.739758014678955078e+00 -3.370976686477661133e+00 -3.389132320880889893e-01 3.577157109975814819e-02 1.700320959091186523e+00 -3.980562984943389893e-01 -1.829735338687896729e-01 -9.039615988731384277e-01 -2.727401971817016602e+00 2.169257640838623047e+00 -1.316433250904083252e-01
5.497916221618652344e+00 -1.615173101425170898e+00 -3.374113559722900391e+00 -8.082137107849121094e-01 -1.412032008171081543e+00 -1.520879864692687988e+00 8.432580828666687012e-01 -5.655194759368896484e+00 3.088142633438110352e+00 -2.654317319393157959e-01 -3.296061515808105469e+00 -1.199579596519470215e+00 1.594041347503662109e+00 -1.123946681618690491e-01 -4.340938091278076172e+00 -3.016046762466430664e+00 1.051623106002807617e+00 -2.145044803619384766e+00 1.733453512191772461e+00 3.787666559219360352e+00
-1.963565468788146973e+00 -2.027840614318847656e+00 -6.250782012939453125e-01 2.269317865371704102e+00 3.387864112854003906e+00 2.132918983697891235e-01 -3.575838804244995117e+00 2.929500341415405273e+00 -2.773216485977172852e+00 -1.310764074325561523e+00 4.256357848644256592e-01 2.148100376129150391e+00 1.593333721160888672e+00 -2.616244554519653320e+00 -3.611483573913574219e+00 3.138224124908447266e+00 -1.102713704109191895e+00 6.758428573608398438e+00 1.784853100776672363e+00 2.602271795272827148e+00
-1.695129275321960449e+00 -5.302044391632080078e+00 -1.477763056755065918e-01 3.913446664810180664e+00 1.278392195701599121e+00 -2.886828184127807617e+00 -6.394737243652343750e+00 9.810428023338317871e-01 -5.888262748718261719e+00 1.376059651374816895e+00 -2.947229743003845215e-01 3.385576725006103516e+00 1.029318809509277344e+00 -1.171474814414978027e+00 -2.576148033142089844e+00 -1.979142069816589355e+00 -1.409405946731567383e+00 1.583680272102355957e+00 -7.731227576732635498e-02 3.416433572769165039e+00
-4.922128021717071533e-01 9.576848149299621582e-01 -2.599955081939697266e+00 1.489211678504943848e+00 -7.709180712699890137e-01 3.491032838821411133e+00 2.211001634597778320e+00 -7.462055683135986328e-01 7.161300778388977051e-01 5.495306491851806641e+00 1.003412485122680664e+00 1.472813129425048828e+00 -6.060779094696044922e+00 2.401738882064819336e+00 -5.053429603576660156e-01 -4.217056274414062500e+00 2.153686761856079102e+00 1.632864713668823242e+00 6.638200879096984863e-01 3.349847793579101562e+00
-2.144332408905029297e+00 -6.585665702819824219e+00 1.951909661293029785e+00 2.171034336090087891e+00 4.437313079833984375e+00 2.306927204132080078e+00 -2.358067750930786133e+00 4.263329029083251953e+00 8.903945088386535645e-01 -9.557197690010070801e-01 -5.036287307739257812e+00 -7.320394515991210938e-01 3.041027069091796875e+00 -1.095176696777343750e+00 -7.278975248336791992e-01 1.420067191123962402e+00 -3.160017430782318115e-01 1.143484234809875488e+00 -3.247725009918212891e+00 2.652644872665405273e+00
3.886598628014326096e-03 -1.415140390396118164e+00 -3.924609422683715820e+00 -2.535391747951507568e-01 2.609074354171752930e+00 -1.365143775939941406e+00 -2.376558065414428711e+00 2.985335826873779297e+00 1.508631110191345215e+00 9.069967269897460938e-01 -5.045119762420654297e+00 4.970093727111816406e+00 2.915766000747680664e+00 -3.365713834762573242e+00 1.174147650599479675e-01 -7.006092667579650879e-01 2.803299129009246826e-01 9.092702269554138184e-01 1.838923841714859009e-01 -4.490913391113281250e+00
5.239705562591552734e+00 -6.158119440078735352e-01 -1.900980472564697266e+00 4.697665691375732422e+00 -3.987850248813629150e-01 3.021209716796875000e+00 -1.310383081436157227e+00 -3.054688453674316406e+00 1.820227950811386108e-01 1.950729727745056152e+00 1.401532053947448730e+00 2.041285037994384766e+00 -3.206100702285766602e+00 3.459209680557250977e+00 9.730105400085449219e-01 3.988004922866821289e+00 -1.683965474367141724e-01 1.282407402992248535e+00 2.010929822921752930e+00 3.573993742465972900e-01
4.545374870300292969e+00 1.953072547912597656e+00 -9.368000030517578125e-01 3.485810279846191406e+00 4.990330040454864502e-01 -1.363151669502258301e+00 -5.722422599792480469e-01 -1.159314393997192383e+00 1.912865877151489258e+00 -3.461344718933105469e+00 1.251963853836059570e+00 5.463158607482910156e+00 -4.390809535980224609e+00 -4.596103191375732422e+00 2.148433685302734375e+00 -3.805397987365722656e+00 1.320875883102416992e+00 -4.205912113189697266e+00 -2.248719692230224609e+00 -6.398699283599853516e-01
-2.603038251399993896e-01 5.787821769714355469e+00 -2.056064903736114502e-01 -1.289149522781372070e+00 2.366986751556396484e+00 -1.219056963920593262e+00 1.457410335540771484e+00 3.788137435913085938e+00 8.975775241851806641e-01 -9.101020097732543945e-01 4.395560264587402344e+00 3.352187871932983398e+00 9.521986246109008789e-01 -1.647677183151245117e+00 4.343814373016357422e+00 2.959181308746337891e+00 -5.107421398162841797e+00 -2.754919528961181641e-01 -4.314076006412506104e-01 2.754689693450927734e+00
1.850000470876693726e-01 5.681046485900878906e+00 5.120764255523681641e+00 -3.010658502578735352e+00 -2.687487363815307617e+00 5.104792594909667969e+00 1.982424974441528320e+00 -5.954968929290771484e+00 2.180294752120971680e+00 2.512205362319946289e+00 -4.571720600128173828e+00 2.093384504318237305e+00 -2.282928705215454102e+00 3.166190147399902344e+00 2.085021018981933594e+00 2.823782861232757568e-01 1.475002169609069824e+00 1.640541672706604004e+00 -4.207218647003173828e+00 1.429435849189758301e+00
-7.434323430061340332e-01 -2.339931488037109375e+00 -2.881833314895629883e+00 -1.308581948280334473e+00 -3.510948121547698975e-01 -4.219594955444335938e+00 -3.617358803749084473e-01 -3.816441535949707031e+00 -1.200347423553466797e+00 5.949156880378723145e-01 7.617956399917602539e-01 5.620120525360107422e+00 -2.017283439636230469e+00 -2.356809854507446289e+00 -1.683387279510498047e+00 -3.176558971405029297e+00 -1.528329491615295410e+00 -1.353245854377746582e+00 7.135073095560073853e-02 -4.100282669067382812e+00
-2.891246080398559570e+00 3.217469692230224609e+00 3.384061098098754883e+00 5.798100233078002930e-01 -1.014893770217895508e+00 9.098726511001586914e-01 2.444651365280151367e+00 -1.681711673736572266e+00 -1.988574504852294922e+00 2.230311632156372070e+00 -2.685288429260253906e+00 4.082813858985900879e-01 -8.435965180397033691e-01 1.020108103752136230e+00 -1.721096277236938477e+00 -1.441780924797058105e+00 -1.659848928451538086e+00 1.338023543357849121e-01 -2.527062654495239258e+00 -5.418055057525634766e+00
2.728505432605743408e-01 2.551603794097900391e+00 1.502290070056915283e-01 1.203389644622802734e+00 1.017692238092422485e-01 -1.492481827735900879e-01 3.055742263793945312e+00 1.798973083496093750e-01 -1.574702620506286621e+00 -1.682907193899154663e-01 -9.752870798110961914e-01 8.477258086204528809e-01 6.501235365867614746e-01 2.824907302856445312e+00 -1.592923164367675781e+00 2.408448696136474609e+00 -2.929297685623168945e+00 2.166886091232299805e+00 1.137451529502868652e+00 -1.300559163093566895e+00
5.129285901784896851e-02 -2.778773069381713867e+00 2.604553222656250000e+00 -9.308572113513946533e-02 5.191288948059082031e+00 -1.832331866025924683e-01 3.482435643672943115e-01 1.527352929115295410e-01 -2.979757785797119141e+00 -4.291286468505859375e+00 -9.849871993064880371e-01 1.013960391283035278e-01 -2.417445659637451172e+00 1.325150966644287109e+00 -2.877816677093505859e+00 -1.157288312911987305e+00 1.808957457542419434e-01 3.506515264511108398e+00 -4.076639175415039062e+00 2.357731580734252930e+00
-2.166849136352539062e+00 -1.224101781845092773e+00 2.260469198226928711e+00 -7.313327789306640625e-01 2.261445283889770508e+00 -1.528904557228088379e+00 4.391271591186523438e+00 -2.433871984481811523e+00 1.432519912719726562e+00 2.947669744491577148e+00 3.935755968093872070e+00 1.740378379821777344e+00 1.847895860671997070e+00 -5.579514503479003906e+00 4.834044456481933594e+00 -6.455772370100021362e-02 -2.939723134040832520e-01 4.877683818340301514e-01 3.533340692520141602e+00 2.912778615951538086e+00
2.449038267135620117e+00 9.108051061630249023e-01 3.249998807907104492e+00 -3.951725482940673828e+00 3.633892297744750977e+00 -1.296731233596801758e+00 -1.874108672142028809e+00 -5.168310642242431641e+00 -2.202245235443115234e+00 -2.173844814300537109e+00 2.791399240493774414e+00 -2.646396875381469727e+00 1.765814781188964844e+00 3.835753440856933594e+00 4.295212626457214355e-01 2.149488478899002075e-01 9.670911431312561035e-01 -3.104801893234252930e+00 7.129383683204650879e-01 -2.654304742813110352e+00
-5.067047119140625000e+00 -4.841403007507324219e+00 -4.262278378009796143e-01 -2.455513954162597656e+00 -2.343707084655761719e+00 -8.899126052856445312e-01 1.414238810539245605e+00 -4.579103469848632812e+00 1.613753437995910645e+00 3.146930694580078125e+00 3.304044961929321289e+00 3.996128082275390625e+00 -1.647406458854675293e+00 -3.978301525115966797e+00 2.603758811950683594e+00 3.722695112228393555e-01 -2.799578607082366943e-01 -2.855190277099609375e+00 9.711678028106689453e-01 6.287579536437988281e+00
-3.877438902854919434e-01 1.322769761085510254e+00 -1.214685916900634766e+00 -1.780016064643859863e+00 -2.273334980010986328e+00 -1.484524846076965332e+00 2.865868568420410156e+00 4.313855171203613281e+00 3.198640108108520508e+00 1.944593340158462524e-01 -1.111642479896545410e+00 2.043749094009399414e+00 -3.741665363311767578e+00 4.574489116668701172e+00 2.014939308166503906e+00 -5.066581249237060547e+00 1.264087080955505371e+00 -3.503457784652709961e+00 -1.698243975639343262e+00 1.264724850654602051e+00
4.763121128082275391e+00 2.739000558853149414e+00 -2.475038051605224609e+00 2.760838508605957031e+00 -2.285753250122070312e+00 8.837808370590209961e-01 -8.533216714859008789e-01 -4.623847484588623047e+00 8.311358094215393066e-01 3.530122339725494385e-01 4.185578346252441406e+00 5.408554524183273315e-02 1.076495766639709473e+00 2.071487903594970703e+00 4.957590579986572266e+00 2.439848482608795166e-01 7.061087489128112793e-01 1.493901252746582031e+00 5.905609607696533203e+00 -1.497250080108642578e+00
3.138475179672241211e+00 -3.989033222198486328e+00 2.448387384414672852e+00 2.197627544403076172e+00 4.489993095397949219e+00 3.856658041477203369e-01 -2.258934974670410156e+00 1.065356284379959106e-01 -2.992575883865356445e+00 -7.277140617370605469e+00 -2.343437671661376953e+00 -2.955403804779052734e+00 4.303375720977783203e+00 -3.285865187644958496e-01 9.230498075485229492e-01 -9.496389031410217285e-01 1.055037379264831543e+00 3.689600467681884766e+00 -1.679858803749084473e+00 -3.785581111907958984e+00
-4.164066314697265625e+00 1.215468794107437134e-01 -1.262291312217712402e+00 1.371056795120239258e+00 6.905882358551025391e-01 5.264845490455627441e-01 1.458461284637451172e+00 -3.382461071014404297e+00 -2.656714677810668945e+00 -1.161006093025207520e+00 -2.018715381622314453e+00 1.301743030548095703e+00 4.359192371368408203e+00 -9.169984459877014160e-01 3.486237764358520508e+00 2.930659294128417969e+00 6.889959424734115601e-02 -2.613084912300109863e-01 1.255573511123657227e+00 -4.015551567077636719e+00
-2.792979240417480469e+00 3.039832413196563721e-01 -6.696357727050781250e-01 -3.089910268783569336e+00 3.791573524475097656e+00 8.759248256683349609e-01 3.016249656677246094e+00 -4.787849426269531250e+00 -3.061609268188476562e+00 4.569267272949218750e+00 -7.573570013046264648e-01 3.357784032821655273e+00 -4.264182567596435547e+00 -2.278254985809326172e+00 5.406481027603149414e-01 4.781829833984375000e+00 4.440838336944580078e+00 4.062599658966064453e+00 -3.890615224838256836e+00 1.027131438255310059e+00
-3.795070886611938477e+00 -7.547424435615539551e-01 1.458898067474365234e+00 -9.544896483421325684e-01 5.396238327026367188e+00 -3.302369594573974609e+00 2.785869359970092773e+00 3.274913072586059570e+00 -3.447694778442382812e+00 4.631875514984130859e+00 2.760418355464935303e-01 -1.792973875999450684e+00 1.678445816040039062e+00 2.506115913391113281e+00 2.618395090103149414e+00 -6.084182262420654297e-01 -7.696254253387451172e-01 -9.243617057800292969e-01 -1.291492700576782227e+00 6.364298462867736816e-01
-2.212682485580444336e+00 -2.384973287582397461e+00 -3.287620544433593750e+00 -2.022736310958862305e+00 3.181230783462524414e+00 3.479394435882568359e+00 2.332352474331855774e-02 -9.445298314094543457e-01 3.885000705718994141e+00 -3.342487335205078125e+00 -5.336572527885437012e-01 -1.675310969352722168e+00 -7.038115262985229492e-01 -6.545180082321166992e-01 -2.245460271835327148e+00 -6.779177784919738770e-01 -1.009575963020324707e+00 1.418263912200927734e+00 2.461974382400512695e+00 4.403876066207885742e-01
1.250777244567871094e+00 -5.271612405776977539e-01 5.350497961044311523e-01 1.207594394683837891e+00 -3.681435585021972656e+00 2.013342857360839844e+00 -3.795116186141967773e+00 -3.394717454910278320e+00 3.099709451198577881e-01 -3.186281621456146240e-01 1.689283102750778198e-01 1.441078901290893555e+00 2.739260911941528320e+00 7.720162272453308105e-01 -2.531820297241210938e+00 -6.059601306915283203e-01 -4.138943672180175781e+00 1.056107785552740097e-02 -1.943478107452392578e+00 3.012845754623413086e+00
6.401697397232055664e-01 2.493406772613525391e+00 4.649402141571044922e+00 1.020021200180053711e+00 2.352505683898925781e+00 1.843460679054260254e+00 7.558966875076293945e-01 -1.151098087430000305e-01 -2.524501085281372070e-01 3.228245496749877930e+00 3.369528651237487793e-01 3.924690961837768555e+00 -2.712523698806762695e+00 -1.912773251533508301e+00 6.884328722953796387e-01 1.671380639076232910e+00 -3.191105723381042480e-01 3.239737510681152344e+00 2.343829274177551270e-01 4.450143337249755859e+00
3.153596162796020508e+00 2.845325708389282227e+00 2.449691534042358398e+00 3.690782189369201660e-01 5.032150745391845703e-01 -1.697062492370605469e+00 -3.828824043273925781e+00 -3.532427310943603516e+00 2.221101969480514526e-01 -2.204976558685302734e+00 4.907969474792480469e+00 -5.899835824966430664e-01 -2.163237333297729492e+00 -3.885116800665855408e-02 4.427065849304199219e+00 -4.446316719055175781e+00 3.667927160859107971e-02 1.167112350463867188e+00 -8.814407587051391602e-01 2.346240282058715820e+00
-5.838163197040557861e-03 -1.324163079261779785e+00 1.861735463142395020e+00 3.177090644836425781e+00 2.532486915588378906e+00 -4.166288077831268311e-01 -4.531782627105712891e+00 -2.720375537872314453e+00 -4.574743270874023438e+00 8.478665351867675781e-01 5.933145284652709961e-01 7.183623313903808594e-01 1.401017069816589355e+00 -1.000684142112731934e+00 -6.990604400634765625e-01 -3.579059123992919922e+00 1.725392192602157593e-01 -1.611235618591308594e+00 3.807333469390869141e+00 -2.175894498825073242e+00
4.933084011077880859e+00 1.496868133544921875e+00 3.984243869781494141e-01 3.405261412262916565e-02 1.433794975280761719e+00 1.102521121501922607e-01 -3.036400116980075836e-02 -2.722448587417602539e+00 -2.943596839904785156e+00 -3.960880935192108154e-01 1.144089847803115845e-01 -1.028167486190795898e+00 2.144425868988037109e+00 2.726132154464721680e+00 1.266019225120544434e+00 -3.435504436492919922e+00 1.683321714401245117e+00 1.020273566246032715e+00 6.630364060401916504e-01 -2.358108520507812500e+00
4.312529563903808594e+00 -5.623301863670349121e-01 2.891862154006958008e+00 7.616056799888610840e-01 4.229895114898681641e+00 3.267852067947387695e+00 2.344472885131835938e+00 1.126494050025939941e+00 2.572676420211791992e+00 1.241960406303405762e+00 8.553534746170043945e-01 -3.163964509963989258e+00 4.129633307456970215e-01 -3.475500106811523438e+00 -2.433007717132568359e+00 3.699517011642456055e+00 -7.380449771881103516e-01 -1.457298278808593750e+00 -3.623750925064086914e+00 -4.734877049922943115e-01
4.312256336212158203e+00 -1.859043121337890625e+00 1.866117715835571289e-01 -1.724186182022094727e+00 1.250788569450378418e+00 -2.262323856353759766e+00 -2.277919054031372070e+00 -4.082455635070800781e+00 -1.381345987319946289e-01 -2.231856584548950195e+00 3.002079248428344727e+00 1.882755637168884277e+00 -2.002303123474121094e+00 -2.440363764762878418e-01 8.679362535476684570e-01 -3.298319101333618164e+00 -2.368819713592529297e+00 -3.085547924041748047e+00 3.532445192337036133e+00 -4.281971454620361328e+00
1.802754282951354980e+00 -2.726781129837036133e+00 -2.276001691818237305e+00 -2.027487277984619141e+00 -1.806291460990905762e+00 -1.694035410881042480e+00 2.314194440841674805e+00 -1.439384967088699341e-01 3.569827079772949219e+00 -3.114670038223266602e+00 -4.742999076843261719e+00 4.128077983856201172e+00 -3.171677827835083008e+00 2.764654159545898438e+00 6.011103630065917969e+00 -6.084271907806396484e+00 -3.062904775142669678e-01 3.911044597625732422e+00 -2.745875835418701172e+00 1.485932588577270508e+00
-2.185958385467529297e+00 2.662520408630371094e+00 -2.325079202651977539e+00 -5.141947746276855469e+00 -1.248751044273376465e+00 1.411647081375122070e+00 -4.122206687927246094e+00 -4.941789150238037109e+00 -1.465820074081420898e+00 -1.254526257514953613e+00 -3.208149671554565430e+00 1.647414326667785645e+00 1.197364091873168945e+00 -7.823370397090911865e-02 -1.041453361511230469e+00 1.467668861150741577e-01 1.753265738487243652e+00 -2.343547821044921875e+00 -3.863065838813781738e-01 -3.385977506637573242e+00
5.827660560607910156e-01 5.650961995124816895e-01 2.855269908905029297e+00 2.142167806625366211e+00 1.013396978378295898e+00 1.666727185249328613e+00 3.828079462051391602e+00 -3.584555685520172119e-01 -1.280569791793823242e+00 1.030736923217773438e+00 2.275593519210815430e+00 3.286534309387207031e+00 2.300703048706054688e+00 2.044084310531616211e+00 -1.137514233589172363e+00 3.486061096191406250e-01 1.470445871353149414e+00 -3.011174678802490234e+00 3.238677740097045898e+00 2.482238531112670898e+00
1.656179189682006836e+00 -1.898702144622802734e+00 -4.234641551971435547e+00 -9.866201281547546387e-01 -1.589639663696289062e+00 -2.583064079284667969e+00 9.551545381546020508e-01 -4.204544067382812500e+00 -7.466569542884826660e-01 -4.564928531646728516e+00 8.775149583816528320e-01 3.056120395660400391e+00 -4.863467216491699219e+00 -1.082869052886962891e+00 8.100038766860961914e-01 2.951593160629272461e+00 3.774204254150390625e+00 9.225648641586303711e-01 -1.901626110076904297e+00 2.527372121810913086e+00
1.940266013145446777e+00 -2.748778820037841797e+00 -4.702993333339691162e-01 -1.204962015151977539e+00 1.256399035453796387e+00 4.378865718841552734e+00 1.628934502601623535e+00 1.652017354965209961e+00 1.021676659584045410e+00 -3.234825372695922852e+00 -1.116228818893432617e+00 -1.597868680953979492e+00 3.391376018524169922e+00 5.771681785583496094e+00 -3.620834589004516602e+00 3.253968358039855957e-01 2.683190345764160156e+00 -2.462146520614624023e+00 -1.249012470245361328e+00 -2.202753782272338867e+00
2.800493717193603516e+00 1.469765007495880127e-01 1.412667036056518555e+00 1.637857258319854736e-01 6.597930788993835449e-01 2.955924987792968750e+00 1.024532794952392578e+00 4.192444324493408203e+00 -5.274552702903747559e-01 -1.010955214500427246e+00 2.310226678848266602e+00 -3.086174249649047852e+00 8.557538986206054688e-01 -1.313772678375244141e+00 2.620191097259521484e+00 -3.134773015975952148e+00 3.564906358718872070e+00 2.742180787026882172e-02 3.012764453887939453e+00 6.403264403343200684e-01
1.170428514480590820e+00 4.482758045196533203e+00 6.351306438446044922e-01 2.195184469223022461e+00 -1.793313980102539062e+00 -2.864701986312866211e+00 -1.610188722610473633e+00 1.078085422515869141e+00 4.229818344116210938e+00 1.443288803100585938e+00 -1.625385522842407227e+00 -6.086016654968261719e+00 8.636782169342041016e-01 -1.151656627655029297e+00 -1.609669208526611328e+00 -1.511747002601623535e+00 -3.511109113693237305e+00 -6.443028450012207031e-01 -3.431597948074340820e+00 3.392878770828247070e+00
-4.545182585716247559e-01 2.807894468307495117e+00 -6.474620342254638672e+00 1.034381091594696045e-01 -2.442512035369873047e+00 -3.758548736572265625e+00 -1.547449231147766113e+00 1.074131846427917480e+00 3.254393339157104492e+00 1.517267227172851562e+00 -4.241842031478881836e-01 -6.276631355285644531e+00 -3.364727497100830078e+00 7.253657579421997070e-01 2.839251041412353516e+00 2.530126333236694336e+00 2.840006351470947266e+00 -1.362935185432434082e+00 -1.766856193542480469e+00 2.750978469848632812e+00
-3.746756911277770996e-02 3.957417011260986328e+00 -8.171694874763488770e-01 -3.594062805175781250e+00 2.381700754165649414e+00 -1.670624136924743652e+00 1.970319002866744995e-01 -2.355031728744506836e+00 7.548244595527648926e-01 6.600470066070556641e+00 4.166605949401855469e+00 5.903771400451660156e+00 -6.483912467956542969e+00 -7.831760495901107788e-02 -2.156754255294799805e+00 1.952433228492736816e+00 -2.482898712158203125e+00 9.195647388696670532e-02 -6.822284221649169922e+00 2.841539382934570312e+00
1.840682983398437500e+00 3.417811870574951172e+00 4.160906970500946045e-01 -3.173807263374328613e-01 -3.836911171674728394e-02 1.928432941436767578e+00 5.324659943580627441e-01 1.383119106292724609e+00 -4.519994735717773438e+00 -6.971288323402404785e-01 -4.328732490539550781e+00 -3.267958879470825195e+00 3.796748876571655273e+00 -3.414929866790771484e+00 2.251764535903930664e+00 1.854614377021789551e+00 -2.577403306961059570e+00 5.493689060211181641e+00 2.129260778427124023e+00 -5.351012106984853745e-03
2.147074699401855469e+00 -3.754123449325561523e+00 -3.282998874783515930e-02 1.245189189910888672e+00 5.152194499969482422e+00 8.472233079373836517e-03 1.256519079208374023e+00 -3.801386654376983643e-01 1.269908189773559570e+00 -3.358741521835327148e+00 6.010674476623535156e+00 6.495498418807983398e-01 -3.558089733123779297e+00 3.316754400730133057e-01 3.490067958831787109e+00 -2.012595236301422119e-01 -5.453454017639160156e+00 -9.349026530981063843e-02 -3.099674940109252930e+00 -1.287006020545959473e+00
3.968992948532104492e+00 1.925618171691894531e+00 -3.541755199432373047e+00 6.940354704856872559e-01 2.905254125595092773e+00 -1.199972629547119141e+00 -2.908258199691772461e+00 -1.628997564315795898e+00 1.752388596534729004e+00 -2.132694482803344727e+00 -1.288993597030639648e+00 -2.075386047363281250e+00 -3.770600318908691406e+00 -2.481093883514404297e+00 -2.706663846969604492e+00 3.104658603668212891e+00 -5.321484088897705078e+00 4.153751850128173828e+00 -8.440066576004028320e-01 -3.148792386054992676e-01
-2.070833683013916016e+00 -5.731138586997985840e-01 6.298267245292663574e-01 -5.370977520942687988e-01 -4.838686943054199219e+00 4.374664306640625000e+00 -3.931390047073364258e+00 -7.070878893136978149e-02 -5.269309282302856445e-01 3.346285343170166016e+00 2.170171022415161133e+00 4.637903213500976562e+00 -2.360289335250854492e+00 -4.825991153717041016e+00 8.103121519088745117e-01 -4.640722274780273438e+00 -3.326120138168334961e+00 -1.644685626029968262e+00 6.384953856468200684e-01 -3.912072896957397461e+00
-2.659501314163208008e+00 2.890054941177368164e+00 -1.185171127319335938e+00 1.604825615882873535e+00 3.510106563568115234e+00 -1.423403382301330566e+00 -3.066654443740844727e+00 1.790785074234008789e+00 -2.487845182418823242e+00 -4.493922710418701172e+00 1.643456101417541504e+00 -3.963168859481811523e-01 -2.801808118820190430e+00 -7.011139392852783203e-01 2.944892883300781250e+00 -4.037179470062255859e+00 -1.834300994873046875e+00 1.681460857391357422e+00 -4.963275432586669922e+00 1.105209946632385254e+00
-1.003769159317016602e+00 8.808486461639404297e-01 1.820985078811645508e+00 -9.954826235771179199e-01 7.852567434310913086e-01 1.916282773017883301e+00 7.261553406715393066e-01 -4.742041110992431641e+00 1.324745178222656250e+00 -1.636167764663696289e+00 1.266452390700578690e-02 3.129710674285888672e+00 6.300763487815856934e-01 -1.007863640785217285e+00 2.622702598571777344e+00 -4.468647956848144531e+00 1.761778473854064941e+00 -1.456397324800491333e-01 1.584206707775592804e-02 -3.513565540313720703e+00
3.771426200866699219e+00 -9.728970527648925781e-01 1.907743215560913086e+00 3.753246665000915527e-01 -3.793459177017211914e+00 -1.293196320533752441e+00 1.971505999565124512e+00 -1.931674480438232422e+00 1.406536221504211426e+00 8.681071400642395020e-01 8.793550729751586914e-01 6.652382016181945801e-01 -8.396031260490417480e-01 -1.131236910820007324e+00 -4.880347251892089844e+00 -1.633803367614746094e+00 -4.370386600494384766e+00 3.948598861694335938e+00 1.393746733665466309e-01 -1.145469903945922852e+00
-3.689151048660278320e+00 2.432150244712829590e-01 3.981551647186279297e+00 2.756408452987670898e+00 -1.284631490707397461e+00 -5.081185102462768555e-01 1.000099778175354004e+00 -2.350270509719848633e+00 1.763680815696716309e+00 1.873414516448974609e+00 5.874049067497253418e-01 -1.589457273483276367e+00 -1.512721180915832520e+00 -1.472908377647399902e+00 3.208043336868286133e+00 -1.695792227983474731e-01 -6.027030467987060547e+00 1.387644648551940918e+00 1.377594709396362305e+00 4.372252464294433594e+00
1.789755225181579590e+00 4.543345451354980469e+00 -3.113740384578704834e-01 6.458206474781036377e-02 3.336001634597778320e+00 7.576146721839904785e-01 -3.911741971969604492e+00 8.069083690643310547e-01 -2.334076404571533203e+00 -2.191076278686523438e+00 -4.162425518035888672e+00 6.466591358184814453e-01 1.822168350219726562e+00 5.547322750091552734e+00 1.095400094985961914e+00 -3.220513105392456055e+00 -1.196637511253356934e+00 4.287011325359344482e-01 -1.869006633758544922e+00 2.347484111785888672e+00
1.965130090713500977e+00 2.168528288602828979e-01 1.971861720085144043e-01 2.129196643829345703e+00 -1.250468492507934570e+00 -2.187390089035034180e+00 3.539029359817504883e+00 -5.863145589828491211e-01 4.611639976501464844e+00 -2.185477256774902344e+00 1.056802988052368164e+00 2.245722562074661255e-01 -9.384054541587829590e-01 4.916596710681915283e-01 2.082746982574462891e+00 -1.754024982452392578e+00 2.381679534912109375e+00 -2.897461175918579102e+00 -3.102042913436889648e+00 1.350800156593322754e+00
2.089750289916992188e+00 1.921173572540283203e+00 -4.936040878295898438e+00 1.543739676475524902e+00 -2.902945518493652344e+00 1.031484961509704590e+00 2.508660793304443359e+00 3.146851539611816406e+00 2.925046920776367188e+00 2.553685903549194336e+00 3.064591288566589355e-01 -2.009348869323730469e+00 3.205041646957397461e+00 1.475462436676025391e+00 -2.954379558563232422e+00 -3.412316560745239258e+00 -3.232445120811462402e-01 2.282386779785156250e+00 3.559122800827026367e+00 -3.631461858749389648e+00
-2.767414569854736328e+00 6.131242513656616211e-01 4.951009750366210938e-01 -7.186896204948425293e-01 -2.536951065063476562e+00 2.793494939804077148e+00 2.066107988357543945e+00 -5.288825631141662598e-01 1.258161425590515137e+00 -3.819139242172241211e+00 5.165051817893981934e-01 8.522196412086486816e-01 -1.134822964668273926e+00 3.836168289184570312e+00 -1.667540907859802246e+00 -2.100825071334838867e+00 -4.194955229759216309e-01 -2.773997783660888672e+00 4.934277534484863281e-01 -6.451641321182250977e-01
2.365891695022583008e+00 2.673837423324584961e+00 -1.749868392944335938e+00 4.202987194061279297e+00 -5.385964870452880859e+00 3.013181447982788086e+00 1.164207339286804199e+00 -1.428632438182830811e-01 1.696352958679199219e+00 -1.372583270072937012e+00 1.619874387979507446e-01 -1.146976113319396973e+00 2.155169248580932617e+00 2.905956804752349854e-01 1.820966482162475586e+00 -2.230982303619384766e+00 -2.315492033958435059e-01 -1.239821434020996094e+00 -1.273770451545715332e+00 3.548435866832733154e-01
3.475653171539306641e+00 -1.552447557449340820e+00 -3.199222803115844727e+00 1.748315572738647461e+00 -1.258399367332458496e+00 -2.722209453582763672e+00 1.217228174209594727e+00 -3.487492084503173828e+00 1.585611701011657715e+00 -1.999457836151123047e+00 1.055464506149291992e+00 8.198046684265136719e-01 1.820914030075073242e+00 -1.181737184524536133e+00 1.911393761634826660e+00 -2.387222528457641602e+00 9.278793334960937500e-01 -2.873649358749389648e+00 -1.589174568653106689e-01 1.003053665161132812e+00
1.432916760444641113e+00 4.118310451507568359e+00 7.030039429664611816e-01 -3.618040800094604492e+00 -3.576963663101196289e+00 -1.501741856336593628e-01 9.824384003877639771e-02 -2.328388214111328125e+00 4.429064750671386719e+00 -6.762729287147521973e-01 2.724484443664550781e+00 2.897809743881225586e+00 -1.071800231933593750e+00 -2.843568086624145508e+00 -1.144461274147033691e+00 1.033674359321594238e+00 2.173086881637573242e+00 2.042624473571777344e+00 5.881466865539550781e-01 -2.889167070388793945e+00
4.706429958343505859e+00 8.807312846183776855e-01 2.685539007186889648e+00 -3.299447298049926758e-01 -5.558702349662780762e-01 -3.969552516937255859e+00 2.994195222854614258e+00 -2.365106582641601562e+00 -4.219052791595458984e+00 2.646795213222503662e-01 -1.026559114456176758e+00 2.547953128814697266e+00 -1.100376486778259277e+00 -1.850219815969467163e-01 -1.037687659263610840e+00 -2.803818464279174805e+00 -4.152698516845703125e+00 4.150873720645904541e-01 -2.097573280334472656e+00 3.703639030456542969e+00
-1.245889663696289062e+00 -4.019111156463623047e+00 4.790348529815673828e+00 -2.178866624832153320e+00 -3.770715713500976562e+00 -2.908603429794311523e+00 9.668657779693603516e-01 -3.041267156600952148e+00 7.825650572776794434e-01 3.720457851886749268e-02 3.468558788299560547e+00 -1.156984686851501465e+00 -7.496054172515869141e-01 2.616260290145874023e+00 -6.876157522201538086e-01 -2.157714590430259705e-02 3.216538429260253906e+00 3.221007823944091797e+00 2.369325399398803711e+00 -1.764850378036499023e+00
-8.728013634681701660e-01 4.345217704772949219e+00 -6.835588812828063965e-01 2.015811204910278320e+00 -3.215503454208374023e+00 2.593026161193847656e+00 -4.642142772674560547e+00 -1.687949776649475098e+00 -3.737423896789550781e+00 8.055967688560485840e-01 4.356245100498199463e-01 -2.764795064926147461e+00 1.511963605880737305e+00 -4.211824014782905579e-02 1.729024887084960938e+00 -3.248796612024307251e-02 1.013373851776123047e+00 2.066676616668701172e+00 2.487520694732666016e+00 3.357207775115966797e-01
-4.704211711883544922e+00 -1.415865778923034668e+00 4.960256099700927734e+00 -1.032247781753540039e+00 -8.517560362815856934e-01 2.218439579010009766e+00 -5.540622234344482422e+00 2.241026401519775391e+00 3.297458589076995850e-01 4.631590247154235840e-01 4.234731197357177734e+00 -1.727380037307739258e+00 -1.010856986045837402e+00 5.372760891914367676e-01 -4.239889621734619141e+00 -5.785151720046997070e-01 -4.362636566162109375e+00 -8.930453658103942871e-01 2.844882726669311523e+00 -3.439499855041503906e+00
-5.173255920410156250e+00 -2.921734571456909180e+00 1.257985472679138184e+00 6.217079162597656250e+00 -1.577643275260925293e+00 3.862281084060668945e+00 4.255338311195373535e-01 -3.795634746551513672e+00 -2.358241796493530273e+00 2.080513000488281250e+00 2.376211166381835938e+00 -2.085880994796752930e+00 -1.061867356300354004e+00 -2.122325181961059570e+00 -5.681591033935546875e+00 3.285991907119750977e+00 -3.104449748992919922e+00 3.556076049804687500e+00 -4.880533695220947266e+00 2.342522859573364258e+00
-2.357409447431564331e-01 1.402257561683654785e+00 -5.003876090049743652e-01 -9.131049513816833496e-01 -5.485416855663061142e-03 -2.186859369277954102e+00 2.806001424789428711e+00 3.415502905845642090e-01 3.111658573150634766e+00 5.235946178436279297e+00 -3.066342175006866455e-01 -8.629210591316223145e-01 -1.429136991500854492e-01 -5.948882699012756348e-01 3.075954437255859375e+00 -4.265990257263183594e+00 1.780045270919799805e+00 -1.616267561912536621e+00 1.121327280998229980e+00 -3.856786966323852539e+00
3.877736330032348633e+00 3.179073333740234375e+00 -7.168073058128356934e-01 2.115004062652587891e-01 -8.772791028022766113e-01 -9.560713768005371094e-01 1.744121074676513672e+00 2.081870079040527344e+00 1.694398760795593262e+00 3.995900869369506836e+00 3.918650746345520020e-01 -4.045312404632568359e+00 -2.066498279571533203e+00 1.376102685928344727e+00 -5.032668113708496094e+00 2.577643156051635742e+00 -4.952397346496582031e+00 2.758050203323364258e+00 1.470297336578369141e+00 1.117341637611389160e+00
3.059684991836547852e+00 -1.258095741271972656e+00 -1.620624423027038574e+00 -4.669524431228637695e-01 -9.566926360130310059e-01 2.332089662551879883e+00 -3.298651218414306641e+00 -4.046277523040771484e+00 1.398770451545715332e+00 3.059399127960205078e+00 5.048198699951171875e+00 1.415937304496765137e+00 5.450461387634277344e+00 1.206949353218078613e+00 -7.224175930023193359e-01 2.034923553466796875e+00 1.551250457763671875e+00 6.701883077621459961e-01 3.210586607456207275e-01 -3.100183963775634766e+00
-2.213436365127563477e+00 -3.948737621307373047e+00 -3.922851085662841797e+00 6.815946698188781738e-01 3.088734626770019531e+00 -6.931263208389282227e-01 -1.593492627143859863e+00 -6.341366291046142578e+00 1.302844524383544922e+00 -1.731134295463562012e+00 -1.240885734558105469e+00 4.857036590576171875e+00 -1.181775093078613281e+00 -1.529415607452392578e+00 -2.950057983398437500e+00 -7.886789441108703613e-01 1.363321423530578613e+00 2.253713369369506836e+00 1.481577008962631226e-02 -2.068523883819580078e+00
-6.643361598253250122e-02 3.169788360595703125e+00 3.586940765380859375e+00 -2.763285398483276367e+00 3.721254348754882812e+00 5.962844491004943848e-01 -3.634217023849487305e+00 -4.679527878761291504e-02 2.235008180141448975e-01 -2.599272251129150391e+00 1.985627055168151855e+00 6.346174478530883789e-01 4.499926865100860596e-01 3.347620487213134766e+00 1.515933156013488770e+00 2.216704368591308594e+00 1.869903802871704102e+00 4.600653171539306641e+00 -9.090446829795837402e-01 7.381494343280792236e-02
7.401289343833923340e-01 1.116017341613769531e+00 -5.189519882202148438e+00 6.747505664825439453e-01 2.424687623977661133e+00 9.490534663200378418e-01 -2.060787439346313477e+00 -3.274613142013549805e+00 -1.893273591995239258e+00 1.467579126358032227e+00 1.766887426376342773e+00 -2.190613746643066406e-01 5.714958190917968750e+00 -3.258769512176513672e+00 4.706632614135742188e+00 -3.363760232925415039e+00 1.913378119468688965e+00 2.901100397109985352e+00 -8.844917416572570801e-01 -2.150954723358154297e+00
-7.936931848526000977e-01 -3.057334423065185547e+00 -4.949923455715179443e-01 -4.239109516143798828e+00 -1.063963174819946289e+00 1.012699246406555176e+00 -1.614244937896728516e+00 1.744284033775329590e+00 -8.333735466003417969e-01 4.492966651916503906e+00 1.319702744483947754e+00 2.853920698165893555e+00 -3.395261287689208984e+00 5.649516105651855469e+00 -2.808813095092773438e+00 -4.928020954132080078e+00 4.230493605136871338e-01 3.001222610473632812e+00 2.324583768844604492e+00 3.176980018615722656e+00
7.743183970451354980e-01 8.839076161384582520e-01 1.600031852722167969e+00 5.213278532028198242e-01 -1.993889689445495605e+00 1.501186251640319824e+00 -8.423097729682922363e-01 -4.033889293670654297e+00 -4.434955120086669922e+00 4.364712238311767578e+00 -7.223342061042785645e-01 -4.758164405822753906e+00 -1.537816882133483887e+00 2.454184442758560181e-01 1.714847207069396973e+00 -8.170983791351318359e-01 4.641628265380859375e+00 -1.170332074165344238e+00 -2.254686355590820312e+00 -2.687942981719970703e+00
5.557318210601806641e+00 -1.444877147674560547e+00 -1.889199972152709961e+00 -2.979728937149047852e+00 -2.064823150634765625e+00 3.426974713802337646e-01 4.478459835052490234e+00 3.562763929367065430e-01 -7.531818151473999023e-01 -7.076160311698913574e-01 -2.809298753738403320e+00 -2.120546817779541016e+00 1.540733218193054199e+00 3.342855691909790039e+00 -1.849241018295288086e+00 -2.127798080444335938e+00 2.582075595855712891e+00 1.387552320957183838e-01 2.133710861206054688e+00 -1.170429348945617676e+00
3.454369783401489258e+00 6.687676906585693359e-01 -7.533071041107177734e-01 2.193560123443603516e+00 2.820852756500244141e+00 2.419151067733764648e+00 -3.039644241333007812e+00 -4.345213413238525391e+00 -2.087693929672241211e+00 -3.925261735916137695e+00 -1.670527935028076172e+00 3.306880474090576172e+00 -1.344905734062194824e+00 9.199428558349609375e-01 2.262130737304687500e+00 9.329944103956222534e-02 1.419717192649841309e+00 -3.225948572158813477e+00 2.070616781711578369e-01 2.393438100814819336e+00
5.935158133506774902e-01 -1.902770757675170898e+00 4.514993190765380859e+00 1.947034001350402832e+00 4.094218730926513672e+00 1.369388937950134277e+00 -2.341393530368804932e-01 1.371154427528381348e+00 2.635322570800781250e+00 -1.636554598808288574e+00 1.307155013084411621e+00 -2.574945211410522461e+00 1.392041683197021484e+00 1.622407674789428711e+00 -4.109359383583068848e-01 1.925796747207641602e+00 2.637299299240112305e+00 3.033067464828491211e+00 -2.250280141830444336e+00 3.095985889434814453e+00
6.055094599723815918e-01 -5.401790738105773926e-01 -3.152008771896362305e+00 2.075328975915908813e-01 -1.613801836967468262e+00 1.774730801582336426e+00 -4.960794933140277863e-03 -1.186996221542358398e+00 -3.792619466781616211e+00 -4.391834735870361328e+00 -2.004007577896118164e+00 1.930028080940246582e+00 4.143709182739257812e+00 1.433920860290527344e+00 -3.399818837642669678e-01 8.996343016624450684e-01 -1.732164502143859863e+00 -5.097483158111572266e+00 -3.089070081710815430e+00 -1.969227313995361328e+00
-1.881484270095825195e+00 -4.671890139579772949e-01 -1.874356627464294434e+00 -3.403401851654052734e+00 3.601719856262207031e+00 2.761809229850769043e-01 4.124933242797851562e+00 3.209828138351440430e+00 5.202178359031677246e-01 3.193355560302734375e+00 -1.424197316169738770e+00 -6.095826625823974609e-01 -1.404507637023925781e+00 -1.104071736335754395e+00 1.099115967750549316e+00 1.390451312065124512e+00 -1.905657052993774414e+00 -4.958604812622070312e+00 -2.154628753662109375e+00 1.455435991287231445e+00
-5.186147093772888184e-01 -5.506016016006469727e-01 -2.693914771080017090e-01 2.127224504947662354e-01 -5.805783271789550781e+00 -3.903973817825317383e+00 -7.865443229675292969e-01 1.972268581390380859e+00 3.618984222412109375e+00 3.594449162483215332e-02 -2.664640426635742188e+00 -1.147522211074829102e+00 -2.745333433151245117e+00 -9.864592552185058594e-01 -2.919192314147949219e+00 -1.055960059165954590e+00 2.022648096084594727e+00 9.804385900497436523e-01 -5.721701622009277344e+00 -3.419071137905120850e-01
3.666187047958374023e+00 1.829759716987609863e+00 -1.388340592384338379e-01 -1.305073380470275879e+00 4.204252243041992188e+00 2.569637298583984375e+00 -3.471399843692779541e-01 -5.453682541847229004e-01 2.720939815044403076e-01 -3.442331790924072266e+00 3.391317725181579590e-01 1.531679749488830566e+00 3.106775760650634766e+00 4.554135322570800781e+00 -5.557066917419433594e+00 1.256524562835693359e+00 4.725789427757263184e-01 -5.139227867126464844e+00 -1.498657226562500000e+00 -8.913523703813552856e-02
-9.597592055797576904e-02 1.896740555763244629e+00 3.449905157089233398e+00 4.321298301219940186e-01 1.122924327850341797e+00 4.699102401733398438e+00 -2.235789775848388672e+00 8.840285539627075195e-01 -1.394799351692199707e+00 -3.014041662216186523e+00 -1.170038580894470215e-01 -2.253995895385742188e+00 1.836035251617431641e+00 -4.677276611328125000e-01 -1.056508302688598633e+00 1.405836939811706543e+00 7.189924716949462891e-01 8.922109007835388184e-02 -1.170150637626647949e+00 7.500501871109008789e-01
1.199399948120117188e+00 3.865015983581542969e+00 -2.274388074874877930e+00 -5.025373458862304688e+00 -5.509639263153076172e+00 4.924126625061035156e+00 -4.511245712637901306e-02 2.316738605499267578e+00 1.896527528762817383e+00 4.630666255950927734e+00 -8.297693133354187012e-01 -3.439784526824951172e+00 3.394364595413208008e+00 3.807154297828674316e-02 1.088622808456420898e+00 -1.421628594398498535e+00 -3.370209693908691406e+00 2.664818286895751953e+00 2.259698390960693359e+00 -6.759970784187316895e-01
7.453048974275588989e-02 -3.597105264663696289e+00 1.764902353286743164e+00 -1.726694822311401367e+00 4.346432685852050781e+00 -4.115545749664306641e+00 -1.278933048248291016e+00 2.569376707077026367e+00 -1.554467320442199707e+00 -3.230335950851440430e+00 -8.995435237884521484e-01 -3.603337764739990234e+00 3.262757062911987305e-01 6.129752993583679199e-01 -3.171209573745727539e+00 2.887663602828979492e+00 -4.247495174407958984e+00 8.689984679222106934e-01 2.563992500305175781e+00 -2.641425430774688721e-01
1.135820865631103516e+00 -3.585417985916137695e+00 -1.739957571029663086e+00 -3.014211654663085938e+00 3.080347061157226562e+00 -1.050893664360046387e+00 -1.871022343635559082e+00 -1.537620186805725098e+00 1.100061416625976562e+00 -2.130888253450393677e-01 -3.541623592376708984e+00 -6.957294344902038574e-01 -2.321801424026489258e+00 1.410718083381652832e+00 2.227771520614624023e+00 -4.605908870697021484e+00 -1.361450433731079102e+00 2.402519702911376953e+00 -3.379078149795532227e+00 1.300244808197021484e+00
3.944341659545898438e+00 -1.400839835405349731e-01 2.142209529876708984e+00 2.977388143539428711e+00 -4.736457347869873047e+00 3.413974046707153320e+00 2.991412878036499023e+00 -1.578743219375610352e+00 2.930646896362304688e+00 7.286176681518554688e-01 1.341984510421752930e+00 -1.898086547851562500e+00 -7.958183437585830688e-02 -1.821275234222412109e+00 -3.559721410274505615e-01 -2.031329393386840820e+00 -1.482392787933349609e+00 2.246214866638183594e+00 7.539562582969665527e-01 -2.892389535903930664e+00
2.049490213394165039e+00 1.234626546502113342e-01 1.471625089645385742e+00 -2.597536325454711914e+00 2.235339641571044922e+00 -2.098515033721923828e+00 2.660870313644409180e+00 3.688413858413696289e+00 3.436723470687866211e+00 3.035280942916870117e+00 2.200233936309814453e+00 -1.359718322753906250e+00 9.998604059219360352e-01 3.191009283065795898e+00 -4.434321880340576172e+00 1.298968195915222168e+00 -4.318977355957031250e+00 3.373409032821655273e+00 -1.349697351455688477e+00 4.919425964355468750e+00
2.064729213714599609e+00 -3.491847276687622070e+00 2.258334159851074219e+00 2.484614372253417969e+00 -3.495943307876586914e+00 -2.701835930347442627e-01 4.363282769918441772e-02 1.743253469467163086e+00 -5.924498289823532104e-02 1.605077385902404785e+00 -9.946056008338928223e-01 3.770608663558959961e+00 5.467333316802978516e+00 -2.376173138618469238e-01 4.326941967010498047e+00 -4.760666370391845703e+00 -6.733213663101196289e-01 -2.561110019683837891e+00 -2.891024947166442871e-02 -2.144916057586669922e-01
