5.268062591552734375e+00 2.468765527009963989e-01 -3.678363084793090820e+00 -4.412292957305908203e+00 -2.480554342269897461e+00 5.267775058746337891e+00 -9.358701705932617188e-01 1.166304230690002441e+00 -3.982113301753997803e-01 7.734318077564239502e-02 1.358029365539550781e+00 3.215892314910888672e-01 1.351203322410583496e+00 4.102620124816894531e+00 3.823976516723632812e+00 -1.937233805656433105e+00 6.116253733634948730e-01 -3.095361709594726562e+00 5.081087589263916016e+00 -4.154268264770507812e+00
2.286473989486694336e+00 5.293242931365966797e+00 -1.431873321533203125e+00 -2.809993743896484375e+00 -1.406616091728210449e+00 1.797640681266784668e+00 -4.234507083892822266e+00 -8.114787101745605469e+00 8.120663166046142578e-01 -4.200808048248291016e+00 -3.232449531555175781e+00 6.359802722930908203e+00 -3.780841827392578125e+00 -8.869247138500213623e-02 7.995445251464843750e+00 2.268095731735229492e+00 -1.351603865623474121e+00 -4.691126823425292969e+00 -5.489003658294677734e-01 -2.822888135910034180e+00
-3.043940067291259766e+00 2.235137969255447388e-01 7.403652071952819824e-01 -2.061693429946899414e+00 -1.991454809904098511e-01 -2.350792169570922852e+00 -5.911756157875061035e-01 -1.889853119850158691e+00 2.136251449584960938e+00 -3.174879848957061768e-01 9.411870241165161133e-01 7.456692457199096680e-01 -8.539952635765075684e-01 3.738339900970458984e+00 5.036989450454711914e-01 3.197649002075195312e+00 6.734341382980346680e-01 1.709460616111755371e+00 -1.909831047058105469e+00 2.974543273448944092e-01
7.018975615501403809e-01 -3.919864654541015625e+00 3.247372627258300781e+00 -6.717441082000732422e-01 -1.256752014160156250e+00 -3.930981874465942383e+00 -1.757976293563842773e+00 -1.015233755111694336e+00 1.508068919181823730e+00 -3.055220842361450195e+00 -2.240297555923461914e+00 1.684254527091979980e+00 -6.661650180816650391e+00 2.117292165756225586e+00 -5.944989249110221863e-02 2.941217660903930664e+00 4.510955810546875000e+00 -1.349708586931228638e-01 -9.427928328514099121e-01 -1.745437234640121460e-01
1.321774482727050781e+00 -1.880769968032836914e+00 3.685910940170288086e+00 -2.508063554763793945e+00 1.365196347236633301e+00 5.575665950775146484e+00 4.254736423492431641e+00 -1.189991474151611328e+00 4.379869937896728516e+00 -2.901069819927215576e-07 -2.407122373580932617e+00 -7.939244508743286133e-01 4.055980741977691650e-01 1.568542957305908203e+00 6.823484897613525391e-01 1.194244384765625000e+00 4.288163661956787109e+00 4.178198337554931641e+00 1.311904907226562500e+00 -1.382913231849670410e+00
4.699184417724609375e+00 -2.314833879470825195e+00 5.890480279922485352e-01 8.285832405090332031e-01 -4.018794059753417969e+00 4.935027122497558594e+00 -6.147292137145996094e+00 5.271857976913452148e-01 -3.948096990585327148e+00 -4.460105419158935547e+00 1.326940178871154785e+00 3.223843336105346680e+00 3.401334524154663086e+00 -4.110676288604736328e+00 8.641259193420410156e+00 3.651352822780609131e-01 3.374518454074859619e-01 3.392919778823852539e+00 -1.100121021270751953e+00 -7.784874439239501953e-01
-1.508923888206481934e+00 3.324066102504730225e-01 -9.105377197265625000e+00 1.652418971061706543e+00 -8.074904441833496094e+00 -6.406781822443008423e-02 6.242187500000000000e+00 -9.623435139656066895e-01 -4.842706203460693359e+00 -3.690175294876098633e+00 1.147598743438720703e+00 -4.510856151580810547e+00 -7.606019020080566406e+00 2.075382947921752930e+00 4.571578502655029297e+00 -1.081033330410718918e-02 -3.397795200347900391e+00 -8.468200564384460449e-01 -2.926416635513305664e+00 5.493211746215820312e+00
7.933861017227172852e-01 1.855888664722442627e-01 -6.671883463859558105e-01 -4.399781227111816406e-01 -1.182823657989501953e+00 2.438485860824584961e+00 -8.761799931526184082e-01 -3.328220844268798828e-01 4.089971542358398438e+00 1.905209898948669434e+00 -2.961737155914306641e+00 -2.450427770614624023e+00 -8.427355766296386719e+00 -4.873605251312255859e+00 1.494277954101562500e+00 1.753803372383117676e+00 -5.324468135833740234e+00 1.378158926963806152e+00 -1.388531565666198730e+00 -1.086319208145141602e+00
2.915373086929321289e+00 -3.723552227020263672e+00 -3.296684741973876953e+00 -5.445328712463378906e+00 -3.512633085250854492e+00 -4.967139720916748047e+00 -2.923663616180419922e+00 -3.400238513946533203e+00 8.249703407287597656e+00 -4.972957611083984375e+00 6.056275963783264160e-01 -9.021602869033813477e-01 4.711990356445312500e-01 -4.739325523376464844e+00 3.588677167892456055e+00 -4.509157501161098480e-03 1.563383102416992188e+00 -1.685578346252441406e+00 4.315994083881378174e-01 -2.850473880767822266e+00
-7.039950370788574219e+00 -1.757730484008789062e+00 2.925686359405517578e+00 4.276533424854278564e-01 2.618452548980712891e+00 5.042561531066894531e+00 -7.622034072875976562e+00 -1.183567523956298828e+00 1.449244141578674316e+00 -2.958803176879882812e+00 -2.599105596542358398e+00 3.922832727432250977e+00 4.669733524322509766e+00 5.812550544738769531e+00 9.870707392692565918e-01 -4.530431270599365234e+00 -2.298870801925659180e+00 -1.713542342185974121e+00 -8.345125198364257812e+00 -3.231703042984008789e+00
-8.809940218925476074e-01 3.283693075180053711e+00 -9.230943918228149414e-01 1.784798383712768555e+00 2.951211631298065186e-01 -1.212074995040893555e+00 3.128832280635833740e-01 -5.531005382537841797e+00 2.994377613067626953e+00 -5.468290448188781738e-01 -1.657516509294509888e-01 5.052624702453613281e+00 9.379137754440307617e-01 -2.249856710433959961e+00 6.796061992645263672e-01 -1.036697983741760254e+00 2.109436273574829102e+00 -2.072028636932373047e+00 5.588910579681396484e+00 1.242733821272850037e-01
6.346049904823303223e-02 -3.731808960437774658e-01 4.967940747737884521e-01 1.264244437217712402e+00 -6.077975034713745117e-01 -4.763997554779052734e+00 -3.368015766143798828e+00 5.436402320861816406e+00 -1.338986873626708984e+00 3.307861566543579102e+00 2.086542844772338867e+00 3.109138011932373047e+00 -4.335136890411376953e+00 2.130924224853515625e+00 -1.025908827781677246e+00 -2.698367238044738770e-01 3.027443885803222656e+00 -3.872548818588256836e+00 -4.614427685737609863e-01 -2.189300298690795898e+00
2.148423194885253906e+00 -1.934251427650451660e+00 5.489786267280578613e-01 3.083481550216674805e+00 -1.705231547355651855e+00 2.184053957462310791e-01 3.773452281951904297e+00 1.074635624885559082e+00 -7.307153344154357910e-01 -1.249296665191650391e+00 -3.223133563995361328e+00 -8.218495249748229980e-01 -4.375940799713134766e+00 1.725738048553466797e+00 -3.488233089447021484e+00 5.577369332313537598e-01 4.116153240203857422e+00 5.085392475128173828e+00 3.150040149688720703e+00 -2.122759103775024414e+00
-1.647793531417846680e+00 7.412646412849426270e-01 8.361470103263854980e-01 -6.683205366134643555e-01 -1.491876006126403809e+00 -6.131545081734657288e-02 -1.760903596878051758e+00 2.868286371231079102e+00 1.304782986640930176e+00 2.012617588043212891e+00 -3.253427028656005859e+00 -5.477437376976013184e-01 1.657312393188476562e+00 -2.503919601440429688e+00 -4.931687414646148682e-01 1.639819383621215820e+00 5.404502391815185547e+00 4.049904346466064453e+00 2.581912994384765625e+00 2.581263780593872070e-01
1.915794730186462402e+00 8.182837367057800293e-01 4.289646446704864502e-01 -2.848631143569946289e+00 8.313357353210449219e+00 5.537222385406494141e+00 -2.214841127395629883e+00 -2.709723234176635742e+00 -3.041859865188598633e+00 -6.831307411193847656e-01 2.312942266464233398e+00 4.823223590850830078e+00 -4.547741889953613281e+00 2.665926218032836914e+00 -3.532796859741210938e+00 5.699004173278808594e+00 -4.227108001708984375e+00 4.366080284118652344e+00 5.373693943023681641e+00 7.949917316436767578e-01
-3.077961444854736328e+00 -7.695769309997558594e+00 -1.808703064918518066e+00 2.354110777378082275e-01 -2.422365248203277588e-01 6.665280342102050781e+00 9.296523332595825195e-01 -1.224433541297912598e+00 -1.480420865118503571e-02 9.444803237915039062e+00 1.003922343254089355e+00 2.467631816864013672e+00 -2.590665340423583984e+00 -6.477542400360107422e+00 1.503060102462768555e+00 -3.826788902282714844e+00 3.285925626754760742e+00 -3.884368896484375000e+00 -3.106209754943847656e+00 6.938617825508117676e-01
1.803519606590270996e+00 9.358905553817749023e-01 -8.881682395935058594e+00 -2.211004734039306641e+00 -5.524408817291259766e-01 7.325938344001770020e-01 -1.453150510787963867e+00 -1.215576648712158203e+00 2.732804298400878906e+00 2.003495454788208008e+00 5.073164105415344238e-01 4.073257923126220703e+00 -2.720392942428588867e+00 -3.749961376190185547e+00 2.712678670883178711e+00 2.780758142471313477e+00 9.479003399610519409e-02 4.797216892242431641e+00 -2.459235429763793945e+00 7.626220226287841797e+00
-4.372174739837646484e+00 -2.807061433792114258e+00 4.985503196716308594e+00 4.997644901275634766e+00 5.129693984985351562e+00 1.439155936241149902e+00 -6.140545845031738281e+00 -6.578381061553955078e-01 -3.259818553924560547e+00 -1.274008989334106445e+00 2.782280445098876953e+00 -8.842565536499023438e+00 2.342351913452148438e+00 -4.521139144897460938e+00 8.880457878112792969e-01 1.065419077873229980e+00 7.319164872169494629e-01 -6.994105815887451172e+00 -6.464910507202148438e+00 6.379565596580505371e-01
5.598235130310058594e-01 1.799026131629943848e+00 6.477559804916381836e-01 2.016846656799316406e+00 3.228473067283630371e-01 -1.870937108993530273e+00 1.383493542671203613e+00 -4.990518093109130859e+00 3.202967882156372070e+00 -2.431856155395507812e+00 -2.105358056724071503e-02 5.154184341430664062e+00 6.266329288482666016e-01 -2.825129747390747070e+00 7.727250456809997559e-01 2.470733970403671265e-01 1.505796432495117188e+00 -4.128607273101806641e+00 5.552896499633789062e+00 7.556999325752258301e-01
-2.152008056640625000e+00 -3.706670701503753662e-01 2.523287057876586914e+00 -2.860478162765502930e+00 -2.751686573028564453e+00 -3.694989919662475586e+00 -2.754405260086059570e+00 -2.331932306289672852e+00 3.867817401885986328e+00 -6.086527705192565918e-01 -2.492437064647674561e-01 4.497014045715332031e+00 -1.835412085056304932e-01 4.915270805358886719e+00 -1.351705551147460938e+00 4.319455623626708984e+00 1.577476263046264648e+00 1.384395599365234375e+00 -4.878766536712646484e+00 -3.968638658523559570e+00
-4.538277149200439453e+00 -6.596522927284240723e-01 5.803906321525573730e-01 -3.011838436126708984e+00 1.179891824722290039e+00 3.030298054218292236e-01 2.272835016250610352e+00 1.234499692916870117e+00 -4.638753831386566162e-01 7.219450473785400391e-01 -9.962463378906250000e-01 3.659838199615478516e+00 1.516471147537231445e+00 1.949730753898620605e+00 6.244847178459167480e-01 -1.868093609809875488e-01 5.446893572807312012e-01 2.574758768081665039e+00 3.722024559974670410e-01 -3.281144618988037109e+00
-1.603363275527954102e+00 -3.574251890182495117e+00 -2.454134225845336914e-01 1.373634457588195801e+00 3.616291284561157227e+00 -1.196285724639892578e+00 -2.919980049133300781e+00 3.777457237243652344e+00 -1.881219863891601562e+00 1.187520846724510193e-01 4.408108294010162354e-01 -1.814636826515197754e+00 2.695984542369842529e-01 2.138646841049194336e+00 7.264078855514526367e-01 4.554795265197753906e+00 4.417573213577270508e-01 -5.702445507049560547e+00 5.328084468841552734e+00 7.496739923954010010e-02
1.595946401357650757e-01 -1.958154439926147461e+00 -1.998476386070251465e+00 -2.506617307662963867e+00 4.540596485137939453e+00 -2.462216377258300781e+00 2.109269142150878906e+00 7.766405344009399414e-01 -2.393229007720947266e+00 1.363698363304138184e+00 -5.629042625427246094e+00 7.657867670059204102e-01 3.799575805664062500e+00 -2.274657249450683594e+00 1.210484027862548828e+00 3.776093959808349609e+00 9.972529411315917969e-01 1.455887079238891602e+00 1.823020100593566895e+00 -3.122679471969604492e+00
-1.150380596518516541e-01 -1.013404130935668945e+00 -6.256229281425476074e-01 -7.736756801605224609e-01 4.839976310729980469e+00 -7.547734975814819336e-01 7.305314540863037109e-01 3.611332178115844727e-01 -2.248644113540649414e+00 -1.317550420761108398e+00 -3.399749040603637695e+00 -1.836774349212646484e+00 3.973478794097900391e+00 -2.119964361190795898e+00 3.155238866806030273e+00 4.189229488372802734e+00 1.500333428382873535e+00 7.330179214477539062e-01 2.270247459411621094e+00 -6.458653807640075684e-01
-4.161964058876037598e-01 -4.371334910392761230e-01 2.389619350433349609e+00 1.101193189620971680e+00 -4.790717959403991699e-01 -7.215057015419006348e-01 1.845593810081481934e+00 1.521963834762573242e+00 -3.817080259323120117e+00 3.259859383106231689e-01 6.083008646965026855e-01 -1.862418055534362793e+00 1.627658963203430176e+00 -2.520112514495849609e+00 1.997272253036499023e+00 3.648353099822998047e+00 -1.245748043060302734e+00 -2.723006486892700195e+00 3.359566926956176758e+00 -1.773384451866149902e+00
2.001426458358764648e+00 -7.642767429351806641e-01 3.108672857284545898e+00 2.245348691940307617e+00 -1.682204961776733398e+00 1.355390906333923340e+00 2.858159065246582031e+00 9.958599209785461426e-01 -3.055922269821166992e+00 -2.635571360588073730e-01 -1.166098237037658691e+00 5.619980692863464355e-01 2.606064558029174805e+00 -2.441015005111694336e+00 1.120524883270263672e+00 3.760272741317749023e+00 -2.043149232864379883e+00 -4.089628159999847412e-01 1.102634549140930176e+00 -1.714107513427734375e+00
3.537374496459960938e+00 3.025973081588745117e+00 2.829309940338134766e+00 -9.656132459640502930e-01 -3.029500961303710938e+00 2.600145339965820312e+00 2.545076131820678711e+00 3.233333110809326172e+00 -3.357287645339965820e-01 -7.992396354675292969e-01 -1.190155521035194397e-01 -1.710451126098632812e+00 8.611201643943786621e-01 -2.421439170837402344e+00 -2.752047777175903320e+00 1.261708855628967285e+00 1.285925984382629395e+00 -1.770061373710632324e+00 5.803592130541801453e-02 -1.754514455795288086e+00
1.985387682914733887e+00 4.475265741348266602e-01 6.762288808822631836e-01 -3.168831348419189453e+00 -1.400303959846496582e+00 2.654723405838012695e+00 -5.157728195190429688e-01 4.835443496704101562e-01 -1.803097605705261230e+00 -7.683931589126586914e-01 -1.455813884735107422e+00 -1.794102787971496582e+00 3.039159536361694336e+00 -2.042007684707641602e+00 -2.973665475845336914e+00 3.881912827491760254e-01 1.678604364395141602e+00 1.066519856452941895e+00 -2.400805652141571045e-01 2.559046745300292969e+00
-3.181189060211181641e+00 2.535538375377655029e-01 -8.900405764579772949e-01 -1.781379818916320801e+00 4.443940162658691406e+00 -1.094878792762756348e+00 -1.947837591171264648e+00 1.750206574797630310e-02 -1.122323703020811081e-02 -1.470367431640625000e+00 -2.797026395797729492e+00 -3.362667560577392578e+00 1.913821816444396973e+00 -8.168247938156127930e-01 1.548962950706481934e+00 -1.062602281570434570e+00 2.741978466510772705e-01 -8.968554735183715820e-01 2.564364910125732422e+00 8.455231189727783203e-01
-9.946321696043014526e-02 4.121744632720947266e+00 2.328324556350708008e+00 3.406966686248779297e+00 -5.262286663055419922e+00 3.205357074737548828e+00 1.388205170631408691e+00 -3.771687746047973633e-01 1.171975851058959961e+00 3.237610459327697754e-01 -2.653626441955566406e+00 -1.057067036628723145e+00 3.773991107940673828e+00 4.500728845596313477e-01 6.582065224647521973e-01 3.778337717056274414e+00 -1.820416688919067383e+00 -7.799288034439086914e-01 -7.157335989177227020e-03 -4.597395658493041992e-01
-2.811886072158813477e+00 2.693531751632690430e+00 8.987189531326293945e-01 -1.515478253364562988e+00 2.870285272598266602e+00 1.994749784469604492e+00 -2.391767024993896484e+00 7.856970429420471191e-01 -2.258676528930664062e+00 -1.567662358283996582e-01 -1.155320525169372559e+00 -2.944126367568969727e+00 -1.883304357528686523e+00 -2.396976709365844727e+00 -1.915735721588134766e+00 7.771711945533752441e-01 5.086532592773437500e+00 1.301918387413024902e+00 4.148820400238037109e+00 6.656960248947143555e-01
-1.844963073730468750e+00 -1.939932852983474731e-01 2.377325773239135742e+00 6.073598191142082214e-02 -5.363918781280517578e+00 -1.135986089706420898e+00 -8.393847942352294922e-01 2.735578298568725586e+00 8.948539495468139648e-01 4.107853889465332031e+00 1.040753364562988281e+00 -1.815128326416015625e+00 5.860533714294433594e-01 -2.419115304946899414e+00 -1.855194211006164551e+00 4.832470417022705078e+00 4.085326671600341797e+00 5.124284625053405762e-01 2.575907707214355469e+00 1.001785159111022949e+00
-9.697775840759277344e-01 -6.045901298522949219e+00 -8.505583405494689941e-01 2.259734630584716797e+00 -3.266644716262817383e+00 -1.341057538986206055e+00 -3.194766044616699219e+00 -4.370836257934570312e+00 5.956580638885498047e+00 5.515846729278564453e+00 -5.040939331054687500e+00 -8.654035925865173340e-01 4.997320652008056641e+00 4.067987918853759766e+00 -2.323604345321655273e+00 8.939065933227539062e+00 -1.080045580863952637e+00 -2.938210964202880859e+00 3.091244459152221680e+00 -1.864156126976013184e+00
6.996332168579101562e+00 -1.675335407257080078e+00 -1.789366722106933594e+00 1.963380455970764160e+00 1.509963512420654297e+00 -5.249681472778320312e+00 3.671668171882629395e-01 -4.921341419219970703e+00 4.389739990234375000e+00 4.335122585296630859e+00 8.191469192504882812e+00 -2.745379686355590820e+00 3.626446723937988281e+00 -4.620223999023437500e+00 -1.542973995208740234e+00 -1.038299798965454102e-01 1.182642698287963867e+00 2.310833454132080078e+00 2.566461086273193359e+00 -3.595083475112915039e+00
8.257870674133300781e+00 -8.174808025360107422e-01 -3.742057323455810547e+00 3.232302188873291016e+00 4.617329120635986328e+00 1.982493400573730469e+00 8.081811666488647461e-01 -1.502363085746765137e+00 4.005733728408813477e-01 -1.364290237426757812e+00 1.230090618133544922e+00 -6.289976239204406738e-01 -5.075159549713134766e+00 1.568306803703308105e+00 5.696696043014526367e-01 9.596077799797058105e-01 5.362802028656005859e+00 -1.504998564720153809e+00 -3.637723684310913086e+00 -1.658569812774658203e+00
7.126155495643615723e-02 -4.085260868072509766e+00 6.156910657882690430e-01 -8.560322761535644531e+00 -1.761647105216979980e+00 -3.482447147369384766e+00 1.622020006179809570e+00 7.079902648925781250e+00 2.384204864501953125e+00 1.080139636993408203e+00 1.957212805747985840e+00 8.976819992065429688e+00 -2.649092197418212891e+00 -4.554798126220703125e+00 -1.783479809761047363e+00 -7.076548099517822266e+00 -3.177654266357421875e+00 -7.969564437866210938e+00 3.301225662231445312e+00 -2.128675699234008789e+00
7.886073589324951172e-01 1.186589002609252930e+00 6.216080784797668457e-01 1.387871265411376953e+00 2.881149351596832275e-01 -1.466797351837158203e+00 1.694070458412170410e+00 -5.119372844696044922e+00 3.817807435989379883e+00 -2.038992166519165039e+00 4.745638072490692139e-01 5.311158180236816406e+00 4.692709445953369141e-01 -2.488776922225952148e+00 1.289983868598937988e+00 4.564737379550933838e-01 1.729743003845214844e+00 -4.722186565399169922e+00 5.651701450347900391e+00 1.386128306388854980e+00
-1.506551623344421387e+00 3.584303855895996094e+00 1.922239542007446289e+00 3.756935358047485352e+00 -7.180215716361999512e-01 -5.558084964752197266e+00 -3.980300426483154297e+00 -1.403788685798645020e+00 2.314501523971557617e+00 3.582744896411895752e-01 3.841834068298339844e-01 4.738073825836181641e+00 5.275439620018005371e-01 2.595681667327880859e+00 2.956902503967285156e+00 1.244041323661804199e+00 4.217723369598388672e+00 -9.275566339492797852e-01 2.128014326095581055e+00 -3.206683635711669922e+00
-2.632492542266845703e+00 -7.235123217105865479e-02 1.179754257202148438e+00 -1.740891337394714355e+00 1.672171592712402344e+00 -1.639335155487060547e+00 7.377469539642333984e-01 3.536246776580810547e+00 -2.225747108459472656e-01 -2.334028959274291992e+00 1.418586134910583496e+00 4.603233337402343750e+00 4.200544655323028564e-01 1.450050711631774902e+00 -1.008127808570861816e+00 1.217578649520874023e+00 2.731833755970001221e-01 1.563612818717956543e-01 5.236255526542663574e-01 -1.009698390960693359e+00
-2.173211812973022461e+00 -2.996921062469482422e+00 1.775217533111572266e+00 -5.415942668914794922e-01 1.577839732170104980e+00 -1.207670927047729492e+00 -2.503336191177368164e+00 2.238381624221801758e+00 -3.693179845809936523e+00 1.627436429262161255e-01 -1.225735545158386230e-01 3.050322294235229492e+00 1.411660432815551758e+00 1.014900431036949158e-01 1.473333716392517090e+00 2.442965984344482422e+00 2.879961967468261719e+00 2.618675708770751953e+00 4.612591564655303955e-01 -3.473440408706665039e+00
3.988911151885986328e+00 4.784835875034332275e-01 1.341928541660308838e-01 -1.388515710830688477e+00 3.592089891433715820e+00 1.534370183944702148e-01 4.399421066045761108e-02 5.296363830566406250e+00 1.295114159584045410e+00 1.462586760520935059e+00 4.008390903472900391e+00 -5.841772556304931641e-01 3.119462013244628906e+00 -4.341014847159385681e-02 -2.872228324413299561e-01 6.816745281219482422e+00 8.968682289123535156e-01 -2.035390377044677734e+00 1.474183559417724609e+00 2.277832478284835815e-01
2.323353290557861328e+00 4.631652355194091797e+00 -1.943962931632995605e+00 -3.149825572967529297e+00 -1.069831997156143188e-01 3.050020039081573486e-01 8.720919609069824219e+00 2.263564348220825195e+00 2.187421079725027084e-03 2.061939001083374023e+00 2.803265452384948730e-01 1.118904471397399902e+00 5.743964195251464844e+00 -4.272213459014892578e+00 -2.578866004943847656e+00 3.540583610534667969e+00 7.237952947616577148e-01 3.550115108489990234e+00 2.896424770355224609e+00 -2.212750673294067383e+00
1.582847386598587036e-01 -1.329438209533691406e+00 2.875260829925537109e+00 -5.246751785278320312e+00 -5.057417869567871094e+00 2.987712860107421875e+00 -2.059783935546875000e-01 2.561872959136962891e+00 -1.775348186492919922e+00 2.439973115921020508e+00 -2.905311346054077148e+00 6.456424236297607422e+00 1.168600440025329590e+00 6.958788633346557617e-01 -2.178338050842285156e+00 3.545881271362304688e+00 -1.689287185668945312e+00 -3.150372028350830078e+00 6.622248142957687378e-02 1.751771122217178345e-01
5.097693443298339844e+00 2.824464321136474609e+00 1.439814090728759766e+00 -2.674329996109008789e+00 -2.830399751663208008e+00 3.698861360549926758e+00 -1.779240071773529053e-01 5.264459133148193359e+00 3.476502373814582825e-02 7.281557321548461914e-01 -4.044180870056152344e+00 -2.759462408721446991e-02 2.289117813110351562e+00 -1.904052734375000000e+00 -4.288027286529541016e+00 1.163757219910621643e-01 3.123669862747192383e+00 -1.861751317977905273e+00 5.011979341506958008e-01 -5.719695091247558594e-01
7.437825202941894531e-02 9.034864306449890137e-01 8.149757981300354004e-01 -1.897776961326599121e+00 -1.468499422073364258e+00 8.068315684795379639e-02 -5.449594020843505859e+00 -8.377601504325866699e-01 -4.442481517791748047e+00 -3.449100255966186523e+00 -6.964826583862304688e+00 -1.847393751144409180e+00 1.219800710678100586e+00 -2.958235025405883789e+00 -2.497080326080322266e+00 -3.399333715438842773e+00 8.999770879745483398e-01 3.002890944480895996e-01 2.455081462860107422e+00 2.186452150344848633e+00
2.991596460342407227e+00 -2.291827440261840820e+00 1.139852643013000488e+00 2.245205640792846680e+00 -2.360436677932739258e+00 1.221505045890808105e+00 -1.883114457130432129e+00 2.454864263534545898e+00 -1.171240091323852539e+00 1.080423474311828613e+00 -4.377519607543945312e+00 4.578461349010467529e-01 3.091481447219848633e+00 -2.464210540056228638e-01 -3.409617185592651367e+00 -5.590872764587402344e-01 -1.539591670036315918e+00 -3.341918230056762695e+00 -1.976778805255889893e-01 4.131158590316772461e-01
-1.385782003402709961e+00 1.659872293472290039e+00 -4.217507541179656982e-01 2.043130874633789062e+00 7.976764440536499023e-01 1.936577081680297852e+00 -2.006014622747898102e-02 -3.931180834770202637e-01 -3.776654601097106934e-01 1.030689001083374023e+00 -8.136727213859558105e-01 -5.830308794975280762e-01 2.518835783004760742e+00 -1.301361918449401855e-01 9.238673448562622070e-01 -1.686274290084838867e+00 -6.530038714408874512e-01 -1.465325832366943359e+00 1.098677396774291992e+00 3.067426569759845734e-02
-2.850342750549316406e+00 3.324851751327514648e+00 -5.384347438812255859e-01 7.476525306701660156e-01 -2.528363227844238281e+00 4.302902221679687500e+00 -3.336524724960327148e+00 -3.882260620594024658e-01 -1.270816564559936523e+00 1.604885458946228027e+00 2.449392795562744141e+00 -1.922666430473327637e+00 3.009706258773803711e+00 5.389660596847534180e-01 -5.804480314254760742e-01 3.205939292907714844e+00 -2.194996595382690430e+00 -6.869243383407592773e-01 2.184038877487182617e+00 2.486152887344360352e+00
2.554391622543334961e+00 2.373785734176635742e+00 2.833724975585937500e+00 2.925533354282379150e-01 9.844645261764526367e-01 -2.540923118591308594e+00 -2.181686878204345703e+00 8.378679752349853516e-01 -4.885878562927246094e+00 3.981287717819213867e+00 1.916965246200561523e+00 -1.006283402442932129e+00 -3.755429744720458984e+00 -9.768159389495849609e-01 -3.203891038894653320e+00 9.159820675849914551e-01 1.708906769752502441e+00 2.457334995269775391e+00 1.494041681289672852e+00 2.008464097976684570e+00
-1.285452485084533691e+00 3.303823947906494141e+00 3.342432022094726562e+00 3.610529661178588867e+00 9.288101792335510254e-01 2.664413452148437500e-01 3.011384010314941406e+00 6.070978164672851562e+00 3.057353019714355469e+00 3.067347526550292969e+00 2.968086242675781250e+00 -4.124049246311187744e-01 1.007907986640930176e+00 -4.178010463714599609e+00 2.402232885360717773e+00 -6.876664757728576660e-01 2.704601526260375977e+00 2.829453945159912109e+00 -1.864266037940979004e+00 -1.905172467231750488e+00
3.417283773422241211e+00 3.637216806411743164e+00 3.922937631607055664e+00 -4.702774047851562500e+00 4.829971790313720703e+00 -1.532813787460327148e+00 2.269280910491943359e+00 -6.198671340942382812e+00 -4.540967464447021484e+00 6.196108818054199219e+00 -4.059399604797363281e+00 -5.464637875556945801e-01 4.832933247089385986e-01 4.791390895843505859e+00 2.390609979629516602e+00 -7.773426771163940430e-01 -4.481587409973144531e+00 -3.276390731334686279e-01 5.965198278427124023e-01 4.414736270904541016e+00
3.942862272262573242e+00 7.945414543151855469e+00 -2.918185710906982422e+00 -3.321855306625366211e+00 -3.810388445854187012e-01 -3.212098836898803711e+00 -7.974324822425842285e-01 -1.131278157234191895e+00 -4.579622268676757812e+00 2.590173244476318359e+00 -2.427530288696289062e+00 -1.129243850708007812e+00 1.153808355331420898e+00 -4.160353183746337891e+00 6.885686516761779785e-01 2.647620916366577148e+00 5.807044506072998047e-01 -7.297705650329589844e+00 -7.359885215759277344e+00 -4.061220645904541016e+00
8.494611740112304688e+00 -2.024311542510986328e+00 -1.038837552070617676e+00 3.315824747085571289e+00 5.147440433502197266e+00 -1.847908973693847656e+00 1.075395584106445312e+00 -2.612895727157592773e+00 -1.283585786819458008e+00 -6.517680287361145020e-01 4.192700386047363281e-01 3.953390836715698242e+00 -7.814293861389160156e+00 -1.525629281997680664e+00 -2.178928852081298828e+00 -1.305989027023315430e-01 4.730293750762939453e+00 4.364797845482826233e-02 -3.082993745803833008e+00 -9.585793614387512207e-01
6.801222801208496094e+00 -3.078615427017211914e+00 5.234248638153076172e+00 -6.263046860694885254e-01 -1.382401704788208008e+00 2.507043600082397461e+00 -6.416965484619140625e+00 -5.152349472045898438e+00 3.906345367431640625e-01 5.648308277130126953e+00 -5.922919750213623047e+00 2.209460258483886719e+00 -1.623866558074951172e+00 -6.601730823516845703e+00 -8.347306847572326660e-01 9.590901374816894531e+00 1.943870902061462402e+00 -2.731805086135864258e+00 1.562480330467224121e+00 8.652434349060058594e+00
1.142223119735717773e+00 1.202286839485168457e+00 5.369710922241210938e-01 1.808603882789611816e+00 -6.712666712701320648e-03 -7.264811396598815918e-01 1.130103707313537598e+00 -5.307725429534912109e+00 4.101469993591308594e+00 -2.192060232162475586e+00 1.329124689102172852e+00 5.487474441528320312e+00 9.718490839004516602e-01 -2.022583484649658203e+00 2.001151323318481445e+00 5.718700885772705078e-01 1.277648091316223145e+00 -5.344456672668457031e+00 6.020918369293212891e+00 2.203150749206542969e+00
-1.232138395309448242e+00 7.307924747467041016e+00 9.617163985967636108e-02 3.928764581680297852e+00 -8.702902197837829590e-01 -6.012392640113830566e-01 -2.186493396759033203e+00 -5.497377395629882812e+00 1.462447881698608398e+00 -1.565280914306640625e+00 1.332315802574157715e+00 4.604136943817138672e+00 3.099657773971557617e+00 1.672112822532653809e+00 9.620372653007507324e-01 2.337720394134521484e+00 3.362089157104492188e+00 -7.881571054458618164e-01 4.654205322265625000e+00 -1.042136311531066895e+00
-2.589432239532470703e+00 1.543084345757961273e-02 1.124100804328918457e+00 -1.693021059036254883e+00 2.082415342330932617e+00 -1.547373294830322266e+00 4.802236258983612061e-01 3.309882402420043945e+00 -4.228658676147460938e-01 -2.450268268585205078e+00 1.499385714530944824e+00 4.746896266937255859e+00 5.029717087745666504e-01 2.044835329055786133e+00 -1.132729411125183105e+00 8.547958731651306152e-01 -4.519422724843025208e-02 5.705959796905517578e-01 6.880354881286621094e-01 -9.785343408584594727e-01
-2.896319150924682617e+00 2.441313117742538452e-01 1.119748711585998535e+00 -1.922092437744140625e+00 1.723652958869934082e+00 -2.153278112411499023e+00 9.446669816970825195e-01 3.595153093338012695e+00 -2.453611940145492554e-01 -2.664258480072021484e+00 1.605066657066345215e+00 4.775711059570312500e+00 4.414476156234741211e-01 1.236665487289428711e+00 -1.448056459426879883e+00 9.216713905334472656e-01 -1.097980365157127380e-01 1.975206732749938965e-01 1.399992704391479492e+00 -8.141947388648986816e-01
-2.556777715682983398e+00 3.730017840862274170e-01 1.071024060249328613e+00 -2.065574169158935547e+00 1.654553174972534180e+00 -1.551196694374084473e+00 9.388090372085571289e-01 3.237543821334838867e+00 1.484929621219635010e-01 -3.049070119857788086e+00 1.360565543174743652e+00 4.361631393432617188e+00 4.560515880584716797e-01 1.557438254356384277e+00 -1.131270170211791992e+00 8.041538000106811523e-01 4.264875948429107666e-01 8.690241724252700806e-02 7.951868772506713867e-01 -1.179450631141662598e+00
-2.721005201339721680e+00 3.903824388980865479e-01 1.067245006561279297e+00 -1.704816818237304688e+00 1.665189743041992188e+00 -2.043813705444335938e+00 6.667947173118591309e-01 3.449936151504516602e+00 1.377338618040084839e-01 -2.934062957763671875e+00 6.950689554214477539e-01 4.320327281951904297e+00 3.276876211166381836e-01 1.465539097785949707e+00 -1.493439197540283203e+00 1.234057188034057617e+00 1.335295885801315308e-01 6.017974391579627991e-02 1.279216289520263672e+00 -1.502302646636962891e+00
1.115502715110778809e+00 -9.561715722084045410e-01 1.060061931610107422e+01 -2.561833620071411133e+00 3.393186807632446289e+00 2.695559978485107422e+00 -5.422870516777038574e-01 3.541244506835937500e+00 4.852254390716552734e+00 6.384446024894714355e-01 -9.568462371826171875e-01 -4.204748153686523438e+00 -2.764780282974243164e+00 2.672499179840087891e+00 -6.178831100463867188e+00 2.441679835319519043e-01 -1.991798281669616699e-01 3.362272977828979492e+00 3.465429544448852539e+00 2.166830062866210938e+00
-2.730413675308227539e+00 4.318549335002899170e-01 1.014855742454528809e+00 -1.951398253440856934e+00 1.921246647834777832e+00 -1.945060968399047852e+00 6.975018382072448730e-01 3.417695522308349609e+00 2.780509293079376221e-01 -2.731778144836425781e+00 8.864188790321350098e-01 4.567622661590576172e+00 5.547559857368469238e-01 1.351694822311401367e+00 -1.343327045440673828e+00 8.828749060630798340e-01 -3.076880276203155518e-01 1.415394246578216553e-01 8.110574483871459961e-01 -1.225781321525573730e+00
-1.860818028450012207e+00 3.869549512863159180e+00 3.871493339538574219e+00 2.560823440551757812e+00 -1.172984123229980469e+00 -1.326149702072143555e+00 -3.592686176300048828e+00 -2.288673400878906250e+00 -1.207012176513671875e+00 9.217540025711059570e-01 4.777289390563964844e+00 2.984551429748535156e+00 2.967885017395019531e+00 3.750397920608520508e+00 3.443540096282958984e+00 3.842119693756103516e+00 7.171300649642944336e-01 2.108001947402954102e+00 -9.832491725683212280e-02 -2.762058734893798828e+00
-2.718025684356689453e+00 3.569752573966979980e-01 1.322625637054443359e+00 -1.792517900466918945e+00 1.558567047119140625e+00 -1.953844428062438965e+00 6.310100555419921875e-01 3.320624828338623047e+00 -1.129838824272155762e-01 -2.852529764175415039e+00 1.088473796844482422e+00 4.289283275604248047e+00 6.971146464347839355e-01 1.392128705978393555e+00 -1.212663531303405762e+00 1.229088068008422852e+00 2.263735681772232056e-01 1.689236015081405640e-01 6.723939776420593262e-01 -4.311433434486389160e-01
-2.670437812805175781e+00 2.398789227008819580e-01 1.053557395935058594e+00 -2.029546499252319336e+00 1.156522989273071289e+00 -1.927631258964538574e+00 6.713008880615234375e-01 3.265522718429565430e+00 2.692296914756298065e-02 -2.837327957153320312e+00 1.700244069099426270e+00 4.673800468444824219e+00 5.180791616439819336e-01 1.272482514381408691e+00 -1.531568050384521484e+00 9.686440825462341309e-01 -3.025038912892341614e-02 -3.829936683177947998e-02 1.239565968513488770e+00 -9.995063543319702148e-01
-3.142672300338745117e+00 1.289579868316650391e-01 4.304017126560211182e-01 -1.297567367553710938e+00 1.883592605590820312e+00 -1.573047757148742676e+00 5.094583630561828613e-01 3.630894899368286133e+00 1.354309618473052979e-01 -2.842337846755981445e+00 9.736540317535400391e-01 4.506602287292480469e+00 5.038763284683227539e-01 9.659937620162963867e-01 -1.548030495643615723e+00 6.356834769248962402e-01 -3.112314343452453613e-01 -1.909323036670684814e-01 1.329721808433532715e+00 -1.362136244773864746e+00
-2.537387371063232422e+00 -2.515206672251224518e-02 1.224347829818725586e+00 -1.705807089805603027e+00 1.724125742912292480e+00 -1.314013004302978516e+00 7.104070186614990234e-01 3.321634054183959961e+00 1.393266916275024414e-01 -2.841547489166259766e+00 1.039311766624450684e+00 4.850696563720703125e+00 5.578758120536804199e-01 1.484633684158325195e+00 -1.457376003265380859e+00 7.674107551574707031e-01 1.779475957155227661e-01 -4.250108450651168823e-02 6.115861535072326660e-01 -1.214232087135314941e+00
-2.481728076934814453e+00 -9.361702948808670044e-03 1.341781258583068848e+00 -2.048276424407958984e+00 1.425072908401489258e+00 -1.783756256103515625e+00 6.863704919815063477e-01 3.626250267028808594e+00 1.369184814393520355e-02 -2.437170267105102539e+00 1.222715735435485840e+00 4.645020961761474609e+00 1.383179873228073120e-01 1.825466275215148926e+00 -1.070559620857238770e+00 8.884178996086120605e-01 2.509214878082275391e-01 -2.599302232265472412e-01 1.124036073684692383e+00 -9.828491210937500000e-01
-2.948776245117187500e+00 1.786620467901229858e-01 7.231069803237915039e-01 -1.964177727699279785e+00 1.869969844818115234e+00 -2.017271518707275391e+00 8.583943247795104980e-01 3.509953737258911133e+00 2.890467047691345215e-01 -3.025693893432617188e+00 8.716965317726135254e-01 4.465400218963623047e+00 3.502791821956634521e-01 1.415001034736633301e+00 -1.368937253952026367e+00 8.057489395141601562e-01 2.199738323688507080e-01 3.270286321640014648e-02 1.068141818046569824e+00 -1.448576092720031738e+00
-2.640061378479003906e+00 -1.373259425163269043e+00 2.530773401260375977e+00 -6.044648885726928711e-01 5.425286293029785156e-01 -4.157754898071289062e+00 2.013180971145629883e+00 2.910641908645629883e+00 2.083536088466644287e-01 -5.170144438743591309e-01 1.173515677452087402e+00 4.663837909698486328e+00 1.484148621559143066e+00 1.841449618339538574e+00 4.891575574874877930e-01 -2.895700037479400635e-01 -1.804625153541564941e+00 7.560958713293075562e-02 1.060639500617980957e+00 -4.625845909118652344e+00
-2.706860542297363281e+00 3.243758678436279297e-01 6.458160877227783203e-01 -1.800436258316040039e+00 1.874680757522583008e+00 -1.634136319160461426e+00 1.096155762672424316e+00 3.711449384689331055e+00 4.881954789161682129e-01 -2.641455173492431641e+00 9.140006899833679199e-01 4.912032127380371094e+00 1.916956305503845215e-01 1.387401580810546875e+00 -1.519300341606140137e+00 6.782780885696411133e-01 4.796428084373474121e-01 -7.383131235837936401e-02 1.172252416610717773e+00 -1.284136533737182617e+00
-3.415513277053833008e+00 -9.485008716583251953e-01 5.948503687977790833e-02 -1.306628108024597168e+00 -2.189103603363037109e+00 3.727075755596160889e-01 -2.850430965423583984e+00 2.000715494155883789e+00 -2.898856438696384430e-02 -2.500475168228149414e+00 5.498775005340576172e+00 -2.417314529418945312e+00 -2.695172786712646484e+00 4.496558189392089844e+00 -3.634243488311767578e+00 -6.164857745170593262e-01 4.607268333435058594e+00 -3.803268074989318848e-01 7.689667224884033203e+00 -4.796248972415924072e-01
3.285224676132202148e+00 -1.920093417167663574e+00 -1.464488625526428223e+00 -9.784078598022460938e-01 5.908419609069824219e+00 -2.017474174499511719e-01 -9.483272433280944824e-01 5.387322902679443359e+00 3.347964763641357422e+00 -7.737418413162231445e-01 1.191607713699340820e+00 -1.171636104583740234e+00 2.661933183670043945e+00 1.631093025207519531e+00 2.266513407230377197e-01 6.362615108489990234e+00 1.169046878814697266e+00 -1.768855452537536621e+00 4.905554294586181641e+00 -9.770134687423706055e-01
3.926959276199340820e+00 -1.323708534240722656e+00 -6.139386177062988281e+00 -3.146402359008789062e+00 5.181942462921142578e+00 1.119125127792358398e+00 -2.200920581817626953e+00 5.121435642242431641e+00 1.835113167762756348e+00 3.899949312210083008e+00 2.295345544815063477e+00 1.042464151978492737e-01 4.942589759826660156e+00 6.583654880523681641e+00 7.932230830192565918e-01 7.207352161407470703e+00 -1.202080845832824707e+00 -1.821882367134094238e+00 3.590253591537475586e+00 -2.481160640716552734e+00
4.256638526916503906e+00 8.946259617805480957e-01 -1.036402463912963867e+00 -5.067763328552246094e-01 4.283580780029296875e-01 4.147250652313232422e+00 1.026332759857177734e+01 -5.113919973373413086e-01 2.026321440935134888e-01 -2.507955133914947510e-01 -2.051872253417968750e+00 1.167555809020996094e+00 7.244266510009765625e+00 1.304810047149658203e-01 3.546618938446044922e+00 7.601244926452636719e+00 1.835335254669189453e+00 8.408983945846557617e-01 3.384285688400268555e+00 3.304708957672119141e+00
6.514198303222656250e+00 1.647023320198059082e+00 1.761436104774475098e+00 -1.405974507331848145e+00 -4.363528728485107422e+00 4.442850112915039062e+00 2.703444004058837891e+00 3.143737554550170898e+00 -2.688020229339599609e+00 1.694997698068618774e-01 -4.562688350677490234e+00 3.229720115661621094e+00 6.217626333236694336e-01 2.687489390373229980e-01 -4.311220169067382812e+00 4.502671718597412109e+00 4.408228874206542969e+00 -3.177884340286254883e+00 -8.983086943626403809e-01 -1.563565969467163086e+00
2.419667005538940430e+00 2.054798603057861328e+00 2.094714641571044922e+00 -3.968536615371704102e+00 -2.856877803802490234e+00 1.534355640411376953e+00 -4.159932136535644531e+00 5.246676921844482422e+00 2.655388414859771729e-01 5.209604501724243164e-01 -4.250856876373291016e+00 3.431167840957641602e+00 2.735471010208129883e+00 -2.851640462875366211e+00 -4.265966892242431641e+00 -2.072520256042480469e+00 2.843053102493286133e+00 -3.123501777648925781e+00 -7.981006503105163574e-01 2.531817197799682617e+00
-1.978957951068878174e-01 -1.341343879699707031e+00 4.984493732452392578e+00 -1.680074334144592285e+00 -1.687058806419372559e+00 1.423792839050292969e+00 -5.848200798034667969e+00 -3.749800920486450195e+00 -5.577402114868164062e+00 -3.246614217758178711e+00 -4.239531040191650391e+00 -1.976921200752258301e+00 7.582052946090698242e-01 -1.292484521865844727e+00 1.071581840515136719e+00 1.480706334114074707e+00 1.454636931419372559e+00 -1.561844825744628906e+00 6.124194860458374023e-01 3.459796190261840820e+00
-3.414940118789672852e+00 4.714915752410888672e+00 1.359373778104782104e-01 5.582795143127441406e-01 3.653737545013427734e+00 8.076966285705566406e+00 3.028259754180908203e+00 -3.269083976745605469e+00 2.567963361740112305e+00 -1.388913512229919434e+00 5.047931194305419922e+00 -5.058645725250244141e+00 2.649076461791992188e+00 5.940942764282226562e-01 -8.481827378273010254e-01 2.811901330947875977e+00 2.498812198638916016e+00 -1.624155282974243164e+00 -5.377445220947265625e+00 -2.725677967071533203e+00
2.094270229339599609e+00 5.804838180541992188e+00 1.603392124176025391e+00 1.619371533393859863e+00 4.180618286132812500e+00 -9.942034482955932617e-01 5.009113788604736328e+00 1.794420242309570312e+00 2.943970680236816406e+00 2.918423414230346680e+00 -5.021281719207763672e+00 -8.272551894187927246e-01 -3.326240539550781250e+00 3.166417121887207031e+00 6.014323711395263672e+00 -1.148472189903259277e+00 1.367631793022155762e+00 5.789400339126586914e-01 1.116413116455078125e+00 5.741850852966308594e+00
2.560479164123535156e+00 2.158483982086181641e+00 2.445063740015029907e-01 1.595287561416625977e+00 -1.284865140914916992e+00 -3.522128582000732422e+00 1.144104838371276855e+00 2.148539543151855469e+00 1.405827641487121582e+00 3.501281976699829102e+00 -1.330808103084564209e-01 -6.760684847831726074e-01 3.585580587387084961e+00 -7.504341006278991699e-01 1.035862445831298828e+00 -1.413225412368774414e+00 -4.250660419464111328e+00 -2.224171876907348633e+00 1.029567718505859375e+00 2.646619796752929688e+00
-3.546369075775146484e+00 4.158713340759277344e+00 -1.212462663650512695e+00 3.333476066589355469e+00 1.574882745742797852e+00 4.217340946197509766e+00 -5.230986595153808594e+00 2.156490802764892578e+00 5.214645341038703918e-02 4.288041114807128906e+00 -8.983110189437866211e-01 2.989272475242614746e-01 4.200856208801269531e+00 1.672451257705688477e+00 3.583456277847290039e+00 -1.102639794349670410e+00 -3.004385471343994141e+00 -1.760125756263732910e+00 2.687952756881713867e+00 -4.597881793975830078e+00
5.183503150939941406e+00 5.433355331420898438e+00 1.927456021308898926e+00 -5.148519761860370636e-03 2.656373739242553711e+00 -4.880844116210937500e+00 3.222505092620849609e+00 1.309498786926269531e+00 8.075064420700073242e-02 5.460214614868164062e+00 -3.177490472793579102e+00 1.963282108306884766e+00 -1.976849555969238281e+00 2.586056947708129883e+00 -4.539133608341217041e-01 -3.049541950225830078e+00 -6.881012916564941406e+00 -9.667465090751647949e-01 2.142084121704101562e+00 3.029158830642700195e+00
1.068844604492187500e+01 -6.925713539123535156e+00 -4.991813182830810547e+00 -3.362811088562011719e+00 -5.361993312835693359e+00 5.192444801330566406e+00 3.706221342086791992e+00 9.608119964599609375e+00 -6.675860881805419922e+00 -6.499000549316406250e+00 2.910743236541748047e+00 -1.790632367134094238e+00 4.137331485748291016e+00 5.595637321472167969e+00 1.591398239135742188e+00 3.297107696533203125e+00 4.746366977691650391e+00 3.473900794982910156e+00 -4.399990737438201904e-01 1.142900943756103516e+00
-2.418356418609619141e+00 -7.511420249938964844e-01 9.452393054962158203e-01 -8.758626580238342285e-01 -4.581958770751953125e+00 -1.605887651443481445e+00 -3.454527378082275391e+00 1.748800635337829590e+00 -3.371355533599853516e+00 4.658671617507934570e-01 1.360072970390319824e+00 -2.463370800018310547e+00 -3.401987314224243164e+00 8.679580688476562500e-01 -3.097651004791259766e+00 1.408276796340942383e+00 2.420444250106811523e+00 3.229369163513183594e+00 7.595987319946289062e-01 5.651791095733642578e-01
-6.156074404716491699e-01 -9.833591580390930176e-01 2.039284855127334595e-01 -2.179729938507080078e+00 -5.957994461059570312e-01 4.508830070495605469e+00 -9.874847531318664551e-02 2.491251468658447266e+00 3.659835815429687500e+00 -7.216853499412536621e-01 4.048435211181640625e+00 1.392455101013183594e+00 -1.681107759475708008e+00 -4.133907318115234375e+00 -1.272309124469757080e-01 -2.698725938796997070e+00 4.525556564331054688e+00 -2.442931413650512695e+00 2.553818941116333008e+00 5.587890625000000000e+00
2.173412322998046875e+00 3.955068588256835938e+00 -2.494679212570190430e+00 -1.018208384513854980e+00 1.217934489250183105e+00 3.866546630859375000e+00 3.042820215225219727e+00 -2.096208095550537109e+00 1.241597771644592285e+00 -1.897000908851623535e+00 2.888990402221679688e+00 1.845440268516540527e+00 -4.971664428710937500e+00 -5.837807655334472656e+00 3.409199237823486328e+00 -6.253130435943603516e-01 -2.933513641357421875e+00 8.059614896774291992e-01 -6.785158514976501465e-01 1.992074251174926758e+00
-2.117365121841430664e+00 -7.711398601531982422e-01 2.945313215255737305e+00 -1.909033536911010742e+00 2.286852836608886719e+00 6.401886940002441406e-01 1.731605529785156250e+00 -7.622492909431457520e-01 -5.754818916320800781e-01 1.093666911125183105e+00 2.510324716567993164e-01 1.780153155326843262e+00 9.465068578720092773e-01 7.522200942039489746e-01 2.274504899978637695e+00 9.269721508026123047e-01 -1.237141609191894531e+00 4.991216659545898438e-01 1.603776693344116211e+00 -8.374777436256408691e-01
1.702589154243469238e+00 9.922695159912109375e-01 -1.382132053375244141e+00 -2.391733407974243164e+00 1.596182703971862793e+00 4.893115043640136719e+00 3.969422578811645508e+00 2.868863940238952637e-01 3.362998723983764648e+00 -2.775262594223022461e+00 -3.051576137542724609e+00 1.804401159286499023e+00 4.346404373645782471e-01 1.579693436622619629e+00 5.250002861022949219e+00 4.907390594482421875e+00 3.339528799057006836e+00 -4.437979221343994141e+00 3.387583255767822266e+00 -2.934466361999511719e+00
-1.530180931091308594e+00 1.503336310386657715e+00 1.826539516448974609e+00 4.036159217357635498e-01 2.157641887664794922e+00 1.150805115699768066e+00 -8.097584843635559082e-01 5.382199287414550781e+00 2.701385498046875000e+00 -4.906536102294921875e+00 6.666293621063232422e+00 2.931403875350952148e+00 6.643577814102172852e-01 4.372462272644042969e+00 -1.704209923744201660e+00 5.199141025543212891e+00 -1.754074335098266602e+00 -1.559334158897399902e+00 2.469106674194335938e+00 2.384080171585083008e+00
2.856140375137329102e+00 -2.496730566024780273e+00 -1.718832015991210938e+00 -4.092499256134033203e+00 -1.770467400550842285e+00 -2.119426727294921875e+00 -7.686784267425537109e-01 1.231695175170898438e+00 5.973525524139404297e+00 -3.872373819351196289e+00 -1.760312467813491821e-01 2.363639473915100098e-01 1.023244619369506836e+00 1.529821753501892090e+00 -5.940068244934082031e+00 8.872643470764160156e+00 1.717700809240341187e-01 -1.482359170913696289e+00 6.798051834106445312e+00 -5.463290587067604065e-02
-3.377068996429443359e+00 8.945408463478088379e-01 -2.742081403732299805e+00 -4.631989002227783203e+00 5.877526283264160156e+00 -7.031960010528564453e+00 2.857098340988159180e+00 3.600115060806274414e+00 -4.083882272243499756e-01 3.317214548587799072e-01 -2.492096662521362305e+00 4.175754070281982422e+00 6.673890113830566406e+00 -1.352479338645935059e+00 2.098480463027954102e+00 5.229900360107421875e+00 -6.077619194984436035e-01 4.035093307495117188e+00 1.948007583618164062e+00 2.788465023040771484e-01
-2.518902301788330078e+00 -9.847235679626464844e-01 2.137186527252197266e-01 -7.300971031188964844e+00 6.445442199707031250e+00 9.883131980895996094e-01 6.098568439483642578e+00 1.337604880332946777e+00 3.000594615936279297e+00 -2.102047443389892578e+00 -3.536206781864166260e-01 1.095591187477111816e+00 5.358279705047607422e+00 1.376378059387207031e+00 -8.149899244308471680e-01 9.933393597602844238e-01 1.892986595630645752e-01 -8.865636587142944336e-01 2.971664905548095703e+00 -2.957099974155426025e-01
2.705791592597961426e-01 -3.239582538604736328e+00 1.113988757133483887e+00 1.785862803459167480e+00 -1.169997334480285645e+00 -1.074052572250366211e+00 5.120765209197998047e+00 4.000305831432342529e-01 -5.227857232093811035e-01 -6.586447358131408691e-01 2.518039464950561523e+00 4.537561416625976562e+00 3.014267206192016602e+00 3.768466234207153320e+00 -1.755488991737365723e+00 -2.359882116317749023e+00 -1.095566987991333008e+00 5.158918857574462891e+00 5.599555015563964844e+00 -4.287587642669677734e+00
