1.241410255432128906e+00
3.478133082389831543e-01
-5.693721771240234375e-01
7.719647139310836792e-02
1.116915140300989151e-02
1.167894124984741211e+00
7.731794118881225586e-01
2.723173618316650391e+00
-1.017375349998474121e+00
-7.098248004913330078e-01
-1.179060414433479309e-01
-7.030150294303894043e-01
-6.190387606620788574e-01
9.599724411964416504e-01
-7.666602730751037598e-02
-8.879426121711730957e-01
-1.458571791648864746e+00
-1.445323467254638672e+00
2.554932594299316406e+00
-1.849134325981140137e+00
6.968794465065002441e-01
9.659834504127502441e-01
8.156465291976928711e-01
-8.831714987754821777e-01
-1.001546144485473633e+00
-1.074814274907112122e-01
-2.443024873733520508e+00
6.244037151336669922e-01
-1.845072060823440552e-01
5.178635716438293457e-01
