-7.340580224990844727e-01
9.356072545051574707e-01
-2.741681598126888275e-02
-5.305880904197692871e-01
2.003416866064071655e-01
1.915814638137817383e+00
-1.649693399667739868e-01
7.979253530502319336e-01
9.382674694061279297e-01
-1.397369652986526489e-01
1.447032332420349121e+00
1.267092972993850708e-01
7.006669044494628906e-01
1.064440369606018066e+00
-1.862943321466445923e-01
4.115918278694152832e-01
-3.628883063793182373e-01
1.876041650772094727e+00
-8.536328673362731934e-01
-1.410021305084228516e+00
-5.819805860519409180e-01
-5.583001375198364258e-01
-1.503220319747924805e+00
-6.855860352516174316e-01
1.352898925542831421e-01
-1.074458658695220947e-01
1.527173280715942383e+00
6.462565064430236816e-01
-1.967849612236022949e+00
-9.238048195838928223e-01
2.148400306701660156e+00
-3.077515125274658203e+00
-5.166525840759277344e-01
-1.809369921684265137e+00
5.135377645492553711e-01
-7.150637358427047729e-02
-7.823425531387329102e-01
-2.598533928394317627e-01
6.402714848518371582e-01
-5.680869817733764648e-01
-2.965499758720397949e-01
-4.920659959316253662e-01
1.261380612850189209e-01
1.825626254081726074e+00
-5.912123918533325195e-01
-1.161405563354492188e+00
4.840095639228820801e-01
-5.342696309089660645e-01
-8.877530097961425781e-01
3.494032621383666992e-01
-9.208755940198898315e-02
6.412231326103210449e-01
8.916469216346740723e-01
-1.216542720794677734e+00
6.170826554298400879e-01
6.767595410346984863e-01
-1.691981077194213867e+00
1.858773827552795410e-02
2.014684379100799561e-01
-6.184688806533813477e-01
1.020654082298278809e+00
2.391482830047607422e+00
-1.669126451015472412e-01
-2.223816633224487305e+00
-3.654105365276336670e-01
-3.933757841587066650e-01
-1.021324038505554199e+00
-1.739179491996765137e+00
2.471693515777587891e+00
1.231297016143798828e+00
1.654405891895294189e-01
-2.142192840576171875e+00
-1.500334739685058594e+00
-5.459057688713073730e-01
9.975274801254272461e-01
-2.720055282115936279e-01
8.486467003822326660e-01
-2.119036674499511719e+00
-3.405218124389648438e-01
-9.808020591735839844e-01
