6.472016811370849609e+00
6.253341674804687500e+00
-9.440561532974243164e-01
-1.722388982772827148e+00
3.864528417587280273e+00
1.012523078918457031e+01
8.069690465927124023e-01
-3.802793979644775391e+00
1.188775777816772461e+00
-4.681660175323486328e+00
3.785139083862304688e+00
2.018472671508789062e+00
2.439213275909423828e+00
1.901844024658203125e+00
-1.033023118972778320e+00
-1.823905110359191895e+00
-4.487607479095458984e+00
2.445028305053710938e+00
-2.019976615905761719e+00
-3.051473855972290039e+00
3.444423675537109375e-01
1.098967671394348145e+00
2.373162031173706055e+00
6.960740089416503906e+00
-4.188295841217041016e+00
-4.313713073730468750e+00
1.226172208786010742e+00
4.135155677795410156e+00
-1.470996439456939697e-01
3.040637731552124023e+00
