8.616665005683898926e-01
-2.110613584518432617e+00
-2.472835063934326172e+00
6.308390498161315918e-01
1.560860037803649902e+00
-5.219327211380004883e-01
-2.459289073944091797e+00
-1.241426095366477966e-01
-4.131905138492584229e-01
-8.744769692420959473e-01
8.448581695556640625e-01
2.867123603820800781e+00
7.644507288932800293e-01
1.930423140525817871e+00
-1.925507307052612305e+00
1.545780301094055176e+00
-1.052444815635681152e+00
2.013561725616455078e+00
8.302190899848937988e-02
-1.711374878883361816e+00
3.687869608402252197e-01
-6.177879124879837036e-02
1.064795732498168945e+00
-1.412695288658142090e+00
-1.022073253989219666e-01
5.206915140151977539e-01
1.734854340553283691e+00
-8.324187994003295898e-01
2.572762966156005859e+00
1.554772377014160156e+00
1.391010880470275879e+00
3.620860815048217773e+00
-1.363202929496765137e+00
-4.925722479820251465e-01
-2.484610080718994141e+00
1.122514367103576660e+00
1.858363300561904907e-01
-2.958288669586181641e+00
8.738369345664978027e-01
2.747622728347778320e-01
