5.347652435302734375e-01
-8.328768610954284668e-01
-4.273816943168640137e-01
-3.417039394378662109e+00
-3.304631233215332031e+00
1.299575209617614746e+00
-5.979803085327148438e+00
-1.532802283763885498e-01
-9.773232787847518921e-02
-1.952070355415344238e+00
-8.725587844848632812e+00
-4.137175559997558594e+00
9.851281166076660156e+00
-3.489811420440673828e+00
-6.222337722778320312e+00
-4.835113525390625000e+00
-5.655053257942199707e-01
-8.882075548171997070e-01
-3.595390617847442627e-01
-4.096167564392089844e+00
-2.791614532470703125e+00
-1.136781573295593262e+00
-1.598054885864257812e+00
-6.918208003044128418e-01
2.830776691436767578e+00
-5.264424324035644531e+00
5.655080676078796387e-01
-2.285486936569213867e+00
-3.200251102447509766e+00
4.216717243194580078e+00
-3.203282117843627930e+00
3.394494771957397461e+00
-1.614442229270935059e+00
2.474900245666503906e+00
5.040404319763183594e+00
-4.716605186462402344e+00
-2.266353368759155273e+00
7.382146358489990234e+00
-3.668334484100341797e+00
-2.712461233139038086e+00
