7.473580539226531982e-02 -2.477673292160034180e-01
-3.897561728954315186e-01 -1.986722797155380249e-01
-5.570314526557922363e-01 -3.463006913661956787e-01
4.574098587036132812e-01 6.603735089302062988e-01
1.879748702049255371e-01 3.887390196323394775e-01
5.074484944343566895e-01 2.871409356594085693e-01
6.796091794967651367e-01 7.868376970291137695e-01
4.717897772789001465e-01 2.383413165807723999e-01
-1.139462232589721680e+00 -8.741730451583862305e-01
-3.658763766288757324e-01 -5.605952739715576172e-01
9.716479182243347168e-01 6.908997893333435059e-01
9.134935736656188965e-01 6.118792891502380371e-01
3.196591734886169434e-01 1.732724457979202271e-01
-9.240682125091552734e-01 -8.164816498756408691e-01
-1.215484261512756348e+00 -1.375543236732482910e+00
2.650378346443176270e-01 4.353361129760742188e-01
2.608448565006256104e-01 2.351660840213298798e-02
3.268659114837646484e-01 4.777059257030487061e-01
-4.833495914936065674e-01 -2.249397188425064087e-01
3.606045842170715332e-01 1.579369306564331055e-01
-4.122578799724578857e-01 -6.520480513572692871e-01
-8.570926785469055176e-01 -6.104847788810729980e-01
-1.040062069892883301e+00 -1.268010377883911133e+00
3.080962896347045898e-01 1.044135391712188721e-01
1.349380016326904297e-01 4.022937417030334473e-01
2.442328929901123047e-01 -4.662295803427696228e-02
-3.439259231090545654e-01 -2.143506258726119995e-01
-1.804829388856887817e-01 7.699903100728988647e-02
-8.179630041122436523e-01 -5.924223661422729492e-01
1.135407835245132446e-01 -1.785571873188018799e-01
4.349978268146514893e-02 2.630551755428314209e-01
1.005574226379394531e+00 8.340873122215270996e-01
1.898472607135772705e-01 3.902256488800048828e-01
5.978146791458129883e-01 7.518295645713806152e-01
1.199010968208312988e+00 9.626269340515136719e-01
-3.961504697799682617e-01 -7.579638361930847168e-01
1.048496723175048828e+00 7.259436845779418945e-01
-8.704345226287841797e-01 -1.131030917167663574e+00
2.655176222324371338e-01 4.161818623542785645e-01
-2.993942797183990479e-01 -3.892050310969352722e-02
4.493903517723083496e-01 2.728728353977203369e-01
9.073684811592102051e-01 6.436384916305541992e-01
-1.719389110803604126e-01 -4.367094337940216064e-01
-6.518329381942749023e-01 -1.029614806175231934e+00
-3.013763427734375000e-01 -3.640409931540489197e-02
9.345865249633789062e-02 4.874437302350997925e-02
5.550097823143005371e-01 7.594209909439086914e-01
5.812318921089172363e-01 3.509794473648071289e-01
2.341289371252059937e-01 1.183369308710098267e-01
2.521511912345886230e-01 6.980630755424499512e-02
-2.400509417057037354e-01 -5.936864614486694336e-01
5.452664494514465332e-01 3.675858974456787109e-01
3.092080354690551758e-01 4.869462251663208008e-01
1.119569540023803711e+00 9.017921090126037598e-01
-2.197727374732494354e-02 2.241869866847991943e-01
3.306624591350555420e-01 7.832872867584228516e-02
5.887804180383682251e-02 -1.889565140008926392e-01
-5.450433492660522461e-01 -3.246363699436187744e-01
-1.626943051815032959e-01 1.418939083814620972e-01
-8.920771479606628418e-01 -6.623012423515319824e-01
-2.893711030483245850e-01 -2.415724098682403564e-02
-4.266550019383430481e-02 1.062831729650497437e-01
2.726776003837585449e-01 1.885837763547897339e-01
-1.803115129470825195e+00 -1.900303363800048828e+00
3.902023136615753174e-01 7.193039655685424805e-01
5.834270715713500977e-01 3.602639734745025635e-01
-4.233030080795288086e-01 -1.661255508661270142e-01
-2.514172494411468506e-01 -5.250036716461181641e-01
6.431631278246641159e-03 -1.963912844657897949e-01
5.639905333518981934e-01 2.841987609863281250e-01
7.741721272468566895e-01 5.942015647888183594e-01
1.516260027885437012e+00 1.192348837852478027e+00
-3.360016345977783203e-01 -1.929833143949508667e-01
-1.444445013999938965e+00 -1.630268216133117676e+00
6.961148977279663086e-01 8.969496488571166992e-01
9.579053521156311035e-01 6.625344157218933105e-01
-3.956886529922485352e-01 -6.527060866355895996e-01
8.285500854253768921e-02 -9.805095195770263672e-02
1.798144727945327759e-01 3.549807146191596985e-02
-5.507409572601318359e-01 -7.003917098045349121e-01
