4.014242291450500488e-01 -1.224575564265251160e-02
9.006813168525695801e-01 5.150703787803649902e-01
-3.518613278865814209e-01 -7.884743213653564453e-01
8.882364630699157715e-02 -2.630298733711242676e-01
1.850393414497375488e-01 -2.365797758102416992e-01
1.205168604850769043e+00 9.285504221916198730e-01
1.158228397369384766e+00 6.905708312988281250e-01
1.050359457731246948e-01 -3.950841724872589111e-01
-5.571833252906799316e-01 -8.638743162155151367e-01
6.153537034988403320e-01 3.371616899967193604e-01
3.703986108303070068e-01 6.774254441261291504e-01
9.281344682676717639e-05 5.810660719871520996e-01
2.907258868217468262e-01 -9.967114031314849854e-02
-6.899949908256530762e-01 -2.678311765193939209e-01
1.840834617614746094e+00 1.509349465370178223e+00
-6.995195150375366211e-01 -3.327357769012451172e-01
1.777159869670867920e-01 5.617364048957824707e-01
-2.146035134792327881e-01 -7.596222758293151855e-01
-1.896664202213287354e-01 -6.558596491813659668e-01
-1.111521005630493164e+00 -6.950592994689941406e-01
-9.834591150283813477e-01 -1.408754110336303711e+00
6.726872920989990234e-02 3.802806138992309570e-01
7.911324501037597656e-01 3.229551911354064941e-01
-4.838635399937629700e-02 4.033964872360229492e-01
-2.092973142862319946e-02 3.489791750907897949e-01
-2.899285852909088135e-01 -6.784326434135437012e-01
-6.801424026489257812e-01 -1.027467966079711914e+00
2.638934254646301270e-01 -6.581164896488189697e-02
-6.267349123954772949e-01 -1.557676792144775391e-01
8.280688524246215820e-02 5.157701969146728516e-01
3.508585989475250244e-01 7.589097023010253906e-01
-3.590016961097717285e-01 1.739693135023117065e-01
-3.865617811679840088e-01 2.812939137220382690e-02
1.324138939380645752e-01 -3.128333687782287598e-01
-1.214419975876808167e-01 2.500246167182922363e-01
-3.932596743106842041e-01 -1.749288104474544525e-02
4.271389842033386230e-01 7.889642715454101562e-01
-5.321515351533889771e-02 4.178864359855651855e-01
-5.671136379241943359e-01 -9.212956428527832031e-01
-3.858121037483215332e-01 -7.529239058494567871e-01
1.891382098197937012e+00 1.485768437385559082e+00
1.243602991104125977e+00 9.286156296730041504e-01
-6.376366019248962402e-01 -1.063365861773490906e-01
8.434605598449707031e-01 5.320100188255310059e-01
-7.476450800895690918e-01 -1.181731700897216797e+00
3.737411201000213623e-01 -3.188513219356536865e-02
2.384009957313537598e-02 4.216068387031555176e-01
1.845713257789611816e-01 5.573084950447082520e-01
1.257848381996154785e+00 5.940343737602233887e-01
6.981298923492431641e-01 3.151056468486785889e-01
