0.611328125 0.5820226073265076 1122.0 19866.0 28333.0 1287.0
0.865234375 0.8601604700088501 535.0 5203.0 42996.0 1874.0
0.87109375 0.8800584673881531 605.0 4266.0 43933.0 1804.0
0.90625 0.9005690813064575 515.0 3138.0 45061.0 1894.0
0.916015625 0.9192617535591125 464.0 2141.0 46058.0 1945.0
0.935546875 0.9351683259010315 419.0 1291.0 46908.0 1990.0
0.943359375 0.9459571838378906 385.0 711.0 47488.0 2024.0
0.947265625 0.9481702446937561 381.0 595.0 47604.0 2028.0
0.94921875 0.9482887983322144 409.0 617.0 47582.0 2000.0
0.953125 0.9490792155265808 411.0 579.0 47620.0 1998.0
0.95703125 0.9487432837486267 463.0 648.0 47551.0 1946.0
0.953125 0.9478738307952881 534.0 763.0 47436.0 1875.0
0.9453125 0.9482887983322144 544.0 752.0 47447.0 1865.0
0.955078125 0.9486444592475891 546.0 736.0 47463.0 1863.0
0.94921875 0.948604941368103 559.0 751.0 47448.0 1850.0
0.94921875 0.9483085870742798 590.0 797.0 47402.0 1819.0
0.947265625 0.9494348764419556 540.0 690.0 47509.0 1869.0
0.9609375 0.9480912089347839 604.0 822.0 47377.0 1805.0
0.95703125 0.9487037658691406 638.0 825.0 47374.0 1771.0
0.95703125 0.948604941368103 610.0 802.0 47397.0 1799.0
0.9296875 0.9482097625732422 659.0 871.0 47328.0 1750.0
0.947265625 0.9471032023429871 714.0 982.0 47217.0 1695.0
0.9453125 0.9484073519706726 687.0 889.0 47310.0 1722.0
0.955078125 0.9485456943511963 696.0 891.0 47308.0 1713.0
0.947265625 0.9487828016281128 687.0 870.0 47329.0 1722.0
0.955078125 0.9480516910552979 737.0 957.0 47242.0 1672.0
0.947265625 0.949336051940918 715.0 870.0 47329.0 1694.0
0.94140625 0.947063684463501 769.0 1039.0 47160.0 1640.0
0.94140625 0.9474984407424927 748.0 996.0 47203.0 1661.0
0.939453125 0.9471427202224731 768.0 1034.0 47165.0 1641.0
0.9453125 0.9486642479896545 730.0 919.0 47280.0 1679.0
0.951171875 0.9473008513450623 735.0 993.0 47206.0 1674.0
0.943359375 0.9480516910552979 724.0 944.0 47255.0 1685.0
0.94140625 0.9483678340911865 732.0 936.0 47263.0 1677.0
0.94921875 0.9484468698501587 757.0 957.0 47242.0 1652.0
0.962890625 0.9465301632881165 791.0 1088.0 47111.0 1618.0
0.947265625 0.9486839771270752 771.0 959.0 47240.0 1638.0
0.962890625 0.948427140712738 762.0 963.0 47236.0 1647.0
0.955078125 0.9471427202224731 802.0 1068.0 47131.0 1607.0
0.9453125 0.9469254016876221 822.0 1099.0 47100.0 1587.0
0.93359375 0.9476169943809509 801.0 1043.0 47156.0 1608.0
0.951171875 0.9466882944107056 824.0 1113.0 47086.0 1585.0
0.943359375 0.9487630128860474 793.0 977.0 47222.0 1616.0
0.94921875 0.9461745023727417 842.0 1157.0 47042.0 1567.0
0.955078125 0.9473205804824829 785.0 1042.0 47157.0 1624.0
0.953125 0.9473403692245483 791.0 1047.0 47152.0 1618.0
0.947265625 0.9480516910552979 835.0 1055.0 47144.0 1574.0
0.943359375 0.9460954666137695 856.0 1175.0 47024.0 1553.0
0.935546875 0.9469254016876221 800.0 1077.0 47122.0 1609.0
0.943359375 0.9467080235481262 849.0 1137.0 47062.0 1560.0
0.953125 0.9485259056091309 814.0 1010.0 47189.0 1595.0
0.95703125 0.9473798871040344 832.0 1086.0 47113.0 1577.0
0.9453125 0.9471032023429871 845.0 1113.0 47086.0 1564.0
0.9453125 0.9468265771865845 854.0 1136.0 47063.0 1555.0
0.958984375 0.9463918805122375 862.0 1166.0 47033.0 1547.0
0.94140625 0.9471822381019592 846.0 1110.0 47089.0 1563.0
0.951171875 0.9483678340911865 836.0 1040.0 47159.0 1573.0
0.951171875 0.9471625089645386 843.0 1108.0 47091.0 1566.0
0.951171875 0.9466092586517334 880.0 1173.0 47026.0 1529.0
0.947265625 0.9448703527450562 889.0 1270.0 46929.0 1520.0
0.96484375 0.9477552771568298 867.0 1102.0 47097.0 1542.0
0.96875 0.9476169943809509 859.0 1101.0 47098.0 1550.0
0.955078125 0.9478936195373535 866.0 1094.0 47105.0 1543.0
0.96484375 0.9480319023132324 865.0 1086.0 47113.0 1544.0
0.953125 0.9476960301399231 872.0 1110.0 47089.0 1537.0
0.947265625 0.94813072681427 873.0 1089.0 47110.0 1536.0
0.951171875 0.9463523626327515 870.0 1176.0 47023.0 1539.0
0.94140625 0.9473403692245483 863.0 1119.0 47080.0 1546.0
0.935546875 0.9454829096794128 916.0 1266.0 46933.0 1493.0
0.951171875 0.9486247301101685 839.0 1030.0 47169.0 1570.0
0.96484375 0.9480912089347839 869.0 1087.0 47112.0 1540.0
0.962890625 0.948861837387085 836.0 1015.0 47184.0 1573.0
0.951171875 0.947063684463501 913.0 1183.0 47016.0 1496.0
0.951171875 0.947834312915802 870.0 1101.0 47098.0 1539.0
0.95703125 0.9488421082496643 829.0 1009.0 47190.0 1580.0
0.962890625 0.9475576877593994 898.0 1143.0 47056.0 1511.0
0.94921875 0.9481109976768494 853.0 1070.0 47129.0 1556.0
0.947265625 0.9476367235183716 856.0 1097.0 47102.0 1553.0
0.9375 0.9466685056686401 898.0 1188.0 47011.0 1511.0
0.958984375 0.9478145837783813 886.0 1118.0 47081.0 1523.0
0.95703125 0.9475576877593994 888.0 1133.0 47066.0 1521.0
0.943359375 0.9476169943809509 891.0 1133.0 47066.0 1518.0
0.9453125 0.9477750658988953 910.0 1144.0 47055.0 1499.0
0.94921875 0.9479133486747742 852.0 1079.0 47120.0 1557.0
0.955078125 0.9469451308250427 901.0 1177.0 47022.0 1508.0
0.953125 0.9475379586219788 892.0 1138.0 47061.0 1517.0
0.958984375 0.9473996162414551 909.0 1162.0 47037.0 1500.0
0.947265625 0.9473996162414551 873.0 1126.0 47073.0 1536.0
0.958984375 0.9460954666137695 922.0 1241.0 46958.0 1487.0
0.955078125 0.9476367235183716 909.0 1150.0 47049.0 1500.0
0.94140625 0.9479726552963257 925.0 1149.0 47050.0 1484.0
0.96875 0.9483085870742798 896.0 1103.0 47096.0 1513.0
0.939453125 0.9473205804824829 924.0 1181.0 47018.0 1485.0
0.943359375 0.9464906454086304 946.0 1244.0 46954.0 1463.0
0.951171875 0.9468068480491638 944.0 1227.0 46972.0 1465.0
0.93359375 0.9462535381317139 958.0 1269.0 46930.0 1451.0
0.955078125 0.9481109976768494 903.0 1120.0 47079.0 1506.0
0.943359375 0.947063684463501 914.0 1184.0 47015.0 1495.0
0.955078125 0.9484666585922241 894.0 1093.0 47106.0 1515.0
0.947265625 0.9470834732055664 970.0 1239.0 46960.0 1439.0
0.947265625 0.94813072681427 932.0 1148.0 47051.0 1477.0
0.943359375 0.9470044374465942 961.0 1234.0 46965.0 1448.0
0.94140625 0.9469649195671082 932.0 1207.0 46992.0 1477.0
0.947265625 0.9468463659286499 939.0 1220.0 46979.0 1470.0
0.95703125 0.9471032023429871 932.0 1200.0 46999.0 1477.0
0.9453125 0.9469451308250427 924.0 1200.0 46999.0 1485.0
0.94921875 0.9480121731758118 928.0 1150.0 47049.0 1481.0
0.94921875 0.9472217559814453 946.0 1208.0 46991.0 1463.0
0.953125 0.9469451308250427 936.0 1212.0 46987.0 1473.0
0.94921875 0.9462535381317139 974.0 1285.0 46914.0 1435.0
0.953125 0.9473205804824829 939.0 1196.0 47003.0 1470.0
0.947265625 0.9477947950363159 923.0 1156.0 47043.0 1486.0
0.955078125 0.9472217559814453 913.0 1175.0 47024.0 1496.0
0.94921875 0.9467080235481262 969.0 1257.0 46942.0 1440.0
0.9375 0.9473403692245483 941.0 1197.0 47002.0 1468.0
0.943359375 0.9466092586517334 947.0 1240.0 46959.0 1462.0
0.94140625 0.9471822381019592 962.0 1226.0 46973.0 1447.0
0.943359375 0.9463523626327515 956.0 1262.0 46937.0 1453.0
0.958984375 0.9473403692245483 959.0 1215.0 46984.0 1450.0
0.95703125 0.9475972056388855 943.0 1186.0 47013.0 1466.0
0.951171875 0.9469649195671082 963.0 1238.0 46961.0 1446.0
0.955078125 0.9465104341506958 956.0 1254.0 46945.0 1453.0
0.958984375 0.9479726552963257 930.0 1154.0 47045.0 1479.0
0.953125 0.9467870593070984 965.0 1249.0 46950.0 1444.0
0.943359375 0.9469056129455566 977.0 1255.0 46944.0 1432.0
0.953125 0.9477157592773438 961.0 1198.0 47001.0 1448.0
0.9609375 0.9479726552963257 954.0 1178.0 47021.0 1455.0
0.947265625 0.9470439553260803 975.0 1246.0 46953.0 1434.0
0.951171875 0.9472612738609314 958.0 1218.0 46981.0 1451.0
0.95703125 0.9476169943809509 961.0 1203.0 46996.0 1448.0
0.95703125 0.948387622833252 927.0 1130.0 47069.0 1482.0
0.958984375 0.9483678340911865 936.0 1140.0 47059.0 1473.0
0.943359375 0.9463918805122375 980.0 1284.0 46915.0 1429.0
0.951171875 0.9463523626327515 977.0 1283.0 46916.0 1432.0
0.953125 0.9470241665840149 962.0 1234.0 46965.0 1447.0
0.94921875 0.9474589228630066 944.0 1194.0 47005.0 1465.0
0.943359375 0.9464313983917236 973.0 1275.0 46924.0 1436.0
0.943359375 0.9475972056388855 962.0 1205.0 46994.0 1447.0
0.95703125 0.9472415447235107 959.0 1220.0 46979.0 1450.0
0.9609375 0.9479726552963257 930.0 1154.0 47045.0 1479.0
0.955078125 0.9473996162414551 963.0 1216.0 46983.0 1446.0
0.94921875 0.9466882944107056 971.0 1260.0 46939.0 1438.0
0.947265625 0.946589469909668 976.0 1270.0 46929.0 1433.0
0.94140625 0.9479726552963257 971.0 1195.0 47004.0 1438.0
0.943359375 0.9471427202224731 964.0 1230.0 46969.0 1445.0
0.947265625 0.9472415447235107 982.0 1243.0 46956.0 1427.0
0.9609375 0.947360098361969 988.0 1243.0 46956.0 1421.0
0.939453125 0.9475181698799133 976.0 1223.0 46976.0 1433.0
0.958984375 0.9472020268440247 987.0 1250.0 46949.0 1422.0
0.939453125 0.9477157592773438 970.0 1207.0 46992.0 1439.0
0.9453125 0.9473798871040344 1000.0 1254.0 46945.0 1409.0
0.9453125 0.9477750658988953 973.0 1207.0 46992.0 1436.0
0.95703125 0.947834312915802 947.0 1178.0 47021.0 1462.0
0.962890625 0.9463918805122375 993.0 1297.0 46902.0 1416.0
0.953125 0.9473798871040344 964.0 1218.0 46981.0 1445.0
0.951171875 0.9473403692245483 976.0 1232.0 46967.0 1433.0
0.958984375 0.9472415447235107 980.0 1241.0 46958.0 1429.0
0.943359375 0.9476960301399231 970.0 1208.0 46991.0 1439.0
0.9453125 0.9479331374168396 947.0 1173.0 47026.0 1462.0
0.958984375 0.9477552771568298 974.0 1209.0 46990.0 1435.0
0.947265625 0.9455026984214783 1005.0 1354.0 46845.0 1404.0
0.962890625 0.9474984407424927 991.0 1239.0 46960.0 1418.0
0.9609375 0.9478738307952881 962.0 1191.0 47008.0 1447.0
0.955078125 0.9477750658988953 962.0 1196.0 47003.0 1447.0
0.951171875 0.9477947950363159 941.0 1174.0 47025.0 1468.0
0.9453125 0.9465499520301819 980.0 1276.0 46923.0 1429.0
0.94921875 0.9468068480491638 979.0 1262.0 46937.0 1430.0
0.958984375 0.9472217559814453 979.0 1241.0 46958.0 1430.0
0.94921875 0.9465301632881165 1004.0 1301.0 46898.0 1405.0
0.958984375 0.948387622833252 956.0 1159.0 47040.0 1453.0
0.943359375 0.9462140202522278 1012.0 1325.0 46874.0 1397.0
0.95703125 0.9469649195671082 983.0 1258.0 46941.0 1426.0
0.9453125 0.9463720917701721 991.0 1296.0 46903.0 1418.0
0.962890625 0.9469846487045288 980.0 1254.0 46945.0 1429.0
0.955078125 0.9485456943511963 930.0 1125.0 47074.0 1479.0
0.94921875 0.9482097625732422 964.0 1176.0 47023.0 1445.0
0.9453125 0.9475972056388855 979.0 1222.0 46977.0 1430.0
0.966796875 0.9480912089347839 959.0 1177.0 47022.0 1450.0
0.958984375 0.9464709162712097 980.0 1280.0 46919.0 1429.0
0.943359375 0.946628987789154 984.0 1276.0 46923.0 1425.0
0.953125 0.9460954666137695 990.0 1309.0 46890.0 1419.0
0.9453125 0.9467080235481262 980.0 1268.0 46931.0 1429.0
0.9609375 0.9460362195968628 999.0 1321.0 46878.0 1410.0
0.9453125 0.9474391341209412 967.0 1218.0 46981.0 1442.0
0.94140625 0.94538414478302 996.0 1351.0 46848.0 1413.0
0.9453125 0.9472415447235107 978.0 1239.0 46960.0 1431.0
0.958984375 0.9474194049835205 979.0 1231.0 46968.0 1430.0
0.953125 0.9479331374168396 974.0 1200.0 46999.0 1435.0
0.947265625 0.9470044374465942 993.0 1266.0 46933.0 1416.0
0.958984375 0.9468660950660706 979.0 1259.0 46940.0 1430.0
0.95703125 0.9479133486747742 974.0 1201.0 46998.0 1435.0
0.94921875 0.9466092586517334 989.0 1282.0 46917.0 1420.0
0.943359375 0.9466882944107056 985.0 1274.0 46925.0 1424.0
0.947265625 0.9459373950958252 1022.0 1349.0 46850.0 1387.0
0.951171875 0.9468660950660706 969.0 1249.0 46950.0 1440.0
0.947265625 0.9464116096496582 992.0 1295.0 46904.0 1417.0
0.955078125 0.9471032023429871 982.0 1250.0 46949.0 1427.0
0.9609375 0.9462535381317139 1024.0 1335.0 46864.0 1385.0
0.947265625 0.9467080235481262 991.0 1279.0 46920.0 1418.0
0.95703125 0.9462535381317139 999.0 1310.0 46889.0 1410.0
0.966796875 0.9466487765312195 1000.0 1291.0 46908.0 1409.0
0.962890625 0.9466685056686401 1005.0 1295.0 46904.0 1404.0
0.958984375 0.9460559487342834 1031.0 1352.0 46847.0 1378.0
0.94921875 0.9471032023429871 979.0 1247.0 46952.0 1430.0
0.94140625 0.9472612738609314 1006.0 1266.0 46933.0 1403.0
0.9609375 0.9476762413978577 994.0 1233.0 46966.0 1415.0
0.953125 0.9469649195671082 974.0 1249.0 46950.0 1435.0
0.94140625 0.9465499520301819 1031.0 1327.0 46872.0 1378.0
0.947265625 0.9458781480789185 1003.0 1333.0 46866.0 1406.0
0.953125 0.9457398056983948 1015.0 1352.0 46847.0 1394.0
0.951171875 0.9472810626029968 1009.0 1268.0 46931.0 1400.0
0.9453125 0.9474786520004272 1010.0 1259.0 46940.0 1399.0
0.94140625 0.9466882944107056 1017.0 1306.0 46893.0 1392.0
0.951171875 0.9464313983917236 1017.0 1319.0 46880.0 1392.0
0.947265625 0.9454631805419922 1074.0 1425.0 46774.0 1335.0
0.955078125 0.9475181698799133 1025.0 1272.0 46927.0 1384.0
0.955078125 0.947063684463501 1012.0 1282.0 46917.0 1397.0
0.94921875 0.9463523626327515 1021.0 1327.0 46872.0 1388.0
0.96875 0.9471625089645386 1008.0 1273.0 46926.0 1401.0
0.94921875 0.9459967017173767 1027.0 1351.0 46848.0 1382.0
0.94140625 0.9458781480789185 1022.0 1352.0 46847.0 1387.0
0.953125 0.9466685056686401 1035.0 1325.0 46874.0 1374.0
0.9609375 0.947834312915802 994.0 1225.0 46974.0 1415.0
0.94921875 0.9461349844932556 1052.0 1369.0 46830.0 1357.0
0.95703125 0.9479726552963257 1006.0 1230.0 46969.0 1403.0
0.95703125 0.9461745023727417 1045.0 1360.0 46839.0 1364.0
0.943359375 0.9454038739204407 1041.0 1395.0 46804.0 1368.0
0.939453125 0.9458781480789185 1036.0 1366.0 46833.0 1373.0
0.951171875 0.9474984407424927 1022.0 1270.0 46929.0 1387.0
0.955078125 0.9476762413978577 994.0 1233.0 46966.0 1415.0
0.94140625 0.9478738307952881 991.0 1220.0 46979.0 1418.0
0.96875 0.9471032023429871 1027.0 1295.0 46904.0 1382.0
0.953125 0.9485259056091309 991.0 1187.0 47012.0 1418.0
0.96875 0.9467673301696777 1065.0 1350.0 46849.0 1344.0
0.962890625 0.9469254016876221 1040.0 1317.0 46882.0 1369.0
0.958984375 0.946115255355835 1054.0 1372.0 46827.0 1355.0
0.953125 0.9466685056686401 1036.0 1326.0 46873.0 1373.0
0.943359375 0.9468265771865845 996.0 1278.0 46921.0 1413.0
0.970703125 0.946589469909668 1049.0 1343.0 46856.0 1360.0
0.9453125 0.9459967017173767 1063.0 1387.0 46812.0 1346.0
0.953125 0.9473996162414551 990.0 1243.0 46956.0 1419.0
0.95703125 0.9454433917999268 1057.0 1409.0 46790.0 1352.0
0.958984375 0.9457793235778809 1061.0 1396.0 46803.0 1348.0
0.962890625 0.9474786520004272 1026.0 1275.0 46924.0 1383.0
0.939453125 0.9465301632881165 1076.0 1373.0 46826.0 1333.0
0.96875 0.9465301632881165 1025.0 1322.0 46877.0 1384.0
0.951171875 0.9469846487045288 1031.0 1305.0 46894.0 1378.0
0.947265625 0.9464116096496582 1030.0 1333.0 46866.0 1379.0
0.958984375 0.9472020268440247 1008.0 1271.0 46928.0 1401.0
0.951171875 0.9474391341209412 990.0 1241.0 46958.0 1419.0
0.958984375 0.9459176659584045 1057.0 1385.0 46814.0 1352.0
0.9609375 0.9460757374763489 1043.0 1363.0 46836.0 1366.0
0.9375 0.9467673301696777 1046.0 1331.0 46868.0 1363.0
0.9453125 0.9467475414276123 1051.0 1337.0 46862.0 1358.0
0.953125 0.9462535381317139 1040.0 1351.0 46848.0 1369.0
0.958984375 0.9458188414573669 1069.0 1402.0 46797.0 1340.0
0.958984375 0.9471822381019592 1062.0 1326.0 46873.0 1347.0
0.9375 0.9462140202522278 1042.0 1355.0 46844.0 1367.0
0.962890625 0.9473996162414551 1024.0 1277.0 46922.0 1385.0
0.953125 0.947360098361969 1027.0 1282.0 46917.0 1382.0
0.94140625 0.9468265771865845 1032.0 1314.0 46885.0 1377.0
0.943359375 0.946154773235321 1037.0 1353.0 46846.0 1372.0
0.955078125 0.9475972056388855 1013.0 1256.0 46943.0 1396.0
0.953125 0.9468068480491638 1054.0 1337.0 46862.0 1355.0
0.951171875 0.9454236626625061 1069.0 1422.0 46777.0 1340.0
0.958984375 0.9472612738609314 1028.0 1288.0 46911.0 1381.0
0.96484375 0.9484468698501587 1019.0 1219.0 46980.0 1390.0
0.95703125 0.9466685056686401 1038.0 1328.0 46871.0 1371.0
0.9765625 0.9468660950660706 1025.0 1305.0 46894.0 1384.0
0.96875 0.9459967017173767 1060.0 1384.0 46815.0 1349.0
0.95703125 0.9471822381019592 1045.0 1309.0 46890.0 1364.0
0.953125 0.9483481049537659 1023.0 1228.0 46971.0 1386.0
0.955078125 0.9469056129455566 1057.0 1335.0 46864.0 1352.0
0.970703125 0.9478145837783813 999.0 1231.0 46968.0 1410.0
0.951171875 0.9472612738609314 1032.0 1292.0 46907.0 1377.0
0.9375 0.9469254016876221 1047.0 1324.0 46875.0 1362.0
0.9609375 0.9477157592773438 1018.0 1255.0 46944.0 1391.0
0.9609375 0.9471032023429871 1055.0 1323.0 46876.0 1354.0
0.94140625 0.9457200169563293 1073.0 1411.0 46788.0 1336.0
0.943359375 0.9460757374763489 1072.0 1392.0 46807.0 1337.0
0.9453125 0.946332573890686 1062.0 1369.0 46830.0 1347.0
0.951171875 0.9480912089347839 1044.0 1262.0 46937.0 1365.0
0.943359375 0.9471427202224731 1055.0 1321.0 46878.0 1354.0
0.943359375 0.9465104341506958 1060.0 1358.0 46841.0 1349.0
0.951171875 0.94813072681427 1021.0 1237.0 46962.0 1388.0
0.943359375 0.9463720917701721 1069.0 1374.0 46825.0 1340.0
0.947265625 0.9459769129753113 1051.0 1376.0 46823.0 1358.0
0.951171875 0.9477355480194092 1045.0 1281.0 46918.0 1364.0
0.97265625 0.9467080235481262 1069.0 1357.0 46842.0 1340.0
0.94921875 0.9482690691947937 1050.0 1259.0 46940.0 1359.0
0.9453125 0.9471229910850525 1072.0 1339.0 46860.0 1337.0
0.951171875 0.9465499520301819 1043.0 1339.0 46860.0 1366.0
0.955078125 0.946589469909668 1048.0 1342.0 46857.0 1361.0
0.95703125 0.946628987789154 1047.0 1339.0 46860.0 1362.0
0.955078125 0.9481702446937561 1033.0 1247.0 46952.0 1376.0
0.9453125 0.9478145837783813 1045.0 1277.0 46922.0 1364.0
0.962890625 0.9470439553260803 1061.0 1332.0 46867.0 1348.0
0.94921875 0.947656512260437 1067.0 1307.0 46892.0 1342.0
0.953125 0.9480714797973633 1037.0 1256.0 46943.0 1372.0
0.955078125 0.946154773235321 1077.0 1393.0 46806.0 1332.0
0.9375 0.9475181698799133 1025.0 1272.0 46927.0 1384.0
0.94921875 0.9469649195671082 1054.0 1329.0 46870.0 1355.0
0.95703125 0.947360098361969 1055.0 1310.0 46889.0 1354.0
0.93359375 0.9468463659286499 1055.0 1336.0 46863.0 1354.0
0.95703125 0.9460362195968628 1057.0 1379.0 46820.0 1352.0
0.9609375 0.9469056129455566 1049.0 1327.0 46872.0 1360.0
0.953125 0.946885883808136 1073.0 1352.0 46847.0 1336.0
0.95703125 0.9467278122901917 1064.0 1351.0 46848.0 1345.0
0.9375 0.9474589228630066 1048.0 1298.0 46901.0 1361.0
0.94140625 0.9465697407722473 1061.0 1356.0 46843.0 1348.0
0.955078125 0.9478145837783813 1058.0 1290.0 46909.0 1351.0
0.962890625 0.9470834732055664 1052.0 1321.0 46878.0 1357.0
0.951171875 0.9466685056686401 1062.0 1352.0 46847.0 1347.0
0.94140625 0.9468068480491638 1064.0 1347.0 46852.0 1345.0
0.951171875 0.9471625089645386 1055.0 1320.0 46879.0 1354.0
0.9453125 0.946885883808136 1051.0 1330.0 46869.0 1358.0
0.947265625 0.9473798871040344 1062.0 1316.0 46883.0 1347.0
0.953125 0.9464906454086304 1034.0 1333.0 46866.0 1375.0
0.970703125 0.9472810626029968 1020.0 1279.0 46920.0 1389.0
0.958984375 0.9472020268440247 1064.0 1327.0 46872.0 1345.0
0.958984375 0.9461745023727417 1054.0 1369.0 46830.0 1355.0
0.966796875 0.9481900334358215 1035.0 1248.0 46951.0 1374.0
0.966796875 0.9480912089347839 1042.0 1260.0 46939.0 1367.0
0.958984375 0.9474984407424927 1040.0 1288.0 46911.0 1369.0
0.958984375 0.9482097625732422 1033.0 1245.0 46954.0 1376.0
0.94921875 0.9472612738609314 1060.0 1320.0 46879.0 1349.0
0.95703125 0.9465697407722473 1076.0 1371.0 46828.0 1333.0
0.94921875 0.9478738307952881 1022.0 1251.0 46948.0 1387.0
0.9609375 0.9471032023429871 1049.0 1317.0 46882.0 1360.0
0.9453125 0.9466882944107056 1070.0 1359.0 46840.0 1339.0
0.9609375 0.947360098361969 1075.0 1330.0 46869.0 1334.0
0.951171875 0.9466092586517334 1066.0 1359.0 46840.0 1343.0
0.9453125 0.9468068480491638 1059.0 1342.0 46857.0 1350.0
0.95703125 0.9452655911445618 1082.0 1443.0 46756.0 1327.0
0.953125 0.9460954666137695 1059.0 1378.0 46821.0 1350.0
0.935546875 0.9467080235481262 1100.0 1388.0 46811.0 1309.0
0.943359375 0.9468265771865845 1070.0 1352.0 46847.0 1339.0
0.9453125 0.9455817341804504 1079.0 1424.0 46775.0 1330.0
0.94921875 0.9462140202522278 1115.0 1428.0 46771.0 1294.0
0.9609375 0.9469254016876221 1072.0 1349.0 46850.0 1337.0
0.955078125 0.9478936195373535 1043.0 1271.0 46928.0 1366.0
0.96484375 0.9473008513450623 1061.0 1319.0 46880.0 1348.0
0.95703125 0.9468265771865845 1075.0 1357.0 46842.0 1334.0
0.94921875 0.9473996162414551 1037.0 1290.0 46909.0 1372.0
0.953125 0.9471625089645386 1070.0 1335.0 46864.0 1339.0
0.93359375 0.9474589228630066 1067.0 1317.0 46882.0 1342.0
0.958984375 0.9469451308250427 1064.0 1340.0 46859.0 1345.0
0.953125 0.9475972056388855 1052.0 1295.0 46904.0 1357.0
0.962890625 0.9468068480491638 1080.0 1363.0 46836.0 1329.0
0.9609375 0.9474391341209412 1074.0 1325.0 46874.0 1335.0
0.94921875 0.9482295513153076 1039.0 1250.0 46949.0 1370.0
0.9609375 0.9470044374465942 1070.0 1343.0 46856.0 1339.0
0.96484375 0.946154773235321 1053.0 1369.0 46830.0 1356.0
0.97265625 0.9467475414276123 1064.0 1350.0 46849.0 1345.0
0.962890625 0.9470241665840149 1063.0 1335.0 46864.0 1346.0
0.94921875 0.9447320699691772 1088.0 1476.0 46723.0 1321.0
0.951171875 0.9472415447235107 1067.0 1328.0 46871.0 1342.0
0.951171875 0.9469451308250427 1061.0 1337.0 46862.0 1348.0
0.951171875 0.9460954666137695 1070.0 1389.0 46810.0 1339.0
0.947265625 0.9485456943511963 1029.0 1224.0 46975.0 1380.0
0.947265625 0.9471625089645386 1059.0 1324.0 46875.0 1350.0
0.9609375 0.9471427202224731 1059.0 1325.0 46874.0 1350.0
0.9609375 0.9482690691947937 1034.0 1243.0 46956.0 1375.0
0.955078125 0.9466092586517334 1064.0 1357.0 46842.0 1345.0
0.9609375 0.9466487765312195 1099.0 1390.0 46809.0 1310.0
0.94921875 0.9472217559814453 1068.0 1330.0 46869.0 1341.0
0.953125 0.9466487765312195 1078.0 1369.0 46830.0 1331.0
0.94921875 0.9473403692245483 1060.0 1316.0 46883.0 1349.0
0.935546875 0.9477750658988953 1051.0 1285.0 46914.0 1358.0
0.962890625 0.9479133486747742 1084.0 1311.0 46888.0 1325.0
0.958984375 0.9464709162712097 1088.0 1388.0 46811.0 1321.0
0.951171875 0.9483283162117004 1049.0 1255.0 46944.0 1360.0
0.955078125 0.9464906454086304 1080.0 1379.0 46820.0 1329.0
0.97265625 0.9480319023132324 1056.0 1277.0 46922.0 1353.0
0.94921875 0.9464116096496582 1071.0 1374.0 46825.0 1338.0
0.96875 0.9481505155563354 1065.0 1280.0 46919.0 1344.0
0.95703125 0.9485259056091309 1037.0 1233.0 46966.0 1372.0
0.955078125 0.947063684463501 1068.0 1338.0 46861.0 1341.0
0.939453125 0.9471625089645386 1079.0 1344.0 46855.0 1330.0
0.974609375 0.9482887983322144 1046.0 1254.0 46945.0 1363.0
0.939453125 0.9464511275291443 1087.0 1388.0 46811.0 1322.0
0.951171875 0.9462140202522278 1094.0 1407.0 46792.0 1315.0
0.95703125 0.9464511275291443 1075.0 1376.0 46823.0 1334.0
0.947265625 0.9471625089645386 1054.0 1319.0 46880.0 1355.0
0.953125 0.9470834732055664 1065.0 1334.0 46865.0 1344.0
0.9609375 0.9468068480491638 1068.0 1351.0 46848.0 1341.0
0.9609375 0.9469254016876221 1072.0 1349.0 46850.0 1337.0
0.94921875 0.9464511275291443 1075.0 1376.0 46823.0 1334.0
0.947265625 0.9477355480194092 1056.0 1292.0 46907.0 1353.0
0.94140625 0.9477157592773438 1084.0 1321.0 46878.0 1325.0
0.953125 0.9485654234886169 1033.0 1227.0 46972.0 1376.0
0.953125 0.9465499520301819 1086.0 1382.0 46817.0 1323.0
0.96484375 0.9457595348358154 1085.0 1421.0 46778.0 1324.0
0.9609375 0.9469846487045288 1096.0 1370.0 46829.0 1313.0
0.951171875 0.9473798871040344 1072.0 1326.0 46873.0 1337.0
0.958984375 0.9467870593070984 1082.0 1366.0 46833.0 1327.0
0.953125 0.9480121731758118 1084.0 1306.0 46893.0 1325.0
0.9609375 0.9483678340911865 1061.0 1265.0 46934.0 1348.0
0.947265625 0.94813072681427 1052.0 1268.0 46931.0 1357.0
0.96484375 0.9477157592773438 1070.0 1307.0 46892.0 1339.0
0.94921875 0.9466882944107056 1077.0 1366.0 46833.0 1332.0
0.955078125 0.9476960301399231 1066.0 1304.0 46895.0 1343.0
0.94921875 0.9474984407424927 1062.0 1310.0 46889.0 1347.0
0.943359375 0.9478738307952881 1066.0 1295.0 46904.0 1343.0
0.9453125 0.9466882944107056 1063.0 1352.0 46847.0 1346.0
0.951171875 0.9460954666137695 1081.0 1400.0 46799.0 1328.0
0.95703125 0.9469846487045288 1089.0 1363.0 46836.0 1320.0
0.9609375 0.947063684463501 1097.0 1367.0 46832.0 1312.0
0.95703125 0.9472415447235107 1099.0 1360.0 46839.0 1310.0
0.94921875 0.9481702446937561 1078.0 1292.0 46907.0 1331.0
0.951171875 0.9471229910850525 1085.0 1352.0 46847.0 1324.0
0.951171875 0.94813072681427 1076.0 1292.0 46907.0 1333.0
0.958984375 0.9479331374168396 1074.0 1300.0 46899.0 1335.0
0.943359375 0.9467080235481262 1111.0 1399.0 46800.0 1298.0
0.953125 0.9468068480491638 1082.0 1365.0 46834.0 1327.0
0.943359375 0.948901355266571 1052.0 1229.0 46970.0 1357.0
0.951171875 0.9470834732055664 1084.0 1353.0 46846.0 1325.0
0.9453125 0.9475972056388855 1101.0 1344.0 46855.0 1308.0
0.953125 0.9477157592773438 1078.0 1315.0 46884.0 1331.0
0.943359375 0.9475972056388855 1095.0 1338.0 46861.0 1314.0
0.95703125 0.9471229910850525 1091.0 1358.0 46841.0 1318.0
0.955078125 0.9482887983322144 1064.0 1272.0 46927.0 1345.0
0.955078125 0.9477157592773438 1085.0 1322.0 46877.0 1324.0
0.943359375 0.9465104341506958 1091.0 1389.0 46810.0 1318.0
0.9453125 0.9455026984214783 1128.0 1477.0 46722.0 1281.0
0.962890625 0.9482097625732422 1070.0 1282.0 46917.0 1339.0
0.958984375 0.9469649195671082 1106.0 1381.0 46818.0 1303.0
0.951171875 0.9462338089942932 1121.0 1433.0 46766.0 1288.0
0.95703125 0.9468265771865845 1101.0 1383.0 46816.0 1308.0
0.94921875 0.9470044374465942 1099.0 1372.0 46827.0 1310.0
0.95703125 0.9473996162414551 1127.0 1380.0 46819.0 1282.0
0.962890625 0.9463523626327515 1122.0 1428.0 46771.0 1287.0
0.95703125 0.9469451308250427 1093.0 1369.0 46830.0 1316.0
0.95703125 0.9484468698501587 1067.0 1267.0 46932.0 1342.0
0.953125 0.9476960301399231 1074.0 1312.0 46887.0 1335.0
0.94140625 0.9478738307952881 1056.0 1285.0 46914.0 1353.0
0.947265625 0.9478936195373535 1074.0 1302.0 46897.0 1335.0
0.94921875 0.9479923844337463 1091.0 1314.0 46885.0 1318.0
0.966796875 0.9482492804527283 1063.0 1273.0 46926.0 1346.0
0.947265625 0.9480516910552979 1076.0 1296.0 46903.0 1333.0
0.96484375 0.9479923844337463 1067.0 1290.0 46909.0 1342.0
0.953125 0.9466092586517334 1087.0 1380.0 46819.0 1322.0
0.947265625 0.9480319023132324 1065.0 1286.0 46913.0 1344.0
0.958984375 0.9472612738609314 1087.0 1347.0 46852.0 1322.0
0.953125 0.9467278122901917 1075.0 1362.0 46837.0 1334.0
0.95703125 0.9482097625732422 1067.0 1279.0 46920.0 1342.0
0.943359375 0.9471427202224731 1070.0 1336.0 46863.0 1339.0
0.947265625 0.946628987789154 1075.0 1367.0 46832.0 1334.0
0.94921875 0.9486247301101685 1062.0 1253.0 46946.0 1347.0
0.9375 0.9477947950363159 1075.0 1308.0 46891.0 1334.0
0.9609375 0.94813072681427 1050.0 1266.0 46933.0 1359.0
0.955078125 0.9476169943809509 1068.0 1310.0 46889.0 1341.0
0.9296875 0.9478936195373535 1065.0 1293.0 46906.0 1344.0
0.95703125 0.9470044374465942 1110.0 1383.0 46816.0 1299.0
0.955078125 0.9481109976768494 1069.0 1286.0 46913.0 1340.0
0.955078125 0.9469056129455566 1090.0 1368.0 46831.0 1319.0
0.958984375 0.9483283162117004 1065.0 1271.0 46928.0 1344.0
0.943359375 0.9465104341506958 1092.0 1390.0 46809.0 1317.0
0.943359375 0.947834312915802 1073.0 1304.0 46895.0 1336.0
0.94921875 0.946628987789154 1092.0 1384.0 46815.0 1317.0
0.951171875 0.9487234950065613 1043.0 1229.0 46970.0 1366.0
0.9453125 0.9462535381317139 1070.0 1381.0 46818.0 1339.0
0.95703125 0.9465499520301819 1095.0 1391.0 46808.0 1314.0
0.955078125 0.9469649195671082 1093.0 1368.0 46831.0 1316.0
0.966796875 0.9466487765312195 1095.0 1386.0 46813.0 1314.0
0.9375 0.9475181698799133 1101.0 1348.0 46851.0 1308.0
0.962890625 0.9467278122901917 1122.0 1409.0 46790.0 1287.0
0.943359375 0.9467475414276123 1081.0 1367.0 46832.0 1328.0
0.955078125 0.9475576877593994 1070.0 1315.0 46884.0 1339.0
0.9609375 0.9483283162117004 1070.0 1276.0 46923.0 1339.0
0.94921875 0.9472217559814453 1094.0 1356.0 46843.0 1315.0
0.951171875 0.948604941368103 1035.0 1227.0 46972.0 1374.0
0.953125 0.9474589228630066 1090.0 1340.0 46859.0 1319.0
0.966796875 0.9472810626029968 1061.0 1320.0 46879.0 1348.0
0.9609375 0.9478738307952881 1092.0 1321.0 46878.0 1317.0
0.96484375 0.9474194049835205 1092.0 1344.0 46855.0 1317.0
0.943359375 0.9473798871040344 1087.0 1341.0 46858.0 1322.0
0.94921875 0.9463523626327515 1121.0 1427.0 46772.0 1288.0
0.953125 0.9481505155563354 1077.0 1292.0 46907.0 1332.0
0.9453125 0.9487630128860474 1077.0 1261.0 46938.0 1332.0
0.943359375 0.9462338089942932 1099.0 1411.0 46788.0 1310.0
0.939453125 0.9488025903701782 1047.0 1229.0 46970.0 1362.0
0.96484375 0.9476367235183716 1075.0 1316.0 46883.0 1334.0
0.96484375 0.9481702446937561 1081.0 1295.0 46904.0 1328.0
0.96875 0.9480516910552979 1086.0 1306.0 46893.0 1323.0
0.95703125 0.9461349844932556 1102.0 1419.0 46780.0 1307.0
0.953125 0.9463523626327515 1105.0 1411.0 46788.0 1304.0
0.947265625 0.9475576877593994 1076.0 1321.0 46878.0 1333.0
0.9609375 0.9473403692245483 1077.0 1333.0 46866.0 1332.0
0.9609375 0.9474194049835205 1075.0 1327.0 46872.0 1334.0
0.94140625 0.9456409811973572 1097.0 1439.0 46760.0 1312.0
0.958984375 0.9475181698799133 1082.0 1329.0 46870.0 1327.0
0.953125 0.9475181698799133 1067.0 1314.0 46885.0 1342.0
0.9375 0.9458978772163391 1098.0 1427.0 46772.0 1311.0
0.951171875 0.9466092586517334 1100.0 1393.0 46806.0 1309.0
0.95703125 0.946332573890686 1102.0 1409.0 46790.0 1307.0
0.943359375 0.9479726552963257 1077.0 1301.0 46898.0 1332.0
0.9453125 0.9467870593070984 1096.0 1380.0 46819.0 1313.0
0.962890625 0.9478541016578674 1075.0 1305.0 46894.0 1334.0
0.951171875 0.946885883808136 1092.0 1371.0 46828.0 1317.0
0.962890625 0.9466685056686401 1106.0 1396.0 46803.0 1303.0
0.931640625 0.9478541016578674 1071.0 1301.0 46898.0 1338.0
0.947265625 0.9469254016876221 1096.0 1373.0 46826.0 1313.0
0.9453125 0.9483481049537659 1080.0 1285.0 46914.0 1329.0
0.958984375 0.9470241665840149 1117.0 1389.0 46810.0 1292.0
0.94921875 0.9471625089645386 1100.0 1365.0 46834.0 1309.0
0.9375 0.9473996162414551 1101.0 1354.0 46845.0 1308.0
0.953125 0.9451667666435242 1116.0 1482.0 46717.0 1293.0
0.953125 0.9463128447532654 1107.0 1415.0 46784.0 1302.0
0.958984375 0.9475576877593994 1086.0 1331.0 46868.0 1323.0
0.947265625 0.9464511275291443 1111.0 1412.0 46787.0 1298.0
0.962890625 0.9475379586219788 1071.0 1317.0 46882.0 1338.0
0.95703125 0.9471427202224731 1086.0 1352.0 46847.0 1323.0
0.94921875 0.9465301632881165 1082.0 1379.0 46820.0 1327.0
0.94921875 0.9479331374168396 1073.0 1299.0 46900.0 1336.0
0.947265625 0.9480516910552979 1077.0 1297.0 46902.0 1332.0
0.96484375 0.9481900334358215 1082.0 1295.0 46904.0 1327.0
0.9609375 0.9477750658988953 1072.0 1306.0 46893.0 1337.0
0.947265625 0.9460954666137695 1127.0 1446.0 46753.0 1282.0
0.95703125 0.9467475414276123 1082.0 1368.0 46831.0 1327.0
0.953125 0.9476960301399231 1103.0 1341.0 46858.0 1306.0
0.943359375 0.9481900334358215 1037.0 1250.0 46949.0 1372.0
0.955078125 0.9472612738609314 1100.0 1360.0 46839.0 1309.0
0.9609375 0.9459176659584045 1127.0 1455.0 46744.0 1282.0
0.966796875 0.9468265771865845 1079.0 1361.0 46838.0 1330.0
0.9453125 0.9476169943809509 1076.0 1318.0 46881.0 1333.0
0.955078125 0.9480516910552979 1064.0 1284.0 46915.0 1345.0
0.962890625 0.9474589228630066 1069.0 1319.0 46880.0 1340.0
0.947265625 0.9471625089645386 1078.0 1343.0 46856.0 1331.0
0.953125 0.9479331374168396 1057.0 1283.0 46916.0 1352.0
0.96875 0.9476762413978577 1074.0 1313.0 46886.0 1335.0
0.9609375 0.9473205804824829 1093.0 1350.0 46849.0 1316.0
0.9375 0.9478145837783813 1092.0 1324.0 46875.0 1317.0
0.95703125 0.9475576877593994 1096.0 1341.0 46858.0 1313.0
0.958984375 0.9469846487045288 1104.0 1378.0 46821.0 1305.0
0.978515625 0.9462733268737793 1102.0 1412.0 46787.0 1307.0
0.951171875 0.9487037658691406 1085.0 1272.0 46927.0 1324.0
0.94921875 0.9472810626029968 1091.0 1350.0 46849.0 1318.0
0.962890625 0.946885883808136 1074.0 1353.0 46846.0 1335.0
0.953125 0.9465697407722473 1093.0 1388.0 46811.0 1316.0
0.951171875 0.946332573890686 1108.0 1415.0 46784.0 1301.0
0.9609375 0.9477355480194092 1090.0 1326.0 46873.0 1319.0
0.9609375 0.9473008513450623 1102.0 1360.0 46839.0 1307.0
0.94140625 0.9471625089645386 1081.0 1346.0 46853.0 1328.0
0.943359375 0.9475576877593994 1103.0 1348.0 46851.0 1306.0
0.935546875 0.9470044374465942 1080.0 1353.0 46846.0 1329.0
0.953125 0.9471822381019592 1092.0 1356.0 46843.0 1317.0
0.947265625 0.9455422163009644 1110.0 1457.0 46742.0 1299.0
0.9609375 0.9476960301399231 1090.0 1328.0 46871.0 1319.0
0.943359375 0.9473996162414551 1098.0 1351.0 46848.0 1311.0
0.958984375 0.9469649195671082 1100.0 1375.0 46824.0 1309.0
0.953125 0.9471229910850525 1081.0 1348.0 46851.0 1328.0
0.95703125 0.947063684463501 1100.0 1370.0 46829.0 1309.0
0.939453125 0.9466487765312195 1119.0 1410.0 46789.0 1290.0
0.951171875 0.9486839771270752 1079.0 1267.0 46932.0 1330.0
0.95703125 0.9466092586517334 1086.0 1379.0 46820.0 1323.0
0.970703125 0.9482097625732422 1075.0 1287.0 46912.0 1334.0
0.939453125 0.9479331374168396 1101.0 1327.0 46872.0 1308.0
0.9609375 0.9472415447235107 1131.0 1392.0 46807.0 1278.0
0.966796875 0.9483678340911865 1079.0 1283.0 46916.0 1330.0
0.947265625 0.9475181698799133 1097.0 1344.0 46855.0 1312.0
0.947265625 0.9472810626029968 1068.0 1327.0 46872.0 1341.0
0.9609375 0.9475972056388855 1083.0 1326.0 46873.0 1326.0
0.95703125 0.9474194049835205 1088.0 1340.0 46859.0 1321.0
0.962890625 0.94813072681427 1075.0 1291.0 46908.0 1334.0
0.98046875 0.9465301632881165 1114.0 1411.0 46788.0 1295.0
0.9296875 0.9477947950363159 1118.0 1351.0 46848.0 1291.0
0.95703125 0.9480912089347839 1090.0 1308.0 46891.0 1319.0
0.947265625 0.9480121731758118 1092.0 1314.0 46885.0 1317.0
0.96484375 0.9485061764717102 1069.0 1266.0 46933.0 1340.0
0.9609375 0.9471427202224731 1101.0 1367.0 46832.0 1308.0
0.9609375 0.9481900334358215 1087.0 1300.0 46899.0 1322.0
0.953125 0.9467475414276123 1107.0 1393.0 46806.0 1302.0
0.958984375 0.9479133486747742 1060.0 1287.0 46912.0 1349.0
0.9453125 0.9469649195671082 1090.0 1365.0 46834.0 1319.0
0.95703125 0.9463523626327515 1103.0 1409.0 46790.0 1306.0
0.97265625 0.9485061764717102 1064.0 1261.0 46938.0 1345.0
0.943359375 0.9451075196266174 1124.0 1493.0 46706.0 1285.0
0.955078125 0.946589469909668 1114.0 1408.0 46791.0 1295.0
0.966796875 0.9474194049835205 1111.0 1363.0 46836.0 1298.0
0.9609375 0.9478936195373535 1097.0 1325.0 46874.0 1312.0
0.951171875 0.9466882944107056 1118.0 1407.0 46792.0 1291.0
0.9609375 0.9474984407424927 1111.0 1359.0 46840.0 1298.0
0.9609375 0.9484073519706726 1063.0 1265.0 46934.0 1346.0
0.95703125 0.946332573890686 1133.0 1440.0 46759.0 1276.0
0.9296875 0.9483085870742798 1068.0 1275.0 46924.0 1341.0
0.966796875 0.9454236626625061 1089.0 1442.0 46757.0 1320.0
0.95703125 0.946628987789154 1129.0 1421.0 46778.0 1280.0
0.9453125 0.9480319023132324 1073.0 1294.0 46905.0 1336.0
0.947265625 0.9471427202224731 1111.0 1377.0 46822.0 1298.0
0.958984375 0.9484468698501587 1075.0 1275.0 46924.0 1334.0
0.953125 0.9478936195373535 1096.0 1324.0 46875.0 1313.0
0.962890625 0.9468068480491638 1106.0 1389.0 46810.0 1303.0
0.94921875 0.9473798871040344 1098.0 1352.0 46847.0 1311.0
0.947265625 0.9463720917701721 1130.0 1435.0 46764.0 1279.0
0.94921875 0.9478145837783813 1075.0 1307.0 46892.0 1334.0
0.955078125 0.9460362195968628 1120.0 1442.0 46757.0 1289.0
0.951171875 0.947834312915802 1075.0 1306.0 46893.0 1334.0
0.94921875 0.9468463659286499 1110.0 1391.0 46808.0 1299.0
0.95703125 0.9467870593070984 1098.0 1382.0 46817.0 1311.0
0.951171875 0.9459967017173767 1122.0 1446.0 46753.0 1287.0
0.9609375 0.9478541016578674 1084.0 1314.0 46885.0 1325.0
0.962890625 0.9474786520004272 1088.0 1337.0 46862.0 1321.0
0.94140625 0.9470044374465942 1082.0 1355.0 46844.0 1327.0
0.953125 0.9479331374168396 1084.0 1310.0 46889.0 1325.0
0.96484375 0.9488816261291504 1084.0 1262.0 46937.0 1325.0
0.955078125 0.9474786520004272 1105.0 1354.0 46845.0 1304.0
0.947265625 0.9475576877593994 1113.0 1358.0 46841.0 1296.0
0.9609375 0.9476960301399231 1099.0 1337.0 46862.0 1310.0
0.953125 0.9485259056091309 1088.0 1284.0 46915.0 1321.0
0.9453125 0.9475379586219788 1095.0 1341.0 46858.0 1314.0
0.958984375 0.9483481049537659 1076.0 1281.0 46918.0 1333.0
0.974609375 0.9477157592773438 1103.0 1340.0 46859.0 1306.0
0.958984375 0.9471625089645386 1132.0 1397.0 46802.0 1277.0
0.939453125 0.9464709162712097 1108.0 1408.0 46791.0 1301.0
0.953125 0.9472415447235107 1099.0 1360.0 46839.0 1310.0
0.9453125 0.9475181698799133 1095.0 1342.0 46857.0 1314.0
0.955078125 0.9467673301696777 1104.0 1389.0 46810.0 1305.0
0.94921875 0.946589469909668 1096.0 1390.0 46809.0 1313.0
0.9453125 0.9470834732055664 1097.0 1366.0 46833.0 1312.0
0.958984375 0.9452853202819824 1130.0 1490.0 46709.0 1279.0
0.939453125 0.9477947950363159 1075.0 1308.0 46891.0 1334.0
0.96484375 0.9483283162117004 1090.0 1296.0 46903.0 1319.0
0.953125 0.9470834732055664 1115.0 1384.0 46815.0 1294.0
0.951171875 0.946332573890686 1092.0 1399.0 46800.0 1317.0
0.955078125 0.9466685056686401 1112.0 1402.0 46797.0 1297.0
0.94140625 0.9460954666137695 1093.0 1412.0 46787.0 1316.0
