0.5625 0.5281575918197632 955.0 22425.0 25774.0 1454.0
0.943359375 0.9442973732948303 462.0 872.0 47327.0 1947.0
0.93359375 0.9406615495681763 654.0 1248.0 46951.0 1755.0
0.943359375 0.9450284242630005 627.0 1000.0 47199.0 1782.0
0.935546875 0.944317102432251 712.0 1121.0 47078.0 1697.0
0.955078125 0.9424399137496948 775.0 1279.0 46920.0 1634.0
0.947265625 0.9448308348655701 744.0 1127.0 47072.0 1665.0
0.953125 0.9502647519111633 645.0 753.0 47446.0 1764.0
0.9375 0.948387622833252 864.0 1067.0 47132.0 1545.0
0.951171875 0.9497115015983582 853.0 989.0 47210.0 1556.0
0.958984375 0.9480121731758118 977.0 1199.0 47000.0 1432.0
0.953125 0.9477947950363159 935.0 1168.0 47031.0 1474.0
0.94921875 0.9513911008834839 962.0 1013.0 47186.0 1447.0
0.9453125 0.9455422163009644 1059.0 1406.0 46793.0 1350.0
0.962890625 0.9495336413383484 1077.0 1222.0 46977.0 1332.0
0.953125 0.9478936195373535 1128.0 1356.0 46843.0 1281.0
0.955078125 0.944791316986084 1186.0 1571.0 46628.0 1223.0
0.9453125 0.9438626170158386 1230.0 1662.0 46537.0 1179.0
0.951171875 0.9471032023429871 1072.0 1340.0 46859.0 1337.0
0.96484375 0.9511539936065674 1089.0 1152.0 47047.0 1320.0
0.951171875 0.9502055048942566 1093.0 1204.0 46995.0 1316.0
0.96484375 0.9534658789634705 1056.0 1002.0 47197.0 1353.0
0.94140625 0.946154773235321 1198.0 1514.0 46685.0 1211.0
0.966796875 0.949928879737854 1127.0 1252.0 46947.0 1282.0
0.95703125 0.9512330293655396 1134.0 1193.0 47006.0 1275.0
0.9453125 0.9484863877296448 1188.0 1386.0 46813.0 1221.0
0.9453125 0.9495929479598999 1166.0 1308.0 46891.0 1243.0
0.962890625 0.9486839771270752 1164.0 1352.0 46847.0 1245.0
0.943359375 0.9499881267547607 1159.0 1281.0 46918.0 1250.0
0.958984375 0.9530904293060303 1186.0 1151.0 47048.0 1223.0
0.96484375 0.9568645358085632 1089.0 863.0 47336.0 1320.0
0.9453125 0.9526952505111694 1148.0 1133.0 47066.0 1261.0
0.951171875 0.9479528665542603 1277.0 1502.0 46697.0 1132.0
0.943359375 0.9541969895362854 1188.0 1097.0 47102.0 1221.0
0.94921875 0.95417720079422 1154.0 1064.0 47135.0 1255.0
0.9453125 0.9515689015388489 1161.0 1203.0 46996.0 1248.0
0.955078125 0.9504426121711731 1141.0 1240.0 46959.0 1268.0
0.9453125 0.945087730884552 1310.0 1680.0 46519.0 1099.0
0.958984375 0.9492570161819458 1266.0 1425.0 46774.0 1143.0
0.939453125 0.948387622833252 1297.0 1500.0 46699.0 1112.0
0.955078125 0.9535053968429565 1085.0 1029.0 47170.0 1324.0
0.93359375 0.9515293836593628 1219.0 1263.0 46936.0 1190.0
0.95703125 0.9533868432044983 1182.0 1132.0 47067.0 1227.0
0.94921875 0.9521024227142334 1213.0 1228.0 46971.0 1196.0
0.962890625 0.9506204724311829 1204.0 1294.0 46905.0 1205.0
0.94140625 0.9447320699691772 1300.0 1688.0 46511.0 1109.0
0.958984375 0.9529520869255066 1166.0 1138.0 47061.0 1243.0
0.939453125 0.9497708082199097 1223.0 1356.0 46843.0 1186.0
0.9609375 0.9560543894767761 1102.0 917.0 47282.0 1307.0
0.94921875 0.9480319023132324 1364.0 1585.0 46614.0 1045.0
0.9453125 0.9486839771270752 1335.0 1523.0 46676.0 1074.0
0.955078125 0.9522407650947571 1224.0 1232.0 46967.0 1185.0
0.96484375 0.9510551691055298 1230.0 1298.0 46901.0 1179.0
0.95703125 0.9532287120819092 1157.0 1115.0 47084.0 1252.0
0.935546875 0.9472020268440247 1256.0 1519.0 46680.0 1153.0
0.947265625 0.9479726552963257 1304.0 1528.0 46671.0 1105.0
0.94921875 0.9526359438896179 1249.0 1237.0 46962.0 1160.0
0.958984375 0.9479133486747742 1308.0 1535.0 46664.0 1101.0
0.962890625 0.9519838690757751 1283.0 1304.0 46895.0 1126.0
0.9609375 0.9550663828849792 1178.0 1043.0 47156.0 1231.0
0.953125 0.9523000121116638 1163.0 1168.0 47031.0 1246.0
0.951171875 0.948427140712738 1305.0 1506.0 46693.0 1104.0
0.951171875 0.9507390260696411 1243.0 1327.0 46872.0 1166.0
0.951171875 0.9487432837486267 1254.0 1439.0 46760.0 1155.0
0.96484375 0.9552837610244751 1142.0 996.0 47203.0 1267.0
0.96875 0.9517467617988586 1207.0 1240.0 46959.0 1202.0
0.955078125 0.9539796113967896 1173.0 1093.0 47106.0 1236.0
0.958984375 0.9548885822296143 1254.0 1128.0 47071.0 1155.0
0.95703125 0.9534658789634705 1252.0 1198.0 47001.0 1157.0
0.966796875 0.9552639722824097 1118.0 973.0 47226.0 1291.0
0.9609375 0.9523000121116638 1271.0 1276.0 46923.0 1138.0
0.951171875 0.948901355266571 1307.0 1484.0 46715.0 1102.0
0.943359375 0.9505019187927246 1268.0 1364.0 46835.0 1141.0
0.9609375 0.9500869512557983 1211.0 1328.0 46871.0 1198.0
0.9453125 0.9490001797676086 1313.0 1485.0 46714.0 1096.0
0.939453125 0.9528138041496277 1187.0 1166.0 47033.0 1222.0
0.95703125 0.9529125690460205 1272.0 1246.0 46953.0 1137.0
0.951171875 0.9507982730865479 1233.0 1314.0 46885.0 1176.0
0.95703125 0.9529916048049927 1246.0 1216.0 46983.0 1163.0
0.958984375 0.947834312915802 1350.0 1581.0 46618.0 1059.0
0.953125 0.9480319023132324 1279.0 1500.0 46699.0 1130.0
0.95703125 0.9529916048049927 1213.0 1183.0 47016.0 1196.0
0.958984375 0.954947829246521 1197.0 1068.0 47131.0 1212.0
0.955078125 0.9524185657501221 1247.0 1246.0 46953.0 1162.0
0.951171875 0.9491977691650391 1269.0 1431.0 46768.0 1140.0
0.9453125 0.947656512260437 1283.0 1523.0 46676.0 1126.0
0.955078125 0.9527544975280762 1244.0 1226.0 46973.0 1165.0
0.923828125 0.9510551691055298 1271.0 1339.0 46860.0 1138.0
0.95703125 0.9429734349250793 1420.0 1897.0 46302.0 989.0
0.955078125 0.9556196928024292 1150.0 987.0 47212.0 1259.0
0.953125 0.9495336413383484 1298.0 1443.0 46756.0 1111.0
0.962890625 0.9527940154075623 1234.0 1214.0 46985.0 1175.0
0.96875 0.9554418325424194 1152.0 998.0 47201.0 1257.0
0.962890625 0.9503438472747803 1208.0 1312.0 46887.0 1201.0
0.958984375 0.9528533220291138 1275.0 1252.0 46947.0 1134.0
0.951171875 0.9524976015090942 1259.0 1254.0 46945.0 1150.0
0.951171875 0.9479726552963257 1321.0 1545.0 46654.0 1088.0
0.953125 0.9485259056091309 1289.0 1485.0 46714.0 1120.0
0.962890625 0.9571214318275452 1117.0 878.0 47321.0 1292.0
0.962890625 0.9538017511367798 1215.0 1144.0 47055.0 1194.0
0.9375 0.9503438472747803 1321.0 1425.0 46774.0 1088.0
0.94921875 0.9586626887321472 1109.0 792.0 47407.0 1300.0
0.943359375 0.9446727633476257 1322.0 1713.0 46486.0 1087.0
0.958984375 0.9540388584136963 1154.0 1071.0 47128.0 1255.0
0.96484375 0.9534658789634705 1168.0 1114.0 47085.0 1241.0
0.947265625 0.951134204864502 1299.0 1363.0 46836.0 1110.0
0.951171875 0.9521419405937195 1263.0 1276.0 46923.0 1146.0
0.953125 0.9464906454086304 1224.0 1523.0 46676.0 1185.0
0.94140625 0.9518455862998962 1245.0 1273.0 46926.0 1164.0
0.9375 0.9454829096794128 1369.0 1719.0 46480.0 1040.0
0.962890625 0.955422043800354 1225.0 1072.0 47127.0 1184.0
0.9609375 0.9522604942321777 1236.0 1243.0 46956.0 1173.0
0.966796875 0.9524976015090942 1260.0 1255.0 46944.0 1149.0
0.939453125 0.9500869512557983 1294.0 1411.0 46788.0 1115.0
0.927734375 0.9437045454978943 1406.0 1846.0 46353.0 1003.0
0.953125 0.9502845406532288 1178.0 1285.0 46914.0 1231.0
0.97265625 0.9518653154373169 1202.0 1229.0 46970.0 1207.0
0.962890625 0.9510156512260437 1246.0 1316.0 46883.0 1163.0
0.94140625 0.9454038739204407 1355.0 1709.0 46490.0 1054.0
0.94140625 0.9486444592475891 1349.0 1539.0 46660.0 1060.0
0.958984375 0.9543747901916504 1218.0 1118.0 47081.0 1191.0
0.951171875 0.9512330293655396 1291.0 1350.0 46849.0 1118.0
0.953125 0.9550663828849792 1161.0 1026.0 47173.0 1248.0
0.94140625 0.9506006836891174 1328.0 1419.0 46780.0 1081.0
0.95703125 0.9494546055793762 1260.0 1409.0 46790.0 1149.0
0.9453125 0.947834312915802 1286.0 1517.0 46682.0 1123.0
0.958984375 0.9513911008834839 1272.0 1323.0 46876.0 1137.0
0.947265625 0.9418076276779175 1400.0 1936.0 46263.0 1009.0
0.951171875 0.9538412690162659 1232.0 1159.0 47040.0 1177.0
0.947265625 0.9558765292167664 1186.0 1010.0 47189.0 1223.0
0.953125 0.9547304511070251 1207.0 1089.0 47110.0 1202.0
0.94921875 0.952971875667572 1281.0 1252.0 46947.0 1128.0
0.9453125 0.9441195130348206 1412.0 1831.0 46368.0 997.0
0.94921875 0.9526557326316833 1249.0 1236.0 46963.0 1160.0
0.94921875 0.9516282081604004 1277.0 1316.0 46883.0 1132.0
0.962890625 0.9540191292762756 1242.0 1160.0 47039.0 1167.0
0.951171875 0.9552244544029236 1242.0 1099.0 47100.0 1167.0
0.93359375 0.9512922763824463 1235.0 1291.0 46908.0 1174.0
0.9453125 0.9490594267845154 1291.0 1460.0 46739.0 1118.0
0.96484375 0.9517072439193726 1195.0 1230.0 46969.0 1214.0
0.966796875 0.9552639722824097 1179.0 1034.0 47165.0 1230.0
0.953125 0.9541969895362854 1248.0 1157.0 47042.0 1161.0
0.955078125 0.9492372870445251 1358.0 1518.0 46681.0 1051.0
0.94140625 0.9570423364639282 1159.0 924.0 47275.0 1250.0
0.953125 0.9452260732650757 1428.0 1791.0 46408.0 981.0
0.958984375 0.9539993405342102 1194.0 1113.0 47086.0 1215.0
0.962890625 0.9520036578178406 1194.0 1214.0 46985.0 1215.0
0.958984375 0.9496719837188721 1297.0 1435.0 46764.0 1112.0
0.962890625 0.9489211440086365 1273.0 1449.0 46750.0 1136.0
0.96484375 0.9503043293952942 1272.0 1378.0 46821.0 1137.0
0.962890625 0.9547699689865112 1177.0 1057.0 47142.0 1232.0
0.939453125 0.9493558406829834 1278.0 1432.0 46767.0 1131.0
0.958984375 0.9526557326316833 1217.0 1204.0 46995.0 1192.0
0.955078125 0.9505414366722107 1254.0 1348.0 46851.0 1155.0
0.951171875 0.9511935114860535 1264.0 1325.0 46874.0 1145.0
0.94921875 0.9485061764717102 1328.0 1525.0 46674.0 1081.0
0.962890625 0.9554813504219055 1144.0 988.0 47211.0 1265.0
0.96484375 0.9496522545814514 1321.0 1460.0 46739.0 1088.0
0.947265625 0.9548292756080627 1213.0 1090.0 47109.0 1196.0
0.9453125 0.9498893618583679 1283.0 1410.0 46789.0 1126.0
0.955078125 0.9471822381019592 1290.0 1554.0 46645.0 1119.0
0.953125 0.955422043800354 1151.0 998.0 47201.0 1258.0
0.94140625 0.9486247301101685 1381.0 1572.0 46627.0 1028.0
0.95703125 0.9509168267250061 1230.0 1305.0 46894.0 1179.0
0.962890625 0.9512922763824463 1225.0 1281.0 46918.0 1184.0
0.951171875 0.9509168267250061 1272.0 1347.0 46852.0 1137.0
0.94921875 0.948901355266571 1301.0 1478.0 46721.0 1108.0
