0.380859375 0.35605043172836304 1595.0 31775.0 16424.0 814.0
0.935546875 0.9403454065322876 469.0 1079.0 47120.0 1940.0
0.9404296875 0.9363737106323242 750.0 1561.0 46638.0 1659.0
0.943359375 0.9367886781692505 810.0 1600.0 46599.0 1599.0
0.9384765625 0.9375395178794861 817.0 1569.0 46630.0 1592.0
0.935546875 0.938527524471283 900.0 1602.0 46597.0 1509.0
0.923828125 0.9307026267051697 1070.0 2168.0 46031.0 1339.0
0.943359375 0.9373221397399902 1021.0 1784.0 46415.0 1388.0
0.939453125 0.9340815544128418 1148.0 2075.0 46124.0 1261.0
0.943359375 0.9391795992851257 1116.0 1785.0 46414.0 1293.0
0.947265625 0.939772367477417 1104.0 1743.0 46456.0 1305.0
0.931640625 0.938527524471283 1189.0 1891.0 46308.0 1220.0
0.9384765625 0.936294674873352 1248.0 2063.0 46136.0 1161.0
0.951171875 0.9404441714286804 1220.0 1825.0 46374.0 1189.0
0.955078125 0.9397525787353516 1255.0 1895.0 46304.0 1154.0
0.9296875 0.9345755577087402 1343.0 2245.0 45954.0 1066.0
0.939453125 0.942044734954834 1273.0 1797.0 46402.0 1136.0
0.9453125 0.9368281960487366 1332.0 2120.0 46079.0 1077.0
0.9521484375 0.9424992203712463 1261.0 1762.0 46437.0 1148.0
0.931640625 0.9349905252456665 1381.0 2262.0 45937.0 1028.0
0.9345703125 0.9321253299713135 1412.0 2438.0 45761.0 997.0
0.9365234375 0.9381322860717773 1339.0 2061.0 46138.0 1070.0
0.935546875 0.9381718039512634 1368.0 2088.0 46111.0 1041.0
0.947265625 0.9409579634666443 1320.0 1899.0 46300.0 1089.0
0.9248046875 0.9317499399185181 1468.0 2513.0 45686.0 941.0
0.9443359375 0.9454038739204407 1291.0 1645.0 46554.0 1118.0
0.94140625 0.942044734954834 1363.0 1887.0 46312.0 1046.0
0.9453125 0.9448506236076355 1349.0 1731.0 46468.0 1060.0
0.951171875 0.943842887878418 1371.0 1804.0 46395.0 1038.0
0.94921875 0.9450680017471313 1359.0 1730.0 46469.0 1050.0
0.9462890625 0.943585991859436 1380.0 1826.0 46373.0 1029.0
0.951171875 0.941274106502533 1399.0 1962.0 46237.0 1010.0
0.955078125 0.9459967017173767 1337.0 1661.0 46538.0 1072.0
0.955078125 0.9443368911743164 1378.0 1786.0 46413.0 1031.0
0.9453125 0.9398316740989685 1454.0 2090.0 46109.0 955.0
0.947265625 0.9393376708030701 1457.0 2118.0 46081.0 952.0
0.939453125 0.9389424324035645 1465.0 2146.0 46053.0 944.0
0.9580078125 0.9474786520004272 1326.0 1575.0 46624.0 1083.0
0.9443359375 0.942518949508667 1418.0 1918.0 46281.0 991.0
0.95703125 0.9484863877296448 1360.0 1558.0 46641.0 1049.0
0.9423828125 0.9409776926040649 1398.0 1976.0 46223.0 1011.0
0.9501953125 0.9421435594558716 1426.0 1945.0 46254.0 983.0
0.953125 0.947063684463501 1374.0 1644.0 46555.0 1035.0
0.9541015625 0.9447320699691772 1412.0 1800.0 46399.0 997.0
0.939453125 0.9448901414871216 1422.0 1802.0 46397.0 987.0
0.943359375 0.9459967017173767 1413.0 1737.0 46462.0 996.0
0.9541015625 0.9462338089942932 1402.0 1714.0 46485.0 1007.0
0.95703125 0.9418471455574036 1476.0 2010.0 46189.0 933.0
0.9580078125 0.9491187334060669 1365.0 1531.0 46668.0 1044.0
0.947265625 0.9450284242630005 1410.0 1783.0 46416.0 999.0
0.9423828125 0.9414914846420288 1452.0 2004.0 46195.0 957.0
0.9599609375 0.9437045454978943 1420.0 1860.0 46339.0 989.0
