-2.222606897354125977e+00
-1.313754439353942871e+00
-1.092249631881713867e+00
2.209898471832275391e+00
2.314079284667968750e+00
-4.039909839630126953e+00
2.458946853876113892e-01
3.548762321472167969e+00
3.229842424392700195e+00
-2.362083911895751953e+00
9.285820722579956055e-01
2.417356967926025391e+00
-6.124677658081054688e+00
1.136673450469970703e+00
-9.384501725435256958e-02
-6.303884387016296387e-01
-1.412331908941268921e-01
-4.866504192352294922e+00
6.020494937896728516e+00
2.609170198440551758e+00
-1.924730539321899414e+00
5.357282757759094238e-01
1.577426195144653320e+00
2.749352693557739258e+00
-3.730698823928833008e+00
1.014933109283447266e+00
3.753730773925781250e+00
6.151632308959960938e+00
3.245525598526000977e+00
-1.687709689140319824e+00
