-3.048163950443267822e-01 3.109207749366760254e-01
1.305511128157377243e-02 3.585738837718963623e-01
-1.043249964714050293e+00 -1.444998025894165039e+00
8.245284557342529297e-01 3.122771978378295898e-01
-8.318992704153060913e-02 -4.888319969177246094e-01
1.919233798980712891e-01 -3.026811778545379639e-01
6.150180697441101074e-01 4.234947846271097660e-04
4.839775860309600830e-01 -1.037322133779525757e-01
6.326877046376466751e-03 4.437814056873321533e-01
4.623703658580780029e-01 4.102462157607078552e-02
9.465844035148620605e-01 4.491470158100128174e-01
-1.796554625034332275e-01 2.682107388973236084e-01
-1.110391020774841309e+00 -4.715528488159179688e-01
-5.106739997863769531e-01 -1.360661983489990234e-01
2.297319322824478149e-01 5.748227834701538086e-01
9.815762042999267578e-01 5.178980231285095215e-01
-9.254126995801925659e-02 2.082259953022003174e-01
2.938857674598693848e-01 -3.779560625553131104e-01
-3.089031279087066650e-01 -7.571272850036621094e-01
1.856969594955444336e-01 -3.190005421638488770e-01
1.226125121116638184e+00 8.378881812095642090e-01
-1.435325741767883301e-01 -5.672677159309387207e-01
4.458795487880706787e-01 2.693707123398780823e-02
8.601263165473937988e-01 6.094080805778503418e-01
-1.876371651887893677e-01 1.947028934955596924e-01
5.002741217613220215e-01 8.672145009040832520e-01
9.007693082094192505e-02 4.469004869461059570e-01
-1.242349147796630859e-01 -5.140536427497863770e-01
7.994163781404495239e-02 -3.385874032974243164e-01
4.989107549190521240e-01 1.955567300319671631e-01
2.182820439338684082e-02 4.914522171020507812e-01
5.242971181869506836e-01 7.984577417373657227e-01
-1.951952874660491943e-01 -6.783693432807922363e-01
4.462490379810333252e-01 7.525556534528732300e-02
1.011970281600952148e+00 1.351036787033081055e+00
3.313218951225280762e-01 -1.204920113086700439e-01
-1.758071929216384888e-01 1.446276009082794189e-01
-1.070145130157470703e+00 -1.482658147811889648e+00
1.342419862747192383e+00 9.659301638603210449e-01
-6.806417107582092285e-01 -1.964784115552902222e-01
