0.296875 0.283235639333725 1677.0 26905.0 9244.0 732.0
0.8466796875 0.8306966423988342 633.0 4752.0 31397.0 1776.0
0.880859375 0.8721925616264343 622.0 3141.0 33008.0 1787.0
0.9169921875 0.9027957916259766 587.0 1926.0 34223.0 1822.0
0.9365234375 0.9210280776023865 596.0 1232.0 34917.0 1813.0
0.9248046875 0.9305980801582336 548.0 815.0 35334.0 1861.0
0.9326171875 0.9333990216255188 537.0 696.0 35453.0 1872.0
0.9375 0.934203028678894 580.0 708.0 35441.0 1829.0
0.9404296875 0.9347217082977295 561.0 669.0 35480.0 1848.0
0.9384765625 0.9349032640457153 624.0 725.0 35424.0 1785.0
0.93359375 0.9352144598960876 654.0 743.0 35406.0 1755.0
0.9443359375 0.9337621331214905 695.0 840.0 35309.0 1714.0
0.9365234375 0.9341251850128174 739.0 870.0 35279.0 1670.0
0.943359375 0.9371595978736877 660.0 674.0 35475.0 1749.0
0.943359375 0.9343067407608032 745.0 869.0 35280.0 1664.0
0.9375 0.9351107478141785 739.0 832.0 35317.0 1670.0
0.9423828125 0.9357331991195679 732.0 801.0 35348.0 1677.0
0.9404296875 0.9353441596031189 759.0 843.0 35306.0 1650.0
0.947265625 0.9346179962158203 781.0 893.0 35256.0 1628.0
0.9345703125 0.9347995519638062 814.0 919.0 35230.0 1595.0
0.9384765625 0.9358628392219543 771.0 835.0 35314.0 1638.0
0.923828125 0.9346698522567749 813.0 923.0 35226.0 1596.0
0.935546875 0.9349032640457153 809.0 910.0 35239.0 1600.0
0.9404296875 0.9355775713920593 841.0 916.0 35233.0 1568.0
0.9404296875 0.9350329637527466 847.0 943.0 35206.0 1562.0
0.9306640625 0.9349032640457153 867.0 968.0 35181.0 1542.0
0.939453125 0.9347217082977295 860.0 968.0 35181.0 1549.0
0.9404296875 0.9357850551605225 849.0 916.0 35233.0 1560.0
0.9404296875 0.934566080570221 891.0 1005.0 35144.0 1518.0
0.921875 0.9348514080047607 894.0 997.0 35152.0 1515.0
0.943359375 0.935940682888031 873.0 934.0 35215.0 1536.0
0.9306640625 0.936225950717926 901.0 951.0 35198.0 1508.0
0.9267578125 0.9345401525497437 918.0 1033.0 35116.0 1491.0
0.939453125 0.9358109831809998 897.0 963.0 35186.0 1512.0
0.9296875 0.9359666109085083 922.0 982.0 35167.0 1487.0
0.93359375 0.9353700876235962 914.0 997.0 35152.0 1495.0
0.9267578125 0.9364852905273438 913.0 953.0 35196.0 1496.0
0.935546875 0.9363815784454346 923.0 967.0 35182.0 1486.0
0.939453125 0.934592068195343 936.0 1049.0 35100.0 1473.0
0.9404296875 0.9368743300437927 923.0 948.0 35201.0 1486.0
0.9404296875 0.9358109831809998 932.0 998.0 35151.0 1477.0
0.9453125 0.9367705583572388 943.0 972.0 35177.0 1466.0
0.9384765625 0.9354997873306274 966.0 1044.0 35105.0 1443.0
0.94140625 0.936614990234375 947.0 982.0 35167.0 1462.0
0.943359375 0.9365630745887756 965.0 1002.0 35147.0 1444.0
0.9453125 0.9374189376831055 942.0 946.0 35203.0 1467.0
0.9404296875 0.9364075064659119 965.0 1008.0 35141.0 1444.0
0.923828125 0.9362778067588806 968.0 1016.0 35133.0 1441.0
0.935546875 0.9360962510108948 970.0 1025.0 35124.0 1439.0
0.9560546875 0.9359147548675537 974.0 1036.0 35113.0 1435.0
0.9365234375 0.9343586564064026 988.0 1110.0 35039.0 1421.0
0.916015625 0.93690025806427 989.0 1013.0 35136.0 1420.0
0.9365234375 0.9367705583572388 983.0 1012.0 35137.0 1426.0
0.943359375 0.9352144598960876 989.0 1078.0 35071.0 1420.0
0.9423828125 0.9362778067588806 985.0 1033.0 35116.0 1424.0
0.939453125 0.93690025806427 986.0 1010.0 35139.0 1423.0
0.935546875 0.935836911201477 994.0 1059.0 35090.0 1415.0
0.9404296875 0.9354219436645508 1007.0 1088.0 35061.0 1402.0
0.9541015625 0.9360962510108948 966.0 1021.0 35128.0 1443.0
0.9462890625 0.9344105124473572 1000.0 1120.0 35029.0 1409.0
0.9404296875 0.9352144598960876 993.0 1082.0 35067.0 1416.0
0.9404296875 0.9360703229904175 970.0 1026.0 35123.0 1439.0
0.9345703125 0.9360443949699402 996.0 1053.0 35096.0 1413.0
0.9404296875 0.9358628392219543 993.0 1057.0 35092.0 1416.0
0.935546875 0.9350069761276245 1018.0 1115.0 35034.0 1391.0
0.9365234375 0.9354997873306274 1020.0 1098.0 35051.0 1389.0
0.9482421875 0.934592068195343 1000.0 1113.0 35036.0 1409.0
0.93359375 0.9346957802772522 1022.0 1131.0 35018.0 1387.0
0.9365234375 0.9364075064659119 1001.0 1044.0 35105.0 1408.0
0.939453125 0.9345401525497437 1029.0 1144.0 35005.0 1380.0
0.9423828125 0.9350329637527466 1025.0 1121.0 35028.0 1384.0
0.939453125 0.9357331991195679 1034.0 1103.0 35046.0 1375.0
0.9453125 0.9360184669494629 1023.0 1081.0 35068.0 1386.0
0.94140625 0.934877336025238 1037.0 1139.0 35010.0 1372.0
0.9462890625 0.935836911201477 1035.0 1100.0 35049.0 1374.0
0.9453125 0.9346439242362976 1045.0 1156.0 34993.0 1364.0
0.951171875 0.9348514080047607 1059.0 1162.0 34987.0 1350.0
0.9453125 0.9348254799842834 1053.0 1157.0 34992.0 1356.0
0.9462890625 0.9359925389289856 1032.0 1091.0 35058.0 1377.0
0.9453125 0.9339955449104309 1052.0 1188.0 34961.0 1357.0
0.94140625 0.9352403879165649 1050.0 1138.0 35011.0 1359.0
0.9384765625 0.9357331991195679 1032.0 1101.0 35048.0 1377.0
0.9482421875 0.9360962510108948 1036.0 1091.0 35058.0 1373.0
0.943359375 0.9352144598960876 1043.0 1132.0 35017.0 1366.0
0.9482421875 0.9349551200866699 1065.0 1164.0 34985.0 1344.0
0.9443359375 0.93690025806427 1061.0 1085.0 35064.0 1348.0
0.9267578125 0.9354478716850281 1079.0 1159.0 34990.0 1330.0
0.9423828125 0.9349551200866699 1074.0 1173.0 34976.0 1335.0
0.943359375 0.9358628392219543 1050.0 1114.0 35035.0 1359.0
0.9345703125 0.9349032640457153 1082.0 1183.0 34966.0 1327.0
0.9501953125 0.9349551200866699 1062.0 1161.0 34988.0 1347.0
0.9306640625 0.9351626038551331 1069.0 1160.0 34989.0 1340.0
0.9345703125 0.9349551200866699 1055.0 1154.0 34995.0 1354.0
0.935546875 0.9363037347793579 1063.0 1110.0 35039.0 1346.0
0.943359375 0.9360443949699402 1079.0 1136.0 35013.0 1330.0
0.9501953125 0.9360443949699402 1069.0 1126.0 35023.0 1340.0
0.939453125 0.9362000226974487 1057.0 1108.0 35041.0 1352.0
0.9404296875 0.9370039701461792 1061.0 1081.0 35068.0 1348.0
0.9365234375 0.9363296627998352 1073.0 1119.0 35030.0 1336.0
0.958984375 0.9350329637527466 1086.0 1182.0 34967.0 1323.0
0.94140625 0.9346698522567749 1090.0 1200.0 34949.0 1319.0
0.9345703125 0.9367964863777161 1075.0 1103.0 35046.0 1334.0
0.9423828125 0.9354738593101501 1082.0 1161.0 34988.0 1327.0
0.953125 0.9355257153511047 1106.0 1183.0 34966.0 1303.0
0.94140625 0.9359666109085083 1080.0 1140.0 35009.0 1329.0
0.9345703125 0.9353960156440735 1098.0 1180.0 34969.0 1311.0
0.9443359375 0.9347735643386841 1103.0 1209.0 34940.0 1306.0
0.9306640625 0.9368484020233154 1074.0 1100.0 35049.0 1335.0
0.935546875 0.9373670816421509 1079.0 1085.0 35064.0 1330.0
0.9365234375 0.9364334344863892 1109.0 1151.0 34998.0 1300.0
0.943359375 0.9363815784454346 1094.0 1138.0 35011.0 1315.0
0.935546875 0.9350329637527466 1098.0 1194.0 34955.0 1311.0
0.9365234375 0.9360962510108948 1072.0 1127.0 35022.0 1337.0
0.947265625 0.9359666109085083 1100.0 1160.0 34989.0 1309.0
0.931640625 0.9357072710990906 1103.0 1173.0 34976.0 1306.0
0.9404296875 0.9354219436645508 1106.0 1187.0 34962.0 1303.0
0.9375 0.9351885318756104 1117.0 1207.0 34942.0 1292.0
0.9384765625 0.9356553554534912 1094.0 1166.0 34983.0 1315.0
0.94140625 0.9362778067588806 1091.0 1139.0 35010.0 1318.0
0.9345703125 0.9334768652915955 1118.0 1274.0 34875.0 1291.0
0.9443359375 0.9359925389289856 1100.0 1159.0 34990.0 1309.0
0.9453125 0.935551643371582 1093.0 1169.0 34980.0 1316.0
0.9423828125 0.9362000226974487 1106.0 1157.0 34992.0 1303.0
0.931640625 0.9349032640457153 1101.0 1202.0 34947.0 1308.0
0.94921875 0.9367964863777161 1105.0 1133.0 35016.0 1304.0
0.931640625 0.9348254799842834 1114.0 1218.0 34931.0 1295.0
0.9375 0.9363555908203125 1096.0 1141.0 35008.0 1313.0
0.93359375 0.9360962510108948 1092.0 1147.0 35002.0 1317.0
0.939453125 0.9352923035621643 1111.0 1197.0 34952.0 1298.0
0.9404296875 0.9358109831809998 1110.0 1176.0 34973.0 1299.0
0.947265625 0.9369261860847473 1089.0 1112.0 35037.0 1320.0
0.94140625 0.9372633695602417 1100.0 1110.0 35039.0 1309.0
0.9404296875 0.9364593625068665 1096.0 1137.0 35012.0 1313.0
0.9404296875 0.936511218547821 1102.0 1141.0 35008.0 1307.0
0.9443359375 0.9361481666564941 1134.0 1187.0 34962.0 1275.0
0.9453125 0.9364075064659119 1117.0 1160.0 34989.0 1292.0
0.943359375 0.9359666109085083 1103.0 1163.0 34986.0 1306.0
0.94921875 0.936225950717926 1107.0 1157.0 34992.0 1302.0
0.947265625 0.9359147548675537 1123.0 1185.0 34964.0 1286.0
0.9501953125 0.9362518787384033 1131.0 1180.0 34969.0 1278.0
0.947265625 0.9371336698532104 1101.0 1116.0 35033.0 1308.0
0.9443359375 0.9367446303367615 1110.0 1140.0 35009.0 1299.0
0.94921875 0.9376264214515686 1099.0 1095.0 35054.0 1310.0
0.9423828125 0.9369780421257019 1125.0 1146.0 35003.0 1284.0
0.9423828125 0.9378079771995544 1101.0 1090.0 35059.0 1308.0
0.951171875 0.9377820491790771 1103.0 1093.0 35056.0 1306.0
0.9521484375 0.9359925389289856 1104.0 1163.0 34986.0 1305.0
0.943359375 0.9368224740028381 1123.0 1150.0 34999.0 1286.0
0.94140625 0.9377042651176453 1113.0 1106.0 35043.0 1296.0
0.94140625 0.9372114539146423 1118.0 1130.0 35019.0 1291.0
0.9375 0.9376264214515686 1129.0 1125.0 35024.0 1280.0
0.9482421875 0.937185525894165 1138.0 1151.0 34998.0 1271.0
0.9501953125 0.9380413889884949 1110.0 1090.0 35059.0 1299.0
0.939453125 0.9378339052200317 1104.0 1092.0 35057.0 1305.0
0.9453125 0.9376264214515686 1143.0 1139.0 35010.0 1266.0
0.9384765625 0.9363815784454346 1143.0 1187.0 34962.0 1266.0
0.9501953125 0.9369780421257019 1138.0 1159.0 34990.0 1271.0
0.9365234375 0.937963604927063 1091.0 1074.0 35075.0 1318.0
0.9423828125 0.9374448657035828 1131.0 1134.0 35015.0 1278.0
0.92578125 0.9374448657035828 1114.0 1117.0 35032.0 1295.0
0.9462890625 0.9371595978736877 1135.0 1149.0 35000.0 1274.0
0.947265625 0.9377301931381226 1131.0 1123.0 35026.0 1278.0
0.9345703125 0.937963604927063 1108.0 1091.0 35058.0 1301.0
0.931640625 0.9381970167160034 1111.0 1085.0 35064.0 1298.0
0.9384765625 0.9360443949699402 1152.0 1209.0 34940.0 1257.0
0.94921875 0.9376782774925232 1151.0 1145.0 35004.0 1258.0
0.9453125 0.9372373819351196 1136.0 1147.0 35002.0 1273.0
0.953125 0.938248872756958 1132.0 1104.0 35045.0 1277.0
0.9404296875 0.9375486373901367 1136.0 1135.0 35014.0 1273.0
0.9248046875 0.9374448657035828 1139.0 1142.0 35007.0 1270.0
0.951171875 0.9370039701461792 1119.0 1139.0 35010.0 1290.0
0.9462890625 0.9369261860847473 1123.0 1146.0 35003.0 1286.0
0.94140625 0.9366409182548523 1153.0 1187.0 34962.0 1256.0
0.939453125 0.9378857612609863 1124.0 1110.0 35039.0 1285.0
0.9521484375 0.9376782774925232 1122.0 1116.0 35033.0 1287.0
0.935546875 0.9381191730499268 1117.0 1094.0 35055.0 1292.0
0.9560546875 0.937289297580719 1140.0 1149.0 35000.0 1269.0
0.9384765625 0.9371077418327332 1140.0 1156.0 34993.0 1269.0
0.9482421875 0.9372373819351196 1137.0 1148.0 35001.0 1272.0
0.939453125 0.9365630745887756 1142.0 1179.0 34970.0 1267.0
0.939453125 0.9368484020233154 1148.0 1174.0 34975.0 1261.0
0.947265625 0.9376782774925232 1146.0 1140.0 35009.0 1263.0
0.94140625 0.9368224740028381 1124.0 1151.0 34998.0 1285.0
0.9404296875 0.937574565410614 1149.0 1147.0 35002.0 1260.0
0.9462890625 0.9373152256011963 1138.0 1146.0 35003.0 1271.0
0.9453125 0.9376523494720459 1127.0 1122.0 35027.0 1282.0
0.935546875 0.9372633695602417 1137.0 1147.0 35002.0 1272.0
0.9521484375 0.9364852905273438 1149.0 1189.0 34960.0 1260.0
0.9501953125 0.9372114539146423 1150.0 1162.0 34987.0 1259.0
0.947265625 0.937859833240509 1125.0 1112.0 35037.0 1284.0
0.951171875 0.9361221790313721 1144.0 1198.0 34951.0 1265.0
0.9521484375 0.9379895329475403 1114.0 1096.0 35053.0 1295.0
0.9453125 0.9376523494720459 1118.0 1113.0 35036.0 1291.0
0.94140625 0.9364852905273438 1137.0 1177.0 34972.0 1272.0
0.951171875 0.9371336698532104 1124.0 1139.0 35010.0 1285.0
0.9287109375 0.9365371465682983 1118.0 1156.0 34993.0 1291.0
0.93359375 0.9368743300437927 1147.0 1172.0 34977.0 1262.0
0.9404296875 0.9364075064659119 1140.0 1183.0 34966.0 1269.0
0.9453125 0.9375486373901367 1111.0 1110.0 35039.0 1298.0
0.9296875 0.9364075064659119 1154.0 1197.0 34952.0 1255.0
0.935546875 0.9365371465682983 1158.0 1196.0 34953.0 1251.0
0.94140625 0.9364334344863892 1129.0 1171.0 34978.0 1280.0
0.9375 0.9377561211585999 1133.0 1124.0 35025.0 1276.0
0.9423828125 0.9362000226974487 1146.0 1197.0 34952.0 1263.0
0.9365234375 0.9368743300437927 1128.0 1153.0 34996.0 1281.0
0.931640625 0.9358628392219543 1122.0 1186.0 34963.0 1287.0
0.9384765625 0.9353700876235962 1153.0 1236.0 34913.0 1256.0
0.9443359375 0.9370039701461792 1119.0 1139.0 35010.0 1290.0
0.9345703125 0.9367964863777161 1131.0 1159.0 34990.0 1278.0
0.9443359375 0.9363296627998352 1157.0 1203.0 34946.0 1252.0
0.94140625 0.9364334344863892 1134.0 1176.0 34973.0 1275.0
0.9462890625 0.9373670816421509 1123.0 1129.0 35020.0 1286.0
0.9345703125 0.937289297580719 1097.0 1106.0 35043.0 1312.0
0.9443359375 0.9362000226974487 1123.0 1174.0 34975.0 1286.0
0.935546875 0.9378079771995544 1115.0 1104.0 35045.0 1294.0
0.939453125 0.9367187023162842 1122.0 1153.0 34996.0 1287.0
0.9423828125 0.9363815784454346 1130.0 1174.0 34975.0 1279.0
0.939453125 0.9356294274330139 1124.0 1197.0 34952.0 1285.0
0.9443359375 0.9366927742958069 1113.0 1145.0 35004.0 1296.0
0.94140625 0.9364593625068665 1123.0 1164.0 34985.0 1286.0
0.939453125 0.9371336698532104 1128.0 1143.0 35006.0 1281.0
0.94140625 0.9378079771995544 1120.0 1109.0 35040.0 1289.0
0.947265625 0.9358887672424316 1154.0 1217.0 34932.0 1255.0
0.943359375 0.937289297580719 1123.0 1132.0 35017.0 1286.0
0.9462890625 0.937289297580719 1117.0 1126.0 35023.0 1292.0
0.94140625 0.9371336698532104 1096.0 1111.0 35038.0 1313.0
0.9404296875 0.9354738593101501 1118.0 1197.0 34952.0 1291.0
0.943359375 0.9359925389289856 1147.0 1206.0 34943.0 1262.0
0.935546875 0.9356553554534912 1129.0 1201.0 34948.0 1280.0
0.953125 0.9349810481071472 1156.0 1254.0 34895.0 1253.0
0.9423828125 0.9376004934310913 1120.0 1117.0 35032.0 1289.0
0.943359375 0.9371595978736877 1133.0 1147.0 35002.0 1276.0
0.9443359375 0.9362518787384033 1132.0 1181.0 34968.0 1277.0
0.9208984375 0.9373670816421509 1128.0 1134.0 35015.0 1281.0
0.9375 0.9370299577713013 1125.0 1144.0 35005.0 1284.0
0.9326171875 0.936614990234375 1115.0 1150.0 34999.0 1294.0
0.9482421875 0.9356034994125366 1117.0 1191.0 34958.0 1292.0
0.9423828125 0.9355257153511047 1121.0 1198.0 34951.0 1288.0
0.943359375 0.9364334344863892 1126.0 1168.0 34981.0 1283.0
0.9560546875 0.936511218547821 1110.0 1149.0 35000.0 1299.0
0.9326171875 0.9360184669494629 1134.0 1192.0 34957.0 1275.0
0.9443359375 0.9361740946769714 1131.0 1183.0 34966.0 1278.0
0.9521484375 0.9361740946769714 1120.0 1172.0 34977.0 1289.0
0.9384765625 0.9362000226974487 1109.0 1160.0 34989.0 1300.0
0.953125 0.9366409182548523 1115.0 1149.0 35000.0 1294.0
0.951171875 0.93690025806427 1116.0 1140.0 35009.0 1293.0
0.94140625 0.936225950717926 1106.0 1156.0 34993.0 1303.0
0.9482421875 0.9363296627998352 1098.0 1144.0 35005.0 1311.0
0.9306640625 0.9364593625068665 1151.0 1192.0 34957.0 1258.0
0.947265625 0.935836911201477 1132.0 1197.0 34952.0 1277.0
0.9462890625 0.936225950717926 1141.0 1191.0 34958.0 1268.0
0.94921875 0.9369521141052246 1109.0 1131.0 35018.0 1300.0
0.9404296875 0.9347995519638062 1142.0 1247.0 34902.0 1267.0
0.9443359375 0.9365890622138977 1120.0 1156.0 34993.0 1289.0
0.93359375 0.9355257153511047 1138.0 1215.0 34934.0 1271.0
0.9462890625 0.9360184669494629 1135.0 1193.0 34956.0 1274.0
0.9541015625 0.9364075064659119 1106.0 1149.0 35000.0 1303.0
0.9326171875 0.9367187023162842 1119.0 1150.0 34999.0 1290.0
0.94921875 0.9359147548675537 1132.0 1194.0 34955.0 1277.0
0.9326171875 0.9353441596031189 1150.0 1234.0 34915.0 1259.0
0.9453125 0.9356294274330139 1141.0 1214.0 34935.0 1268.0
0.9482421875 0.9351107478141785 1140.0 1233.0 34916.0 1269.0
0.9541015625 0.9360703229904175 1137.0 1193.0 34956.0 1272.0
0.9404296875 0.9357591271400452 1114.0 1182.0 34967.0 1295.0
0.9443359375 0.9377301931381226 1107.0 1099.0 35050.0 1302.0
0.94921875 0.9356034994125366 1147.0 1221.0 34928.0 1262.0
0.9384765625 0.9360962510108948 1153.0 1208.0 34941.0 1256.0
0.943359375 0.9365630745887756 1134.0 1171.0 34978.0 1275.0
0.927734375 0.936225950717926 1125.0 1175.0 34974.0 1284.0
0.9423828125 0.9371595978736877 1122.0 1136.0 35013.0 1287.0
0.9423828125 0.9357072710990906 1138.0 1208.0 34941.0 1271.0
0.939453125 0.9367187023162842 1129.0 1160.0 34989.0 1280.0
0.9443359375 0.9347995519638062 1153.0 1258.0 34891.0 1256.0
0.9306640625 0.9356553554534912 1126.0 1198.0 34951.0 1283.0
0.9375 0.9357591271400452 1150.0 1218.0 34931.0 1259.0
0.94140625 0.9356034994125366 1136.0 1210.0 34939.0 1273.0
0.94140625 0.9353441596031189 1134.0 1218.0 34931.0 1275.0
0.9501953125 0.9366927742958069 1120.0 1152.0 34997.0 1289.0
0.9384765625 0.9369261860847473 1127.0 1150.0 34999.0 1282.0
0.9423828125 0.9361481666564941 1149.0 1202.0 34947.0 1260.0
0.9443359375 0.9342808127403259 1157.0 1282.0 34867.0 1252.0
0.943359375 0.9363815784454346 1147.0 1191.0 34958.0 1262.0
0.9404296875 0.935836911201477 1143.0 1208.0 34941.0 1266.0
0.9375 0.9352403879165649 1149.0 1237.0 34912.0 1260.0
0.9384765625 0.9364334344863892 1149.0 1191.0 34958.0 1260.0
0.947265625 0.9352923035621643 1119.0 1205.0 34944.0 1290.0
0.943359375 0.9363555908203125 1117.0 1162.0 34987.0 1292.0
0.9599609375 0.934877336025238 1148.0 1250.0 34899.0 1261.0
0.923828125 0.9357072710990906 1150.0 1220.0 34929.0 1259.0
0.947265625 0.9357331991195679 1150.0 1219.0 34930.0 1259.0
0.9296875 0.9373670816421509 1144.0 1150.0 34999.0 1265.0
0.939453125 0.9354997873306274 1139.0 1217.0 34932.0 1270.0
0.9306640625 0.9359147548675537 1145.0 1207.0 34942.0 1264.0
0.9482421875 0.9364334344863892 1149.0 1191.0 34958.0 1260.0
0.9482421875 0.9363815784454346 1150.0 1194.0 34955.0 1259.0
0.9501953125 0.9364075064659119 1144.0 1187.0 34962.0 1265.0
0.9462890625 0.9373670816421509 1126.0 1132.0 35017.0 1283.0
0.9423828125 0.93690025806427 1127.0 1151.0 34998.0 1282.0
0.9423828125 0.9360184669494629 1139.0 1197.0 34952.0 1270.0
0.94921875 0.9370299577713013 1133.0 1152.0 34997.0 1276.0
0.9482421875 0.9356553554534912 1150.0 1222.0 34927.0 1259.0
0.9462890625 0.9370039701461792 1128.0 1148.0 35001.0 1281.0
0.9462890625 0.9354997873306274 1154.0 1232.0 34917.0 1255.0
0.947265625 0.9354738593101501 1148.0 1227.0 34922.0 1261.0
0.9365234375 0.9364593625068665 1128.0 1169.0 34980.0 1281.0
0.94921875 0.9362000226974487 1140.0 1191.0 34958.0 1269.0
0.935546875 0.936225950717926 1158.0 1208.0 34941.0 1251.0
0.9501953125 0.9351107478141785 1155.0 1248.0 34901.0 1254.0
0.943359375 0.9366409182548523 1146.0 1180.0 34969.0 1263.0
0.939453125 0.9362000226974487 1155.0 1206.0 34943.0 1254.0
0.953125 0.9367446303367615 1153.0 1183.0 34966.0 1256.0
0.9443359375 0.9366668462753296 1153.0 1186.0 34963.0 1256.0
0.9404296875 0.9360443949699402 1143.0 1200.0 34949.0 1266.0
0.951171875 0.9366927742958069 1132.0 1164.0 34985.0 1277.0
0.9423828125 0.9367964863777161 1147.0 1175.0 34974.0 1262.0
0.935546875 0.9366927742958069 1141.0 1173.0 34976.0 1268.0
0.94921875 0.9362000226974487 1162.0 1213.0 34936.0 1247.0
0.93359375 0.9350069761276245 1150.0 1247.0 34902.0 1259.0
0.9443359375 0.9347735643386841 1149.0 1255.0 34894.0 1260.0
0.9404296875 0.9362778067588806 1149.0 1197.0 34952.0 1260.0
0.9453125 0.9362000226974487 1156.0 1207.0 34942.0 1253.0
0.9443359375 0.937574565410614 1135.0 1133.0 35016.0 1274.0
0.9443359375 0.936614990234375 1143.0 1178.0 34971.0 1266.0
0.951171875 0.9372373819351196 1126.0 1137.0 35012.0 1283.0
0.9384765625 0.9360443949699402 1110.0 1167.0 34982.0 1299.0
0.9453125 0.9360443949699402 1125.0 1182.0 34967.0 1284.0
0.9501953125 0.9363037347793579 1139.0 1186.0 34963.0 1270.0
0.9453125 0.934877336025238 1173.0 1275.0 34874.0 1236.0
0.9482421875 0.9356034994125366 1148.0 1222.0 34927.0 1261.0
0.9443359375 0.9358887672424316 1168.0 1231.0 34918.0 1241.0
0.94921875 0.9351107478141785 1156.0 1249.0 34900.0 1253.0
0.9365234375 0.9356553554534912 1149.0 1221.0 34928.0 1260.0
0.943359375 0.9362778067588806 1151.0 1199.0 34950.0 1258.0
0.9453125 0.9377301931381226 1126.0 1118.0 35031.0 1283.0
0.9501953125 0.9372114539146423 1136.0 1148.0 35001.0 1273.0
0.9453125 0.9362518787384033 1124.0 1173.0 34976.0 1285.0
0.94921875 0.9367187023162842 1144.0 1175.0 34974.0 1265.0
0.9208984375 0.9364593625068665 1160.0 1201.0 34948.0 1249.0
0.9501953125 0.9363815784454346 1133.0 1177.0 34972.0 1276.0
0.9462890625 0.9362778067588806 1142.0 1190.0 34959.0 1267.0
0.9453125 0.937574565410614 1137.0 1135.0 35014.0 1272.0
0.9501953125 0.9367187023162842 1148.0 1179.0 34970.0 1261.0
0.947265625 0.9355257153511047 1157.0 1234.0 34915.0 1252.0
0.9375 0.9366927742958069 1125.0 1157.0 34992.0 1284.0
0.9462890625 0.9376523494720459 1121.0 1116.0 35033.0 1288.0
0.94921875 0.9362518787384033 1152.0 1201.0 34948.0 1257.0
0.9404296875 0.9371595978736877 1171.0 1185.0 34964.0 1238.0
0.9482421875 0.9360184669494629 1155.0 1213.0 34936.0 1254.0
0.9482421875 0.9367446303367615 1137.0 1167.0 34982.0 1272.0
0.939453125 0.9361481666564941 1150.0 1203.0 34946.0 1259.0
0.9482421875 0.936511218547821 1158.0 1197.0 34952.0 1251.0
0.9541015625 0.9359666109085083 1160.0 1220.0 34929.0 1249.0
0.9404296875 0.9367705583572388 1144.0 1173.0 34976.0 1265.0
0.951171875 0.9374189376831055 1140.0 1144.0 35005.0 1269.0
0.94921875 0.9368224740028381 1163.0 1190.0 34959.0 1246.0
0.9599609375 0.9370558857917786 1136.0 1154.0 34995.0 1273.0
0.9404296875 0.9366409182548523 1166.0 1200.0 34949.0 1243.0
0.9482421875 0.9364075064659119 1183.0 1226.0 34923.0 1226.0
0.9462890625 0.9370299577713013 1172.0 1191.0 34958.0 1237.0
0.939453125 0.9363037347793579 1170.0 1217.0 34932.0 1239.0
0.9365234375 0.9363037347793579 1188.0 1235.0 34914.0 1221.0
0.9375 0.9367705583572388 1158.0 1187.0 34962.0 1251.0
0.9443359375 0.9370818138122559 1171.0 1188.0 34961.0 1238.0
0.947265625 0.9365890622138977 1187.0 1223.0 34926.0 1222.0
0.9501953125 0.9371595978736877 1149.0 1163.0 34986.0 1260.0
0.931640625 0.9379895329475403 1150.0 1132.0 35017.0 1259.0
0.9462890625 0.9361740946769714 1169.0 1221.0 34928.0 1240.0
0.9404296875 0.9366927742958069 1156.0 1188.0 34961.0 1253.0
0.9423828125 0.9376523494720459 1133.0 1128.0 35021.0 1276.0
0.947265625 0.9381451606750488 1122.0 1098.0 35051.0 1287.0
0.9462890625 0.9377042651176453 1169.0 1162.0 34987.0 1240.0
0.953125 0.9365630745887756 1182.0 1219.0 34930.0 1227.0
0.9443359375 0.9362518787384033 1158.0 1207.0 34942.0 1251.0
0.95703125 0.936511218547821 1158.0 1197.0 34952.0 1251.0
0.947265625 0.9373152256011963 1153.0 1161.0 34988.0 1256.0
0.953125 0.9376264214515686 1135.0 1131.0 35018.0 1274.0
0.958984375 0.9366668462753296 1187.0 1220.0 34929.0 1222.0
0.9375 0.9371595978736877 1144.0 1158.0 34991.0 1265.0
0.943359375 0.936225950717926 1127.0 1177.0 34972.0 1282.0
0.9375 0.9361221790313721 1152.0 1206.0 34943.0 1257.0
0.943359375 0.9375227093696594 1191.0 1191.0 34958.0 1218.0
0.9482421875 0.9370558857917786 1168.0 1186.0 34963.0 1241.0
0.9521484375 0.937289297580719 1146.0 1155.0 34994.0 1263.0
0.9482421875 0.9378339052200317 1159.0 1147.0 35002.0 1250.0
0.9375 0.9370299577713013 1160.0 1179.0 34970.0 1249.0
0.935546875 0.9374448657035828 1182.0 1185.0 34964.0 1227.0
0.9365234375 0.9369521141052246 1169.0 1191.0 34958.0 1240.0
0.943359375 0.9375227093696594 1143.0 1143.0 35006.0 1266.0
0.9521484375 0.9360703229904175 1162.0 1218.0 34931.0 1247.0
0.9443359375 0.9374448657035828 1155.0 1158.0 34991.0 1254.0
0.9501953125 0.9385859966278076 1165.0 1124.0 35025.0 1244.0
0.9375 0.937859833240509 1155.0 1142.0 35007.0 1254.0
0.9365234375 0.9368743300437927 1154.0 1179.0 34970.0 1255.0
0.9384765625 0.9370299577713013 1165.0 1184.0 34965.0 1244.0
0.94140625 0.9373411536216736 1171.0 1178.0 34971.0 1238.0
0.94140625 0.938637912273407 1139.0 1096.0 35053.0 1270.0
0.9462890625 0.9364593625068665 1178.0 1219.0 34930.0 1231.0
0.9482421875 0.9371595978736877 1165.0 1179.0 34970.0 1244.0
0.9453125 0.9381191730499268 1140.0 1117.0 35032.0 1269.0
0.935546875 0.9376004934310913 1159.0 1156.0 34993.0 1250.0
0.9462890625 0.9360443949699402 1170.0 1227.0 34922.0 1239.0
0.9384765625 0.9374189376831055 1163.0 1167.0 34982.0 1246.0
0.943359375 0.9363296627998352 1182.0 1228.0 34921.0 1227.0
0.951171875 0.9355775713920593 1180.0 1255.0 34894.0 1229.0
0.9443359375 0.9376004934310913 1151.0 1148.0 35001.0 1258.0
0.9365234375 0.937289297580719 1172.0 1181.0 34968.0 1237.0
0.9375 0.9361740946769714 1180.0 1232.0 34917.0 1229.0
0.94140625 0.937185525894165 1169.0 1182.0 34967.0 1240.0
0.943359375 0.937185525894165 1151.0 1164.0 34985.0 1258.0
0.94921875 0.9385082125663757 1147.0 1109.0 35040.0 1262.0
0.9326171875 0.9378857612609863 1154.0 1140.0 35009.0 1255.0
0.9482421875 0.9378079771995544 1145.0 1134.0 35015.0 1264.0
0.9453125 0.9371336698532104 1184.0 1199.0 34950.0 1225.0
0.9482421875 0.935836911201477 1178.0 1243.0 34906.0 1231.0
0.9423828125 0.9380932450294495 1152.0 1130.0 35019.0 1257.0
0.953125 0.9372373819351196 1177.0 1188.0 34961.0 1232.0
0.94140625 0.9385082125663757 1154.0 1116.0 35033.0 1255.0
0.9404296875 0.9381710886955261 1160.0 1135.0 35014.0 1249.0
0.9345703125 0.9375486373901367 1159.0 1158.0 34991.0 1250.0
0.9580078125 0.9381970167160034 1155.0 1129.0 35020.0 1254.0
0.94921875 0.9364075064659119 1187.0 1230.0 34919.0 1222.0
0.9423828125 0.9381191730499268 1186.0 1163.0 34986.0 1223.0
0.947265625 0.9382748007774353 1150.0 1121.0 35028.0 1259.0
0.9482421875 0.9383266568183899 1160.0 1129.0 35020.0 1249.0
0.9453125 0.9378339052200317 1162.0 1150.0 34999.0 1247.0
0.9501953125 0.9381191730499268 1161.0 1138.0 35011.0 1248.0
0.9482421875 0.9375227093696594 1154.0 1154.0 34995.0 1255.0
0.9462890625 0.9366668462753296 1182.0 1215.0 34934.0 1227.0
0.9326171875 0.9381191730499268 1168.0 1145.0 35004.0 1241.0
0.9462890625 0.9377042651176453 1151.0 1144.0 35005.0 1258.0
0.94921875 0.9384304285049438 1147.0 1112.0 35037.0 1262.0
0.9501953125 0.9360184669494629 1186.0 1244.0 34905.0 1223.0
0.9306640625 0.9383266568183899 1153.0 1122.0 35027.0 1256.0
0.947265625 0.9378339052200317 1179.0 1167.0 34982.0 1230.0
0.9296875 0.9378339052200317 1171.0 1159.0 34990.0 1238.0
0.94140625 0.9380413889884949 1176.0 1156.0 34993.0 1233.0
0.9462890625 0.9377820491790771 1181.0 1171.0 34978.0 1228.0
0.951171875 0.9386119842529297 1176.0 1134.0 35015.0 1233.0
0.951171875 0.9376523494720459 1165.0 1160.0 34989.0 1244.0
0.94140625 0.936511218547821 1174.0 1213.0 34936.0 1235.0
0.9375 0.9389491081237793 1171.0 1116.0 35033.0 1238.0
0.9365234375 0.9375227093696594 1180.0 1180.0 34969.0 1229.0
0.9453125 0.9380154609680176 1192.0 1173.0 34976.0 1217.0
0.9521484375 0.937574565410614 1181.0 1179.0 34970.0 1228.0
0.947265625 0.9378079771995544 1157.0 1146.0 35003.0 1252.0
0.9501953125 0.938534140586853 1175.0 1136.0 35013.0 1234.0
0.958984375 0.9381451606750488 1169.0 1145.0 35004.0 1240.0
0.94140625 0.9383785724639893 1173.0 1140.0 35009.0 1236.0
0.9345703125 0.9372633695602417 1191.0 1201.0 34948.0 1218.0
0.935546875 0.9374448657035828 1202.0 1205.0 34944.0 1207.0
0.951171875 0.9377561211585999 1202.0 1193.0 34956.0 1207.0
0.9482421875 0.9377820491790771 1168.0 1158.0 34991.0 1241.0
0.9453125 0.9380413889884949 1164.0 1144.0 35005.0 1245.0
0.955078125 0.9374189376831055 1193.0 1197.0 34952.0 1216.0
0.94921875 0.9363555908203125 1182.0 1227.0 34922.0 1227.0
0.9453125 0.9385600686073303 1186.0 1146.0 35003.0 1223.0
0.9384765625 0.9381710886955261 1152.0 1127.0 35022.0 1257.0
0.9443359375 0.9377301931381226 1169.0 1161.0 34988.0 1240.0
0.9443359375 0.9376004934310913 1187.0 1184.0 34965.0 1222.0
0.9326171875 0.9364593625068665 1187.0 1228.0 34921.0 1222.0
0.9462890625 0.9390268921852112 1172.0 1114.0 35035.0 1237.0
0.9423828125 0.9377301931381226 1161.0 1153.0 34996.0 1248.0
0.939453125 0.9381710886955261 1182.0 1157.0 34992.0 1227.0
0.947265625 0.9362518787384033 1207.0 1256.0 34893.0 1202.0
0.9443359375 0.937574565410614 1181.0 1179.0 34970.0 1228.0
0.958984375 0.9385082125663757 1164.0 1126.0 35023.0 1245.0
0.9501953125 0.9371595978736877 1189.0 1203.0 34946.0 1220.0
0.9404296875 0.9374967813491821 1164.0 1165.0 34984.0 1245.0
0.9560546875 0.9374967813491821 1189.0 1190.0 34959.0 1220.0
0.9375 0.9380154609680176 1174.0 1155.0 34994.0 1235.0
0.9423828125 0.9391306638717651 1155.0 1093.0 35056.0 1254.0
0.953125 0.9371595978736877 1203.0 1217.0 34932.0 1206.0
0.953125 0.9384563565254211 1174.0 1138.0 35011.0 1235.0
0.9443359375 0.937289297580719 1186.0 1195.0 34954.0 1223.0
0.94921875 0.9376523494720459 1195.0 1190.0 34959.0 1214.0
0.9541015625 0.9370299577713013 1195.0 1214.0 34935.0 1214.0
0.947265625 0.9369261860847473 1174.0 1197.0 34952.0 1235.0
0.9443359375 0.9373152256011963 1202.0 1210.0 34939.0 1207.0
0.9501953125 0.9377820491790771 1200.0 1190.0 34959.0 1209.0
0.9326171875 0.9372633695602417 1185.0 1195.0 34954.0 1224.0
0.94140625 0.9373411536216736 1182.0 1189.0 34960.0 1227.0
0.943359375 0.9367964863777161 1179.0 1207.0 34942.0 1230.0
0.953125 0.9383007287979126 1164.0 1134.0 35015.0 1245.0
0.9443359375 0.9371077418327332 1177.0 1193.0 34956.0 1232.0
0.9462890625 0.9372373819351196 1183.0 1194.0 34955.0 1226.0
0.9423828125 0.9373411536216736 1179.0 1186.0 34963.0 1230.0
0.943359375 0.9380413889884949 1151.0 1131.0 35018.0 1258.0
0.9384765625 0.9373670816421509 1184.0 1190.0 34959.0 1225.0
0.9423828125 0.9375486373901367 1188.0 1187.0 34962.0 1221.0
0.955078125 0.937859833240509 1194.0 1181.0 34968.0 1215.0
0.9423828125 0.9370818138122559 1195.0 1212.0 34937.0 1214.0
0.947265625 0.9374189376831055 1192.0 1196.0 34953.0 1217.0
0.955078125 0.9383525848388672 1169.0 1137.0 35012.0 1240.0
0.9345703125 0.9360703229904175 1208.0 1264.0 34885.0 1201.0
0.947265625 0.9373411536216736 1207.0 1214.0 34935.0 1202.0
0.95703125 0.9376782774925232 1203.0 1197.0 34952.0 1206.0
0.9443359375 0.9381191730499268 1168.0 1145.0 35004.0 1241.0
0.9404296875 0.9370558857917786 1179.0 1197.0 34952.0 1230.0
0.947265625 0.9377042651176453 1190.0 1183.0 34966.0 1219.0
0.939453125 0.9364593625068665 1211.0 1252.0 34897.0 1198.0
0.9560546875 0.9378079771995544 1174.0 1163.0 34986.0 1235.0
0.9462890625 0.9374967813491821 1199.0 1200.0 34949.0 1210.0
0.9443359375 0.9373411536216736 1188.0 1195.0 34954.0 1221.0
0.9541015625 0.9376004934310913 1203.0 1200.0 34949.0 1206.0
0.9384765625 0.938637912273407 1194.0 1151.0 34998.0 1215.0
0.9384765625 0.9371077418327332 1207.0 1223.0 34926.0 1202.0
0.9462890625 0.9383785724639893 1183.0 1150.0 34999.0 1226.0
0.9365234375 0.9381970167160034 1173.0 1147.0 35002.0 1236.0
0.9404296875 0.9371336698532104 1209.0 1224.0 34925.0 1200.0
0.94921875 0.9369780421257019 1231.0 1252.0 34897.0 1178.0
0.9404296875 0.9376004934310913 1194.0 1191.0 34958.0 1215.0
0.9541015625 0.9378079771995544 1187.0 1176.0 34973.0 1222.0
0.9501953125 0.9380154609680176 1167.0 1148.0 35001.0 1242.0
0.9423828125 0.9379895329475403 1160.0 1142.0 35007.0 1249.0
0.955078125 0.9363815784454346 1190.0 1234.0 34915.0 1219.0
0.9453125 0.9373930096626282 1199.0 1204.0 34945.0 1210.0
0.9462890625 0.9376004934310913 1204.0 1201.0 34948.0 1205.0
0.9521484375 0.9376523494720459 1177.0 1172.0 34977.0 1232.0
0.95703125 0.9373411536216736 1206.0 1213.0 34936.0 1203.0
0.9453125 0.9375486373901367 1181.0 1180.0 34969.0 1228.0
0.939453125 0.9376264214515686 1174.0 1170.0 34979.0 1235.0
0.935546875 0.937289297580719 1201.0 1210.0 34939.0 1208.0
0.9599609375 0.936225950717926 1207.0 1257.0 34892.0 1202.0
0.93359375 0.93690025806427 1201.0 1225.0 34924.0 1208.0
0.943359375 0.9380413889884949 1187.0 1167.0 34982.0 1222.0
0.9375 0.9383266568183899 1188.0 1157.0 34992.0 1221.0
0.9541015625 0.9370558857917786 1184.0 1202.0 34947.0 1225.0
0.9345703125 0.9383007287979126 1197.0 1167.0 34982.0 1212.0
0.9462890625 0.9367964863777161 1216.0 1244.0 34905.0 1193.0
0.9482421875 0.9370558857917786 1193.0 1211.0 34938.0 1216.0
0.951171875 0.937289297580719 1208.0 1217.0 34932.0 1201.0
0.9521484375 0.9376523494720459 1187.0 1182.0 34967.0 1222.0
0.939453125 0.9372633695602417 1214.0 1224.0 34925.0 1195.0
0.9453125 0.9381191730499268 1181.0 1158.0 34991.0 1228.0
0.943359375 0.9373411536216736 1203.0 1210.0 34939.0 1206.0
0.9423828125 0.9377820491790771 1194.0 1184.0 34965.0 1215.0
0.953125 0.937859833240509 1209.0 1196.0 34953.0 1200.0
0.9423828125 0.9370299577713013 1197.0 1216.0 34933.0 1212.0
0.935546875 0.9370299577713013 1215.0 1234.0 34915.0 1194.0
0.9423828125 0.9376004934310913 1177.0 1174.0 34975.0 1232.0
0.9443359375 0.9362518787384033 1210.0 1259.0 34890.0 1199.0
0.943359375 0.937963604927063 1184.0 1167.0 34982.0 1225.0
0.9541015625 0.936614990234375 1209.0 1244.0 34905.0 1200.0
0.9404296875 0.938248872756958 1188.0 1160.0 34989.0 1221.0
0.94921875 0.9365890622138977 1202.0 1238.0 34911.0 1207.0
0.9306640625 0.9367964863777161 1188.0 1216.0 34933.0 1221.0
0.939453125 0.9367446303367615 1211.0 1241.0 34908.0 1198.0
0.9541015625 0.9370299577713013 1187.0 1206.0 34943.0 1222.0
0.9453125 0.9374448657035828 1206.0 1209.0 34940.0 1203.0
0.951171875 0.9375486373901367 1197.0 1196.0 34953.0 1212.0
0.9375 0.9366409182548523 1207.0 1241.0 34908.0 1202.0
0.9453125 0.9388194680213928 1196.0 1146.0 35003.0 1213.0
0.9375 0.9380673170089722 1192.0 1171.0 34978.0 1217.0
0.955078125 0.9374967813491821 1195.0 1196.0 34953.0 1214.0
0.9501953125 0.9374707937240601 1195.0 1197.0 34952.0 1214.0
0.943359375 0.9376523494720459 1196.0 1191.0 34958.0 1213.0
0.9296875 0.9376523494720459 1193.0 1188.0 34961.0 1216.0
0.947265625 0.9381970167160034 1190.0 1164.0 34985.0 1219.0
0.943359375 0.9370818138122559 1204.0 1221.0 34928.0 1205.0
0.951171875 0.9387675523757935 1168.0 1120.0 35029.0 1241.0
0.9404296875 0.9361481666564941 1222.0 1275.0 34874.0 1187.0
0.951171875 0.9381191730499268 1181.0 1158.0 34991.0 1228.0
0.943359375 0.9366668462753296 1200.0 1233.0 34916.0 1209.0
0.9345703125 0.9379895329475403 1222.0 1204.0 34945.0 1187.0
0.955078125 0.9367964863777161 1191.0 1219.0 34930.0 1218.0
0.9384765625 0.9370818138122559 1205.0 1222.0 34927.0 1204.0
0.9423828125 0.9376523494720459 1211.0 1206.0 34943.0 1198.0
0.9423828125 0.9370299577713013 1198.0 1217.0 34932.0 1211.0
0.9462890625 0.9366409182548523 1205.0 1239.0 34910.0 1204.0
0.9443359375 0.9373670816421509 1219.0 1225.0 34924.0 1190.0
0.9423828125 0.9370299577713013 1215.0 1234.0 34915.0 1194.0
0.9462890625 0.937859833240509 1204.0 1191.0 34958.0 1205.0
0.9482421875 0.936511218547821 1223.0 1262.0 34887.0 1186.0
0.951171875 0.9377042651176453 1178.0 1171.0 34978.0 1231.0
0.953125 0.9376004934310913 1218.0 1215.0 34934.0 1191.0
0.953125 0.9370299577713013 1210.0 1229.0 34920.0 1199.0
0.9375 0.9378079771995544 1201.0 1190.0 34959.0 1208.0
0.9423828125 0.9375227093696594 1198.0 1198.0 34951.0 1211.0
0.9443359375 0.9378079771995544 1174.0 1163.0 34986.0 1235.0
0.9365234375 0.9374448657035828 1210.0 1213.0 34936.0 1199.0
0.958984375 0.9362000226974487 1221.0 1272.0 34877.0 1188.0
0.9443359375 0.9369780421257019 1218.0 1239.0 34910.0 1191.0
