5.738748550415039062e+00
-1.185852527618408203e+01
-1.065159702301025391e+01
-2.433715438842773438e+01
-4.840826034545898438e+00
1.587540507316589355e+00
5.830478668212890625e+00
-5.162191390991210938e+00
4.088622570037841797e+00
-1.663076877593994141e-01
8.532446861267089844e+00
1.217812442779541016e+01
2.762928962707519531e+00
-1.174144935607910156e+01
-2.054479360580444336e+00
-3.919650614261627197e-01
-1.327100515365600586e+00
1.981253623962402344e+00
-4.527421474456787109e+00
-8.374170213937759399e-02
7.349458217620849609e+00
-2.376045227050781250e+00
-1.479391455650329590e+00
-1.154086112976074219e+00
-5.161357879638671875e+00
7.909753322601318359e+00
4.819483280181884766e+00
1.479096508026123047e+01
3.237912893295288086e+00
5.363632678985595703e+00
7.618883252143859863e-01
3.412870645523071289e+00
-7.196328639984130859e+00
-7.987970352172851562e+00
-1.399917697906494141e+01
-1.515097332000732422e+01
1.001159906387329102e+00
-9.042777061462402344e+00
1.804381728172302246e+00
9.886178016662597656e+00
-2.030190706253051758e+00
-1.099040222167968750e+01
-1.179869174957275391e+01
-1.169865989685058594e+01
-2.906386554241180420e-01
5.359960556030273438e+00
-1.185139751434326172e+01
-1.120655059814453125e+01
-9.588092803955078125e+00
-8.902177214622497559e-01
6.131422519683837891e+00
-1.641229629516601562e+01
-8.019806861877441406e+00
-4.365706920623779297e+00
1.378071880340576172e+01
-2.917641639709472656e+00
-3.995365619659423828e+00
-7.423227787017822266e+00
8.193105697631835938e+00
-2.209886461496353149e-01
1.217677879333496094e+01
8.977149963378906250e+00
-5.322068214416503906e+00
-9.816622734069824219e-01
5.030278205871582031e+00
-9.835897445678710938e+00
-9.876039505004882812e+00
-8.485582351684570312e+00
-3.295777320861816406e+00
-9.328999519348144531e+00
-1.746899366378784180e+00
3.803817987442016602e+00
7.857665538787841797e+00
-1.535468578338623047e+01
-5.784708976745605469e+00
2.518238306045532227e+00
-7.954627513885498047e+00
2.234138250350952148e+00
1.002783298492431641e+01
2.454893589019775391e+00
