-3.605242073535919189e-01
4.049266278743743896e-01
9.092777371406555176e-01
-1.307743191719055176e+00
-1.080344796180725098e+00
3.053779900074005127e-01
-6.208537220954895020e-01
-2.037531435489654541e-01
-2.361691474914550781e+00
1.220772147178649902e+00
2.795301973819732666e-01
1.564599424600601196e-01
-3.828493833541870117e+00
-5.882294178009033203e-01
5.342624783515930176e-01
-6.805030703544616699e-01
-2.804017782211303711e+00
-9.806758761405944824e-01
1.317464560270309448e-01
1.619304418563842773e+00
3.099423944950103760e-01
2.259122371673583984e+00
1.124840855598449707e+00
-2.417873293161392212e-01
-2.015631437301635742e+00
-1.527123808860778809e+00
-6.691555678844451904e-02
7.186433672904968262e-01
-1.612293839454650879e+00
-2.400498151779174805e+00
