-6.376564025878906250e+00
-3.150448501110076904e-01
9.761337637901306152e-01
-2.786839008331298828e-01
2.833606004714965820e+00
-7.875542044639587402e-01
-4.903533935546875000e+00
6.261292099952697754e-01
2.556806087493896484e+00
-4.299538731575012207e-01
4.180966377258300781e+00
5.192431449890136719e+00
-1.801231026649475098e+00
3.658481359481811523e+00
-4.936198145151138306e-02
-8.170886635780334473e-01
3.727787971496582031e+00
1.019122123718261719e+00
1.522541165351867676e+00
-3.787841320037841797e+00
-3.153858780860900879e-01
3.434677362442016602e+00
1.413463950157165527e+00
3.303941249847412109e+00
4.929145812988281250e+00
6.788637638092041016e-01
-2.613337278366088867e+00
-3.413818776607513428e-01
7.486927509307861328e+00
-1.383082389831542969e+00
1.165506720542907715e+00
2.561936378479003906e+00
1.116147637367248535e+00
-6.192639350891113281e+00
4.997026443481445312e+00
3.782443523406982422e+00
5.040337562561035156e+00
4.787446498870849609e+00
-6.977580785751342773e-01
-5.596662163734436035e-01
-5.522308945655822754e-01
7.229877471923828125e+00
1.015062570571899414e+00
9.393203854560852051e-01
-3.949643373489379883e+00
1.348898291587829590e+00
-3.732673168182373047e+00
1.914832592010498047e+00
-4.572964668273925781e+00
-1.769359469413757324e+00
1.794627457857131958e-01
9.466320276260375977e-01
1.440351083874702454e-02
-5.289867877960205078e+00
2.766980409622192383e+00
-5.510025978088378906e+00
7.071173191070556641e-01
3.436613827943801880e-02
2.345490217208862305e+00
2.173692464828491211e+00
-2.073285102844238281e+00
-7.675881981849670410e-01
-1.732572764158248901e-01
8.278254270553588867e-01
4.035468578338623047e+00
-1.614994883537292480e+00
-9.296148270368576050e-02
1.671190142631530762e+00
1.932305812835693359e+00
2.920844793319702148e+00
-2.822739839553833008e+00
3.726162433624267578e+00
5.545660018920898438e+00
-1.658683717250823975e-01
1.322606444358825684e+00
1.341216683387756348e+00
-2.305280685424804688e+00
-3.164355993270874023e+00
-1.726069092750549316e+00
9.333235770463943481e-02
