-2.528171777725219727e+00
-1.892286062240600586e+00
-2.379763841629028320e+00
-5.682298541069030762e-02
8.336675167083740234e-01
-2.999585628509521484e+00
-6.851090788841247559e-01
8.629139661788940430e-01
1.748607754707336426e+00
-1.040345311164855957e+00
2.590807676315307617e+00
-3.590079784393310547e+00
-1.162623047828674316e+00
1.513738274574279785e+00
4.673582077026367188e+00
1.140667438507080078e+00
7.555930614471435547e-01
1.272459506988525391e+00
-3.216514289379119873e-01
-2.191291600465774536e-01
1.398781836032867432e-01
-2.370715588331222534e-01
-4.800387918949127197e-01
3.385354757308959961e+00
3.465225100517272949e-01
-9.894352555274963379e-01
-1.528264403343200684e+00
-3.320280611515045166e-01
-1.312442541122436523e+00
-1.308799386024475098e+00
-1.177984699606895447e-01
-6.467495113611221313e-03
-1.459313273429870605e+00
1.853568315505981445e+00
3.841542899608612061e-01
-1.915544033050537109e+00
1.157926559448242188e+00
-1.427616119384765625e+00
-3.774292767047882080e-01
2.600191116333007812e+00
3.602094888687133789e+00
-2.247662782669067383e+00
-4.094208240509033203e+00
2.609412908554077148e+00
2.128536224365234375e+00
-2.456363916397094727e+00
-4.944330751895904541e-01
9.624966382980346680e-01
-4.084685325622558594e+00
-8.955003619194030762e-01
