-9.531673789024353027e-01
2.441300392150878906e+00
7.653731107711791992e-01
1.700705647468566895e+00
-8.362244367599487305e-01
-5.333145260810852051e-01
-2.153515815734863281e-01
-5.762609839439392090e-01
1.133712887763977051e+00
-5.558940172195434570e-01
2.087527275085449219e+00
3.940568268299102783e-01
2.098788022994995117e+00
-5.039862990379333496e-01
1.790648102760314941e+00
-1.603393912315368652e+00
1.014681309461593628e-01
-2.238219976425170898e+00
1.314135074615478516e+00
-1.754335403442382812e+00
-2.075773924589157104e-01
-6.293123364448547363e-01
-1.329687595367431641e+00
-1.487478017807006836e+00
1.785872936248779297e+00
5.399541854858398438e-01
2.185827970504760742e+00
-6.014503240585327148e-01
-1.892162084579467773e+00
1.399953603744506836e+00
9.882268309593200684e-01
-2.878756284713745117e+00
2.081543684005737305e+00
-1.295024514198303223e+00
-1.808026432991027832e+00
7.924799919128417969e-01
-6.898782253265380859e-01
-2.175780057907104492e+00
-1.172264337539672852e+00
1.351988315582275391e+00
-1.127432823181152344e+00
2.075775623321533203e+00
1.402408123016357422e+00
-6.742858290672302246e-01
2.165014266967773438e+00
1.242136359214782715e+00
1.499133825302124023e+00
-1.864978551864624023e+00
-2.157073259353637695e+00
2.035778760910034180e+00
7.650215029716491699e-01
8.562764525413513184e-01
1.097983121871948242e+00
2.434989213943481445e+00
3.222462832927703857e-01
1.072999000549316406e+00
1.317935228347778320e+00
5.500875040888786316e-02
-1.877125948667526245e-01
2.917713880538940430e+00
