9.320974946022033691e-01
-1.072298765182495117e+00
7.546340674161911011e-02
-9.161165952682495117e-01
-6.374732851982116699e-01
-1.692277669906616211e+00
8.807495236396789551e-01
-1.336315870285034180e+00
-1.397183299064636230e+00
1.582479715347290039e+00
7.368274927139282227e-01
-2.804383933544158936e-01
1.143507122993469238e+00
1.869190096855163574e+00
1.329945683479309082e+00
-5.202057361602783203e-01
-1.526136755943298340e+00
-1.888722777366638184e+00
-6.731123924255371094e-01
-1.295008063316345215e+00
3.137828707695007324e-01
4.810131490230560303e-01
-1.979072332382202148e+00
5.956485271453857422e-01
-8.271415233612060547e-01
6.426706314086914062e-01
-1.245072484016418457e+00
1.426225602626800537e-01
4.232819750905036926e-02
-5.595127344131469727e-01
-5.353773012757301331e-02
-1.868670582771301270e-01
1.059157699346542358e-01
3.004525303840637207e-01
1.447874784469604492e+00
-4.942389130592346191e-01
4.179015159606933594e-01
1.432680130004882812e+00
-1.340832948684692383e+00
-1.118959426879882812e+00
-3.666632175445556641e-01
1.507020235061645508e+00
8.832337260246276855e-01
1.054905533790588379e+00
4.509838223457336426e-01
1.005504396744072437e-03
2.082521438598632812e+00
4.743635058403015137e-01
-1.073472499847412109e+00
4.832074940204620361e-01
5.351741611957550049e-02
1.341470599174499512e+00
-1.588553905487060547e+00
-7.514963746070861816e-01
-1.790939092636108398e+00
-9.433273971080780029e-02
9.908192157745361328e-01
4.756836593151092529e-01
5.919340848922729492e-01
1.062202095985412598e+00
