2.978770017623901367e+00
1.142499297857284546e-01
9.380072355270385742e-01
4.008360862731933594e+00
-2.183711528778076172e+00
-2.284079790115356445e+00
-1.460346221923828125e+00
-1.215766668319702148e+00
-2.883703410625457764e-01
-1.735077381134033203e+00
1.070114254951477051e+00
4.492248296737670898e-01
1.451035737991333008e+00
-1.381200313568115234e+00
8.428162932395935059e-01
-7.262917160987854004e-01
-7.729992270469665527e-01
-2.530734062194824219e+00
-6.341391801834106445e-01
-1.981648087501525879e+00
2.939134597778320312e+00
-6.205663084983825684e-01
3.269644975662231445e+00
6.146311759948730469e-01
-7.488539218902587891e-01
-1.913014769554138184e+00
2.380281209945678711e+00
4.525116086006164551e-01
1.440217614173889160e+00
3.052771389484405518e-01
-3.247528970241546631e-01
-6.514683365821838379e-01
2.712857425212860107e-01
-1.074781119823455811e-01
8.421784639358520508e-02
-1.424499273300170898e+00
-3.100935220718383789e+00
4.660897254943847656e-01
8.474678397178649902e-01
5.329603552818298340e-01
-1.573239564895629883e+00
1.975557684898376465e+00
-3.795820847153663635e-02
-2.022860527038574219e+00
-1.664963722229003906e+00
2.103405237197875977e+00
5.844366922974586487e-02
1.592880845069885254e+00
-8.891676664352416992e-01
9.210168719291687012e-01
