-1.496524572372436523e+00
-1.724200487136840820e+00
3.796336650848388672e-01
-5.320967435836791992e-01
1.811925411224365234e+00
-8.260813355445861816e-01
-2.609915733337402344e+00
5.429570078849792480e-01
6.178702712059020996e-01
2.225141048431396484e+00
-1.475193023681640625e+00
-2.722370922565460205e-01
2.322800874710083008e+00
3.593981862068176270e-01
1.593520641326904297e+00
1.947200179100036621e+00
-1.391717791557312012e+00
-1.225118637084960938e+00
1.845580816268920898e+00
2.396274566650390625e+00
1.984743177890777588e-01
-1.515686392784118652e+00
-3.029535055160522461e+00
-4.365356862545013428e-01
1.045564174652099609e+00
1.274588823318481445e+00
-1.449305117130279541e-01
9.116645455360412598e-01
-4.767492413520812988e-01
-1.814870238304138184e+00
-1.845663905143737793e+00
-3.497934639453887939e-01
-2.264511823654174805e+00
-1.187914848327636719e+00
1.123868703842163086e+00
2.527835965156555176e-01
-1.166036128997802734e+00
-9.643516540527343750e-01
-8.899993896484375000e-01
8.221459388732910156e-01
-2.093643188476562500e+00
2.439500391483306885e-01
9.458415508270263672e-01
-1.452141106128692627e-01
-4.916536808013916016e-01
1.361196279525756836e+00
-1.592295289039611816e+00
-3.337021768093109131e-01
-4.296180903911590576e-01
6.784424185752868652e-01
