-6.846944689750671387e-01 -1.672913581132888794e-01
5.004949122667312622e-02 -3.419862389564514160e-01
-1.263161599636077881e-01 -4.956514239311218262e-01
-8.596684336662292480e-01 -4.523758888244628906e-01
2.613733410835266113e-01 -1.310452222824096680e-01
-2.778752744197845459e-01 2.025654464960098267e-01
-1.453282684087753296e-01 3.518817722797393799e-01
4.633130431175231934e-01 9.269605875015258789e-01
-5.701349377632141113e-01 -9.529619812965393066e-01
4.555646479129791260e-01 -5.824404302984476089e-03
-4.588458538055419922e-01 -8.278304338455200195e-01
-4.110730886459350586e-01 3.844043822027742863e-04
-1.036919474601745605e+00 -6.178555488586425781e-01
1.277784943580627441e+00 8.722693920135498047e-01
6.418409347534179688e-01 2.518127262592315674e-01
-2.357227057218551636e-01 1.335621625185012817e-01
6.159301400184631348e-01 1.460831612348556519e-01
-2.107125073671340942e-01 2.174824774265289307e-01
-1.189817309379577637e+00 -1.645449042320251465e+00
-5.617115646600723267e-02 3.338115215301513672e-01
1.130490660667419434e+00 6.077953577041625977e-01
8.400158882141113281e-01 4.082468748092651367e-01
-8.966603875160217285e-01 -5.155470371246337891e-01
-6.797177344560623169e-02 3.329408764839172363e-01
-4.336548149585723877e-01 -1.895182020962238312e-02
-7.164011001586914062e-01 -2.637387514114379883e-01
2.480179518461227417e-01 -1.424912810325622559e-01
-3.322518467903137207e-01 9.381925314664840698e-02
-5.867661237716674805e-01 -1.515618115663528442e-01
8.258833289146423340e-01 3.252277374267578125e-01
1.066404581069946289e+00 6.717999577522277832e-01
-3.643837198615074158e-02 -7.646821737289428711e-01
-1.190887615084648132e-01 -5.946299433708190918e-01
-6.891658306121826172e-01 -1.083657503128051758e+00
-4.029271602630615234e-01 4.159107431769371033e-02
-1.158611178398132324e-01 2.869191765785217285e-01
5.107837170362472534e-02 7.282360196113586426e-01
8.844944834709167480e-01 1.322355031967163086e+00
9.501314163208007812e-01 1.419574856758117676e+00
-2.126215994358062744e-01 -7.443473339080810547e-01
7.748748660087585449e-01 1.260798573493957520e+00
1.128868103027343750e+00 1.489740490913391113e+00
-7.389966845512390137e-01 -1.222651124000549316e+00
3.333264887332916260e-01 -1.372386584989726543e-03
1.784446388483047485e-01 -2.843693196773529053e-01
1.894249320030212402e-01 5.958484411239624023e-01
6.483281031250953674e-04 -3.820273876190185547e-01
-5.234026312828063965e-01 -8.989142775535583496e-01
1.708937436342239380e-01 -2.805510461330413818e-01
-2.597253024578094482e-01 -7.329427003860473633e-01
-3.349911570549011230e-01 -6.926010251045227051e-01
-2.678592205047607422e-01 2.504972815513610840e-01
-1.479012966156005859e-01 -5.404148101806640625e-01
6.735047698020935059e-01 1.326492577791213989e-01
4.731690287590026855e-01 -8.912767469882965088e-02
-4.242430925369262695e-01 1.098176911473274231e-01
-7.780596017837524414e-01 -1.339604139328002930e+00
-9.402644634246826172e-01 -4.381833970546722412e-01
4.107198715209960938e-01 8.228598237037658691e-01
6.760805845260620117e-01 2.393410354852676392e-01
