0.4306640625 0.4392032027244568 1438.0 7137.0 4912.0 971.0
0.6865234375 0.6877853274345398 1191.0 3296.0 8753.0 1218.0
0.6962890625 0.7253423929214478 1239.0 2801.0 9248.0 1170.0
0.771484375 0.7614469528198242 1210.0 2250.0 9799.0 1199.0
0.794921875 0.795891523361206 1186.0 1728.0 10321.0 1223.0
0.81640625 0.805090606212616 1173.0 1582.0 10467.0 1236.0
0.8115234375 0.8091713786125183 1240.0 1590.0 10459.0 1169.0
0.82421875 0.8116613626480103 1272.0 1586.0 10463.0 1137.0
0.83203125 0.8162955045700073 1281.0 1528.0 10521.0 1128.0
0.84375 0.8162263035774231 1333.0 1581.0 10468.0 1076.0
0.8369140625 0.8170562982559204 1362.0 1598.0 10451.0 1047.0
0.830078125 0.8180246353149414 1381.0 1603.0 10446.0 1028.0
0.837890625 0.8208604454994202 1381.0 1562.0 10487.0 1028.0
0.828125 0.8192004561424255 1424.0 1629.0 10420.0 985.0
0.8359375 0.8173329830169678 1445.0 1677.0 10372.0 964.0
0.845703125 0.8219670653343201 1435.0 1600.0 10449.0 974.0
0.8154296875 0.8209987282752991 1430.0 1609.0 10440.0 979.0
0.8310546875 0.8218979239463806 1453.0 1619.0 10430.0 956.0
0.8359375 0.8207221031188965 1487.0 1670.0 10379.0 922.0
0.8330078125 0.8215520977973938 1497.0 1668.0 10381.0 912.0
0.8427734375 0.8245261907577515 1487.0 1615.0 10434.0 922.0
0.83984375 0.8248720169067383 1505.0 1628.0 10421.0 904.0
0.818359375 0.8278461694717407 1504.0 1584.0 10465.0 905.0
0.8193359375 0.824457049369812 1542.0 1671.0 10378.0 867.0
0.8408203125 0.8259095549583435 1540.0 1648.0 10401.0 869.0
0.8486328125 0.8317885994911194 1546.0 1569.0 10480.0 863.0
0.8369140625 0.834970235824585 1547.0 1524.0 10525.0 862.0
0.826171875 0.8320652842521667 1559.0 1578.0 10471.0 850.0
0.8544921875 0.8317885994911194 1564.0 1587.0 10462.0 845.0
0.833984375 0.83061283826828 1577.0 1617.0 10432.0 832.0
0.810546875 0.8341402411460876 1555.0 1544.0 10505.0 854.0
0.849609375 0.8288836479187012 1580.0 1645.0 10404.0 829.0
0.833984375 0.8342094421386719 1570.0 1558.0 10491.0 839.0
0.8369140625 0.8346244096755981 1578.0 1560.0 10489.0 831.0
0.828125 0.8326185941696167 1577.0 1588.0 10461.0 832.0
0.8564453125 0.8325494527816772 1586.0 1598.0 10451.0 823.0
0.8662109375 0.8333103060722351 1590.0 1591.0 10458.0 819.0
0.8564453125 0.8329644203186035 1586.0 1592.0 10457.0 823.0
0.853515625 0.8328952789306641 1594.0 1601.0 10448.0 815.0
0.8349609375 0.8362152576446533 1583.0 1542.0 10507.0 826.0
0.8349609375 0.8369760513305664 1576.0 1524.0 10525.0 833.0
0.8271484375 0.8342094421386719 1601.0 1589.0 10460.0 808.0
0.8466796875 0.8356618881225586 1584.0 1551.0 10498.0 825.0
0.859375 0.8367685675621033 1590.0 1541.0 10508.0 819.0
0.849609375 0.8361460566520691 1604.0 1564.0 10485.0 805.0
0.8359375 0.834831953048706 1608.0 1587.0 10462.0 801.0
0.8408203125 0.8329644203186035 1613.0 1619.0 10430.0 796.0
0.8447265625 0.8352469205856323 1603.0 1576.0 10473.0 806.0
0.837890625 0.8350394368171692 1605.0 1581.0 10468.0 804.0
0.8369140625 0.8337944149971008 1617.0 1611.0 10438.0 792.0
0.8525390625 0.8344861268997192 1609.0 1593.0 10456.0 800.0
0.841796875 0.8346244096755981 1592.0 1574.0 10475.0 817.0
0.8291015625 0.8341402411460876 1608.0 1597.0 10452.0 801.0
0.8349609375 0.8313044905662537 1609.0 1639.0 10410.0 800.0
0.857421875 0.8355236053466797 1612.0 1581.0 10468.0 797.0
0.8369140625 0.8351085782051086 1614.0 1589.0 10460.0 795.0
0.849609375 0.8347627520561218 1628.0 1608.0 10441.0 781.0
0.853515625 0.8349010944366455 1616.0 1594.0 10455.0 793.0
0.8466796875 0.8358002305030823 1608.0 1573.0 10476.0 801.0
0.8466796875 0.8344861268997192 1610.0 1594.0 10455.0 799.0
0.84375 0.8335177898406982 1621.0 1619.0 10430.0 788.0
0.8583984375 0.8336561322212219 1620.0 1616.0 10433.0 789.0
0.8388671875 0.8335869312286377 1617.0 1614.0 10435.0 792.0
0.8486328125 0.8339327573776245 1625.0 1617.0 10432.0 784.0
0.8486328125 0.8339327573776245 1623.0 1615.0 10434.0 786.0
0.8447265625 0.8328261375427246 1629.0 1637.0 10412.0 780.0
0.8359375 0.8336561322212219 1652.0 1648.0 10401.0 757.0
0.84375 0.8329644203186035 1631.0 1637.0 10412.0 778.0
0.84765625 0.8357310891151428 1622.0 1588.0 10461.0 787.0
0.8349609375 0.8354544043540955 1633.0 1603.0 10446.0 776.0
0.8486328125 0.8351085782051086 1628.0 1603.0 10446.0 781.0
0.853515625 0.8352469205856323 1649.0 1622.0 10427.0 760.0
0.865234375 0.8362152576446533 1645.0 1604.0 10445.0 764.0
0.853515625 0.8368377089500427 1644.0 1594.0 10455.0 765.0
0.84765625 0.8365610837936401 1634.0 1588.0 10461.0 775.0
0.8623046875 0.8369760513305664 1626.0 1574.0 10475.0 783.0
0.841796875 0.8331719636917114 1638.0 1641.0 10408.0 771.0
0.861328125 0.8375294208526611 1629.0 1569.0 10480.0 780.0
0.8671875 0.834970235824585 1635.0 1612.0 10437.0 774.0
0.845703125 0.8364227414131165 1637.0 1593.0 10456.0 772.0
0.8447265625 0.8366302251815796 1641.0 1594.0 10455.0 768.0
0.8388671875 0.8350394368171692 1636.0 1612.0 10437.0 773.0
0.8447265625 0.8337252736091614 1644.0 1639.0 10410.0 765.0
0.8681640625 0.8360769152641296 1634.0 1595.0 10454.0 775.0
0.84375 0.834970235824585 1643.0 1620.0 10429.0 766.0
0.8466796875 0.8375985622406006 1645.0 1584.0 10465.0 764.0
0.85546875 0.8370452523231506 1652.0 1599.0 10450.0 757.0
0.8603515625 0.8357310891151428 1640.0 1606.0 10443.0 769.0
0.8623046875 0.8358694314956665 1635.0 1599.0 10450.0 774.0
0.86328125 0.8364227414131165 1633.0 1589.0 10460.0 776.0
0.84375 0.8384285569190979 1640.0 1567.0 10482.0 769.0
0.865234375 0.8368377089500427 1657.0 1607.0 10442.0 752.0
0.857421875 0.8384976983070374 1645.0 1571.0 10478.0 764.0
0.8486328125 0.8384976983070374 1640.0 1566.0 10483.0 769.0
0.8671875 0.8362843990325928 1642.0 1600.0 10449.0 767.0
0.8408203125 0.8373910784721375 1646.0 1588.0 10461.0 763.0
0.8583984375 0.8351777791976929 1659.0 1633.0 10416.0 750.0
0.849609375 0.8384976983070374 1654.0 1580.0 10469.0 755.0
0.8525390625 0.8355927467346191 1651.0 1619.0 10430.0 758.0
0.830078125 0.8370452523231506 1659.0 1606.0 10443.0 750.0
0.849609375 0.8400885462760925 1655.0 1558.0 10491.0 754.0
0.8330078125 0.8381518721580505 1667.0 1598.0 10451.0 742.0
0.8603515625 0.8375294208526611 1646.0 1586.0 10463.0 763.0
0.8525390625 0.8374602198600769 1660.0 1601.0 10448.0 749.0
0.8603515625 0.8360769152641296 1669.0 1630.0 10419.0 740.0
0.8603515625 0.8378060460090637 1664.0 1600.0 10449.0 745.0
0.85546875 0.8374602198600769 1661.0 1602.0 10447.0 748.0
0.83984375 0.8395351767539978 1646.0 1557.0 10492.0 763.0
0.853515625 0.8408493399620056 1670.0 1562.0 10487.0 739.0
0.8720703125 0.83766770362854 1653.0 1591.0 10458.0 756.0
0.86328125 0.8385668992996216 1648.0 1573.0 10476.0 761.0
0.84765625 0.8394660353660583 1662.0 1574.0 10475.0 747.0
0.8701171875 0.8385668992996216 1648.0 1573.0 10476.0 761.0
0.869140625 0.8382210731506348 1659.0 1589.0 10460.0 750.0
0.849609375 0.8375985622406006 1684.0 1623.0 10426.0 725.0
0.841796875 0.8362843990325928 1675.0 1633.0 10416.0 734.0
0.86328125 0.8380827307701111 1667.0 1599.0 10450.0 742.0
0.8369140625 0.8384285569190979 1659.0 1586.0 10463.0 750.0
0.865234375 0.8387052416801453 1673.0 1596.0 10453.0 736.0
0.8662109375 0.8400193452835083 1681.0 1585.0 10464.0 728.0
0.845703125 0.8389127254486084 1669.0 1589.0 10460.0 740.0
0.8759765625 0.8388435244560242 1689.0 1610.0 10439.0 720.0
0.8486328125 0.8407109975814819 1661.0 1555.0 10494.0 748.0
0.8466796875 0.8388435244560242 1666.0 1587.0 10462.0 743.0
0.859375 0.8367685675621033 1691.0 1642.0 10407.0 718.0
0.859375 0.8390510678291321 1659.0 1577.0 10472.0 750.0
0.8544921875 0.8410568833351135 1661.0 1550.0 10499.0 748.0
0.84375 0.8407801985740662 1673.0 1566.0 10483.0 736.0
0.8583984375 0.8396735191345215 1696.0 1605.0 10444.0 713.0
0.84765625 0.8410568833351135 1658.0 1547.0 10502.0 751.0
0.865234375 0.8407801985740662 1658.0 1551.0 10498.0 751.0
0.880859375 0.8416101932525635 1660.0 1541.0 10508.0 749.0
0.84765625 0.8373218774795532 1680.0 1623.0 10426.0 729.0
0.87890625 0.8389127254486084 1673.0 1593.0 10456.0 736.0
0.8681640625 0.8381518721580505 1665.0 1596.0 10453.0 744.0
0.8671875 0.8389818668365479 1681.0 1600.0 10449.0 728.0
0.8388671875 0.839604377746582 1664.0 1574.0 10475.0 745.0
0.86328125 0.8385668992996216 1675.0 1600.0 10449.0 734.0
0.8671875 0.8406418561935425 1658.0 1553.0 10496.0 751.0
0.8642578125 0.8392585515975952 1668.0 1583.0 10466.0 741.0
0.857421875 0.837875247001648 1672.0 1607.0 10442.0 737.0
0.85546875 0.8396735191345215 1662.0 1571.0 10478.0 747.0
0.8828125 0.8396735191345215 1672.0 1581.0 10468.0 737.0
0.849609375 0.8400193452835083 1664.0 1568.0 10481.0 745.0
0.8564453125 0.840572714805603 1663.0 1559.0 10490.0 746.0
0.8505859375 0.8410568833351135 1682.0 1571.0 10478.0 727.0
0.87109375 0.8395351767539978 1681.0 1592.0 10457.0 728.0
0.859375 0.839604377746582 1662.0 1572.0 10477.0 747.0
0.865234375 0.8387743830680847 1681.0 1603.0 10446.0 728.0
0.8681640625 0.840157687664032 1679.0 1581.0 10468.0 730.0
0.8759765625 0.8411951661109924 1674.0 1561.0 10488.0 735.0
0.875 0.8402268886566162 1675.0 1576.0 10473.0 734.0
0.8623046875 0.8423709869384766 1653.0 1523.0 10526.0 756.0
0.853515625 0.8385668992996216 1692.0 1617.0 10432.0 717.0
0.84375 0.8387743830680847 1671.0 1593.0 10456.0 738.0
0.853515625 0.8393968939781189 1671.0 1584.0 10465.0 738.0
0.8505859375 0.8384976983070374 1671.0 1597.0 10452.0 738.0
0.86328125 0.8417485356330872 1665.0 1544.0 10505.0 744.0
0.8701171875 0.8394660353660583 1693.0 1605.0 10444.0 716.0
0.8505859375 0.8383594155311584 1688.0 1616.0 10433.0 721.0
0.8818359375 0.8416101932525635 1671.0 1552.0 10497.0 738.0
0.873046875 0.8406418561935425 1671.0 1566.0 10483.0 738.0
0.861328125 0.8412643671035767 1659.0 1545.0 10504.0 750.0
0.8603515625 0.8408493399620056 1659.0 1551.0 10498.0 750.0
0.84375 0.8409185409545898 1659.0 1550.0 10499.0 750.0
0.86328125 0.8398810625076294 1683.0 1589.0 10460.0 726.0
0.86328125 0.8384976983070374 1688.0 1614.0 10435.0 721.0
0.8603515625 0.8400885462760925 1677.0 1580.0 10469.0 732.0
0.8544921875 0.8400193452835083 1680.0 1584.0 10465.0 729.0
0.8564453125 0.840572714805603 1678.0 1574.0 10475.0 731.0
0.8681640625 0.8405035138130188 1675.0 1572.0 10477.0 734.0
0.853515625 0.8410568833351135 1671.0 1560.0 10489.0 738.0
0.8681640625 0.8414027094841003 1661.0 1545.0 10504.0 748.0
0.8505859375 0.8402268886566162 1692.0 1593.0 10456.0 717.0
0.853515625 0.8402960300445557 1677.0 1577.0 10472.0 732.0
0.8427734375 0.8362152576446533 1682.0 1641.0 10408.0 727.0
0.85546875 0.8384285569190979 1678.0 1605.0 10444.0 731.0
0.833984375 0.8397427201271057 1689.0 1597.0 10452.0 720.0
0.8427734375 0.8392585515975952 1671.0 1586.0 10463.0 738.0
0.8623046875 0.8398118615150452 1667.0 1574.0 10475.0 742.0
0.8564453125 0.8387743830680847 1664.0 1586.0 10463.0 745.0
0.873046875 0.8391202092170715 1681.0 1598.0 10451.0 728.0
0.84765625 0.8421635031700134 1666.0 1539.0 10510.0 743.0
0.849609375 0.8418176770210266 1664.0 1542.0 10507.0 745.0
0.86328125 0.8412643671035767 1663.0 1549.0 10500.0 746.0
0.8642578125 0.8400885462760925 1676.0 1579.0 10470.0 733.0
0.8623046875 0.8399502038955688 1667.0 1572.0 10477.0 742.0
0.869140625 0.8415409922599792 1672.0 1554.0 10495.0 737.0
0.861328125 0.8436851501464844 1660.0 1511.0 10538.0 749.0
0.8525390625 0.8395351767539978 1668.0 1579.0 10470.0 741.0
0.8447265625 0.8406418561935425 1677.0 1572.0 10477.0 732.0
0.8720703125 0.8406418561935425 1666.0 1561.0 10488.0 743.0
0.8837890625 0.8410568833351135 1676.0 1565.0 10484.0 733.0
0.8828125 0.8432009816169739 1674.0 1532.0 10517.0 735.0
0.8623046875 0.8412643671035767 1669.0 1555.0 10494.0 740.0
0.8740234375 0.844376802444458 1674.0 1515.0 10534.0 735.0
0.87890625 0.8413335084915161 1674.0 1559.0 10490.0 735.0
0.8466796875 0.8389127254486084 1673.0 1593.0 10456.0 736.0
0.8486328125 0.8399502038955688 1670.0 1575.0 10474.0 739.0
0.865234375 0.8421635031700134 1662.0 1535.0 10514.0 747.0
0.86328125 0.8387743830680847 1676.0 1598.0 10451.0 733.0
0.853515625 0.8410568833351135 1667.0 1556.0 10493.0 742.0
0.8583984375 0.839189350605011 1677.0 1593.0 10456.0 732.0
0.873046875 0.8442384600639343 1661.0 1504.0 10545.0 748.0
0.8701171875 0.8394660353660583 1683.0 1595.0 10454.0 726.0
0.86328125 0.8414718508720398 1688.0 1571.0 10478.0 721.0
0.8818359375 0.8402960300445557 1667.0 1567.0 10482.0 742.0
0.8583984375 0.8420251607894897 1672.0 1547.0 10502.0 737.0
0.849609375 0.8413335084915161 1669.0 1554.0 10495.0 740.0
0.8759765625 0.840572714805603 1689.0 1585.0 10464.0 720.0
0.8486328125 0.840572714805603 1677.0 1573.0 10476.0 732.0
0.865234375 0.8402960300445557 1692.0 1592.0 10457.0 717.0
0.85546875 0.8423709869384766 1674.0 1544.0 10505.0 735.0
0.875 0.8397427201271057 1689.0 1597.0 10452.0 720.0
0.8642578125 0.8432009816169739 1669.0 1527.0 10522.0 740.0
0.85546875 0.8390510678291321 1681.0 1599.0 10450.0 728.0
0.84765625 0.8427860140800476 1678.0 1542.0 10507.0 731.0
0.861328125 0.8406418561935425 1679.0 1574.0 10475.0 730.0
0.8662109375 0.8377369046211243 1689.0 1626.0 10423.0 720.0
0.8623046875 0.8409876823425293 1661.0 1551.0 10498.0 748.0
0.8681640625 0.8395351767539978 1687.0 1598.0 10451.0 722.0
0.8544921875 0.8407109975814819 1680.0 1574.0 10475.0 729.0
0.8544921875 0.8397427201271057 1681.0 1589.0 10460.0 728.0
0.876953125 0.8407109975814819 1677.0 1571.0 10478.0 732.0
0.859375 0.839604377746582 1688.0 1598.0 10451.0 721.0
0.8662109375 0.8397427201271057 1682.0 1590.0 10459.0 727.0
0.84375 0.8396735191345215 1673.0 1582.0 10467.0 736.0
0.86328125 0.8399502038955688 1684.0 1589.0 10460.0 725.0
0.86328125 0.8407801985740662 1682.0 1575.0 10474.0 727.0
0.869140625 0.8396735191345215 1671.0 1580.0 10469.0 738.0
0.8603515625 0.8393276929855347 1683.0 1597.0 10452.0 726.0
0.876953125 0.8407801985740662 1685.0 1578.0 10471.0 724.0
0.859375 0.8382210731506348 1688.0 1618.0 10431.0 721.0
0.85546875 0.8404343724250793 1673.0 1571.0 10478.0 736.0
0.876953125 0.8400885462760925 1670.0 1573.0 10476.0 739.0
0.8544921875 0.8400885462760925 1666.0 1569.0 10480.0 743.0
0.8720703125 0.841126024723053 1659.0 1547.0 10502.0 750.0
0.8515625 0.8398810625076294 1682.0 1588.0 10461.0 727.0
0.85546875 0.8442384600639343 1668.0 1511.0 10538.0 741.0
0.8564453125 0.8385668992996216 1682.0 1607.0 10442.0 727.0
0.8564453125 0.8417485356330872 1670.0 1549.0 10500.0 739.0
0.8486328125 0.8423018455505371 1672.0 1543.0 10506.0 737.0
0.8623046875 0.8390510678291321 1684.0 1602.0 10447.0 725.0
0.8623046875 0.8426476716995239 1668.0 1534.0 10515.0 741.0
0.87109375 0.8406418561935425 1678.0 1573.0 10476.0 731.0
0.8486328125 0.839604377746582 1668.0 1578.0 10471.0 741.0
0.87890625 0.840157687664032 1682.0 1584.0 10465.0 727.0
0.865234375 0.8402960300445557 1670.0 1570.0 10479.0 739.0
0.869140625 0.8411951661109924 1671.0 1558.0 10491.0 738.0
0.8935546875 0.8425093293190002 1680.0 1548.0 10501.0 729.0
0.8623046875 0.8432009816169739 1668.0 1526.0 10523.0 741.0
0.8701171875 0.8402960300445557 1689.0 1589.0 10460.0 720.0
0.8623046875 0.8391202092170715 1675.0 1592.0 10457.0 734.0
0.8671875 0.8409876823425293 1680.0 1570.0 10479.0 729.0
0.876953125 0.8414027094841003 1676.0 1560.0 10489.0 733.0
0.8779296875 0.8423709869384766 1679.0 1549.0 10500.0 730.0
0.861328125 0.8393968939781189 1690.0 1603.0 10446.0 719.0
0.875 0.8420251607894897 1676.0 1551.0 10498.0 733.0
0.86328125 0.8434776663780212 1690.0 1544.0 10505.0 719.0
0.8525390625 0.8434776663780212 1677.0 1531.0 10518.0 732.0
0.8623046875 0.8406418561935425 1679.0 1574.0 10475.0 730.0
0.876953125 0.8411951661109924 1682.0 1569.0 10480.0 727.0
0.85546875 0.840157687664032 1682.0 1584.0 10465.0 727.0
0.8671875 0.8423709869384766 1687.0 1557.0 10492.0 722.0
0.8486328125 0.8452759981155396 1685.0 1513.0 10536.0 724.0
0.83984375 0.8419560194015503 1680.0 1556.0 10493.0 729.0
0.849609375 0.8420251607894897 1696.0 1571.0 10478.0 713.0
0.8564453125 0.8407801985740662 1685.0 1578.0 10471.0 724.0
0.876953125 0.8400885462760925 1684.0 1587.0 10462.0 725.0
0.85546875 0.8418176770210266 1679.0 1557.0 10492.0 730.0
0.845703125 0.8391202092170715 1699.0 1616.0 10433.0 710.0
0.83984375 0.8421635031700134 1679.0 1552.0 10497.0 730.0
0.8671875 0.8427860140800476 1683.0 1547.0 10502.0 726.0
0.8701171875 0.8412643671035767 1686.0 1572.0 10477.0 723.0
0.859375 0.8406418561935425 1680.0 1575.0 10474.0 729.0
0.8701171875 0.839604377746582 1680.0 1590.0 10459.0 729.0
0.8515625 0.8406418561935425 1688.0 1583.0 10466.0 721.0
0.8701171875 0.8422326445579529 1685.0 1557.0 10492.0 724.0
0.86328125 0.8402960300445557 1676.0 1576.0 10473.0 733.0
0.8662109375 0.8398810625076294 1702.0 1608.0 10441.0 707.0
0.8642578125 0.8419560194015503 1675.0 1551.0 10498.0 734.0
0.83984375 0.8435468077659607 1676.0 1529.0 10520.0 733.0
0.861328125 0.8414027094841003 1694.0 1578.0 10471.0 715.0
0.84765625 0.8392585515975952 1693.0 1608.0 10441.0 716.0
0.876953125 0.842094361782074 1688.0 1562.0 10487.0 721.0
0.876953125 0.8428551554679871 1681.0 1544.0 10505.0 728.0
0.869140625 0.8408493399620056 1698.0 1590.0 10459.0 711.0
0.8828125 0.8417485356330872 1680.0 1559.0 10490.0 729.0
0.8671875 0.842094361782074 1697.0 1571.0 10478.0 712.0
0.8642578125 0.8438234925270081 1691.0 1540.0 10509.0 718.0
0.8671875 0.8416793346405029 1701.0 1581.0 10468.0 708.0
0.8671875 0.8436851501464844 1686.0 1537.0 10512.0 723.0
0.8720703125 0.8412643671035767 1697.0 1583.0 10466.0 712.0
0.8447265625 0.8409876823425293 1688.0 1578.0 10471.0 721.0
0.875 0.8427168130874634 1701.0 1566.0 10483.0 708.0
0.8623046875 0.8412643671035767 1704.0 1590.0 10459.0 705.0
0.8720703125 0.8438234925270081 1663.0 1512.0 10537.0 746.0
0.869140625 0.841126024723053 1680.0 1568.0 10481.0 729.0
0.853515625 0.8432701826095581 1684.0 1541.0 10508.0 725.0
0.8740234375 0.8399502038955688 1688.0 1593.0 10456.0 721.0
0.8681640625 0.8425785303115845 1684.0 1551.0 10498.0 725.0
0.8544921875 0.8393968939781189 1699.0 1612.0 10437.0 710.0
0.875 0.8398118615150452 1668.0 1575.0 10474.0 741.0
0.8583984375 0.8429934978485107 1689.0 1550.0 10499.0 720.0
0.87109375 0.8395351767539978 1706.0 1617.0 10432.0 703.0
0.8623046875 0.8398118615150452 1694.0 1601.0 10448.0 715.0
0.86328125 0.8435468077659607 1697.0 1550.0 10499.0 712.0
0.84765625 0.8407801985740662 1691.0 1584.0 10465.0 718.0
0.8603515625 0.8435468077659607 1687.0 1540.0 10509.0 722.0
0.857421875 0.8407109975814819 1698.0 1592.0 10457.0 711.0
0.8671875 0.8420251607894897 1680.0 1555.0 10494.0 729.0
0.833984375 0.8423709869384766 1675.0 1545.0 10504.0 734.0
0.880859375 0.8415409922599792 1690.0 1572.0 10477.0 719.0
0.8623046875 0.8416793346405029 1694.0 1574.0 10475.0 715.0
0.8642578125 0.8407801985740662 1696.0 1589.0 10460.0 713.0
0.8447265625 0.8411951661109924 1680.0 1567.0 10482.0 729.0
0.8505859375 0.8398810625076294 1688.0 1594.0 10455.0 721.0
0.8623046875 0.8406418561935425 1681.0 1576.0 10473.0 728.0
0.8544921875 0.840157687664032 1701.0 1603.0 10446.0 708.0
0.873046875 0.8425785303115845 1702.0 1569.0 10480.0 707.0
0.85546875 0.839189350605011 1702.0 1618.0 10431.0 707.0
0.8603515625 0.8408493399620056 1697.0 1589.0 10460.0 712.0
0.861328125 0.8439618349075317 1700.0 1547.0 10502.0 709.0
0.84765625 0.8402960300445557 1697.0 1597.0 10452.0 712.0
0.8603515625 0.8402268886566162 1700.0 1601.0 10448.0 709.0
0.8603515625 0.8417485356330872 1710.0 1589.0 10460.0 699.0
0.8564453125 0.8402268886566162 1699.0 1600.0 10449.0 710.0
0.8681640625 0.8413335084915161 1696.0 1581.0 10468.0 713.0
0.8525390625 0.8445842862129211 1689.0 1527.0 10522.0 720.0
0.8505859375 0.8404343724250793 1710.0 1608.0 10441.0 699.0
0.8642578125 0.8405035138130188 1727.0 1624.0 10425.0 682.0
0.869140625 0.8417485356330872 1712.0 1591.0 10458.0 697.0
0.865234375 0.8433393239974976 1669.0 1525.0 10524.0 740.0
0.8623046875 0.843408465385437 1699.0 1554.0 10495.0 710.0
0.853515625 0.8387743830680847 1709.0 1631.0 10418.0 700.0
0.873046875 0.8413335084915161 1702.0 1587.0 10462.0 707.0
0.8671875 0.8409185409545898 1702.0 1593.0 10456.0 707.0
0.8681640625 0.8425093293190002 1697.0 1565.0 10484.0 712.0
0.859375 0.8430626392364502 1688.0 1548.0 10501.0 721.0
0.857421875 0.8416793346405029 1695.0 1575.0 10474.0 714.0
0.865234375 0.8409185409545898 1700.0 1591.0 10458.0 709.0
0.85546875 0.8418868184089661 1688.0 1565.0 10484.0 721.0
0.8525390625 0.8434776663780212 1682.0 1536.0 10513.0 727.0
0.87109375 0.8417485356330872 1700.0 1579.0 10470.0 709.0
0.87109375 0.8409185409545898 1686.0 1577.0 10472.0 723.0
0.873046875 0.8409185409545898 1709.0 1600.0 10449.0 700.0
0.8466796875 0.8416793346405029 1693.0 1573.0 10476.0 716.0
0.869140625 0.8424401879310608 1709.0 1578.0 10471.0 700.0
0.8525390625 0.8426476716995239 1700.0 1566.0 10483.0 709.0
0.8525390625 0.8414027094841003 1705.0 1589.0 10460.0 704.0
0.875 0.8427860140800476 1707.0 1571.0 10478.0 702.0
0.8681640625 0.8420251607894897 1690.0 1565.0 10484.0 719.0
0.873046875 0.8431318402290344 1681.0 1540.0 10509.0 728.0
0.8681640625 0.8403651714324951 1696.0 1595.0 10454.0 713.0
0.86328125 0.8423709869384766 1699.0 1569.0 10480.0 710.0
0.873046875 0.8407801985740662 1712.0 1605.0 10444.0 697.0
0.8583984375 0.842094361782074 1701.0 1575.0 10474.0 708.0
0.87109375 0.8385668992996216 1706.0 1631.0 10418.0 703.0
0.875 0.8417485356330872 1677.0 1556.0 10493.0 732.0
0.8623046875 0.8423709869384766 1696.0 1566.0 10483.0 713.0
0.87109375 0.841126024723053 1716.0 1604.0 10445.0 693.0
0.8427734375 0.8414027094841003 1697.0 1581.0 10468.0 712.0
0.8701171875 0.8397427201271057 1704.0 1612.0 10437.0 705.0
0.8720703125 0.8427860140800476 1698.0 1562.0 10487.0 711.0
0.857421875 0.8396735191345215 1707.0 1616.0 10433.0 702.0
0.8515625 0.8383594155311584 1706.0 1634.0 10415.0 703.0
0.873046875 0.842094361782074 1701.0 1575.0 10474.0 708.0
0.8583984375 0.8429243564605713 1699.0 1561.0 10488.0 710.0
0.8671875 0.8413335084915161 1700.0 1585.0 10464.0 709.0
0.85546875 0.8420251607894897 1699.0 1574.0 10475.0 710.0
0.8564453125 0.8435468077659607 1697.0 1550.0 10499.0 712.0
0.861328125 0.8424401879310608 1711.0 1580.0 10469.0 698.0
0.8701171875 0.8422326445579529 1697.0 1569.0 10480.0 712.0
0.8837890625 0.840572714805603 1705.0 1601.0 10448.0 704.0
0.87890625 0.8415409922599792 1703.0 1585.0 10464.0 706.0
0.8603515625 0.844376802444458 1685.0 1526.0 10523.0 724.0
0.859375 0.8418868184089661 1700.0 1577.0 10472.0 709.0
0.8671875 0.8425093293190002 1703.0 1571.0 10478.0 706.0
0.873046875 0.8412643671035767 1698.0 1584.0 10465.0 711.0
0.8603515625 0.8431318402290344 1704.0 1563.0 10486.0 705.0
0.8623046875 0.8413335084915161 1703.0 1588.0 10461.0 706.0
0.880859375 0.8421635031700134 1702.0 1575.0 10474.0 707.0
0.8662109375 0.8410568833351135 1701.0 1590.0 10459.0 708.0
0.8583984375 0.8380827307701111 1715.0 1647.0 10402.0 694.0
0.87109375 0.8423018455505371 1695.0 1566.0 10483.0 714.0
0.8701171875 0.8412643671035767 1717.0 1603.0 10446.0 692.0
0.8759765625 0.8406418561935425 1699.0 1594.0 10455.0 710.0
0.8681640625 0.8403651714324951 1708.0 1607.0 10442.0 701.0
0.8671875 0.8427860140800476 1686.0 1550.0 10499.0 723.0
0.8759765625 0.8418176770210266 1689.0 1567.0 10482.0 720.0
0.8603515625 0.8405035138130188 1698.0 1595.0 10454.0 711.0
0.853515625 0.8416101932525635 1702.0 1583.0 10466.0 707.0
0.8759765625 0.8396735191345215 1703.0 1612.0 10437.0 706.0
0.8623046875 0.8416793346405029 1702.0 1582.0 10467.0 707.0
0.861328125 0.8412643671035767 1700.0 1586.0 10463.0 709.0
0.884765625 0.8411951661109924 1692.0 1579.0 10470.0 717.0
0.8544921875 0.8396735191345215 1688.0 1597.0 10452.0 721.0
0.853515625 0.8411951661109924 1691.0 1578.0 10471.0 718.0
0.8837890625 0.8396735191345215 1704.0 1613.0 10436.0 705.0
0.8623046875 0.8409876823425293 1708.0 1598.0 10451.0 701.0
0.8544921875 0.8418176770210266 1689.0 1567.0 10482.0 720.0
0.869140625 0.8417485356330872 1706.0 1585.0 10464.0 703.0
0.8642578125 0.8418176770210266 1711.0 1589.0 10460.0 698.0
0.84765625 0.8407801985740662 1705.0 1598.0 10451.0 704.0
0.8671875 0.8423018455505371 1690.0 1561.0 10488.0 719.0
0.86328125 0.8418868184089661 1708.0 1585.0 10464.0 701.0
0.8681640625 0.8400885462760925 1710.0 1613.0 10436.0 699.0
0.8515625 0.8432701826095581 1710.0 1567.0 10482.0 699.0
0.880859375 0.8435468077659607 1708.0 1561.0 10488.0 701.0
0.873046875 0.8399502038955688 1697.0 1602.0 10447.0 712.0
0.876953125 0.8416101932525635 1708.0 1589.0 10460.0 701.0
0.85546875 0.8412643671035767 1704.0 1590.0 10459.0 705.0
0.869140625 0.8427168130874634 1707.0 1572.0 10477.0 702.0
0.87109375 0.8423018455505371 1706.0 1577.0 10472.0 703.0
0.876953125 0.841126024723053 1704.0 1592.0 10457.0 705.0
0.8623046875 0.843408465385437 1702.0 1557.0 10492.0 707.0
0.8544921875 0.8418868184089661 1692.0 1569.0 10480.0 717.0
0.865234375 0.8409185409545898 1703.0 1594.0 10455.0 706.0
0.8583984375 0.8404343724250793 1699.0 1597.0 10452.0 710.0
0.87890625 0.8407109975814819 1714.0 1608.0 10441.0 695.0
0.8837890625 0.8394660353660583 1710.0 1622.0 10427.0 699.0
0.85546875 0.8397427201271057 1718.0 1626.0 10423.0 691.0
0.875 0.8403651714324951 1695.0 1594.0 10455.0 714.0
0.873046875 0.8418176770210266 1708.0 1586.0 10463.0 701.0
0.8623046875 0.8416793346405029 1702.0 1582.0 10467.0 707.0
0.8671875 0.8402268886566162 1699.0 1600.0 10449.0 710.0
0.8740234375 0.8396735191345215 1697.0 1606.0 10443.0 712.0
0.873046875 0.8394660353660583 1714.0 1626.0 10423.0 695.0
0.853515625 0.8402268886566162 1727.0 1628.0 10421.0 682.0
0.876953125 0.8432009816169739 1693.0 1551.0 10498.0 716.0
0.8525390625 0.8396735191345215 1697.0 1606.0 10443.0 712.0
0.8681640625 0.8418176770210266 1711.0 1589.0 10460.0 698.0
0.8447265625 0.8407109975814819 1696.0 1590.0 10459.0 713.0
0.8505859375 0.8421635031700134 1713.0 1586.0 10463.0 696.0
0.857421875 0.8436851501464844 1701.0 1552.0 10497.0 708.0
0.8603515625 0.840572714805603 1716.0 1612.0 10437.0 693.0
0.884765625 0.844376802444458 1699.0 1540.0 10509.0 710.0
0.8818359375 0.8402960300445557 1710.0 1610.0 10439.0 699.0
0.861328125 0.841126024723053 1700.0 1588.0 10461.0 709.0
0.85546875 0.8398118615150452 1705.0 1612.0 10437.0 704.0
0.873046875 0.8397427201271057 1715.0 1623.0 10426.0 694.0
0.87109375 0.8430626392364502 1697.0 1557.0 10492.0 712.0
0.8642578125 0.8415409922599792 1696.0 1578.0 10471.0 713.0
0.8564453125 0.8429934978485107 1692.0 1553.0 10496.0 717.0
0.84375 0.8415409922599792 1700.0 1582.0 10467.0 709.0
0.87890625 0.8414718508720398 1705.0 1588.0 10461.0 704.0
0.8662109375 0.8402268886566162 1698.0 1599.0 10450.0 711.0
0.861328125 0.8407109975814819 1703.0 1597.0 10452.0 706.0
0.865234375 0.8417485356330872 1691.0 1570.0 10479.0 718.0
0.87109375 0.8416793346405029 1680.0 1560.0 10489.0 729.0
0.8671875 0.8431318402290344 1700.0 1559.0 10490.0 709.0
0.859375 0.8405035138130188 1701.0 1598.0 10451.0 708.0
0.8837890625 0.8399502038955688 1710.0 1615.0 10434.0 699.0
0.8642578125 0.8419560194015503 1695.0 1571.0 10478.0 714.0
0.865234375 0.8415409922599792 1711.0 1593.0 10456.0 698.0
0.8544921875 0.8413335084915161 1699.0 1584.0 10465.0 710.0
0.87109375 0.8406418561935425 1719.0 1614.0 10435.0 690.0
0.857421875 0.8412643671035767 1693.0 1579.0 10470.0 716.0
0.880859375 0.8411951661109924 1689.0 1576.0 10473.0 720.0
0.853515625 0.8415409922599792 1696.0 1578.0 10471.0 713.0
0.8671875 0.8384285569190979 1716.0 1643.0 10406.0 693.0
0.849609375 0.8407801985740662 1689.0 1582.0 10467.0 720.0
0.861328125 0.8378060460090637 1704.0 1640.0 10409.0 705.0
0.8525390625 0.8411951661109924 1696.0 1583.0 10466.0 713.0
0.857421875 0.8398810625076294 1703.0 1609.0 10440.0 706.0
0.8447265625 0.8402960300445557 1716.0 1616.0 10433.0 693.0
0.8779296875 0.8409876823425293 1706.0 1596.0 10453.0 703.0
0.8720703125 0.8421635031700134 1700.0 1573.0 10476.0 709.0
0.8408203125 0.8427168130874634 1706.0 1571.0 10478.0 703.0
0.853515625 0.8423018455505371 1706.0 1577.0 10472.0 703.0
0.84375 0.8416101932525635 1699.0 1580.0 10469.0 710.0
0.873046875 0.8432009816169739 1694.0 1552.0 10497.0 715.0
0.8525390625 0.8434776663780212 1698.0 1552.0 10497.0 711.0
0.869140625 0.8424401879310608 1689.0 1558.0 10491.0 720.0
0.8681640625 0.8416101932525635 1695.0 1576.0 10473.0 714.0
0.861328125 0.8429243564605713 1708.0 1570.0 10479.0 701.0
0.8671875 0.8429243564605713 1697.0 1559.0 10490.0 712.0
0.8623046875 0.8420251607894897 1692.0 1567.0 10482.0 717.0
0.8818359375 0.8392585515975952 1708.0 1623.0 10426.0 701.0
0.86328125 0.840157687664032 1700.0 1602.0 10447.0 709.0
0.8662109375 0.8407801985740662 1705.0 1598.0 10451.0 704.0
0.875 0.8420251607894897 1700.0 1575.0 10474.0 709.0
0.8623046875 0.8415409922599792 1707.0 1589.0 10460.0 702.0
0.8701171875 0.8385668992996216 1719.0 1644.0 10405.0 690.0
0.8759765625 0.8399502038955688 1701.0 1606.0 10443.0 708.0
0.853515625 0.8408493399620056 1692.0 1584.0 10465.0 717.0
0.8544921875 0.838636040687561 1707.0 1631.0 10418.0 702.0
0.8779296875 0.8392585515975952 1709.0 1624.0 10425.0 700.0
0.86328125 0.8396735191345215 1698.0 1607.0 10442.0 711.0
0.8515625 0.8407109975814819 1701.0 1595.0 10454.0 708.0
0.876953125 0.8415409922599792 1702.0 1584.0 10465.0 707.0
0.869140625 0.839604377746582 1714.0 1624.0 10425.0 695.0
