4.547700881958007812e-01
-1.667193174362182617e+00
-1.210902690887451172e+00
3.185496807098388672e+00
-8.955941796302795410e-01
-5.869740009307861328e+00
2.489221394062042236e-01
1.166040062904357910e+00
2.039435863494873047e+00
-2.892675638198852539e+00
-1.650346755981445312e+00
1.565266489982604980e+00
-4.319098591804504395e-01
4.534313082695007324e-01
-1.951444149017333984e-01
1.241880178451538086e+00
3.024146556854248047e+00
-6.189039707183837891e+00
3.564968347549438477e+00
-2.110532999038696289e+00
-3.622815847396850586e+00
-2.025458812713623047e+00
-4.599098861217498779e-01
-1.296838283538818359e+00
2.271787166595458984e+00
-5.607611656188964844e+00
2.914335966110229492e+00
-4.718524217605590820e-01
-3.721491098403930664e+00
-3.874934673309326172e+00
-5.859123706817626953e+00
1.680064916610717773e+00
3.563588380813598633e+00
-2.544537067413330078e+00
8.900374770164489746e-01
3.224753618240356445e+00
3.421043872833251953e+00
-1.064787864685058594e+00
-4.177174568176269531e+00
3.120079755783081055e+00
1.341455698013305664e+00
-5.399227738380432129e-01
-9.009028077125549316e-01
-2.518609046936035156e+00
7.843400835990905762e-01
2.538197755813598633e+00
-1.742310643196105957e+00
-2.529717683792114258e+00
-4.080172181129455566e-01
-4.071300029754638672e+00
1.025804400444030762e+00
-7.058460712432861328e-01
1.916910409927368164e+00
1.589442610740661621e+00
5.311742782592773438e+00
4.503464102745056152e-01
-4.423049688339233398e-01
4.978545665740966797e+00
-2.347855091094970703e+00
-1.838678836822509766e+00
