-5.562664866447448730e-01 -1.237366572022438049e-01
-7.118225097656250000e-01 -2.562186717987060547e-01
3.472266495227813721e-01 7.677641510963439941e-01
7.146708965301513672e-01 1.334187746047973633e+00
5.203283429145812988e-01 5.294433236122131348e-02
-6.137340664863586426e-01 -1.073257923126220703e+00
7.368142604827880859e-01 -1.376066505908966064e-01
4.091112911701202393e-01 7.450703978538513184e-01
1.494715332984924316e+00 1.047256112098693848e+00
4.187211692333221436e-01 8.146157264709472656e-01
2.731899321079254150e-01 1.250397920608520508e+00
3.718103095889091492e-02 -4.944066703319549561e-01
1.159110367298126221e-01 -3.775887191295623779e-01
3.617933690547943115e-01 -3.160852491855621338e-01
-4.949297606945037842e-01 -1.322704255580902100e-01
4.571318626403808594e-01 -5.330188199877738953e-02
2.738268673419952393e-01 -1.018601581454277039e-01
1.697364151477813721e-01 -4.423753619194030762e-01
-6.471542716026306152e-01 -3.450891375541687012e-01
3.158636987209320068e-01 -5.417133122682571411e-02
1.073639154434204102e+00 6.240218877792358398e-01
-1.017125368118286133e+00 -4.623084664344787598e-01
-1.383129119873046875e+00 -1.028111219406127930e+00
-4.186855554580688477e-01 3.050515949726104736e-01
2.584404647350311279e-01 5.929750800132751465e-01
5.684300884604454041e-02 5.225049257278442383e-01
5.664576292037963867e-01 4.166973754763603210e-02
4.787282049655914307e-01 8.739752769470214844e-01
-3.188187479972839355e-01 4.217473864555358887e-01
6.038702726364135742e-01 1.083419084548950195e+00
4.338766261935234070e-02 6.293157935142517090e-01
-2.915135920047760010e-01 1.219382137060165405e-01
-4.091741517186164856e-02 -4.032148420810699463e-01
8.320710659027099609e-01 4.104758501052856445e-01
-1.191683173179626465e+00 -1.771302461624145508e+00
-1.231702789664268494e-01 4.631020426750183105e-01
-5.548045411705970764e-02 -5.155445337295532227e-01
6.869540363550186157e-02 -3.742566406726837158e-01
7.965077757835388184e-01 1.502627730369567871e-01
-4.967938959598541260e-01 -1.274145096540451050e-01
