-1.310853719711303711e+00 3.920273184776306152e-01 -6.384760856628417969e+00 1.954144001007080078e+00 -3.396452188491821289e+00 1.939900964498519897e-01
2.382107496261596680e+00 4.091595172882080078e+00 -1.120170116424560547e+00 -1.601832509040832520e+00 -6.290331840515136719e+00 -1.684897899627685547e+00
-2.493407875299453735e-01 -4.548406302928924561e-01 1.192508786916732788e-01 8.610051274299621582e-01 -5.761783123016357422e-01 1.691917032003402710e-01
-2.160101890563964844e+00 -1.048135042190551758e+00 -1.618876338005065918e+00 -9.372095465660095215e-01 -1.933151721954345703e+00 2.447197437286376953e+00
2.094789147377014160e-01 -8.521745800971984863e-01 4.391472816467285156e+00 -1.225530266761779785e+00 -2.802698373794555664e+00 -3.154123783111572266e+00
-2.482609033584594727e+00 2.926569283008575439e-01 -6.251261711120605469e+00 3.610076189041137695e+00 5.428701639175415039e-01 -2.206391811370849609e+00
2.228238105773925781e+00 -5.063748836517333984e+00 9.778770804405212402e-01 4.540512561798095703e+00 -2.408838033676147461e+00 -3.416289806365966797e+00
1.102005600929260254e+00 9.502823829650878906e+00 4.485092163085937500e+00 1.493475139141082764e-01 -5.463544845581054688e+00 1.183749437332153320e-01
4.119530677795410156e+00 5.615379810333251953e+00 -3.651467263698577881e-01 -4.307000041007995605e-01 6.053032875061035156e+00 4.354594707489013672e+00
-3.537865400314331055e+00 3.354210853576660156e-01 9.428548216819763184e-01 -3.997179269790649414e+00 -1.035529851913452148e+00 3.535121679306030273e-01
-2.572345435619354248e-01 9.991921782493591309e-01 1.734889484941959381e-02 3.161612749099731445e-01 -4.379588663578033447e-01 1.035069108009338379e+00
1.022179245948791504e+00 -3.031865656375885010e-01 1.477306723594665527e+00 -4.872139394283294678e-01 8.827798962593078613e-01 4.402000457048416138e-02
8.108013123273849487e-02 7.835248708724975586e-01 -1.051599264144897461e+00 -2.650002002716064453e+00 -1.259195327758789062e+00 -2.967718362808227539e+00
-1.172161459922790527e+00 -1.070990920066833496e+00 3.581006050109863281e+00 -2.351682662963867188e+00 -4.885307699441909790e-02 -4.860840141773223877e-01
-1.951918601989746094e-01 -8.444249033927917480e-01 2.258386611938476562e+00 5.096338272094726562e+00 2.126797676086425781e+00 1.734124183654785156e+00
1.033343151211738586e-01 -1.349959373474121094e+00 -2.363533020019531250e+00 -6.360674500465393066e-01 -3.056960582733154297e+00 8.377079963684082031e+00
1.368881583213806152e+00 1.186171770095825195e+00 -3.070257604122161865e-01 2.619256496429443359e+00 3.088984966278076172e+00 -4.708223342895507812e-01
-1.922055602073669434e+00 1.379178166389465332e+00 1.821750521659851074e+00 5.085943222045898438e+00 2.255354404449462891e+00 1.611949443817138672e+00
-5.052577257156372070e-01 1.243641376495361328e+00 -2.886454463005065918e-01 4.687910079956054688e-01 -1.823595166206359863e-01 1.439194083213806152e+00
-1.933827280998229980e+00 -6.230447292327880859e-01 -2.962119579315185547e-01 1.577232956886291504e+00 -3.817359805107116699e-01 2.300584167242050171e-01
-9.996944069862365723e-01 7.315630912780761719e-01 -2.901183813810348511e-02 -3.255358219146728516e+00 3.179226219654083252e-01 4.811597168445587158e-01
-2.627305984497070312e+00 4.943734407424926758e-01 7.125041484832763672e-01 -1.555746197700500488e+00 7.402544617652893066e-01 2.331115007400512695e-01
-2.473992824554443359e+00 8.056592345237731934e-01 2.004664897918701172e+00 -2.790235757827758789e+00 2.671507298946380615e-01 2.891827821731567383e-01
-2.850855588912963867e+00 1.241542220115661621e+00 -1.230728030204772949e+00 -5.594285726547241211e-01 1.280977249145507812e+00 -3.363067284226417542e-02
-8.022329211235046387e-01 5.041760802268981934e-01 9.742165207862854004e-01 -6.536918878555297852e-02 1.029747247695922852e+00 -7.506765127182006836e-01
-1.467216014862060547e+00 6.346184611320495605e-01 -4.260056614875793457e-01 1.547083020210266113e+00 1.345415472984313965e+00 -1.471464514732360840e+00
3.771700143814086914e+00 1.389580607414245605e+00 3.488102197647094727e+00 -2.384103536605834961e+00 -1.344234704971313477e+00 -5.167169094085693359e+00
3.893278241157531738e-01 3.243360519409179688e+00 -3.478383064270019531e+00 2.429541587829589844e+00 3.679795503616333008e+00 -2.789686679840087891e+00
6.360990405082702637e-01 1.298382997512817383e+00 1.821499705314636230e+00 -1.894683718681335449e+00 1.068639039993286133e+00 9.590034484863281250e-01
1.054010987281799316e+00 -5.340811014175415039e-01 1.055500984191894531e+00 -3.103947341442108154e-01 6.738517284393310547e-01 -7.091246545314788818e-02
6.003094315528869629e-01 2.099755555391311646e-01 -3.904139995574951172e+00 3.639307975769042969e+00 3.439437627792358398e+00 2.101602315902709961e+00
1.271856069564819336e+00 1.252895951271057129e+00 -1.492422938346862793e+00 -5.161697864532470703e+00 -3.034985780715942383e+00 -4.870502471923828125e+00
-9.527543187141418457e-02 -1.099560737609863281e+00 2.020295381546020508e+00 4.911692142486572266e+00 2.035672664642333984e+00 1.642679452896118164e+00
8.196424484252929688e+00 5.281116485595703125e+00 -1.040249943733215332e+00 -1.038577198982238770e+00 8.434764742851257324e-01 -2.107926607131958008e+00
3.915581226348876953e+00 -6.203520894050598145e-01 1.183280229568481445e+00 -3.994930505752563477e+00 -6.964334011077880859e+00 -5.431247949600219727e-01
4.648540019989013672e+00 -1.584331750869750977e+00 -2.620472431182861328e+00 -2.029627799987792969e+00 -3.971008658409118652e-01 -2.776065349578857422e+00
-4.585418999195098877e-01 1.385610580444335938e+00 -3.592098653316497803e-01 3.152120113372802734e-01 -1.869036555290222168e-01 1.528726220130920410e+00
-2.050509691238403320e+00 -3.952876925468444824e-01 -1.380959451198577881e-01 1.543034911155700684e+00 -4.609215557575225830e-01 3.320803940296173096e-01
-3.639777600765228271e-01 2.610559165477752686e-01 1.622156739234924316e+00 -3.837301015853881836e+00 9.066141396760940552e-02 7.922599315643310547e-01
-3.741268396377563477e+00 1.276638865470886230e+00 -1.284932732582092285e+00 -2.372033834457397461e+00 7.709989547729492188e-01 1.688570380210876465e-01
-3.417198419570922852e+00 7.222728729248046875e-01 1.196187257766723633e+00 -1.873525619506835938e+00 6.604899764060974121e-01 1.442614346742630005e-01
-3.557890892028808594e+00 6.802367568016052246e-01 1.559127330780029297e+00 -1.898065209388732910e+00 6.369190812110900879e-01 7.729690074920654297e-01
1.303064107894897461e+00 -2.278248071670532227e+00 2.409676551818847656e+00 -2.289583444595336914e+00 -1.194655537605285645e+00 2.999355792999267578e+00
-9.775542467832565308e-02 -1.914282917976379395e+00 2.733062505722045898e+00 2.463473826646804810e-01 7.786702513694763184e-01 1.490422338247299194e-01
6.800734400749206543e-01 1.168781757354736328e+00 -5.617714405059814453e+00 -2.178168773651123047e+00 2.075227499008178711e+00 1.803449273109436035e+00
-2.030451059341430664e+00 -8.458067178726196289e-01 -3.604587316513061523e+00 1.297456622123718262e+00 1.550655007362365723e+00 1.782028675079345703e+00
1.947790235280990601e-01 -4.179577827453613281e-01 -5.872558355331420898e-01 3.547188043594360352e-01 5.565375685691833496e-01 8.516717553138732910e-01
-1.385295748710632324e+00 -8.205661177635192871e-01 -1.353101611137390137e+00 9.739931821823120117e-01 6.724588871002197266e-01 3.754799365997314453e-01
5.641856193542480469e-01 8.846755027770996094e-01 -4.482870399951934814e-01 4.130587100982666016e+00 2.127455949783325195e+00 4.414337635040283203e+00
-3.209374427795410156e+00 -5.155667066574096680e-01 -3.210174798965454102e+00 2.358169794082641602e+00 2.061403989791870117e+00 5.356447100639343262e-01
-2.883226394653320312e+00 3.521275281906127930e+00 3.044950008392333984e+00 -1.241555452346801758e+00 2.020190715789794922e+00 -1.204005554318428040e-01
2.778105020523071289e+00 -2.729000329971313477e+00 -1.852692961692810059e+00 1.329161167144775391e+00 2.463558435440063477e+00 -3.883668899536132812e+00
-5.502863883972167969e+00 2.092794179916381836e+00 -4.568430781364440918e-01 -1.582326412200927734e+00 -6.005974769592285156e+00 -2.882147550582885742e+00
-6.056350708007812500e+00 3.251544237136840820e+00 4.764315187931060791e-01 5.349993228912353516e+00 -1.277633666992187500e+00 1.548582792282104492e+00
-5.899040102958679199e-01 1.532425045967102051e+00 -3.229303061962127686e-01 3.172147274017333984e-01 -4.972181096673011780e-02 1.531149148941040039e+00
-2.018227815628051758e+00 -1.939344555139541626e-01 -1.558186709880828857e-01 1.356326341629028320e+00 -3.907906413078308105e-01 6.533365845680236816e-01
-3.413870573043823242e+00 -6.254780888557434082e-01 -8.067722916603088379e-01 2.139483213424682617e+00 5.364536643028259277e-01 -1.527304053306579590e-01
-2.839602530002593994e-01 2.634730935096740723e-01 1.711323976516723633e+00 -3.973616838455200195e+00 1.235967427492141724e-01 9.893938302993774414e-01
-4.545500874519348145e-01 2.838394045829772949e-01 1.574390172958374023e+00 -3.699532032012939453e+00 1.894518136978149414e-01 8.428794145584106445e-01
-4.956224560737609863e-01 2.116612493991851807e-01 1.654500007629394531e+00 -3.584675550460815430e+00 1.603521406650543213e-01 7.737962603569030762e-01
-2.365467548370361328e+00 2.935320854187011719e+00 -1.091982126235961914e+00 1.474938511848449707e+00 -4.940806925296783447e-01 -4.015121936798095703e+00
-3.390212535858154297e+00 -3.547657430171966553e-01 -5.704013705253601074e-01 2.125790596008300781e+00 6.554696559906005859e-01 -2.072509229183197021e-01
-2.678410053253173828e+00 -4.863916635513305664e-01 -7.094737291336059570e-01 1.810148596763610840e+00 2.080032676458358765e-01 2.683923840522766113e-01
-3.415884971618652344e+00 -4.442588686943054199e-01 -6.651305556297302246e-01 1.987316966056823730e+00 7.608025074005126953e-01 -5.012672543525695801e-01
-3.348534822463989258e+00 -4.666558802127838135e-01 -6.182866692543029785e-01 2.119147062301635742e+00 6.515761017799377441e-01 -3.316342830657958984e-01
-2.686873972415924072e-01 2.771082222461700439e-01 1.648741126060485840e+00 -3.737081050872802734e+00 2.375709563493728638e-01 9.877906441688537598e-01
-3.376094818115234375e+00 -4.294548332691192627e-01 -5.760654807090759277e-01 2.113494873046875000e+00 6.949079632759094238e-01 -4.192166924476623535e-01
-3.477220296859741211e+00 -4.283487498760223389e-01 -6.575846076011657715e-01 2.281966686248779297e+00 7.273375391960144043e-01 -3.850033581256866455e-01
-2.145355641841888428e-01 2.029695212841033936e-01 1.608653426170349121e+00 -3.790822744369506836e+00 1.130225434899330139e-01 9.463385343551635742e-01
-3.178310871124267578e+00 -2.834042906761169434e-01 -6.930706501007080078e-01 2.081948995590209961e+00 6.148815751075744629e-01 -1.353880614042282104e-01
-3.220043420791625977e+00 -3.597517311573028564e-01 -3.804002404212951660e-01 2.071544408798217773e+00 7.504292726516723633e-01 -3.043503463268280029e-01
-2.287245273590087891e+00 -3.153260052204132080e-01 1.492276430130004883e+00 1.366040349006652832e+00 1.310190081596374512e+00 -1.794360280036926270e-01
-3.112491369247436523e+00 5.889770388603210449e-01 1.845356464385986328e+00 -3.401991605758666992e+00 -3.274380266666412354e-01 5.690094828605651855e-02
-3.595137119293212891e+00 9.596793651580810547e-01 2.575225830078125000e+00 -3.856997251510620117e+00 -5.669431686401367188e-01 1.275984570384025574e-02
-1.860107183456420898e+00 2.808166980743408203e+00 -6.812163591384887695e-01 -2.270971775054931641e+00 1.940524101257324219e+00 -5.116032361984252930e-01
3.797256946563720703e-01 -2.508262157440185547e+00 2.675188064575195312e+00 4.612127244472503662e-01 7.641637921333312988e-01 4.443413019180297852e-01
3.020498991012573242e+00 2.343422651290893555e+00 4.315829277038574219e+00 2.330615282058715820e+00 3.244884729385375977e+00 -2.569648742675781250e+00
2.668234586715698242e+00 4.609905719757080078e+00 4.916341781616210938e+00 -1.342676877975463867e+00 3.244009971618652344e+00 -2.758918762207031250e+00
-2.118038654327392578e+00 -7.856417298316955566e-01 -3.541544437408447266e+00 1.525184869766235352e+00 1.733889698982238770e+00 1.745419740676879883e+00
1.834371685981750488e+00 6.927493214607238770e-01 -4.816885292530059814e-01 -9.213992953300476074e-01 -3.492332398891448975e-01 1.139189362525939941e+00
-3.637890517711639404e-02 2.655900716781616211e+00 7.260969281196594238e-01 -1.204391241073608398e+00 8.061418533325195312e-01 1.548193454742431641e+00
-8.927130103111267090e-01 -5.874125957489013672e-01 -1.978175044059753418e+00 1.060028195381164551e+00 7.683795690536499023e-01 6.483899950981140137e-01
-1.814225196838378906e+00 3.255893230438232422e+00 2.073329210281372070e+00 -8.247054219245910645e-01 1.963032722473144531e+00 5.103563666343688965e-01
-3.135406970977783203e+00 -2.200849533081054688e+00 -4.054775714874267578e+00 3.621855497360229492e+00 4.412702083587646484e+00 1.373446822166442871e+00
3.343400478363037109e+00 -6.657725572586059570e-01 -2.111266851425170898e-01 -9.322917461395263672e-01 -1.010678768157958984e+00 -1.151570081710815430e+00
2.105715513229370117e+00 4.654605388641357422e+00 1.751769065856933594e+00 -2.148870944976806641e+00 1.453374028205871582e+00 -1.784265756607055664e+00
-2.180994033813476562e+00 4.800729155540466309e-01 -3.028281688690185547e+00 2.676681518554687500e+00 1.681613445281982422e+00 2.275220006704330444e-01
2.982548952102661133e+00 -1.888417154550552368e-01 -1.926924943923950195e+00 1.249886751174926758e+00 5.754747390747070312e+00 1.005254387855529785e+00
8.896725177764892578e-01 -7.054340839385986328e-01 -3.370406031608581543e-01 2.230617761611938477e+00 1.513763666152954102e+00 -2.056813001632690430e+00
-2.831161022186279297e-02 2.324080169200897217e-01 1.933633446693420410e+00 -4.918989181518554688e+00 -1.185913160443305969e-01 1.565410256385803223e+00
2.469607830047607422e+00 -2.950410604476928711e+00 9.588004946708679199e-01 4.379533290863037109e+00 4.797816574573516846e-01 -3.832918405532836914e+00
-5.281227588653564453e+00 -3.273395597934722900e-01 -1.033540666103363037e-01 2.047105073928833008e+00 5.996260643005371094e-01 -1.333230435848236084e-01
6.724361181259155273e-01 -1.290616750717163086e+00 3.218392372131347656e+00 5.643318295478820801e-01 3.407855331897735596e-01 1.830987453460693359e+00
-1.539065480232238770e+00 -8.005769252777099609e-01 1.228259086608886719e+00 -2.101504325866699219e+00 -2.034977227449417114e-01 4.483812153339385986e-01
