-4.862992465496063232e-01 -6.666811555624008179e-02
1.055554747581481934e+00 7.494398951530456543e-01
1.013916492462158203e+00 6.527514457702636719e-01
-3.313591480255126953e-01 -2.677213773131370544e-02
7.701456546783447266e-02 4.951409995555877686e-01
4.986201971769332886e-02 -1.904368102550506592e-01
4.726462960243225098e-01 1.521701663732528687e-01
-1.969066411256790161e-01 -5.526557564735412598e-01
3.090428113937377930e-01 -5.904821306467056274e-02
2.118497490882873535e-01 6.994566321372985840e-01
3.983043134212493896e-01 7.972881197929382324e-01
5.606707334518432617e-01 8.756709694862365723e-01
-4.259028136730194092e-01 -1.401231288909912109e-01
-2.497162520885467529e-01 4.971357062458992004e-02
3.414400517940521240e-01 7.530303597450256348e-01
1.557971388101577759e-01 5.232134461402893066e-01
-7.012858390808105469e-01 -4.523396790027618408e-01
-5.258648395538330078e-01 -6.698586940765380859e-01
-2.110063880681991577e-01 -5.203463435173034668e-01
3.022843897342681885e-01 9.737305343151092529e-02
2.139539718627929688e-01 -1.362766027450561523e-01
-4.634149670600891113e-01 -1.084246560931205750e-01
6.617629528045654297e-01 1.042998433113098145e+00
8.323470354080200195e-01 1.166487574577331543e+00
8.463693261146545410e-01 1.173864841461181641e+00
-9.106804728507995605e-01 -6.028432846069335938e-01
4.965727627277374268e-01 8.692689538002014160e-01
-2.831456065177917480e-01 -6.185139417648315430e-01
-2.234409153461456299e-01 -5.959615111351013184e-01
7.448284626007080078e-01 3.674563765525817871e-01
7.857121825218200684e-01 1.035189032554626465e+00
-4.357316792011260986e-01 -7.357363402843475342e-02
-4.220792651176452637e-01 -8.164709806442260742e-01
7.980700582265853882e-03 3.423148095607757568e-01
2.685235142707824707e-01 8.494153618812561035e-01
5.482525005936622620e-02 4.459343552589416504e-01
7.035595178604125977e-01 1.035237193107604980e+00
-5.605210736393928528e-02 -3.799186944961547852e-01
-1.028187155723571777e+00 -1.228633284568786621e+00
4.853589236736297607e-01 9.084042906761169434e-01
