-4.915621280670166016e-01
-1.271427512168884277e+00
-8.802549839019775391e-01
-1.319118022918701172e+00
6.503506898880004883e-01
-5.019153952598571777e-01
-2.812657058238983154e-01
3.255775868892669678e-01
-3.622274994850158691e-01
8.225356042385101318e-02
6.537032127380371094e-01
1.954170346260070801e+00
1.202381774783134460e-01
2.848227024078369141e-01
9.204390645027160645e-01
7.324820160865783691e-01
-1.126090645790100098e+00
-1.665952324867248535e+00
-9.542312622070312500e-01
-5.548605322837829590e-01
-8.849481940269470215e-01
8.553367853164672852e-01
4.677711427211761475e-01
-6.872053146362304688e-01
1.031858444213867188e+00
-1.947324126958847046e-01
-1.316690921783447266e+00
-3.120932877063751221e-01
1.258088350296020508e+00
4.911954700946807861e-01
4.308733642101287842e-01
-1.030545830726623535e+00
-3.721742331981658936e-01
-4.818380773067474365e-01
1.197417616844177246e+00
-9.876929521560668945e-01
5.687790513038635254e-01
3.431854724884033203e+00
-6.232084631919860840e-01
-1.700086891651153564e-01
