-2.170667171478271484e+00
5.775328874588012695e-01
8.263582587242126465e-01
8.919544816017150879e-01
-1.852647215127944946e-01
-2.247324883937835693e-01
5.434366464614868164e-01
-1.480898380279541016e+00
-1.011124610900878906e+00
-8.541130423545837402e-01
1.818210363388061523e+00
-1.694339327514171600e-02
-8.817195296287536621e-01
-4.284465610980987549e-01
1.705995798110961914e-01
9.352961778640747070e-01
-1.691951230168342590e-02
1.370705127716064453e+00
4.474141001701354980e-01
8.172111511230468750e-01
-1.067435026168823242e+00
-5.367735624313354492e-01
-2.184325933456420898e+00
1.776106119155883789e+00
-5.299819633364677429e-02
-1.232275605201721191e+00
2.634823620319366455e-01
1.461162209510803223e+00
-7.943370938301086426e-02
-6.516965627670288086e-01
-9.679144620895385742e-01
-1.911487340927124023e+00
-6.399039030075073242e-01
2.355235666036605835e-01
5.132183432579040527e-01
7.220976948738098145e-01
-1.627580404281616211e+00
1.338943839073181152e+00
-9.948921799659729004e-01
1.057142913341522217e-01
1.292876154184341431e-01
1.584733486175537109e+00
1.580213189125061035e+00
1.412476897239685059e+00
-5.293524861335754395e-01
-9.511132240295410156e-01
9.297604560852050781e-01
1.513602614402770996e+00
1.962173819541931152e+00
-2.655671164393424988e-02
5.463111996650695801e-01
1.629750579595565796e-01
-1.027675509452819824e+00
2.302798330783843994e-01
2.281219482421875000e+00
2.396147996187210083e-01
-1.292908430099487305e+00
4.649161100387573242e-01
4.240112751722335815e-02
-1.651702165603637695e+00
