8.410357236862182617e-01
8.388886451721191406e-01
-2.174941539764404297e+00
5.416050553321838379e-01
9.584804773330688477e-01
-4.138433933258056641e-01
1.619619727134704590e+00
1.245345354080200195e+00
-7.605149596929550171e-02
-1.226445198059082031e+00
-7.518641948699951172e-01
-7.195050120353698730e-01
1.582935094833374023e+00
-8.679526448249816895e-01
1.505803465843200684e+00
6.440109014511108398e-01
-1.617377400398254395e+00
-1.066128015518188477e+00
1.036163091659545898e+00
3.260562419891357422e+00
6.649360060691833496e-01
-1.713934659957885742e+00
1.819033026695251465e+00
5.678715705871582031e-01
-4.182001948356628418e-01
7.559498548507690430e-01
9.002873897552490234e-01
1.156778216361999512e+00
-5.006434768438339233e-02
-4.977912455797195435e-02
