9.971557617187500000e+00
-2.654354095458984375e+00
-1.045363426208496094e+01
-2.256067752838134766e+00
6.269377231597900391e+00
3.903788566589355469e+00
-2.789721965789794922e+00
1.269152259826660156e+01
1.320520162582397461e+00
-2.730980157852172852e+00
-1.241530036926269531e+01
2.272947311401367188e+00
8.384380340576171875e+00
-1.791485190391540527e+00
-3.913745880126953125e+00
1.094361305236816406e+01
1.029811286926269531e+01
-1.399160480499267578e+01
-6.696371078491210938e+00
-4.628797054290771484e+00
5.199079513549804688e+00
4.708481788635253906e+00
1.525072097778320312e+00
2.784503400325775146e-01
-4.327685832977294922e+00
-1.364473056793212891e+01
4.027375221252441406e+00
-2.322743177413940430e+00
-1.331580543518066406e+01
-8.782818794250488281e+00
4.648828983306884766e+00
-1.248256397247314453e+01
-8.792713165283203125e+00
1.858924150466918945e+00
8.011004924774169922e-01
1.292493343353271484e+00
4.257413387298583984e+00
-1.516081809997558594e+00
-2.574526309967041016e+00
-3.246163129806518555e+00
-5.149528026580810547e+00
6.889802932739257812e+00
1.058717536926269531e+01
-1.743408203125000000e+00
-2.549549102783203125e+00
-3.076651334762573242e+00
-1.594172000885009766e+00
4.482672691345214844e+00
-8.531167984008789062e+00
-4.463169574737548828e+00
