8.915111541748046875e+00
1.326785683631896973e+00
1.811000442504882812e+01
-7.506356239318847656e+00
-7.634515762329101562e+00
1.424732089042663574e+00
3.570672988891601562e+01
-1.575168132781982422e+01
-1.784265899658203125e+01
-2.334028625488281250e+01
2.425624465942382812e+01
-8.247763633728027344e+00
2.143214988708496094e+01
9.883251190185546875e+00
-1.297471523284912109e+01
2.661894607543945312e+01
-1.696252250671386719e+01
-2.247634315490722656e+01
2.887255096435546875e+01
3.478911209106445312e+01
-3.195163345336914062e+01
1.890843391418457031e+01
1.211208724975585938e+01
1.526603984832763672e+01
-2.722871398925781250e+01
6.662682056427001953e+00
2.017843437194824219e+01
-1.970755958557128906e+01
1.033365249633789062e+01
-2.260537528991699219e+01
-2.974763298034667969e+01
-7.753764152526855469e+00
3.300259017944335938e+01
3.084270715713500977e+00
1.728545379638671875e+01
-2.942676544189453125e+01
1.273991680145263672e+01
1.184382152557373047e+01
1.776459693908691406e+01
3.593486785888671875e+00
3.536672592163085938e+00
-4.680071830749511719e+00
2.505005073547363281e+01
1.950494956970214844e+01
-2.859677124023437500e+01
-2.463307952880859375e+01
-2.814448833465576172e+00
5.451917648315429688e+00
2.381542205810546875e+01
1.280057716369628906e+01
2.006886863708496094e+01
6.728606224060058594e+00
1.688391876220703125e+01
-8.513925552368164062e+00
-4.747414588928222656e-02
-1.173548412322998047e+01
1.522768497467041016e+01
-3.480708694458007812e+01
-2.497373390197753906e+01
-1.840147018432617188e+01
