7.307154536247253418e-01 5.896568298339843750e-01
1.458535790443420410e+00 1.167923927307128906e+00
1.156807541847229004e+00 9.128109812736511230e-01
7.942347228527069092e-02 4.208986163139343262e-01
-4.053378701210021973e-01 -5.238632485270500183e-02
5.121540427207946777e-01 3.024140596389770508e-01
1.845768243074417114e-01 5.506415367126464844e-01
-8.252342790365219116e-02 -3.502489924430847168e-01
-5.777126550674438477e-01 9.215315431356430054e-02
-4.554102122783660889e-01 -3.152040541172027588e-01
-1.175709366798400879e+00 -8.794892430305480957e-01
2.221103012561798096e-01 4.849743843078613281e-01
1.026340603828430176e+00 1.475138664245605469e+00
-1.105098485946655273e+00 -7.414437532424926758e-01
1.331279873847961426e-01 3.591629862785339355e-01
4.064846336841583252e-01 1.346957087516784668e-01
-5.572183728218078613e-01 -1.400348097085952759e-01
-4.841741919517517090e-01 -1.272067874670028687e-01
4.193833470344543457e-01 5.690462589263916016e-01
-1.421178281307220459e-01 -4.994252920150756836e-01
-1.894083768129348755e-01 2.347417324781417847e-01
6.218454837799072266e-01 7.981587052345275879e-01
4.104138612747192383e-01 7.263427972793579102e-01
-8.420949578285217285e-01 -5.835617780685424805e-01
1.447488069534301758e+00 1.134421229362487793e+00
4.297434389591217041e-01 7.330756187438964844e-01
-4.331609010696411133e-01 -2.387914992868900299e-02
2.967044413089752197e-01 6.433334946632385254e-01
-6.888232827186584473e-01 -3.791790604591369629e-01
7.139890789985656738e-01 4.087058007717132568e-01
