9.744610637426376343e-02 -2.696544826030731201e-01
-1.058629035949707031e+00 -4.690448343753814697e-01
4.323495924472808838e-02 4.995885491371154785e-01
1.929919570684432983e-01 -2.193401753902435303e-01
8.357280492782592773e-01 1.379590392112731934e+00
6.675560474395751953e-01 1.092710614204406738e+00
-8.889321684837341309e-01 -2.005923986434936523e-01
7.326818704605102539e-01 3.381569683551788330e-01
-1.645338982343673706e-01 1.972346603870391846e-01
-6.516633629798889160e-01 -2.808904647827148438e-01
8.694601058959960938e-01 5.586390495300292969e-01
-3.237252235412597656e-01 -7.260356545448303223e-01
-5.236698389053344727e-01 -6.825990974903106689e-02
-9.100380539894104004e-01 -5.083407163619995117e-01
-5.285639166831970215e-01 -1.780682653188705444e-01
1.261540055274963379e+00 7.878780364990234375e-01
1.291898190975189209e-01 -4.351085126399993896e-01
4.944758415222167969e-01 1.444405876100063324e-02
7.357798218727111816e-01 2.819803357124328613e-01
7.560158371925354004e-01 2.349163144826889038e-01
1.707764118909835815e-01 6.335033178329467773e-01
8.668507337570190430e-01 1.409569978713989258e+00
-8.888051509857177734e-01 -3.312676250934600830e-01
1.130835056304931641e+00 7.378350496292114258e-01
-7.276001572608947754e-01 -1.317353248596191406e+00
-5.859068036079406738e-01 -1.568053364753723145e-01
-3.675092160701751709e-01 7.269406318664550781e-02
3.312589824199676514e-01 1.157083455473184586e-02
-1.042561382055282593e-01 3.015688657760620117e-01
4.357115626335144043e-01 4.849951714277267456e-02
1.306526958942413330e-01 9.084931612014770508e-01
-1.614605337381362915e-01 2.702798247337341309e-01
2.396437227725982666e-01 -1.342365890741348267e-01
-3.352521955966949463e-01 1.975267194211483002e-02
-1.252642750740051270e+00 -7.970899939537048340e-01
9.657641649246215820e-01 4.638355970382690430e-01
-3.689271807670593262e-01 -3.330173343420028687e-02
3.716617822647094727e-01 -1.118074059486389160e-01
-2.659265398979187012e-01 1.928868442773818970e-01
-2.935732901096343994e-01 2.835194766521453857e-01
1.386190205812454224e-01 6.562798023223876953e-01
-2.494528740644454956e-01 5.908675491809844971e-02
1.760860234498977661e-01 -1.992272734642028809e-01
2.325322031974792480e-01 6.670393943786621094e-01
-2.832166254520416260e-01 6.377261877059936523e-02
2.463348358869552612e-01 -2.965030670166015625e-01
1.368035197257995605e+00 1.764467000961303711e+00
6.997483968734741211e-01 -8.944387733936309814e-02
-9.735509753227233887e-02 -4.384154379367828369e-01
7.658778429031372070e-01 2.144536077976226807e-01
-1.167441964149475098e+00 -6.985361576080322266e-01
7.334469556808471680e-01 1.202902555465698242e+00
-5.700147747993469238e-01 -8.218096941709518433e-02
-5.596435070037841797e-01 -1.535697281360626221e-01
2.496993541717529297e-01 6.002028584480285645e-01
6.940435618162155151e-02 -7.069323062896728516e-01
5.544923711568117142e-03 3.587729632854461670e-01
-2.463126659393310547e+00 -1.400521278381347656e+00
-1.465068221092224121e+00 -1.062422394752502441e+00
-1.781076639890670776e-01 1.476632505655288696e-01
8.199236392974853516e-01 2.884134054183959961e-01
6.083214282989501953e-01 9.872361272573471069e-02
-3.699710071086883545e-01 1.408731341361999512e-01
-6.550036370754241943e-02 -5.597371459007263184e-01
3.323878645896911621e-01 -1.519315093755722046e-01
1.390960693359375000e+00 1.014402985572814941e+00
-7.926969230175018311e-02 -5.726546049118041992e-01
9.715718030929565430e-01 2.309687286615371704e-01
-1.425081491470336914e+00 -1.052836179733276367e+00
-6.362898349761962891e-01 -3.119246065616607666e-01
-9.534723162651062012e-01 -4.206680059432983398e-01
3.884744346141815186e-01 -7.619585841894149780e-03
-2.643541395664215088e-01 -8.151797652244567871e-01
-2.275798767805099487e-01 -6.610147953033447266e-01
4.269713163375854492e-01 8.277029395103454590e-01
4.713528752326965332e-01 8.739570528268814087e-02
-1.256784647703170776e-01 -5.850003957748413086e-01
3.021973967552185059e-01 -4.538330733776092529e-01
6.845229864120483398e-01 1.976767629384994507e-01
-2.609417028725147247e-02 -3.737583756446838379e-01
