0.6171875 0.5816848874092102 1094.0 4733.0 7316.0 1315.0
0.775390625 0.7596486210823059 1616.0 2682.0 9367.0 793.0
0.8046875 0.7936782240867615 1683.0 2257.0 9792.0 726.0
0.83984375 0.803568959236145 1805.0 2236.0 9813.0 604.0
0.8115234375 0.8080647587776184 1806.0 2172.0 9877.0 603.0
0.8134765625 0.8138746619224548 1867.0 2149.0 9900.0 542.0
0.828125 0.8270161747932434 1831.0 1923.0 10126.0 578.0
0.8447265625 0.8399502038955688 1803.0 1708.0 10341.0 606.0
0.857421875 0.8309586644172668 1844.0 1879.0 10170.0 565.0
0.8310546875 0.8265320062637329 1920.0 2019.0 10030.0 489.0
0.8427734375 0.8436160087585449 1922.0 1774.0 10275.0 487.0
0.853515625 0.8463134765625 1868.0 1681.0 10368.0 541.0
0.845703125 0.8354544043540955 2010.0 1980.0 10069.0 399.0
0.8603515625 0.8544750213623047 1924.0 1619.0 10430.0 485.0
0.87109375 0.836353600025177 1988.0 1945.0 10104.0 421.0
0.84765625 0.8371143937110901 2040.0 1986.0 10063.0 369.0
0.8740234375 0.8519850373268127 1975.0 1706.0 10343.0 434.0
0.861328125 0.8545442223548889 1967.0 1661.0 10388.0 442.0
0.8779296875 0.8522617220878601 1925.0 1652.0 10397.0 484.0
0.8583984375 0.8425093293190002 2009.0 1877.0 10172.0 400.0
0.8935546875 0.8667173981666565 1912.0 1430.0 10619.0 497.0
0.8740234375 0.8534375429153442 1967.0 1677.0 10372.0 442.0
0.8671875 0.8622907996177673 1923.0 1505.0 10544.0 486.0
0.875 0.8640199303627014 1950.0 1507.0 10542.0 459.0
0.8818359375 0.8611841201782227 1968.0 1566.0 10483.0 441.0
0.8740234375 0.8594549894332886 1983.0 1606.0 10443.0 426.0
0.8818359375 0.8578641414642334 1987.0 1633.0 10416.0 422.0
0.8798828125 0.8533684015274048 1994.0 1705.0 10344.0 415.0
0.8740234375 0.8620832562446594 1966.0 1551.0 10498.0 443.0
0.8837890625 0.8813113570213318 1905.0 1212.0 10837.0 504.0
0.8564453125 0.8529533743858337 1998.0 1715.0 10334.0 411.0
0.8916015625 0.8640199303627014 1997.0 1554.0 10495.0 412.0
0.837890625 0.847835123538971 2057.0 1848.0 10201.0 352.0
0.8935546875 0.870452344417572 1927.0 1391.0 10658.0 482.0
0.8701171875 0.8623599410057068 2013.0 1594.0 10455.0 396.0
0.8681640625 0.86146080493927 1977.0 1571.0 10478.0 432.0
0.876953125 0.8645732402801514 1967.0 1516.0 10533.0 442.0
0.890625 0.8659565448760986 1993.0 1522.0 10527.0 416.0
0.8798828125 0.8676857352256775 1930.0 1434.0 10615.0 479.0
0.8857421875 0.8571033477783203 2036.0 1693.0 10356.0 373.0
0.876953125 0.8627057671546936 1984.0 1560.0 10489.0 425.0
0.8642578125 0.8664407134056091 1967.0 1489.0 10560.0 442.0
0.8818359375 0.8611841201782227 2014.0 1612.0 10437.0 395.0
0.8828125 0.8659565448760986 1958.0 1487.0 10562.0 451.0
0.8828125 0.8780605792999268 1889.0 1243.0 10806.0 520.0
0.8779296875 0.8635357618331909 1992.0 1556.0 10493.0 417.0
0.8876953125 0.8742564916610718 1955.0 1364.0 10685.0 454.0
0.8994140625 0.8820722103118896 1916.0 1212.0 10837.0 493.0
0.8935546875 0.865818202495575 1979.0 1510.0 10539.0 430.0
0.873046875 0.8597316145896912 2011.0 1630.0 10419.0 398.0
0.8818359375 0.8703140020370483 1992.0 1458.0 10591.0 417.0
0.8896484375 0.8646424412727356 2021.0 1569.0 10480.0 388.0
0.8837890625 0.8755705952644348 1965.0 1355.0 10694.0 444.0
0.880859375 0.8654723763465881 1992.0 1528.0 10521.0 417.0
0.8896484375 0.8778530955314636 1940.0 1297.0 10752.0 469.0
0.896484375 0.8635357618331909 2006.0 1570.0 10479.0 403.0
0.890625 0.8736339807510376 1967.0 1385.0 10664.0 442.0
0.8671875 0.8631899356842041 2003.0 1572.0 10477.0 406.0
0.8583984375 0.8493567705154419 2080.0 1849.0 10200.0 329.0
0.875 0.8715590238571167 1993.0 1441.0 10608.0 416.0
0.8798828125 0.8681698441505432 1967.0 1464.0 10585.0 442.0
0.904296875 0.874671459197998 1931.0 1334.0 10715.0 478.0
0.8740234375 0.8772305846214294 1950.0 1316.0 10733.0 459.0
0.884765625 0.8709365129470825 1982.0 1439.0 10610.0 427.0
0.8818359375 0.8707290291786194 1980.0 1440.0 10609.0 429.0
0.8681640625 0.851500928401947 2068.0 1806.0 10243.0 341.0
0.884765625 0.8693456649780273 1985.0 1465.0 10584.0 424.0
0.8759765625 0.8663023710250854 1998.0 1522.0 10527.0 411.0
0.884765625 0.8647807240486145 2005.0 1551.0 10498.0 404.0
0.896484375 0.8687232136726379 1982.0 1471.0 10578.0 427.0
0.904296875 0.872389018535614 2003.0 1439.0 10610.0 406.0
0.859375 0.8593857884407043 2051.0 1675.0 10374.0 358.0
0.8916015625 0.8779222369194031 1955.0 1311.0 10738.0 454.0
0.892578125 0.8660948872566223 2034.0 1561.0 10488.0 375.0
0.87109375 0.8653340935707092 2018.0 1556.0 10493.0 391.0
0.876953125 0.8674090504646301 2014.0 1522.0 10527.0 395.0
0.859375 0.8687923550605774 1999.0 1487.0 10562.0 410.0
0.86328125 0.8622907996177673 2030.0 1612.0 10437.0 379.0
0.880859375 0.8584175109863281 1988.0 1626.0 10423.0 421.0
0.900390625 0.8833863735198975 1929.0 1206.0 10843.0 480.0
0.892578125 0.8784064054489136 1962.0 1311.0 10738.0 447.0
0.9052734375 0.8779222369194031 1906.0 1262.0 10787.0 503.0
0.873046875 0.863743245601654 2030.0 1591.0 10458.0 379.0
0.8779296875 0.8685848712921143 2021.0 1512.0 10537.0 388.0
0.888671875 0.8811730742454529 1963.0 1272.0 10777.0 446.0
0.8837890625 0.8664407134056091 2010.0 1532.0 10517.0 399.0
0.8955078125 0.8669248819351196 2034.0 1549.0 10500.0 375.0
0.8876953125 0.871420681476593 2004.0 1454.0 10595.0 405.0
0.8935546875 0.865264892578125 1969.0 1508.0 10541.0 440.0
0.880859375 0.8641582727432251 2033.0 1588.0 10461.0 376.0
0.90234375 0.866233229637146 2001.0 1526.0 10523.0 408.0
0.8720703125 0.8728039860725403 2011.0 1441.0 10608.0 398.0
0.869140625 0.8694148659706116 2033.0 1512.0 10537.0 376.0
0.876953125 0.8762622475624084 1964.0 1344.0 10705.0 445.0
0.876953125 0.8676165342330933 2004.0 1509.0 10540.0 405.0
0.8896484375 0.8748098015785217 1947.0 1348.0 10701.0 462.0
0.908203125 0.8686540126800537 1988.0 1478.0 10571.0 421.0
0.884765625 0.8683773875236511 2032.0 1526.0 10523.0 377.0
0.888671875 0.8650574088096619 2004.0 1546.0 10503.0 405.0
0.9033203125 0.8640199303627014 2029.0 1586.0 10463.0 380.0
0.884765625 0.8645732402801514 2032.0 1581.0 10468.0 377.0
0.873046875 0.8747406005859375 1979.0 1381.0 10668.0 430.0
0.873046875 0.8727348446846008 1946.0 1377.0 10672.0 463.0
0.8876953125 0.8672707080841064 1997.0 1507.0 10542.0 412.0
0.8876953125 0.8679623603820801 1990.0 1490.0 10559.0 419.0
0.896484375 0.8647807240486145 2037.0 1583.0 10466.0 372.0
0.8916015625 0.8654723763465881 2022.0 1558.0 10491.0 387.0
0.89453125 0.871005654335022 1951.0 1407.0 10642.0 458.0
0.892578125 0.8795822262763977 1965.0 1297.0 10752.0 444.0
0.8896484375 0.8728039860725403 1981.0 1411.0 10638.0 428.0
0.89453125 0.8777839541435242 1903.0 1261.0 10788.0 506.0
0.88671875 0.862982451915741 2038.0 1610.0 10439.0 371.0
0.8818359375 0.8687923550605774 2009.0 1497.0 10552.0 400.0
0.869140625 0.873703122138977 1985.0 1402.0 10647.0 424.0
0.8701171875 0.8624290823936462 2032.0 1612.0 10437.0 377.0
0.9091796875 0.875224769115448 1991.0 1386.0 10663.0 418.0
0.890625 0.8708673119544983 1998.0 1456.0 10593.0 411.0
0.8818359375 0.8599391579627991 2022.0 1638.0 10411.0 387.0
0.8896484375 0.8609074354171753 2004.0 1606.0 10443.0 405.0
0.888671875 0.8775764107704163 1986.0 1347.0 10702.0 423.0
0.8681640625 0.8601466417312622 2045.0 1658.0 10391.0 364.0
0.89453125 0.8709365129470825 1998.0 1455.0 10594.0 411.0
0.8876953125 0.8683081865310669 1993.0 1488.0 10561.0 416.0
0.861328125 0.8671323657035828 2027.0 1539.0 10510.0 382.0
0.8935546875 0.8779914379119873 1920.0 1275.0 10774.0 489.0
0.8798828125 0.8618757724761963 2040.0 1628.0 10421.0 369.0
0.8955078125 0.8705906867980957 1978.0 1440.0 10609.0 431.0
0.9052734375 0.8712131977081299 1959.0 1412.0 10637.0 450.0
0.8828125 0.876193106174469 1950.0 1331.0 10718.0 459.0
0.9052734375 0.8772997856140137 1971.0 1336.0 10713.0 438.0
0.8876953125 0.8721123337745667 1990.0 1430.0 10619.0 419.0
0.9072265625 0.8816572427749634 1930.0 1232.0 10817.0 479.0
0.8896484375 0.8685848712921143 1988.0 1479.0 10570.0 421.0
0.89453125 0.8712131977081299 1978.0 1431.0 10618.0 431.0
0.8955078125 0.8707290291786194 1983.0 1443.0 10606.0 426.0
0.8916015625 0.8775764107704163 1972.0 1333.0 10716.0 437.0
0.904296875 0.8798589110374451 1934.0 1262.0 10787.0 475.0
0.890625 0.8719048500061035 1982.0 1425.0 10624.0 427.0
0.8876953125 0.8663715720176697 2036.0 1559.0 10490.0 373.0
0.8818359375 0.8619449734687805 2051.0 1638.0 10411.0 358.0
0.900390625 0.8750864863395691 1975.0 1372.0 10677.0 434.0
0.8857421875 0.8743947744369507 1979.0 1386.0 10663.0 430.0
0.87890625 0.8707981705665588 1975.0 1434.0 10615.0 434.0
0.9072265625 0.8763314485549927 1920.0 1299.0 10750.0 489.0
0.88671875 0.8696914911270142 2019.0 1494.0 10555.0 390.0
0.8896484375 0.8705214858055115 2008.0 1471.0 10578.0 401.0
0.8818359375 0.8667173981666565 2009.0 1527.0 10522.0 400.0
0.8876953125 0.8754323124885559 1963.0 1355.0 10694.0 446.0
0.8994140625 0.8623599410057068 2044.0 1625.0 10424.0 365.0
0.888671875 0.8649882674217224 2042.0 1585.0 10464.0 367.0
0.8701171875 0.866786539554596 2049.0 1566.0 10483.0 360.0
0.8896484375 0.8711439967155457 1982.0 1436.0 10613.0 427.0
0.8857421875 0.8605616092681885 2032.0 1639.0 10410.0 377.0
0.8759765625 0.8574491739273071 2061.0 1713.0 10336.0 348.0
0.8896484375 0.8712131977081299 1999.0 1452.0 10597.0 410.0
0.8837890625 0.8683081865310669 1983.0 1478.0 10571.0 426.0
0.9013671875 0.8712823390960693 2000.0 1452.0 10597.0 409.0
0.884765625 0.8674781918525696 1977.0 1484.0 10565.0 432.0
0.9150390625 0.8858763575553894 1920.0 1161.0 10888.0 489.0
0.8642578125 0.8705214858055115 2024.0 1487.0 10562.0 385.0
0.8623046875 0.8627057671546936 2027.0 1603.0 10446.0 382.0
0.859375 0.8619449734687805 2067.0 1654.0 10395.0 342.0
0.8798828125 0.8712131977081299 2000.0 1453.0 10596.0 409.0
0.892578125 0.8800663948059082 1951.0 1276.0 10773.0 458.0
0.873046875 0.8654032349586487 1998.0 1535.0 10514.0 411.0
0.87109375 0.8645732402801514 2051.0 1600.0 10449.0 358.0
0.8759765625 0.871973991394043 2003.0 1445.0 10604.0 406.0
0.900390625 0.8691381812095642 2025.0 1508.0 10541.0 384.0
0.8798828125 0.8616682887077332 2087.0 1678.0 10371.0 322.0
0.8564453125 0.8615990877151489 2038.0 1630.0 10419.0 371.0
0.8720703125 0.8670632243156433 2022.0 1535.0 10514.0 387.0
0.8974609375 0.8676165342330933 2038.0 1543.0 10506.0 371.0
0.8544921875 0.8595933318138123 2075.0 1696.0 10353.0 334.0
0.8955078125 0.8775072693824768 2002.0 1364.0 10685.0 407.0
0.892578125 0.8654723763465881 2008.0 1544.0 10505.0 401.0
0.8896484375 0.8741181492805481 2008.0 1419.0 10630.0 401.0
0.8896484375 0.8760547637939453 1975.0 1358.0 10691.0 434.0
0.8984375 0.8701756596565247 2011.0 1479.0 10570.0 398.0
0.880859375 0.8738414645195007 1990.0 1405.0 10644.0 419.0
0.8857421875 0.8743947744369507 1980.0 1387.0 10662.0 429.0
0.8876953125 0.8575183153152466 2071.0 1722.0 10327.0 338.0
0.888671875 0.8778530955314636 1969.0 1326.0 10723.0 440.0
0.89453125 0.8768156170845032 2011.0 1383.0 10666.0 398.0
0.900390625 0.8805505633354187 1961.0 1279.0 10770.0 448.0
0.884765625 0.8722506761550903 2004.0 1442.0 10607.0 405.0
0.8935546875 0.8746023178100586 2010.0 1414.0 10635.0 399.0
0.8837890625 0.8719048500061035 2020.0 1463.0 10586.0 389.0
0.8818359375 0.8759856224060059 1985.0 1369.0 10680.0 424.0
0.880859375 0.8718356490135193 2032.0 1476.0 10573.0 377.0
0.890625 0.8642274141311646 2036.0 1590.0 10459.0 373.0
0.8896484375 0.8709365129470825 2009.0 1466.0 10583.0 400.0
0.900390625 0.8753631114959717 1991.0 1384.0 10665.0 418.0
0.892578125 0.8751556277275085 2013.0 1409.0 10640.0 396.0
0.8779296875 0.8686540126800537 2006.0 1496.0 10553.0 403.0
0.8759765625 0.8763314485549927 2025.0 1404.0 10645.0 384.0
0.8974609375 0.8702448606491089 2058.0 1525.0 10524.0 351.0
0.900390625 0.8744639754295349 2009.0 1415.0 10634.0 400.0
0.9150390625 0.8864988088607788 1921.0 1153.0 10896.0 488.0
0.8896484375 0.8673399090766907 2012.0 1521.0 10528.0 397.0
0.8935546875 0.8793056011199951 1997.0 1333.0 10716.0 412.0
0.8798828125 0.8695532083511353 2030.0 1507.0 10542.0 379.0
0.888671875 0.880412220954895 1952.0 1272.0 10777.0 457.0
0.8798828125 0.8720431327819824 2006.0 1447.0 10602.0 403.0
0.8896484375 0.8722506761550903 2021.0 1459.0 10590.0 388.0
0.8857421875 0.8721814751625061 2001.0 1440.0 10609.0 408.0
0.8662109375 0.8651265501976013 2039.0 1580.0 10469.0 370.0
0.9033203125 0.8707290291786194 2052.0 1512.0 10537.0 357.0
0.9072265625 0.8802738785743713 1980.0 1302.0 10747.0 429.0
0.896484375 0.8731498122215271 2044.0 1469.0 10580.0 365.0
0.87890625 0.8760547637939453 1997.0 1380.0 10669.0 412.0
0.904296875 0.8815189003944397 1972.0 1276.0 10773.0 437.0
0.875 0.8643657565116882 2031.0 1583.0 10466.0 378.0
0.9072265625 0.8786138892173767 2010.0 1356.0 10693.0 399.0
0.87890625 0.8732189536094666 2022.0 1446.0 10603.0 387.0
0.8974609375 0.8853921890258789 1968.0 1216.0 10833.0 441.0
0.88671875 0.8732189536094666 2062.0 1486.0 10563.0 347.0
0.8984375 0.8759164214134216 1986.0 1371.0 10678.0 423.0
0.8916015625 0.8889196515083313 1966.0 1163.0 10886.0 443.0
0.87890625 0.8634666204452515 2068.0 1633.0 10416.0 341.0
0.91796875 0.8842163681983948 1971.0 1236.0 10813.0 438.0
0.884765625 0.869484007358551 2025.0 1503.0 10546.0 384.0
0.8876953125 0.8718356490135193 1979.0 1423.0 10626.0 430.0
0.8818359375 0.8772997856140137 1993.0 1358.0 10691.0 416.0
0.8994140625 0.8772305846214294 2000.0 1366.0 10683.0 409.0
0.88671875 0.8661640882492065 2043.0 1569.0 10480.0 366.0
0.88671875 0.8705906867980957 2019.0 1481.0 10568.0 390.0
0.8681640625 0.8676857352256775 1997.0 1501.0 10548.0 412.0
0.8896484375 0.8746023178100586 2001.0 1405.0 10644.0 408.0
0.875 0.8669248819351196 2040.0 1555.0 10494.0 369.0
0.8916015625 0.8748789429664612 1985.0 1385.0 10664.0 424.0
0.892578125 0.8811730742454529 1990.0 1299.0 10750.0 419.0
0.869140625 0.8799972534179688 1963.0 1289.0 10760.0 446.0
0.8896484375 0.8743947744369507 2006.0 1413.0 10636.0 403.0
0.8837890625 0.8738414645195007 1984.0 1399.0 10650.0 425.0
0.873046875 0.8757781386375427 2004.0 1391.0 10658.0 405.0
0.8779296875 0.8701065182685852 2027.0 1496.0 10553.0 382.0
0.8828125 0.8689306974411011 2034.0 1520.0 10529.0 375.0
0.8603515625 0.8575183153152466 2052.0 1703.0 10346.0 357.0
0.90625 0.8833863735198975 1939.0 1216.0 10833.0 470.0
0.9033203125 0.8837321996688843 1918.0 1190.0 10859.0 491.0
0.90625 0.8758472800254822 1997.0 1383.0 10666.0 412.0
0.87890625 0.8680315613746643 2032.0 1531.0 10518.0 377.0
0.876953125 0.8689306974411011 2016.0 1502.0 10547.0 393.0
0.875 0.8638124465942383 2079.0 1639.0 10410.0 330.0
0.89453125 0.8763314485549927 1988.0 1367.0 10682.0 421.0
0.908203125 0.8853921890258789 1963.0 1211.0 10838.0 446.0
0.8681640625 0.8727348446846008 2021.0 1452.0 10597.0 388.0
0.8779296875 0.8828330039978027 1976.0 1261.0 10788.0 433.0
0.8876953125 0.8743256330490112 2022.0 1430.0 10619.0 387.0
0.884765625 0.8855305314064026 1985.0 1231.0 10818.0 424.0
0.884765625 0.8640890717506409 2060.0 1616.0 10433.0 349.0
0.873046875 0.8677548766136169 2031.0 1534.0 10515.0 378.0
0.8896484375 0.8632590770721436 2042.0 1610.0 10439.0 367.0
0.880859375 0.86146080493927 2010.0 1604.0 10445.0 399.0
0.9130859375 0.8783372640609741 1957.0 1307.0 10742.0 452.0
0.8837890625 0.8737723231315613 1997.0 1413.0 10636.0 412.0
0.8916015625 0.8770922422409058 1979.0 1347.0 10702.0 430.0
0.8798828125 0.8685157299041748 2006.0 1498.0 10551.0 403.0
0.89453125 0.8707290291786194 2059.0 1519.0 10530.0 350.0
0.8857421875 0.8748098015785217 2014.0 1415.0 10634.0 395.0
0.900390625 0.8792364001274109 1974.0 1311.0 10738.0 435.0
0.8876953125 0.8790289163589478 1999.0 1339.0 10710.0 410.0
0.8798828125 0.8735647797584534 1997.0 1416.0 10633.0 412.0
0.8896484375 0.865679919719696 2026.0 1559.0 10490.0 383.0
0.89453125 0.8811038732528687 1983.0 1293.0 10756.0 426.0
0.8974609375 0.8916171193122864 1949.0 1107.0 10942.0 460.0
0.8837890625 0.8677548766136169 2038.0 1541.0 10508.0 371.0
0.8857421875 0.8811038732528687 2001.0 1311.0 10738.0 408.0
0.8828125 0.8723198175430298 2005.0 1442.0 10607.0 404.0
0.853515625 0.8661640882492065 2070.0 1596.0 10453.0 339.0
0.8935546875 0.8837321996688843 1989.0 1261.0 10788.0 420.0
0.8642578125 0.8707981705665588 2012.0 1471.0 10578.0 397.0
