6.023626327514648438e-01
-1.352777123451232910e+00
-1.276294350624084473e+00
-2.773421049118041992e+00
-1.031091809272766113e-01
2.198071002960205078e+00
-1.949648976325988770e+00
2.207364797592163086e+00
-3.167482912540435791e-01
4.098439216613769531e-01
-5.747286677360534668e-01
-1.624294757843017578e+00
-7.971059530973434448e-02
2.193638563156127930e+00
-1.282083749771118164e+00
-1.072836160659790039e+00
-2.170842885971069336e-01
-4.558023810386657715e-01
1.182078361511230469e+00
-3.500631824135780334e-02
-1.824329853057861328e+00
-2.760910391807556152e-01
6.595952510833740234e-01
1.081713676452636719e+00
4.038441777229309082e-01
-1.814604640007019043e+00
-2.143724918365478516e+00
-9.316147565841674805e-01
1.881954312324523926e+00
-2.534083604812622070e+00
