-1.787629008293151855e+00
-1.977078199386596680e+00
1.783741712570190430e+00
-1.088866472244262695e+00
-1.056022167205810547e+00
-8.399768471717834473e-01
6.183900833129882812e-01
-2.137778282165527344e+00
-1.294849961996078491e-01
2.022038459777832031e+00
-1.113436222076416016e+00
2.115301847457885742e+00
-2.586508393287658691e-01
-5.866439938545227051e-01
1.890582799911499023e+00
1.682321786880493164e+00
6.156543493270874023e-01
5.456422567367553711e-01
-1.672889828681945801e+00
1.197582483291625977e+00
-8.818862438201904297e-01
1.989813148975372314e-01
7.758308947086334229e-02
4.013731777667999268e-01
-8.836556077003479004e-01
1.502115488052368164e+00
2.608483843505382538e-02
-1.287036061286926270e+00
-1.648265480995178223e+00
-1.764408707618713379e+00
-1.244243025779724121e+00
-1.103784322738647461e+00
5.779522657394409180e-02
-1.806441141525283456e-04
-9.576721191406250000e-01
4.917461872100830078e-01
-8.202658891677856445e-01
5.559827685356140137e-01
3.481642007827758789e-01
1.220572471618652344e+00
2.046032905578613281e+00
-1.177013635635375977e+00
-5.742182135581970215e-01
1.074144959449768066e+00
-2.291264832019805908e-01
-6.312335729598999023e-01
1.232868552207946777e+00
-3.446029722690582275e-01
1.797203719615936279e-01
9.491220116615295410e-02
-2.275951206684112549e-01
-7.589319348335266113e-01
-1.037814497947692871e+00
1.240121722221374512e+00
-3.985841944813728333e-02
1.173456788063049316e+00
-1.692507266998291016e+00
7.256910204887390137e-01
-1.510871410369873047e+00
-1.788956880569458008e+00
