-3.118188977241516113e-01
-6.361506581306457520e-01
1.912847310304641724e-01
-2.098931968212127686e-01
-4.356075227260589600e-01
-3.009762763977050781e-01
1.123564600944519043e+00
1.476710557937622070e+00
-7.751326560974121094e-01
-1.352485299110412598e+00
-1.361812949180603027e+00
6.423417925834655762e-01
-8.866515159606933594e-01
-1.712939739227294922e-01
1.057136178016662598e+00
5.233717560768127441e-01
-2.224430143833160400e-01
-7.892212271690368652e-01
5.306360721588134766e-01
-3.842061758041381836e-01
1.229062318801879883e+00
1.046629622578620911e-01
2.554918825626373291e-01
4.749893546104431152e-01
-1.931671947240829468e-01
3.010257780551910400e-01
3.272660076618194580e-01
-9.490798115730285645e-01
9.375262260437011719e-01
2.456270717084407806e-02
