3.181580066680908203e+00
3.187704086303710938e+00
-7.256547212600708008e-01
-1.673645257949829102e+00
1.857090592384338379e+00
3.470725297927856445e+00
2.249165058135986328e+00
7.100649356842041016e+00
-1.297514557838439941e+00
-1.411813974380493164e+00
-3.055888652801513672e+00
8.634206056594848633e-01
1.971419692039489746e+00
1.738790869712829590e+00
-3.018444404006004333e-02
1.494842953979969025e-02
3.211452960968017578e+00
3.489339351654052734e+00
-3.795209884643554688e+00
-7.739217758178710938e+00
-6.110117435455322266e+00
-1.609236240386962891e+00
-2.600212812423706055e+00
-7.055810689926147461e-01
-2.879328012466430664e+00
2.788239479064941406e+00
-3.742484569549560547e+00
-7.576416730880737305e-01
-6.010287441313266754e-03
5.966242551803588867e-01
-7.218441009521484375e+00
-1.883101463317871094e-01
-1.484547376632690430e+00
3.029381275177001953e+00
4.272997677326202393e-01
3.184953927993774414e+00
-3.839598417282104492e+00
-6.125061586499214172e-02
-2.667239665985107422e+00
3.592175722122192383e+00
