4.037939071655273438e+00
1.234932303428649902e+00
-1.252421975135803223e+00
-1.595546126365661621e+00
2.891781806945800781e+00
-4.515330791473388672e+00
2.524205684661865234e+00
2.922217845916748047e+00
-1.177774548530578613e+00
-6.414640903472900391e+00
1.380463540554046631e-01
4.203873157501220703e+00
7.697025686502456665e-02
1.831952810287475586e+00
2.410253047943115234e+00
-6.569639205932617188e+00
5.888831019401550293e-01
-2.264738798141479492e+00
1.121202564239501953e+01
-8.887117385864257812e+00
-5.445676803588867188e+00
-5.592553138732910156e+00
-3.096469640731811523e+00
-2.162258386611938477e+00
7.081080913543701172e+00
5.420386791229248047e+00
3.670208156108856201e-01
-2.634037256240844727e+00
-4.154980659484863281e+00
3.675189495086669922e+00
1.049719142913818359e+01
-8.283245086669921875e+00
-7.313818454742431641e+00
-1.544524908065795898e+00
-3.712564229965209961e+00
5.214568138122558594e+00
1.141319036483764648e+00
-2.224268317222595215e-01
-1.280961751937866211e+00
1.154988050460815430e+00
1.443132638931274414e+00
-4.174017429351806641e+00
2.391632080078125000e+00
-1.002469921112060547e+01
1.517861366271972656e+00
-4.677844524383544922e+00
-7.501539230346679688e+00
3.017348051071166992e+00
2.255104482173919678e-01
6.148081302642822266e+00
3.262165188789367676e-01
5.511760711669921875e+00
3.421023130416870117e+00
-7.626498937606811523e-01
-7.897039890289306641e+00
7.803503990173339844e+00
-5.416471481323242188e+00
-1.505708336830139160e+00
2.727186679840087891e+00
9.564030647277832031e+00
6.224555015563964844e+00
1.124221324920654297e+00
2.475062847137451172e+00
-4.911084473133087158e-01
6.796243786811828613e-02
1.007318377494812012e+00
-4.406409263610839844e+00
-7.655258655548095703e+00
3.777407407760620117e+00
-5.382580280303955078e+00
4.825104176998138428e-01
3.867333173751831055e+00
1.064719676971435547e+00
2.074885368347167969e+00
4.544555664062500000e+00
9.928157925605773926e-01
-6.979702949523925781e+00
-5.919294834136962891e+00
-8.818308264017105103e-02
3.152706623077392578e+00
