-9.068835526704788208e-02 1.356566309928894043e+00
1.005535721778869629e+00 1.723744034767150879e+00
-8.534685969352722168e-01 3.383723795413970947e-01
5.452360510826110840e-01 9.962642788887023926e-01
-1.084131121635437012e+00 -1.002719625830650330e-01
-1.210467666387557983e-01 5.704929828643798828e-01
4.859459400177001953e-01 1.163770437240600586e+00
-5.647733807563781738e-01 9.448786377906799316e-01
-8.290024995803833008e-01 -1.825144410133361816e+00
2.667173147201538086e-01 -5.563355088233947754e-01
6.422842144966125488e-01 1.774465560913085938e+00
-1.391654610633850098e+00 -4.259103834629058838e-01
-1.359817624092102051e+00 -3.792541623115539551e-01
-1.064413413405418396e-01 -9.042513370513916016e-01
2.380092889070510864e-01 6.896370053291320801e-01
5.595343112945556641e-01 -1.601335763931274414e+00
1.815544247627258301e+00 3.721701502799987793e-01
-8.351867794990539551e-01 5.047850012779235840e-01
1.014178872108459473e+00 1.791305541992187500e-01
1.331195831298828125e+00 -3.259089589118957520e-01
-3.814274817705154419e-02 -1.136392951011657715e+00
1.261614203453063965e+00 -6.575647741556167603e-02
1.502209752798080444e-01 -2.413304597139358521e-01
9.586687684059143066e-01 -1.075727269053459167e-01
-1.871373772621154785e+00 5.805754661560058594e-01
8.048241734504699707e-01 1.587879538536071777e+00
1.078183412551879883e+00 -1.872220158576965332e+00
-1.366608619689941406e+00 1.566534399986267090e+00
-5.867862105369567871e-01 2.783744782209396362e-02
-1.800981402397155762e+00 3.384828865528106689e-01
-1.537634611129760742e+00 7.290386557579040527e-01
-2.904112339019775391e-01 6.882202029228210449e-01
7.707154005765914917e-02 -1.279623866081237793e+00
6.699295639991760254e-01 -9.536386132240295410e-01
-1.810578107833862305e+00 -1.080703616142272949e+00
-6.761545538902282715e-01 1.312099575996398926e+00
-2.826181948184967041e-01 3.901151716709136963e-01
1.521532535552978516e+00 3.410154953598976135e-02
1.596026420593261719e+00 6.565412878990173340e-01
1.078528985381126404e-01 8.292694091796875000e-01
1.422957330942153931e-01 -8.655157089233398438e-01
-1.686240911483764648e+00 5.158446431159973145e-01
2.994805276393890381e-01 -1.316559672355651855e+00
6.116476058959960938e-01 -2.629171907901763916e-01
-4.771206974983215332e-01 -1.313850998878479004e+00
-1.253626585006713867e+00 9.960596561431884766e-01
5.842825397849082947e-02 -1.428944706916809082e+00
-2.161319971084594727e+00 -4.905212819576263428e-01
1.550185441970825195e+00 -4.392594397068023682e-01
2.011805295944213867e+00 6.915854215621948242e-01
