1.239691615104675293e+00 -5.818175077438354492e-01
2.543555974960327148e+00 -2.024258375167846680e+00
8.580217957496643066e-01 -2.128045320510864258e+00
-1.909148097038269043e+00 9.701404571533203125e-01
4.174814224243164062e-01 -2.488546609878540039e+00
8.875107169151306152e-01 -1.395559310913085938e+00
8.186270594596862793e-01 -1.693798899650573730e+00
1.626947760581970215e+00 -4.151661098003387451e-01
1.482806801795959473e+00 -5.268260240554809570e-01
6.912416964769363403e-02 3.186653137207031250e+00
5.612756729125976562e+00 7.610999584197998047e+00
-1.978076100349426270e+00 1.442114591598510742e+00
-2.665388822555541992e+00 2.598884582519531250e+00
5.149251818656921387e-01 -2.752120018005371094e+00
4.440823197364807129e-01 -2.646003246307373047e+00
4.980183243751525879e-01 -2.804008483886718750e+00
-2.136930227279663086e+00 1.428311705589294434e+00
-8.930616974830627441e-01 -1.573312133550643921e-01
-1.162394046783447266e+00 1.142317771911621094e+00
-1.419449567794799805e+00 1.176936864852905273e+00
-1.906196594238281250e+00 1.594332933425903320e+00
-1.465454936027526855e+00 8.636690378189086914e-01
-1.354395985603332520e+00 8.106940388679504395e-01
5.467740058898925781e+00 7.081255435943603516e+00
5.140939354896545410e-01 -2.567997455596923828e+00
1.353957176208496094e+00 -1.063900470733642578e+00
-2.525695800781250000e+00 2.364856958389282227e+00
5.548273921012878418e-01 -2.745930194854736328e+00
5.726400852203369141e+00 7.934441089630126953e+00
-1.387888550758361816e+00 4.647022485733032227e-01
5.194376111030578613e-01 -2.765377044677734375e+00
-3.267897367477416992e+00 3.520183324813842773e+00
-1.779856920242309570e+00 1.025017023086547852e+00
4.941880404949188232e-01 -2.857846498489379883e+00
4.243144989013671875e-01 -2.740877866744995117e+00
3.491830527782440186e-01 -2.843085050582885742e+00
2.207391262054443359e+00 -4.474896907806396484e+00
-1.116334795951843262e+00 9.302229881286621094e-01
-1.881250262260437012e+00 1.655545949935913086e+00
6.229847669601440430e-01 -2.542098045349121094e+00
-1.444787144660949707e+00 8.132117390632629395e-01
6.131299138069152832e-01 -2.394946575164794922e+00
-1.968539357185363770e+00 1.485583662986755371e+00
4.602468907833099365e-01 -2.596150875091552734e+00
-2.597732305526733398e+00 2.465544462203979492e+00
-3.103374958038330078e+00 3.332117319107055664e+00
-1.887762069702148438e+00 1.295349717140197754e+00
-1.983602643013000488e+00 1.443959712982177734e+00
4.777711629867553711e-01 -2.701465368270874023e+00
6.586038112640380859e+00 9.804710388183593750e+00
-2.070702314376831055e+00 1.451416492462158203e+00
-1.397421598434448242e+00 3.174442350864410400e-01
3.505151271820068359e-01 -2.667647123336791992e+00
3.466470003128051758e+00 -6.363251686096191406e+00
-1.210892081260681152e+00 1.080739140510559082e+00
2.133022546768188477e+00 -4.508010864257812500e+00
6.916916966438293457e-01 -2.446744203567504883e+00
-1.945081710815429688e+00 1.807953596115112305e+00
-1.853783607482910156e+00 1.681464910507202148e+00
-1.870363712310791016e+00 1.730707049369812012e+00
-8.796002268791198730e-01 -2.316138505935668945e+00
1.964418053627014160e+00 -4.582341670989990234e+00
6.546349525451660156e-01 -2.454634666442871094e+00
5.598761558532714844e+00 7.137769699096679688e+00
-1.874198198318481445e+00 1.632641553878784180e+00
-1.932270765304565430e+00 1.709130167961120605e+00
-1.889493107795715332e+00 1.696130037307739258e+00
-1.906107306480407715e+00 1.682305932044982910e+00
1.911157727241516113e+00 -4.518994331359863281e+00
-1.868195414543151855e+00 1.752742886543273926e+00
-1.917857885360717773e+00 1.660356163978576660e+00
-1.825669407844543457e+00 1.412191748619079590e+00
5.824193000793457031e+00 7.472618579864501953e+00
-8.613938689231872559e-01 3.041786253452301025e-01
5.163375854492187500e+00 6.970368862152099609e+00
-1.661453008651733398e+00 9.070420861244201660e-01
-2.582540273666381836e+00 2.435176372528076172e+00
5.135709047317504883e-01 -2.697043180465698242e+00
-1.054366469383239746e+00 8.271792411804199219e+00
-1.226006865501403809e+00 8.571272492408752441e-01
-1.202889442443847656e+00 8.472619652748107910e-01
2.048461198806762695e+00 -4.222967624664306641e+00
5.161362648010253906e+00 6.788517951965332031e+00
3.515885829925537109e+00 -2.385518550872802734e+00
-2.390785694122314453e+00 3.561051845550537109e+00
3.771760463714599609e+00 9.401366710662841797e-01
5.880699634552001953e+00 -3.488989353179931641e+00
2.336724758148193359e+00 -1.379836350679397583e-01
-1.016166210174560547e+00 9.347930550575256348e-01
-1.910622596740722656e+00 1.734196424484252930e+00
6.770859718322753906e+00 4.185866355895996094e+00
-1.395324110984802246e+00 9.781909584999084473e-01
-1.454994916915893555e+00 1.006686806678771973e+00
-1.935893893241882324e+00 1.658510208129882812e+00
