-2.456114959716796875e+01 -1.082441806793212891e+01
-8.900959968566894531e+00 8.391785621643066406e+00
-1.094200134277343750e+00 2.788572549819946289e+00
-9.421896338462829590e-01 2.913042068481445312e+00
-2.518846511840820312e+00 -1.324869275093078613e+00
-6.319542407989501953e+00 1.261763858795166016e+01
-3.673770427703857422e+00 -1.478769421577453613e+00
-2.190606880187988281e+01 3.242347717285156250e+00
-6.227089881896972656e+00 2.223338127136230469e+01
7.104940414428710938e+00 -9.047668576240539551e-01
-1.306029438972473145e+00 2.326166868209838867e+00
5.730581283569335938e-01 1.602490305900573730e+00
-8.889214992523193359e-01 8.907445907592773438e+00
-4.909202575683593750e+00 -6.631266593933105469e+00
-1.136093020439147949e+00 -1.291749358177185059e+00
1.119449234008789062e+01 6.251015514135360718e-02
2.822898387908935547e+00 1.594820404052734375e+01
3.193897008895874023e-01 3.187944412231445312e+00
-1.356178760528564453e+00 2.231275320053100586e+00
4.438778758049011230e-02 1.501818656921386719e+00
9.505196809768676758e-01 -9.550814628601074219e-01
1.013294816017150879e+00 -1.039221167564392090e+00
9.372525811195373535e-01 -1.081121802330017090e+00
9.422705769538879395e-01 -1.024419903755187988e+00
9.769943356513977051e-01 -1.099233984947204590e+00
-1.077343940734863281e+00 -3.321861505508422852e+00
1.198432683944702148e+00 -1.252699732780456543e+00
1.201630949974060059e+00 -1.207203030586242676e+00
4.865710735321044922e-01 1.629667758941650391e+00
-9.273042082786560059e-01 8.805205345153808594e+00
1.111884713172912598e+00 7.254816293716430664e-01
1.140647649765014648e+00 7.869335412979125977e-01
1.112039327621459961e+00 7.662270665168762207e-01
-2.085334300994873047e+00 -7.040928363800048828e+00
-9.746016263961791992e-01 3.557827234268188477e+00
-5.834690928459167480e-01 4.796760559082031250e+00
-1.258464694023132324e+00 2.272821903228759766e+00
-1.023994609713554382e-01 1.499142169952392578e+00
9.385148286819458008e-01 -9.722981452941894531e-01
9.868364930152893066e-01 -1.039543271064758301e+00
9.462862014770507812e-01 -1.081782460212707520e+00
7.661097645759582520e-01 -1.113778114318847656e+00
8.668534159660339355e-01 -1.344703197479248047e+00
1.235311746597290039e+00 -1.288568615913391113e+00
1.200240135192871094e+00 -1.270840764045715332e+00
1.208626151084899902e+00 -1.176437497138977051e+00
4.600650370121002197e-01 1.616099238395690918e+00
5.188833475112915039e-01 1.566151380538940430e+00
1.127429842948913574e+00 7.336251735687255859e-01
1.113718390464782715e+00 7.561040520668029785e-01
1.118388056755065918e+00 7.703494429588317871e-01
-2.099261999130249023e+00 -7.023592472076416016e+00
-1.072080850601196289e+00 -7.038110256195068359e+00
4.842398464679718018e-01 -8.263354897499084473e-01
-1.192629694938659668e+00 2.220748662948608398e+00
-2.594841718673706055e-01 1.428697466850280762e+00
9.896304607391357422e-01 -9.061911106109619141e-01
9.601269960403442383e-01 -9.718917608261108398e-01
9.258176684379577637e-01 -9.507073760032653809e-01
1.007631659507751465e+00 -9.181175231933593750e-01
4.360507965087890625e+00 -8.156167268753051758e-01
9.624239206314086914e-01 -9.398738741874694824e-01
9.140651226043701172e-01 -9.170299768447875977e-01
9.564777016639709473e-01 -9.188631176948547363e-01
9.505108594894409180e-01 -9.819403290748596191e-01
9.532757401466369629e-01 -9.293162226676940918e-01
9.556413292884826660e-01 -9.605618119239807129e-01
9.670230150222778320e-01 -9.140582084655761719e-01
9.791487455368041992e-01 -9.345272183418273926e-01
9.515563249588012695e-01 -9.165502190589904785e-01
1.010765790939331055e+00 -9.095392823219299316e-01
1.023295879364013672e+00 -1.121382713317871094e+00
8.991273641586303711e-01 -1.064553141593933105e+00
7.437894940376281738e-01 -1.117607831954956055e+00
7.685637474060058594e-01 -1.348686814308166504e+00
1.197727203369140625e+00 -1.313617348670959473e+00
1.196789145469665527e+00 -1.283496141433715820e+00
1.200808763504028320e+00 -1.296942114830017090e+00
4.558138549327850342e-01 1.570855259895324707e+00
-4.078754484653472900e-01 1.468978881835937500e+00
7.442896813154220581e-02 2.055778264999389648e+00
-1.726630091667175293e+00 1.671598315238952637e+00
-1.076198220252990723e+00 -1.505672097206115723e+00
-3.654007673263549805e+00 -1.520395517349243164e+00
2.213202476501464844e+00 -1.119309943169355392e-02
4.024452209472656250e+00 2.458323240280151367e-01
2.164175271987915039e+00 -5.197627067565917969e+00
-1.071812659502029419e-01 7.416332364082336426e-01
-4.165347814559936523e-01 2.118386924266815186e-01
9.565585255622863770e-01 -8.948197364807128906e-01
8.644153475761413574e-01 4.233217716217041016e+00
9.265936017036437988e-01 -9.216848015785217285e-01
8.804666399955749512e-01 -1.005870103836059570e+00
9.945947527885437012e-01 -1.039409041404724121e+00
