-3.408564925193786621e-01
-3.211236596107482910e-01
-3.555245399475097656e-01
-7.272511720657348633e-01
-2.676174879074096680e+00
1.612301588058471680e+00
-1.902226954698562622e-01
1.943480491638183594e+00
4.927886009216308594e+00
-2.391587734222412109e+00
-3.074140846729278564e-01
2.249780654907226562e+00
9.679443240165710449e-01
-7.470979094505310059e-01
4.497135579586029053e-01
-2.555393934249877930e+00
-1.161930337548255920e-01
-6.152203083038330078e-01
8.577119112014770508e-01
-2.914105728268623352e-02
-1.410963654518127441e+00
2.142035007476806641e+00
8.054899573326110840e-01
4.097421094775199890e-02
4.280398190021514893e-01
7.244445681571960449e-01
1.366997361183166504e+00
-2.635377645492553711e-01
-7.942702621221542358e-02
4.663824290037155151e-02
1.419565230607986450e-01
-1.854179739952087402e+00
-2.350572347640991211e+00
-9.881109595298767090e-01
2.598180770874023438e-01
-1.572011232376098633e+00
5.704919695854187012e-01
-3.853812515735626221e-01
-2.286887168884277344e-01
3.684957504272460938e+00
1.186916112899780273e+00
1.928600966930389404e-01
1.447099685668945312e+00
1.112514495849609375e+00
4.780808448791503906e+00
-1.233750820159912109e+00
-6.442543983459472656e+00
2.161458432674407959e-01
-1.100221753120422363e+00
-1.936836361885070801e+00
