1.054309606552124023e-01
1.037916660308837891e+00
-6.438962221145629883e-01
-2.104020595550537109e+00
-4.231182932853698730e-01
7.285206317901611328e-01
-1.371346354484558105e+00
-5.947669968008995056e-02
-5.136761814355850220e-02
3.464842140674591064e-01
9.497335553169250488e-01
-1.843801736831665039e-01
8.102352619171142578e-01
-7.560773193836212158e-02
1.390962958335876465e+00
-7.918852567672729492e-01
-5.169416069984436035e-01
9.521161913871765137e-01
8.056691884994506836e-01
2.987413108348846436e-01
1.654217123985290527e+00
1.190397664904594421e-01
-7.777700424194335938e-01
-5.733279585838317871e-01
-1.587434530258178711e+00
-7.106431722640991211e-01
2.111791849136352539e+00
-3.077271282672882080e-01
2.362903356552124023e-01
-2.013455390930175781e+00
-3.634179532527923584e-01
-8.250334858894348145e-01
8.779931068420410156e-01
-1.720309853553771973e+00
-1.401497364044189453e+00
1.308053135871887207e+00
3.283286392688751221e-01
8.594641685485839844e-01
-1.487131118774414062e+00
-1.153061270713806152e+00
-1.394737064838409424e-01
-9.711933135986328125e-01
1.032966971397399902e+00
6.215503811836242676e-01
-1.785108685493469238e+00
-1.671663880348205566e+00
-1.626478910446166992e+00
-6.827291250228881836e-01
8.495697379112243652e-01
-9.046864509582519531e-01
1.468152046203613281e+00
5.392541885375976562e-01
-8.385922312736511230e-01
4.313952028751373291e-01
-5.691276788711547852e-01
-9.814110398292541504e-01
1.616198658943176270e+00
-1.182317376136779785e+00
1.177712202072143555e+00
-3.521969020366668701e-01
-8.167220950126647949e-01
-6.059833765029907227e-01
9.510710835456848145e-01
-1.228102207183837891e+00
-4.814237654209136963e-01
1.922021031379699707e+00
-1.076078534126281738e+00
3.490667939186096191e-01
-5.164529681205749512e-01
1.102048397064208984e+00
-1.334787726402282715e+00
9.153386577963829041e-03
-1.287825942039489746e+00
7.063440680503845215e-01
1.286934614181518555e+00
-1.161477088928222656e+00
-2.245911061763763428e-01
5.329322814941406250e-01
-8.223536610603332520e-01
7.733225822448730469e-02
