6.112654209136962891e+00
5.117450237274169922e+00
1.101117038726806641e+01
-2.984533071517944336e+00
1.404861688613891602e+00
-2.187428474426269531e+00
-6.112515926361083984e+00
6.044058799743652344e+00
6.652543067932128906e+00
-1.621519207954406738e+00
2.245204925537109375e+00
-9.097376823425292969e+00
-3.443002462387084961e+00
2.507924318313598633e+00
-1.631326079368591309e+00
-8.072463035583496094e+00
-7.465485334396362305e-01
-9.152005910873413086e-01
-6.167179107666015625e+00
4.728128433227539062e+00
7.394023537635803223e-01
1.082620334625244141e+01
2.435216426849365234e+00
-1.277914881706237793e+00
4.178362846374511719e+00
-3.877339839935302734e+00
2.104873180389404297e+00
-5.980369567871093750e+00
9.912429809570312500e+00
1.560939550399780273e+00
