-1.957446038722991943e-01 2.664783000946044922e-01
-6.532738208770751953e-01 -2.658655643463134766e-01
1.845181435346603394e-01 4.776145517826080322e-01
1.156313270330429077e-01 -2.032954394817352295e-01
-4.583771824836730957e-01 -8.581750988960266113e-01
-1.159043312072753906e+00 -8.385214805603027344e-01
-2.327078580856323242e-02 -5.267835259437561035e-01
1.126883387565612793e+00 7.972097396850585938e-01
-1.306808143854141235e-01 1.796402335166931152e-01
-4.217541217803955078e-01 -6.171061396598815918e-01
-4.526329338550567627e-01 -1.933324933052062988e-01
9.807279706001281738e-02 -3.197890818119049072e-01
1.446933150291442871e+00 1.101288557052612305e+00
-1.989647597074508667e-01 1.169612258672714233e-02
-2.113592624664306641e-01 -2.382957488298416138e-01
-1.680889725685119629e-02 -1.153456494212150574e-01
4.559058547019958496e-01 7.008132934570312500e-01
-7.454335689544677734e-01 -1.055204510688781738e+00
1.376485466957092285e+00 1.097899913787841797e+00
2.326264977455139160e-01 5.742308497428894043e-01
3.210546374320983887e-01 6.881609559059143066e-01
9.915822148323059082e-01 1.496591210365295410e+00
-5.901330709457397461e-01 -1.207575500011444092e-01
-7.086839079856872559e-01 -1.010970950126647949e+00
-6.921762228012084961e-01 -3.616507947444915771e-01
4.176569730043411255e-02 -3.131423890590667725e-01
-2.976288497447967529e-01 4.922381415963172913e-02
-7.848097681999206543e-01 -1.159032344818115234e+00
-2.425831556320190430e-02 5.050874352455139160e-01
-8.556180596351623535e-01 -5.823897719383239746e-01
