-5.954262018203735352e-01 -7.616121321916580200e-02
7.318878173828125000e-01 2.295668423175811768e-01
8.705300688743591309e-01 4.900061786174774170e-01
-2.585566937923431396e-01 -6.840883493423461914e-01
-8.093537092208862305e-01 -4.190829098224639893e-01
6.538935303688049316e-01 2.998607456684112549e-01
-3.492164313793182373e-01 9.279207140207290649e-02
-3.280138969421386719e-01 1.402054727077484131e-01
-5.407205224037170410e-02 -5.876043438911437988e-01
5.874833464622497559e-01 -2.757369354367256165e-02
5.869906544685363770e-01 1.084608674049377441e+00
1.363392267376184464e-02 -5.753670930862426758e-01
5.789651870727539062e-01 7.979977130889892578e-02
-8.032388091087341309e-01 -4.371250569820404053e-01
2.566617727279663086e-01 -4.564777016639709473e-01
-3.936492800712585449e-01 6.846988108009099960e-03
3.202410936355590820e-01 -1.318313032388687134e-01
-8.573977947235107422e-01 -1.332423925399780273e+00
-1.013610720634460449e+00 -5.760747790336608887e-01
1.910487115383148193e-01 -4.731048643589019775e-01
-2.109996825456619263e-01 3.073757886886596680e-01
-5.342937707901000977e-01 -1.001283884048461914e+00
1.153610944747924805e+00 1.548298597335815430e+00
-3.345719277858734131e-01 -7.190137505531311035e-01
9.496511220932006836e-01 6.552710384130477905e-02
-1.518342643976211548e-01 -5.996307730674743652e-01
-8.154442906379699707e-01 -3.897097706794738770e-01
-5.049110651016235352e-01 8.003914356231689453e-02
-7.797254323959350586e-01 -1.187211990356445312e+00
-4.130260273814201355e-02 -3.919410407543182373e-01
1.376924663782119751e-01 -4.046272039413452148e-01
-7.466768622398376465e-01 -1.161825805902481079e-01
7.473506331443786621e-01 2.710487842559814453e-01
-2.657260894775390625e-01 -7.760350108146667480e-01
7.461513578891754150e-02 -4.146448075771331787e-01
-1.076642200350761414e-01 -5.781206488609313965e-01
6.550659239292144775e-02 -2.485887408256530762e-01
3.430777192115783691e-01 -1.089157938957214355e+00
-3.700858652591705322e-01 -8.356907963752746582e-01
-7.589543610811233521e-02 3.134746253490447998e-01
1.085020303726196289e+00 1.639802575111389160e+00
3.439641594886779785e-01 -4.067062586545944214e-02
4.153127372264862061e-01 9.943162202835083008e-01
-1.512470543384552002e-01 -8.371009230613708496e-01
1.362438946962356567e-01 5.874703526496887207e-01
1.939868181943893433e-01 6.114896535873413086e-01
1.179935693740844727e+00 8.177838325500488281e-01
-2.834700345993041992e-01 1.317694187164306641e+00
-4.466663897037506104e-01 5.174339413642883301e-01
3.045609593391418457e-01 6.297510862350463867e-01
2.684582769870758057e-01 -2.678903639316558838e-01
-6.972915530204772949e-01 -3.136624991893768311e-01
9.695570468902587891e-01 1.429482936859130859e+00
-7.356976866722106934e-01 -3.492185473442077637e-01
5.568287968635559082e-01 1.495719671249389648e+00
-3.232831954956054688e-01 -7.204103469848632812e-01
2.116275280714035034e-01 -2.272639870643615723e-01
-3.302763700485229492e-01 2.013564109802246094e-01
5.704271197319030762e-01 -1.258437335491180420e-01
-3.249031305313110352e-01 1.039533317089080811e-01
