0.662109375 0.651833713054657 861.0 16072.0 32127.0 1548.0
0.9453125 0.938744843006134 595.0 1286.0 46913.0 1814.0
0.943359375 0.9387646317481995 661.0 1351.0 46848.0 1748.0
0.935546875 0.9406023025512695 736.0 1333.0 46866.0 1673.0
0.939453125 0.9449296593666077 643.0 1021.0 47178.0 1766.0
0.943359375 0.9478145837783813 614.0 846.0 47353.0 1795.0
0.95703125 0.9411160349845886 840.0 1411.0 46788.0 1569.0
0.943359375 0.9372431039810181 914.0 1681.0 46518.0 1495.0
0.953125 0.9421435594558716 915.0 1434.0 46765.0 1494.0
0.94921875 0.9381125569343567 1002.0 1725.0 46474.0 1407.0
0.935546875 0.9429141879081726 901.0 1381.0 46818.0 1508.0
0.947265625 0.940542995929718 1003.0 1603.0 46596.0 1406.0
0.927734375 0.9446332454681396 913.0 1306.0 46893.0 1496.0
0.951171875 0.9392783641815186 1063.0 1727.0 46472.0 1346.0
0.923828125 0.9390215277671814 1118.0 1795.0 46404.0 1291.0
0.94140625 0.941274106502533 1083.0 1646.0 46553.0 1326.0
0.9453125 0.9425387382507324 1100.0 1599.0 46600.0 1309.0
0.9453125 0.9397130608558655 1182.0 1824.0 46375.0 1227.0
0.951171875 0.9445739984512329 1064.0 1460.0 46739.0 1345.0
0.939453125 0.9429339170455933 1110.0 1589.0 46610.0 1299.0
0.939453125 0.9453051090240479 1108.0 1467.0 46732.0 1301.0
0.962890625 0.9430722594261169 1166.0 1638.0 46561.0 1243.0
0.947265625 0.943882405757904 1180.0 1611.0 46588.0 1229.0
0.947265625 0.9415310025215149 1202.0 1752.0 46447.0 1207.0
0.943359375 0.9477947950363159 1202.0 1435.0 46764.0 1207.0
0.94140625 0.9477157592773438 1167.0 1404.0 46795.0 1242.0
0.939453125 0.9432698488235474 1213.0 1675.0 46524.0 1196.0
0.939453125 0.9457595348358154 1237.0 1573.0 46626.0 1172.0
0.951171875 0.944060206413269 1272.0 1694.0 46505.0 1137.0
0.955078125 0.9410567283630371 1195.0 1769.0 46430.0 1214.0
0.951171875 0.9487234950065613 1213.0 1399.0 46800.0 1196.0
0.953125 0.9481900334358215 1243.0 1456.0 46743.0 1166.0
0.94921875 0.9497708082199097 1201.0 1334.0 46865.0 1208.0
0.943359375 0.9488816261291504 1227.0 1405.0 46794.0 1182.0
0.935546875 0.9396538138389587 1372.0 2017.0 46182.0 1037.0
0.939453125 0.9473996162414551 1231.0 1484.0 46715.0 1178.0
0.95703125 0.9452853202819824 1268.0 1628.0 46571.0 1141.0
0.95703125 0.9396340250968933 1357.0 2003.0 46196.0 1052.0
0.94921875 0.9476169943809509 1300.0 1542.0 46657.0 1109.0
0.955078125 0.9461745023727417 1313.0 1628.0 46571.0 1096.0
0.94921875 0.9488223195075989 1270.0 1451.0 46748.0 1139.0
0.9453125 0.9458188414573669 1352.0 1685.0 46514.0 1057.0
0.9375 0.947656512260437 1262.0 1502.0 46697.0 1147.0
0.953125 0.9475379586219788 1323.0 1569.0 46630.0 1086.0
0.96484375 0.9452655911445618 1374.0 1735.0 46464.0 1035.0
0.951171875 0.9473205804824829 1335.0 1592.0 46607.0 1074.0
0.95703125 0.9493953585624695 1294.0 1446.0 46753.0 1115.0
0.94140625 0.9365713000297546 1466.0 2267.0 45932.0 943.0
0.958984375 0.948901355266571 1296.0 1473.0 46726.0 1113.0
0.9453125 0.9455224275588989 1410.0 1758.0 46441.0 999.0
0.931640625 0.9452062845230103 1411.0 1775.0 46424.0 998.0
0.96484375 0.9496127367019653 1326.0 1467.0 46732.0 1083.0
0.958984375 0.9454631805419922 1389.0 1740.0 46459.0 1020.0
0.943359375 0.9467080235481262 1366.0 1654.0 46545.0 1043.0
0.955078125 0.9464116096496582 1406.0 1709.0 46490.0 1003.0
0.939453125 0.9468660950660706 1399.0 1679.0 46520.0 1010.0
0.947265625 0.9474589228630066 1371.0 1621.0 46578.0 1038.0
0.955078125 0.9430129528045654 1432.0 1907.0 46292.0 977.0
0.9453125 0.948861837387085 1370.0 1549.0 46650.0 1039.0
0.935546875 0.9464511275291443 1438.0 1739.0 46460.0 971.0
0.9375 0.9474589228630066 1395.0 1645.0 46554.0 1014.0
0.9453125 0.9508575797080994 1375.0 1453.0 46746.0 1034.0
0.962890625 0.9525766968727112 1266.0 1257.0 46942.0 1143.0
0.943359375 0.9476169943809509 1370.0 1612.0 46587.0 1039.0
0.9453125 0.948387622833252 1359.0 1562.0 46637.0 1050.0
0.947265625 0.9486444592475891 1415.0 1605.0 46594.0 994.0
0.94921875 0.9524778723716736 1315.0 1311.0 46888.0 1094.0
0.966796875 0.9504624009132385 1337.0 1435.0 46764.0 1072.0
0.9609375 0.9483678340911865 1406.0 1610.0 46589.0 1003.0
0.970703125 0.9497510194778442 1371.0 1505.0 46694.0 1038.0
0.94921875 0.9504821300506592 1336.0 1433.0 46766.0 1073.0
0.9609375 0.9452062845230103 1454.0 1818.0 46381.0 955.0
0.966796875 0.9505611658096313 1407.0 1500.0 46699.0 1002.0
0.96484375 0.9508377909660339 1393.0 1472.0 46727.0 1016.0
0.955078125 0.9483678340911865 1410.0 1614.0 46585.0 999.0
0.966796875 0.948861837387085 1409.0 1588.0 46611.0 1000.0
0.951171875 0.9442577958106995 1482.0 1894.0 46305.0 927.0
0.94921875 0.9496719837188721 1381.0 1519.0 46680.0 1028.0
0.951171875 0.9499881267547607 1420.0 1542.0 46657.0 989.0
0.94140625 0.9518653154373169 1368.0 1395.0 46804.0 1041.0
0.943359375 0.9495139122009277 1391.0 1537.0 46662.0 1018.0
0.947265625 0.9494150876998901 1378.0 1529.0 46670.0 1031.0
0.9453125 0.9489803910255432 1414.0 1587.0 46612.0 995.0
0.94921875 0.9448703527450562 1504.0 1885.0 46314.0 905.0
0.953125 0.9442380666732788 1519.0 1932.0 46267.0 890.0
0.9375 0.9444159269332886 1505.0 1909.0 46290.0 904.0
0.9609375 0.9487234950065613 1372.0 1558.0 46641.0 1037.0
0.94921875 0.9509761333465576 1406.0 1478.0 46721.0 1003.0
0.962890625 0.9511935114860535 1386.0 1447.0 46752.0 1023.0
0.94921875 0.9467475414276123 1500.0 1786.0 46413.0 909.0
0.951171875 0.9425782561302185 1573.0 2070.0 46129.0 836.0
0.955078125 0.949632465839386 1364.0 1504.0 46695.0 1045.0
0.95703125 0.9511935114860535 1410.0 1471.0 46728.0 999.0
0.955078125 0.9537227153778076 1315.0 1248.0 46951.0 1094.0
0.95703125 0.9491977691650391 1447.0 1609.0 46590.0 962.0
0.931640625 0.9500869512557983 1430.0 1547.0 46652.0 979.0
0.96484375 0.9493953585624695 1465.0 1617.0 46582.0 944.0
0.951171875 0.9457398056983948 1495.0 1832.0 46367.0 914.0
0.958984375 0.948861837387085 1473.0 1652.0 46547.0 936.0
0.94921875 0.9510551691055298 1460.0 1528.0 46671.0 949.0
0.947265625 0.9486839771270752 1478.0 1666.0 46533.0 931.0
0.953125 0.9480516910552979 1477.0 1697.0 46502.0 932.0
0.955078125 0.9498893618583679 1478.0 1605.0 46594.0 931.0
0.970703125 0.9517862796783447 1409.0 1440.0 46759.0 1000.0
0.94921875 0.9504228830337524 1467.0 1567.0 46632.0 942.0
0.96484375 0.9518455862998962 1445.0 1473.0 46726.0 964.0
0.943359375 0.948901355266571 1457.0 1634.0 46565.0 952.0
0.953125 0.9510353803634644 1478.0 1547.0 46652.0 931.0
0.958984375 0.9521419405937195 1408.0 1421.0 46778.0 1001.0
0.958984375 0.9515886902809143 1458.0 1499.0 46700.0 951.0
0.955078125 0.9485852122306824 1480.0 1673.0 46526.0 929.0
0.935546875 0.9488816261291504 1499.0 1677.0 46522.0 910.0
0.939453125 0.9475181698799133 1506.0 1753.0 46446.0 903.0
0.953125 0.9462930560112 1530.0 1839.0 46360.0 879.0
0.951171875 0.9484468698501587 1460.0 1660.0 46539.0 949.0
0.955078125 0.948387622833252 1494.0 1697.0 46502.0 915.0
0.9453125 0.9515491724014282 1464.0 1507.0 46692.0 945.0
0.9296875 0.9474786520004272 1482.0 1731.0 46468.0 927.0
0.95703125 0.9509761333465576 1436.0 1508.0 46691.0 973.0
0.951171875 0.9502450227737427 1471.0 1580.0 46619.0 938.0
0.9609375 0.9518455862998962 1449.0 1477.0 46722.0 960.0
0.94140625 0.9527544975280762 1412.0 1394.0 46805.0 997.0
0.955078125 0.9528138041496277 1445.0 1424.0 46775.0 964.0
0.955078125 0.9496917724609375 1462.0 1599.0 46600.0 947.0
0.94921875 0.9503240585327148 1484.0 1589.0 46610.0 925.0
0.955078125 0.9479923844337463 1538.0 1761.0 46438.0 871.0
0.94140625 0.9510946869850159 1438.0 1504.0 46695.0 971.0
0.96875 0.9519246220588684 1456.0 1480.0 46719.0 953.0
0.9609375 0.9536041617393494 1454.0 1393.0 46806.0 955.0
0.974609375 0.9503240585327148 1461.0 1566.0 46633.0 948.0
0.970703125 0.949158251285553 1515.0 1679.0 46520.0 894.0
0.97265625 0.9485654234886169 1519.0 1713.0 46486.0 890.0
0.939453125 0.951173722743988 1498.0 1560.0 46639.0 911.0
0.96484375 0.9540586471557617 1397.0 1313.0 46886.0 1012.0
0.947265625 0.9486642479896545 1444.0 1633.0 46566.0 965.0
0.962890625 0.9496719837188721 1444.0 1582.0 46617.0 965.0
0.947265625 0.9516874551773071 1477.0 1513.0 46686.0 932.0
0.955078125 0.9535251259803772 1388.0 1331.0 46868.0 1021.0
0.935546875 0.9485061764717102 1522.0 1719.0 46480.0 887.0
0.955078125 0.9464116096496582 1523.0 1826.0 46373.0 886.0
0.947265625 0.9508575797080994 1491.0 1569.0 46630.0 918.0
0.94921875 0.9488223195075989 1489.0 1670.0 46529.0 920.0
0.947265625 0.9456607699394226 1523.0 1864.0 46335.0 886.0
0.943359375 0.9460559487342834 1520.0 1841.0 46358.0 889.0
0.953125 0.9524580836296082 1442.0 1439.0 46760.0 967.0
0.95703125 0.9505611658096313 1471.0 1564.0 46635.0 938.0
0.9609375 0.9522802829742432 1472.0 1478.0 46721.0 937.0
0.962890625 0.9504624009132385 1459.0 1557.0 46642.0 950.0
0.94921875 0.9529125690460205 1440.0 1414.0 46785.0 969.0
0.96484375 0.9493953585624695 1537.0 1689.0 46510.0 872.0
0.955078125 0.9499881267547607 1490.0 1612.0 46587.0 919.0
0.951171875 0.9491977691650391 1493.0 1655.0 46544.0 916.0
0.95703125 0.9506402015686035 1474.0 1563.0 46636.0 935.0
0.955078125 0.9501264691352844 1500.0 1615.0 46584.0 909.0
0.951171875 0.9516874551773071 1440.0 1476.0 46723.0 969.0
0.96875 0.956745982170105 1366.0 1146.0 47053.0 1043.0
0.947265625 0.9471427202224731 1494.0 1760.0 46439.0 915.0
0.953125 0.9526952505111694 1447.0 1432.0 46767.0 962.0
0.962890625 0.9503833651542664 1456.0 1558.0 46641.0 953.0
0.955078125 0.9505809545516968 1413.0 1505.0 46694.0 996.0
0.947265625 0.9491187334060669 1508.0 1674.0 46525.0 901.0
0.951171875 0.953880786895752 1460.0 1385.0 46814.0 949.0
0.962890625 0.9512330293655396 1473.0 1532.0 46667.0 936.0
0.953125 0.9510353803634644 1487.0 1556.0 46643.0 922.0
0.947265625 0.9492174983024597 1473.0 1634.0 46565.0 936.0
0.955078125 0.9457398056983948 1532.0 1869.0 46330.0 877.0
0.943359375 0.946628987789154 1523.0 1815.0 46384.0 886.0
0.953125 0.9492372870445251 1568.0 1728.0 46471.0 841.0
0.943359375 0.9498695731163025 1498.0 1626.0 46573.0 911.0
0.96484375 0.9523593187332153 1439.0 1441.0 46758.0 970.0
0.9609375 0.9458188414573669 1512.0 1845.0 46354.0 897.0
0.9453125 0.9478936195373535 1510.0 1738.0 46461.0 899.0
0.939453125 0.9494150876998901 1487.0 1638.0 46561.0 922.0
