0.599609375 0.5891756415367126 1201.0 19583.0 28616.0 1208.0
0.955078125 0.947834312915802 415.0 646.0 47553.0 1994.0
0.943359375 0.9356821179389954 812.0 1658.0 46541.0 1597.0
0.943359375 0.936729371547699 814.0 1607.0 46592.0 1595.0
0.927734375 0.9384089708328247 831.0 1539.0 46660.0 1578.0
0.94921875 0.9389029145240784 881.0 1564.0 46635.0 1528.0
0.935546875 0.9268297553062439 1088.0 2382.0 45817.0 1321.0
0.9296875 0.9313547015190125 1065.0 2130.0 46069.0 1344.0
0.94921875 0.9381520748138428 999.0 1720.0 46479.0 1410.0
0.9453125 0.9367491602897644 1089.0 1881.0 46318.0 1320.0
0.935546875 0.9317894577980042 1130.0 2173.0 46026.0 1279.0
0.921875 0.9332714080810547 1159.0 2127.0 46072.0 1250.0
0.93359375 0.9356426000595093 1151.0 1999.0 46200.0 1258.0
0.947265625 0.9386658072471619 1153.0 1848.0 46351.0 1256.0
0.947265625 0.9354647397994995 1219.0 2076.0 46123.0 1190.0
0.927734375 0.9375988245010376 1225.0 1974.0 46225.0 1184.0
0.951171875 0.9398118853569031 1211.0 1848.0 46351.0 1198.0
0.939453125 0.9365119934082031 1245.0 2049.0 46150.0 1164.0
0.955078125 0.9419656991958618 1234.0 1762.0 46437.0 1175.0
0.94140625 0.9356426000595093 1295.0 2143.0 46056.0 1114.0
0.9609375 0.9374011754989624 1310.0 2069.0 46130.0 1099.0
0.951171875 0.9396933317184448 1284.0 1927.0 46272.0 1125.0
0.9453125 0.9382904171943665 1290.0 2004.0 46195.0 1119.0
0.9375 0.9364922642707825 1319.0 2124.0 46075.0 1090.0
0.92578125 0.938705325126648 1283.0 1976.0 46223.0 1126.0
0.951171875 0.9403454065322876 1302.0 1912.0 46287.0 1107.0
0.939453125 0.9364922642707825 1335.0 2140.0 46059.0 1074.0
0.943359375 0.9422028064727783 1317.0 1833.0 46366.0 1092.0
0.935546875 0.9430327415466309 1291.0 1765.0 46434.0 1118.0
0.95703125 0.9371048212051392 1371.0 2145.0 46054.0 1038.0
0.935546875 0.9374802112579346 1346.0 2101.0 46098.0 1063.0
0.92578125 0.9376778602600098 1341.0 2086.0 46113.0 1068.0
0.94140625 0.9409579634666443 1367.0 1946.0 46253.0 1042.0
0.93359375 0.9372628927230835 1389.0 2155.0 46044.0 1020.0
0.916015625 0.9391005635261536 1378.0 2051.0 46148.0 1031.0
0.947265625 0.9429339170455933 1354.0 1833.0 46366.0 1055.0
0.955078125 0.9404639601707458 1362.0 1966.0 46233.0 1047.0
0.92578125 0.9450482130050659 1279.0 1651.0 46548.0 1130.0
0.943359375 0.9381125569343567 1377.0 2100.0 46099.0 1032.0
0.95703125 0.9420250058174133 1345.0 1870.0 46329.0 1064.0
0.927734375 0.9408196210861206 1393.0 1979.0 46220.0 1016.0
0.958984375 0.9397525787353516 1389.0 2029.0 46170.0 1020.0
0.955078125 0.9366108179092407 1423.0 2222.0 45977.0 986.0
0.951171875 0.9421237707138062 1395.0 1915.0 46284.0 1014.0
0.953125 0.9440009593963623 1339.0 1764.0 46435.0 1070.0
0.919921875 0.9409776926040649 1384.0 1962.0 46237.0 1025.0
0.962890625 0.9404244422912598 1381.0 1987.0 46212.0 1028.0
0.95703125 0.9376580715179443 1411.0 2157.0 46042.0 998.0
0.94140625 0.9422225952148438 1405.0 1920.0 46279.0 1004.0
0.94921875 0.9395352602005005 1415.0 2066.0 46133.0 994.0
0.955078125 0.9434476494789124 1388.0 1841.0 46358.0 1021.0
0.935546875 0.9458781480789185 1314.0 1644.0 46555.0 1095.0
0.94921875 0.9430524706840515 1364.0 1837.0 46362.0 1045.0
0.935546875 0.944317102432251 1406.0 1815.0 46384.0 1003.0
0.927734375 0.9419656991958618 1418.0 1946.0 46253.0 991.0
0.931640625 0.9402663707733154 1442.0 2056.0 46143.0 967.0
0.947265625 0.9407801032066345 1438.0 2026.0 46173.0 971.0
0.9453125 0.9416890740394592 1448.0 1990.0 46209.0 961.0
0.939453125 0.9453051090240479 1384.0 1743.0 46456.0 1025.0
0.9296875 0.9394167065620422 1464.0 2121.0 46078.0 945.0
0.951171875 0.9413334131240845 1429.0 1989.0 46210.0 980.0
0.958984375 0.9404244422912598 1459.0 2065.0 46134.0 950.0
0.94921875 0.9426177740097046 1407.0 1902.0 46297.0 1002.0
0.947265625 0.9432698488235474 1460.0 1922.0 46277.0 949.0
0.943359375 0.9437638521194458 1431.0 1868.0 46331.0 978.0
0.94140625 0.9424003958702087 1451.0 1957.0 46242.0 958.0
0.94921875 0.9451075196266174 1404.0 1773.0 46426.0 1005.0
0.931640625 0.9429932236671448 1436.0 1912.0 46287.0 973.0
0.953125 0.9420842528343201 1504.0 2026.0 46173.0 905.0
0.9375 0.9422423243522644 1478.0 1992.0 46207.0 931.0
0.951171875 0.942341148853302 1444.0 1953.0 46246.0 965.0
0.9375 0.9425782561302185 1426.0 1923.0 46276.0 983.0
0.9453125 0.9394167065620422 1496.0 2153.0 46046.0 913.0
0.93359375 0.9399897456169128 1505.0 2133.0 46066.0 904.0
0.927734375 0.9443566203117371 1485.0 1892.0 46307.0 924.0
0.958984375 0.9412543177604675 1546.0 2110.0 46089.0 863.0
0.9375 0.9441590309143066 1442.0 1859.0 46340.0 967.0
0.958984375 0.9423213601112366 1481.0 1991.0 46208.0 928.0
0.94921875 0.9436848163604736 1444.0 1885.0 46314.0 965.0
0.95703125 0.939772367477417 1535.0 2174.0 46025.0 874.0
0.939453125 0.9464906454086304 1444.0 1743.0 46456.0 965.0
0.947265625 0.9439614415168762 1417.0 1844.0 46355.0 992.0
0.947265625 0.9445344805717468 1473.0 1871.0 46328.0 936.0
0.947265625 0.9406615495681763 1534.0 2128.0 46071.0 875.0
0.943359375 0.9451865553855896 1463.0 1828.0 46371.0 946.0
0.962890625 0.9447320699691772 1455.0 1843.0 46356.0 954.0
0.94921875 0.9449098706245422 1466.0 1845.0 46354.0 943.0
0.947265625 0.9446530342102051 1379.0 1771.0 46428.0 1030.0
0.9453125 0.9469649195671082 1459.0 1734.0 46465.0 950.0
0.94921875 0.9430919885635376 1485.0 1956.0 46243.0 924.0
0.9609375 0.9417088031768799 1518.0 2059.0 46140.0 891.0
0.94921875 0.9413729310035706 1528.0 2086.0 46113.0 881.0
0.943359375 0.9419063925743103 1510.0 2041.0 46158.0 899.0
0.962890625 0.9428943991661072 1516.0 1997.0 46202.0 893.0
0.9609375 0.9430327415466309 1501.0 1975.0 46224.0 908.0
0.947265625 0.9373221397399902 1583.0 2346.0 45853.0 826.0
0.953125 0.9485259056091309 1465.0 1661.0 46538.0 944.0
0.939453125 0.9434871673583984 1480.0 1931.0 46268.0 929.0
0.958984375 0.9437835812568665 1469.0 1905.0 46294.0 940.0
0.955078125 0.9418273568153381 1547.0 2082.0 46117.0 862.0
0.935546875 0.9432303309440613 1536.0 2000.0 46199.0 873.0
0.94140625 0.9484863877296448 1480.0 1678.0 46521.0 929.0
0.955078125 0.9491384625434875 1460.0 1625.0 46574.0 949.0
0.94140625 0.9431512951850891 1533.0 2001.0 46198.0 876.0
0.94921875 0.9440404772758484 1497.0 1920.0 46279.0 912.0
0.958984375 0.9424597024917603 1553.0 2056.0 46143.0 856.0
0.947265625 0.9442577958106995 1525.0 1937.0 46262.0 884.0
0.94140625 0.9444949626922607 1483.0 1883.0 46316.0 926.0
0.951171875 0.9467475414276123 1468.0 1754.0 46445.0 941.0
0.935546875 0.9408789277076721 1550.0 2133.0 46066.0 859.0
0.95703125 0.9456212520599365 1509.0 1852.0 46347.0 900.0
0.947265625 0.9393771886825562 1566.0 2225.0 45974.0 843.0
0.95703125 0.9450482130050659 1499.0 1871.0 46328.0 910.0
0.923828125 0.9433686137199402 1531.0 1988.0 46211.0 878.0
0.931640625 0.9416692852973938 1522.0 2065.0 46134.0 887.0
0.947265625 0.9479133486747742 1450.0 1677.0 46522.0 959.0
0.94921875 0.9478936195373535 1481.0 1709.0 46490.0 928.0
0.955078125 0.9427956342697144 1573.0 2059.0 46140.0 836.0
0.9453125 0.9449889063835144 1478.0 1853.0 46346.0 931.0
0.953125 0.9436650276184082 1517.0 1959.0 46240.0 892.0
0.943359375 0.9424597024917603 1555.0 2058.0 46141.0 854.0
0.939453125 0.9452853202819824 1497.0 1857.0 46342.0 912.0
0.94921875 0.9434279203414917 1545.0 1999.0 46200.0 864.0
0.9296875 0.9429339170455933 1511.0 1990.0 46209.0 898.0
0.947265625 0.9435069561004639 1524.0 1974.0 46225.0 885.0
0.94140625 0.9441787600517273 1494.0 1910.0 46289.0 915.0
0.927734375 0.941570520401001 1563.0 2111.0 46088.0 846.0
0.962890625 0.9449691772460938 1491.0 1867.0 46332.0 918.0
0.966796875 0.9426572918891907 1534.0 2027.0 46172.0 875.0
0.939453125 0.9442577958106995 1504.0 1916.0 46283.0 905.0
0.958984375 0.9462140202522278 1525.0 1838.0 46361.0 884.0
0.943359375 0.9456212520599365 1527.0 1870.0 46329.0 882.0
0.951171875 0.9464511275291443 1472.0 1773.0 46426.0 937.0
0.96484375 0.9468660950660706 1493.0 1773.0 46426.0 916.0
0.96484375 0.946332573890686 1438.0 1745.0 46454.0 971.0
0.939453125 0.9431908130645752 1521.0 1987.0 46212.0 888.0
0.958984375 0.9449493885040283 1488.0 1865.0 46334.0 921.0
0.9375 0.9428351521492004 1534.0 2018.0 46181.0 875.0
0.955078125 0.9351288080215454 1592.0 2466.0 45733.0 817.0
0.958984375 0.9440799951553345 1542.0 1963.0 46236.0 867.0
0.94921875 0.9418866634368896 1539.0 2071.0 46128.0 870.0
0.94921875 0.9376580715179443 1612.0 2358.0 45841.0 797.0
0.958984375 0.946115255355835 1510.0 1828.0 46371.0 899.0
0.962890625 0.9475774765014648 1485.0 1729.0 46470.0 924.0
0.962890625 0.9455422163009644 1522.0 1869.0 46330.0 887.0
0.919921875 0.9429339170455933 1582.0 2061.0 46138.0 827.0
0.953125 0.9422028064727783 1572.0 2088.0 46111.0 837.0
0.93359375 0.9400489926338196 1568.0 2193.0 46006.0 841.0
0.9609375 0.9452458024024963 1511.0 1873.0 46326.0 898.0
0.93359375 0.9474391341209412 1528.0 1779.0 46420.0 881.0
0.9296875 0.9439416527748108 1508.0 1936.0 46263.0 901.0
0.962890625 0.9463128447532654 1558.0 1866.0 46333.0 851.0
0.94140625 0.948901355266571 1489.0 1666.0 46533.0 920.0
0.939453125 0.9431512951850891 1545.0 2013.0 46186.0 864.0
0.951171875 0.9500671625137329 1460.0 1578.0 46621.0 949.0
0.958984375 0.9424399137496948 1583.0 2087.0 46112.0 826.0
0.947265625 0.946154773235321 1553.0 1869.0 46330.0 856.0
0.95703125 0.9489408731460571 1501.0 1676.0 46523.0 908.0
0.9296875 0.9466882944107056 1537.0 1826.0 46373.0 872.0
0.966796875 0.9452260732650757 1509.0 1872.0 46327.0 900.0
0.935546875 0.938527524471283 1578.0 2280.0 45919.0 831.0
0.953125 0.943111777305603 1559.0 2029.0 46170.0 850.0
0.962890625 0.9490792155265808 1480.0 1648.0 46551.0 929.0
0.958984375 0.9447715878486633 1535.0 1921.0 46278.0 874.0
0.953125 0.938744843006134 1588.0 2279.0 45920.0 821.0
0.953125 0.9431512951850891 1550.0 2018.0 46181.0 859.0
0.94140625 0.9447715878486633 1523.0 1909.0 46290.0 886.0
0.951171875 0.9459373950958252 1464.0 1791.0 46408.0 945.0
0.943359375 0.943882405757904 1561.0 1992.0 46207.0 848.0
0.9453125 0.9435662627220154 1543.0 1990.0 46209.0 866.0
0.962890625 0.9470044374465942 1479.0 1752.0 46447.0 930.0
0.947265625 0.9450086951255798 1568.0 1942.0 46257.0 841.0
0.94921875 0.9491779804229736 1474.0 1637.0 46562.0 935.0
0.947265625 0.9472217559814453 1496.0 1758.0 46441.0 913.0
0.939453125 0.9480714797973633 1506.0 1725.0 46474.0 903.0
0.9453125 0.9456607699394226 1557.0 1898.0 46301.0 852.0
0.94921875 0.9488025903701782 1486.0 1668.0 46531.0 923.0
0.96484375 0.9478936195373535 1510.0 1738.0 46461.0 899.0
0.94140625 0.9455422163009644 1538.0 1885.0 46314.0 871.0
0.951171875 0.944791316986084 1517.0 1902.0 46297.0 892.0
0.94140625 0.9450284242630005 1567.0 1940.0 46259.0 842.0
0.947265625 0.9438626170158386 1572.0 2004.0 46195.0 837.0
0.9453125 0.9434476494789124 1571.0 2024.0 46175.0 838.0
0.95703125 0.9428746700286865 1554.0 2036.0 46163.0 855.0
0.951171875 0.9448901414871216 1551.0 1931.0 46268.0 858.0
0.947265625 0.9473403692245483 1502.0 1758.0 46441.0 907.0
0.94921875 0.9457200169563293 1558.0 1896.0 46303.0 851.0
0.96484375 0.9448901414871216 1565.0 1945.0 46254.0 844.0
0.943359375 0.9410765171051025 1591.0 2164.0 46035.0 818.0
0.9453125 0.9429734349250793 1604.0 2081.0 46118.0 805.0
0.962890625 0.942044734954834 1580.0 2104.0 46095.0 829.0
0.95703125 0.9443368911743164 1531.0 1939.0 46260.0 878.0
0.94140625 0.9448506236076355 1545.0 1927.0 46272.0 864.0
0.947265625 0.9437440633773804 1560.0 1998.0 46201.0 849.0
0.94140625 0.9404046535491943 1637.0 2244.0 45955.0 772.0
0.958984375 0.9458386301994324 1550.0 1882.0 46317.0 859.0
0.943359375 0.9439021348953247 1583.0 2013.0 46186.0 826.0
0.970703125 0.9482295513153076 1542.0 1753.0 46446.0 867.0
0.953125 0.9498103260993958 1450.0 1581.0 46618.0 959.0
0.951171875 0.9494941234588623 1481.0 1628.0 46571.0 928.0
0.9375 0.9446332454681396 1551.0 1944.0 46255.0 858.0
0.955078125 0.9462930560112 1548.0 1857.0 46342.0 861.0
0.95703125 0.9479726552963257 1486.0 1710.0 46489.0 923.0
0.9453125 0.9473798871040344 1495.0 1749.0 46450.0 914.0
0.955078125 0.9462733268737793 1521.0 1831.0 46368.0 888.0
0.947265625 0.9458978772163391 1566.0 1895.0 46304.0 843.0
0.951171875 0.9486839771270752 1506.0 1694.0 46505.0 903.0
0.939453125 0.9459176659584045 1517.0 1845.0 46354.0 892.0
0.939453125 0.9423213601112366 1583.0 2093.0 46106.0 826.0
0.953125 0.9446727633476257 1564.0 1955.0 46244.0 845.0
0.9453125 0.945561945438385 1524.0 1870.0 46329.0 885.0
0.94921875 0.946332573890686 1523.0 1830.0 46369.0 886.0
0.955078125 0.9420250058174133 1579.0 2104.0 46095.0 830.0
0.935546875 0.951470136642456 1449.0 1496.0 46703.0 960.0
0.939453125 0.9481702446937561 1548.0 1762.0 46437.0 861.0
0.966796875 0.9437835812568665 1590.0 2026.0 46173.0 819.0
0.939453125 0.9455817341804504 1553.0 1898.0 46301.0 856.0
0.943359375 0.9461349844932556 1590.0 1907.0 46292.0 819.0
0.943359375 0.945087730884552 1551.0 1921.0 46278.0 858.0
0.95703125 0.9487234950065613 1526.0 1712.0 46487.0 883.0
0.95703125 0.9466487765312195 1535.0 1826.0 46373.0 874.0
0.94921875 0.9449098706245422 1583.0 1962.0 46237.0 826.0
0.9375 0.944060206413269 1574.0 1996.0 46203.0 835.0
0.95703125 0.9425782561302185 1584.0 2081.0 46118.0 825.0
0.947265625 0.9442973732948303 1566.0 1976.0 46223.0 843.0
0.962890625 0.9488421082496643 1522.0 1702.0 46497.0 887.0
0.947265625 0.9463128447532654 1561.0 1869.0 46330.0 848.0
0.9375 0.9391400814056396 1606.0 2277.0 45922.0 803.0
0.9375 0.9478936195373535 1519.0 1747.0 46452.0 890.0
0.955078125 0.9491384625434875 1525.0 1690.0 46509.0 884.0
0.958984375 0.9457398056983948 1569.0 1906.0 46293.0 840.0
0.953125 0.9446332454681396 1555.0 1948.0 46251.0 854.0
0.96484375 0.9423016309738159 1621.0 2132.0 46067.0 788.0
0.939453125 0.9468660950660706 1574.0 1854.0 46345.0 835.0
0.94140625 0.9430919885635376 1581.0 2052.0 46147.0 828.0
0.947265625 0.9449691772460938 1597.0 1973.0 46226.0 812.0
0.939453125 0.9456607699394226 1563.0 1904.0 46295.0 846.0
0.962890625 0.9475774765014648 1531.0 1775.0 46424.0 878.0
0.958984375 0.9503240585327148 1487.0 1592.0 46607.0 922.0
0.955078125 0.9404836893081665 1601.0 2204.0 45995.0 808.0
0.9375 0.9500474333763123 1506.0 1625.0 46574.0 903.0
0.958984375 0.949336051940918 1497.0 1652.0 46547.0 912.0
0.9453125 0.9494941234588623 1493.0 1640.0 46559.0 916.0
0.970703125 0.9497510194778442 1514.0 1648.0 46551.0 895.0
0.95703125 0.9471625089645386 1534.0 1799.0 46400.0 875.0
0.935546875 0.9445739984512329 1537.0 1933.0 46266.0 872.0
0.95703125 0.9503438472747803 1491.0 1595.0 46604.0 918.0
0.951171875 0.9425584673881531 1618.0 2116.0 46083.0 791.0
0.935546875 0.9487630128860474 1538.0 1722.0 46477.0 871.0
0.94921875 0.947063684463501 1580.0 1850.0 46349.0 829.0
0.943359375 0.9428351521492004 1610.0 2094.0 46105.0 799.0
0.955078125 0.9456014633178711 1549.0 1893.0 46306.0 860.0
0.947265625 0.948387622833252 1495.0 1698.0 46501.0 914.0
0.958984375 0.9501264691352844 1459.0 1574.0 46625.0 950.0
0.943359375 0.9424794316291809 1600.0 2102.0 46097.0 809.0
0.9609375 0.9433093667030334 1585.0 2045.0 46154.0 824.0
0.955078125 0.943111777305603 1603.0 2073.0 46126.0 806.0
0.958984375 0.9456409811973572 1525.0 1867.0 46332.0 884.0
0.927734375 0.9440009593963623 1611.0 2036.0 46163.0 798.0
0.951171875 0.9470439553260803 1530.0 1801.0 46398.0 879.0
0.9296875 0.9463523626327515 1530.0 1836.0 46363.0 879.0
0.9375 0.94538414478302 1547.0 1902.0 46297.0 862.0
0.958984375 0.9479133486747742 1550.0 1777.0 46422.0 859.0
0.953125 0.9471625089645386 1554.0 1819.0 46380.0 855.0
0.94140625 0.9439219236373901 1620.0 2049.0 46150.0 789.0
0.958984375 0.9456409811973572 1574.0 1916.0 46283.0 835.0
0.9453125 0.9491187334060669 1594.0 1760.0 46439.0 815.0
0.953125 0.9442380666732788 1561.0 1974.0 46225.0 848.0
0.94921875 0.9433884024620056 1602.0 2058.0 46141.0 807.0
0.9453125 0.946885883808136 1543.0 1822.0 46377.0 866.0
0.94140625 0.9478936195373535 1534.0 1762.0 46437.0 875.0
0.95703125 0.9466092586517334 1552.0 1845.0 46354.0 857.0
0.94921875 0.9466882944107056 1526.0 1815.0 46384.0 883.0
0.947265625 0.9483283162117004 1524.0 1730.0 46469.0 885.0
0.9609375 0.9452853202819824 1583.0 1943.0 46256.0 826.0
0.947265625 0.9422621130943298 1582.0 2095.0 46104.0 827.0
0.955078125 0.948901355266571 1531.0 1708.0 46491.0 878.0
0.9375 0.9472810626029968 1557.0 1816.0 46383.0 852.0
0.95703125 0.9450086951255798 1587.0 1961.0 46238.0 822.0
0.94140625 0.9484863877296448 1537.0 1735.0 46464.0 872.0
0.943359375 0.9424399137496948 1583.0 2087.0 46112.0 826.0
0.955078125 0.9452062845230103 1564.0 1928.0 46271.0 845.0
0.931640625 0.9408591389656067 1644.0 2228.0 45971.0 765.0
0.951171875 0.9461942911148071 1544.0 1858.0 46341.0 865.0
0.9375 0.9394957423210144 1635.0 2288.0 45911.0 774.0
0.935546875 0.9471427202224731 1557.0 1823.0 46376.0 852.0
0.95703125 0.9419459104537964 1601.0 2130.0 46069.0 808.0
0.943359375 0.9467673301696777 1531.0 1816.0 46383.0 878.0
0.958984375 0.9453051090240479 1562.0 1921.0 46278.0 847.0
0.9375 0.9441392421722412 1619.0 2037.0 46162.0 790.0
0.955078125 0.9478738307952881 1523.0 1752.0 46447.0 886.0
0.935546875 0.9466487765312195 1558.0 1849.0 46350.0 851.0
0.962890625 0.9501461982727051 1480.0 1594.0 46605.0 929.0
0.93359375 0.9426177740097046 1587.0 2082.0 46117.0 822.0
0.943359375 0.9462733268737793 1541.0 1851.0 46348.0 868.0
0.947265625 0.9477355480194092 1510.0 1746.0 46453.0 899.0
0.939453125 0.9492570161819458 1502.0 1661.0 46538.0 907.0
0.9453125 0.9520826935768127 1497.0 1513.0 46686.0 912.0
0.9609375 0.9480319023132324 1548.0 1769.0 46430.0 861.0
0.955078125 0.947063684463501 1559.0 1829.0 46370.0 850.0
0.935546875 0.94813072681427 1501.0 1717.0 46482.0 908.0
0.953125 0.9449691772460938 1543.0 1919.0 46280.0 866.0
0.962890625 0.9497312903404236 1556.0 1691.0 46508.0 853.0
0.955078125 0.9464116096496582 1575.0 1878.0 46321.0 834.0
0.935546875 0.9474589228630066 1550.0 1800.0 46399.0 859.0
0.94921875 0.9481702446937561 1533.0 1747.0 46452.0 876.0
0.947265625 0.9478936195373535 1551.0 1779.0 46420.0 858.0
0.943359375 0.9463918805122375 1577.0 1881.0 46318.0 832.0
0.951171875 0.9480121731758118 1546.0 1768.0 46431.0 863.0
0.947265625 0.9475576877593994 1551.0 1796.0 46403.0 858.0
0.955078125 0.9475774765014648 1531.0 1775.0 46424.0 878.0
0.970703125 0.9458781480789185 1569.0 1899.0 46300.0 840.0
0.953125 0.9454038739204407 1554.0 1908.0 46291.0 855.0
0.95703125 0.9460954666137695 1560.0 1879.0 46320.0 849.0
0.958984375 0.9510946869850159 1478.0 1544.0 46655.0 931.0
0.955078125 0.9476367235183716 1526.0 1767.0 46432.0 883.0
0.951171875 0.9392388463020325 1613.0 2279.0 45920.0 796.0
0.966796875 0.9389227032661438 1633.0 2315.0 45884.0 776.0
0.927734375 0.9451470375061035 1570.0 1937.0 46262.0 839.0
0.95703125 0.9460559487342834 1566.0 1887.0 46312.0 843.0
0.966796875 0.9490396976470947 1510.0 1680.0 46519.0 899.0
0.958984375 0.9441392421722412 1611.0 2029.0 46170.0 798.0
0.958984375 0.9473403692245483 1558.0 1814.0 46385.0 851.0
0.9453125 0.9473008513450623 1520.0 1778.0 46421.0 889.0
0.943359375 0.9476169943809509 1544.0 1786.0 46413.0 865.0
0.94921875 0.9473996162414551 1579.0 1832.0 46367.0 830.0
0.958984375 0.9503438472747803 1499.0 1603.0 46596.0 910.0
0.96875 0.9434674382209778 1555.0 2007.0 46192.0 854.0
0.958984375 0.9475972056388855 1549.0 1792.0 46407.0 860.0
0.95703125 0.949158251285553 1534.0 1698.0 46501.0 875.0
0.951171875 0.9431315064430237 1587.0 2056.0 46143.0 822.0
0.95703125 0.9465697407722473 1556.0 1851.0 46348.0 853.0
0.951171875 0.9472020268440247 1527.0 1790.0 46409.0 882.0
0.95703125 0.9478738307952881 1529.0 1758.0 46441.0 880.0
0.943359375 0.9468068480491638 1548.0 1831.0 46368.0 861.0
0.95703125 0.943882405757904 1592.0 2023.0 46176.0 817.0
0.94140625 0.9442973732948303 1587.0 1997.0 46202.0 822.0
0.94140625 0.9392586350440979 1600.0 2265.0 45934.0 809.0
0.935546875 0.9480516910552979 1560.0 1780.0 46419.0 849.0
0.955078125 0.9434476494789124 1590.0 2043.0 46156.0 819.0
0.953125 0.9452458024024963 1587.0 1949.0 46250.0 822.0
0.943359375 0.9466487765312195 1532.0 1823.0 46376.0 877.0
0.95703125 0.9458781480789185 1560.0 1890.0 46309.0 849.0
0.9375 0.946589469909668 1557.0 1851.0 46348.0 852.0
0.953125 0.9497510194778442 1556.0 1690.0 46509.0 853.0
0.94140625 0.9429339170455933 1585.0 2064.0 46135.0 824.0
0.9453125 0.945561945438385 1556.0 1902.0 46297.0 853.0
0.955078125 0.9456014633178711 1574.0 1918.0 46281.0 835.0
0.94140625 0.9441985487937927 1642.0 2057.0 46142.0 767.0
0.953125 0.9495534300804138 1541.0 1685.0 46514.0 868.0
0.9375 0.9470439553260803 1525.0 1796.0 46403.0 884.0
0.931640625 0.9417088031768799 1626.0 2167.0 46032.0 783.0
0.955078125 0.941787838935852 1602.0 2139.0 46060.0 807.0
0.9453125 0.9448111057281494 1595.0 1979.0 46220.0 814.0
0.947265625 0.9386658072471619 1642.0 2337.0 45862.0 767.0
0.919921875 0.9460757374763489 1567.0 1887.0 46312.0 842.0
0.958984375 0.9395747780799866 1633.0 2282.0 45917.0 776.0
0.953125 0.9417088031768799 1608.0 2149.0 46050.0 801.0
0.958984375 0.9487037658691406 1533.0 1720.0 46479.0 876.0
0.958984375 0.9473403692245483 1550.0 1806.0 46393.0 859.0
0.951171875 0.9452458024024963 1595.0 1957.0 46242.0 814.0
0.947265625 0.9427560567855835 1624.0 2112.0 46087.0 785.0
0.943359375 0.9478936195373535 1543.0 1771.0 46428.0 866.0
0.9609375 0.9431315064430237 1572.0 2041.0 46158.0 837.0
0.955078125 0.9504821300506592 1501.0 1598.0 46601.0 908.0
0.94140625 0.9470044374465942 1572.0 1845.0 46354.0 837.0
0.958984375 0.9450680017471313 1568.0 1939.0 46260.0 841.0
0.953125 0.9492570161819458 1525.0 1684.0 46515.0 884.0
0.955078125 0.9465104341506958 1550.0 1848.0 46351.0 859.0
0.958984375 0.9440997242927551 1608.0 2028.0 46171.0 801.0
0.9453125 0.9487234950065613 1525.0 1711.0 46488.0 884.0
0.953125 0.9514108300209045 1495.0 1545.0 46654.0 914.0
0.95703125 0.9473205804824829 1545.0 1802.0 46397.0 864.0
0.947265625 0.9465104341506958 1568.0 1866.0 46333.0 841.0
0.9609375 0.9489211440086365 1518.0 1694.0 46505.0 891.0
0.9609375 0.9494941234588623 1524.0 1671.0 46528.0 885.0
0.958984375 0.9457991123199463 1522.0 1856.0 46343.0 887.0
0.935546875 0.941787838935852 1612.0 2149.0 46050.0 797.0
0.955078125 0.9495732188224792 1529.0 1672.0 46527.0 880.0
0.95703125 0.9505216479301453 1501.0 1596.0 46603.0 908.0
0.962890625 0.9467673301696777 1553.0 1838.0 46361.0 856.0
0.94140625 0.9446332454681396 1580.0 1973.0 46226.0 829.0
0.95703125 0.9456014633178711 1536.0 1880.0 46319.0 873.0
0.953125 0.9457200169563293 1561.0 1899.0 46300.0 848.0
0.9375 0.946115255355835 1561.0 1879.0 46320.0 848.0
0.95703125 0.94354647397995 1607.0 2055.0 46144.0 802.0
0.947265625 0.9428351521492004 1596.0 2080.0 46119.0 813.0
0.94140625 0.9464709162712097 1589.0 1889.0 46310.0 820.0
0.95703125 0.9487234950065613 1541.0 1727.0 46472.0 868.0
0.947265625 0.9502252340316772 1527.0 1637.0 46562.0 882.0
0.953125 0.9491977691650391 1511.0 1673.0 46526.0 898.0
0.947265625 0.948427140712738 1523.0 1724.0 46475.0 886.0
0.953125 0.9477552771568298 1559.0 1794.0 46405.0 850.0
0.951171875 0.9483481049537659 1613.0 1818.0 46381.0 796.0
0.9375 0.9494941234588623 1548.0 1695.0 46504.0 861.0
0.94921875 0.9473798871040344 1564.0 1818.0 46381.0 845.0
0.966796875 0.9517072439193726 1459.0 1494.0 46705.0 950.0
0.951171875 0.9421435594558716 1609.0 2128.0 46071.0 800.0
0.953125 0.9404441714286804 1625.0 2230.0 45969.0 784.0
0.9453125 0.9447122812271118 1597.0 1986.0 46213.0 812.0
0.94921875 0.9459967017173767 1578.0 1902.0 46297.0 831.0
0.947265625 0.9471625089645386 1601.0 1866.0 46333.0 808.0
0.9453125 0.9467475414276123 1539.0 1825.0 46374.0 870.0
0.962890625 0.9446332454681396 1578.0 1971.0 46228.0 831.0
0.95703125 0.9463523626327515 1561.0 1867.0 46332.0 848.0
0.966796875 0.9468068480491638 1551.0 1834.0 46365.0 858.0
0.953125 0.9446727633476257 1583.0 1974.0 46225.0 826.0
0.962890625 0.9460954666137695 1594.0 1913.0 46286.0 815.0
0.931640625 0.9497115015983582 1509.0 1645.0 46554.0 900.0
0.953125 0.9440404772758484 1594.0 2017.0 46182.0 815.0
0.9609375 0.9456409811973572 1570.0 1912.0 46287.0 839.0
0.958984375 0.9455817341804504 1573.0 1918.0 46281.0 836.0
0.9453125 0.9466882944107056 1573.0 1862.0 46337.0 836.0
0.9453125 0.9436650276184082 1618.0 2060.0 46139.0 791.0
0.9453125 0.9477552771568298 1560.0 1795.0 46404.0 849.0
0.943359375 0.9479331374168396 1575.0 1801.0 46398.0 834.0
0.9375 0.9478145837783813 1572.0 1804.0 46395.0 837.0
0.931640625 0.9476762413978577 1582.0 1821.0 46378.0 827.0
0.923828125 0.9447517991065979 1596.0 1983.0 46216.0 813.0
0.94921875 0.9430722594261169 1625.0 2097.0 46102.0 784.0
0.94921875 0.9490989446640015 1516.0 1683.0 46516.0 893.0
0.94921875 0.950699508190155 1496.0 1582.0 46617.0 913.0
0.951171875 0.9464906454086304 1561.0 1860.0 46339.0 848.0
0.95703125 0.9473798871040344 1540.0 1794.0 46405.0 869.0
0.931640625 0.9450284242630005 1568.0 1941.0 46258.0 841.0
0.966796875 0.9487630128860474 1558.0 1742.0 46457.0 851.0
0.9453125 0.9438033699989319 1609.0 2044.0 46155.0 800.0
0.96875 0.9503635764122009 1476.0 1579.0 46620.0 933.0
0.92578125 0.9430919885635376 1610.0 2081.0 46118.0 799.0
0.923828125 0.9462733268737793 1552.0 1862.0 46337.0 857.0
0.962890625 0.9475576877593994 1548.0 1793.0 46406.0 861.0
0.95703125 0.9497708082199097 1517.0 1650.0 46549.0 892.0
0.958984375 0.9472415447235107 1542.0 1803.0 46396.0 867.0
0.962890625 0.9488816261291504 1533.0 1711.0 46488.0 876.0
0.94140625 0.9498695731163025 1492.0 1620.0 46579.0 917.0
0.955078125 0.9510749578475952 1542.0 1609.0 46590.0 867.0
0.955078125 0.9471229910850525 1575.0 1842.0 46357.0 834.0
0.95703125 0.9448703527450562 1589.0 1970.0 46229.0 820.0
0.947265625 0.9472020268440247 1554.0 1817.0 46382.0 855.0
0.931640625 0.9509958624839783 1503.0 1574.0 46625.0 906.0
0.962890625 0.9474786520004272 1555.0 1804.0 46395.0 854.0
0.955078125 0.9456409811973572 1555.0 1897.0 46302.0 854.0
0.958984375 0.944791316986084 1566.0 1951.0 46248.0 843.0
0.943359375 0.949158251285553 1517.0 1681.0 46518.0 892.0
0.953125 0.9435662627220154 1641.0 2088.0 46111.0 768.0
0.95703125 0.9454038739204407 1548.0 1902.0 46297.0 861.0
0.95703125 0.9449296593666077 1553.0 1931.0 46268.0 856.0
0.9609375 0.9440997242927551 1556.0 1976.0 46223.0 853.0
0.951171875 0.9496127367019653 1509.0 1650.0 46549.0 900.0
0.958984375 0.9451470375061035 1587.0 1954.0 46245.0 822.0
0.955078125 0.9444554448127747 1618.0 2020.0 46179.0 791.0
0.94921875 0.9479133486747742 1505.0 1732.0 46467.0 904.0
0.962890625 0.9479726552963257 1551.0 1775.0 46424.0 858.0
0.951171875 0.9461942911148071 1560.0 1874.0 46325.0 849.0
0.955078125 0.9468265771865845 1584.0 1866.0 46333.0 825.0
0.9453125 0.9432698488235474 1608.0 2070.0 46129.0 801.0
0.95703125 0.9452062845230103 1573.0 1937.0 46262.0 836.0
0.9453125 0.9465104341506958 1592.0 1890.0 46309.0 817.0
0.9375 0.9525173902511597 1468.0 1462.0 46737.0 941.0
0.953125 0.9466487765312195 1572.0 1863.0 46336.0 837.0
0.95703125 0.9467278122901917 1607.0 1894.0 46305.0 802.0
0.953125 0.9481702446937561 1520.0 1734.0 46465.0 889.0
0.943359375 0.9456212520599365 1604.0 1947.0 46252.0 805.0
0.958984375 0.9496917724609375 1538.0 1675.0 46524.0 871.0
0.951171875 0.9484666585922241 1553.0 1752.0 46447.0 856.0
0.9453125 0.9457793235778809 1577.0 1912.0 46287.0 832.0
0.951171875 0.951904833316803 1497.0 1522.0 46677.0 912.0
0.951171875 0.9468660950660706 1555.0 1835.0 46364.0 854.0
0.9609375 0.9485259056091309 1546.0 1742.0 46457.0 863.0
0.939453125 0.9480516910552979 1553.0 1773.0 46426.0 856.0
0.955078125 0.941787838935852 1666.0 2203.0 45996.0 743.0
0.939453125 0.9499683976173401 1547.0 1670.0 46529.0 862.0
0.955078125 0.9472020268440247 1574.0 1837.0 46362.0 835.0
0.95703125 0.9519641399383545 1531.0 1553.0 46646.0 878.0
0.966796875 0.9515293836593628 1487.0 1531.0 46668.0 922.0
0.95703125 0.951647937297821 1490.0 1528.0 46671.0 919.0
0.94140625 0.9479528665542603 1559.0 1784.0 46415.0 850.0
0.939453125 0.9476169943809509 1566.0 1808.0 46391.0 843.0
0.955078125 0.9447320699691772 1599.0 1987.0 46212.0 810.0
0.9453125 0.9522604942321777 1464.0 1471.0 46728.0 945.0
0.939453125 0.9463918805122375 1568.0 1872.0 46327.0 841.0
0.953125 0.9443566203117371 1548.0 1955.0 46244.0 861.0
0.953125 0.9456409811973572 1610.0 1952.0 46247.0 799.0
0.955078125 0.9487432837486267 1539.0 1724.0 46475.0 870.0
0.94921875 0.9453051090240479 1578.0 1937.0 46262.0 831.0
0.93359375 0.9442577958106995 1529.0 1941.0 46258.0 880.0
0.953125 0.9463128447532654 1548.0 1856.0 46343.0 861.0
0.95703125 0.9485654234886169 1541.0 1735.0 46464.0 868.0
0.953125 0.9493163228034973 1531.0 1687.0 46512.0 878.0
0.955078125 0.9501857161521912 1500.0 1612.0 46587.0 909.0
0.962890625 0.9482295513153076 1553.0 1764.0 46435.0 856.0
0.9609375 0.9441392421722412 1624.0 2042.0 46157.0 785.0
0.95703125 0.9466685056686401 1559.0 1849.0 46350.0 850.0
0.955078125 0.9437638521194458 1641.0 2078.0 46121.0 768.0
0.955078125 0.9505611658096313 1522.0 1615.0 46584.0 887.0
0.966796875 0.9496719837188721 1538.0 1676.0 46523.0 871.0
0.955078125 0.948901355266571 1533.0 1710.0 46489.0 876.0
0.962890625 0.9485456943511963 1551.0 1746.0 46453.0 858.0
0.947265625 0.9451865553855896 1633.0 1998.0 46201.0 776.0
0.9453125 0.9441392421722412 1630.0 2048.0 46151.0 779.0
0.955078125 0.9448901414871216 1627.0 2007.0 46192.0 782.0
0.95703125 0.9469649195671082 1582.0 1857.0 46342.0 827.0
0.95703125 0.9505216479301453 1526.0 1621.0 46578.0 883.0
0.943359375 0.9501857161521912 1526.0 1638.0 46561.0 883.0
0.947265625 0.9472020268440247 1560.0 1823.0 46376.0 849.0
0.951171875 0.9483085870742798 1598.0 1805.0 46394.0 811.0
0.931640625 0.947656512260437 1573.0 1813.0 46386.0 836.0
0.953125 0.9471625089645386 1570.0 1835.0 46364.0 839.0
0.96484375 0.9474786520004272 1546.0 1795.0 46404.0 863.0
0.955078125 0.946628987789154 1622.0 1914.0 46285.0 787.0
0.921875 0.9498300552368164 1589.0 1719.0 46480.0 820.0
0.951171875 0.9487234950065613 1504.0 1690.0 46509.0 905.0
0.931640625 0.9430129528045654 1602.0 2077.0 46122.0 807.0
0.939453125 0.9494743943214417 1568.0 1716.0 46483.0 841.0
0.939453125 0.9436057806015015 1625.0 2070.0 46129.0 784.0
0.9609375 0.9437638521194458 1630.0 2067.0 46132.0 779.0
0.962890625 0.9453446269035339 1586.0 1943.0 46256.0 823.0
0.947265625 0.9452853202819824 1558.0 1918.0 46281.0 851.0
0.947265625 0.9435267448425293 1580.0 2029.0 46170.0 829.0
0.96484375 0.9481505155563354 1559.0 1774.0 46425.0 850.0
0.95703125 0.9407603740692139 1625.0 2214.0 45985.0 784.0
0.95703125 0.9474589228630066 1563.0 1813.0 46386.0 846.0
0.947265625 0.9499881267547607 1538.0 1660.0 46539.0 871.0
0.955078125 0.9496917724609375 1533.0 1670.0 46529.0 876.0
0.95703125 0.9441195130348206 1579.0 1998.0 46201.0 830.0
0.951171875 0.9466487765312195 1546.0 1837.0 46362.0 863.0
0.953125 0.9420250058174133 1641.0 2166.0 46033.0 768.0
0.94921875 0.9441590309143066 1605.0 2022.0 46177.0 804.0
0.95703125 0.9504624009132385 1513.0 1611.0 46588.0 896.0
0.93359375 0.9445739984512329 1609.0 2005.0 46194.0 800.0
0.95703125 0.9485654234886169 1577.0 1771.0 46428.0 832.0
0.9453125 0.9473403692245483 1565.0 1821.0 46378.0 844.0
0.9609375 0.9482295513153076 1586.0 1797.0 46402.0 823.0
0.951171875 0.9493163228034973 1584.0 1740.0 46459.0 825.0
0.953125 0.9478738307952881 1563.0 1792.0 46407.0 846.0
0.958984375 0.9473403692245483 1586.0 1842.0 46357.0 823.0
0.9375 0.9430919885635376 1639.0 2110.0 46089.0 770.0
0.951171875 0.9491187334060669 1563.0 1729.0 46470.0 846.0
0.96484375 0.9497115015983582 1529.0 1665.0 46534.0 880.0
0.95703125 0.9479726552963257 1521.0 1745.0 46454.0 888.0
0.951171875 0.9468265771865845 1543.0 1825.0 46374.0 866.0
0.96484375 0.9451075196266174 1586.0 1955.0 46244.0 823.0
0.96484375 0.9487432837486267 1535.0 1720.0 46479.0 874.0
0.95703125 0.9460559487342834 1535.0 1856.0 46343.0 874.0
0.953125 0.9502252340316772 1537.0 1647.0 46552.0 872.0
0.951171875 0.95087730884552 1479.0 1556.0 46643.0 930.0
0.9453125 0.9465499520301819 1595.0 1891.0 46308.0 814.0
0.94140625 0.9471032023429871 1602.0 1870.0 46329.0 807.0
0.951171875 0.943882405757904 1614.0 2045.0 46154.0 795.0
0.939453125 0.945087730884552 1573.0 1943.0 46256.0 836.0
0.953125 0.949928879737854 1555.0 1680.0 46519.0 854.0
0.939453125 0.9463128447532654 1572.0 1880.0 46319.0 837.0
0.947265625 0.9470241665840149 1553.0 1825.0 46374.0 856.0
0.970703125 0.9491977691650391 1532.0 1694.0 46505.0 877.0
0.953125 0.9495336413383484 1533.0 1678.0 46521.0 876.0
0.951171875 0.9473205804824829 1614.0 1871.0 46328.0 795.0
0.9609375 0.9498498439788818 1537.0 1666.0 46533.0 872.0
0.953125 0.9469649195671082 1599.0 1874.0 46325.0 810.0
0.939453125 0.9450680017471313 1591.0 1962.0 46237.0 818.0
0.966796875 0.9461349844932556 1568.0 1885.0 46314.0 841.0
0.9375 0.9490396976470947 1576.0 1746.0 46453.0 833.0
0.958984375 0.9484666585922241 1569.0 1768.0 46431.0 840.0
0.955078125 0.9436848163604736 1617.0 2058.0 46141.0 792.0
0.93359375 0.9450284242630005 1608.0 1981.0 46218.0 801.0
0.951171875 0.9478936195373535 1541.0 1769.0 46430.0 868.0
0.9609375 0.9497115015983582 1548.0 1684.0 46515.0 861.0
0.962890625 0.9536831974983215 1502.0 1437.0 46762.0 907.0
0.955078125 0.945561945438385 1595.0 1941.0 46258.0 814.0
0.951171875 0.9471229910850525 1554.0 1821.0 46378.0 855.0
0.951171875 0.9505019187927246 1528.0 1624.0 46575.0 881.0
0.955078125 0.9483481049537659 1560.0 1765.0 46434.0 849.0
0.951171875 0.9465499520301819 1580.0 1876.0 46323.0 829.0
0.951171875 0.9466685056686401 1558.0 1848.0 46351.0 851.0
0.95703125 0.9452062845230103 1598.0 1962.0 46237.0 811.0
0.953125 0.9475181698799133 1577.0 1824.0 46375.0 832.0
0.966796875 0.949928879737854 1558.0 1683.0 46516.0 851.0
0.9609375 0.9497905373573303 1514.0 1646.0 46553.0 895.0
0.943359375 0.9486839771270752 1567.0 1755.0 46444.0 842.0
0.958984375 0.9483085870742798 1550.0 1757.0 46442.0 859.0
0.947265625 0.9449889063835144 1597.0 1972.0 46227.0 812.0
0.947265625 0.9464116096496582 1587.0 1890.0 46309.0 822.0
0.962890625 0.9487432837486267 1553.0 1738.0 46461.0 856.0
0.935546875 0.9474391341209412 1584.0 1835.0 46364.0 825.0
0.939453125 0.9451667666435242 1591.0 1957.0 46242.0 818.0
0.94921875 0.9473205804824829 1570.0 1827.0 46372.0 839.0
0.9375 0.9437638521194458 1637.0 2074.0 46125.0 772.0
0.9609375 0.9502252340316772 1508.0 1618.0 46581.0 901.0
0.9453125 0.9495336413383484 1576.0 1721.0 46478.0 833.0
0.955078125 0.9461745023727417 1614.0 1929.0 46270.0 795.0
0.9609375 0.9459967017173767 1593.0 1917.0 46282.0 816.0
0.95703125 0.9454829096794128 1580.0 1930.0 46269.0 829.0
0.9296875 0.9437440633773804 1607.0 2045.0 46154.0 802.0
0.94921875 0.9480121731758118 1558.0 1780.0 46419.0 851.0
0.947265625 0.9484468698501587 1546.0 1746.0 46453.0 863.0
0.947265625 0.9460757374763489 1603.0 1923.0 46276.0 806.0
0.958984375 0.953446090221405 1513.0 1460.0 46739.0 896.0
0.9453125 0.9453248381614685 1613.0 1971.0 46228.0 796.0
0.958984375 0.9490792155265808 1518.0 1686.0 46513.0 891.0
0.94921875 0.9501857161521912 1571.0 1683.0 46516.0 838.0
0.95703125 0.9441590309143066 1601.0 2018.0 46181.0 808.0
0.95703125 0.9525173902511597 1500.0 1494.0 46705.0 909.0
0.947265625 0.9505611658096313 1538.0 1631.0 46568.0 871.0
0.93359375 0.9474391341209412 1560.0 1811.0 46388.0 849.0
0.9375 0.941313624382019 1639.0 2200.0 45999.0 770.0
0.95703125 0.9453643560409546 1632.0 1988.0 46211.0 777.0
0.962890625 0.9501264691352844 1566.0 1681.0 46518.0 843.0
0.95703125 0.949336051940918 1550.0 1705.0 46494.0 859.0
0.94140625 0.949158251285553 1556.0 1720.0 46479.0 853.0
0.953125 0.946154773235321 1620.0 1936.0 46263.0 789.0
0.95703125 0.9539993405342102 1538.0 1457.0 46742.0 871.0
0.94921875 0.9512527585029602 1557.0 1615.0 46584.0 852.0
0.94921875 0.9466487765312195 1586.0 1877.0 46322.0 823.0
0.953125 0.9479726552963257 1566.0 1790.0 46409.0 843.0
0.96484375 0.9456409811973572 1609.0 1951.0 46248.0 800.0
0.95703125 0.9462930560112 1607.0 1916.0 46283.0 802.0
0.9375 0.9499090909957886 1530.0 1656.0 46543.0 879.0
0.939453125 0.9494348764419556 1547.0 1697.0 46502.0 862.0
0.955078125 0.9497708082199097 1524.0 1657.0 46542.0 885.0
0.931640625 0.9473008513450623 1564.0 1822.0 46377.0 845.0
0.943359375 0.9507785439491272 1522.0 1604.0 46595.0 887.0
0.9609375 0.9505809545516968 1564.0 1656.0 46543.0 845.0
0.958984375 0.9526557326316833 1517.0 1504.0 46695.0 892.0
0.953125 0.9472020268440247 1572.0 1835.0 46364.0 837.0
0.955078125 0.9485259056091309 1571.0 1767.0 46432.0 838.0
0.962890625 0.9511539936065674 1556.0 1619.0 46580.0 853.0
0.947265625 0.9479726552963257 1579.0 1803.0 46396.0 830.0
0.951171875 0.9440009593963623 1620.0 2045.0 46154.0 789.0
0.9453125 0.9477947950363159 1613.0 1846.0 46353.0 796.0
0.953125 0.9456212520599365 1601.0 1944.0 46255.0 808.0
0.947265625 0.9466685056686401 1597.0 1887.0 46312.0 812.0
0.9609375 0.947360098361969 1599.0 1854.0 46345.0 810.0
0.951171875 0.9467475414276123 1590.0 1876.0 46323.0 819.0
0.953125 0.9498103260993958 1567.0 1698.0 46501.0 842.0
0.9375 0.947063684463501 1583.0 1853.0 46346.0 826.0
0.9453125 0.9466882944107056 1580.0 1869.0 46330.0 829.0
0.94921875 0.9504821300506592 1545.0 1642.0 46557.0 864.0
0.953125 0.9512922763824463 1528.0 1584.0 46615.0 881.0
0.9375 0.9467673301696777 1607.0 1892.0 46307.0 802.0
0.966796875 0.9495929479598999 1520.0 1662.0 46537.0 889.0
0.953125 0.944317102432251 1653.0 2062.0 46137.0 756.0
0.95703125 0.950403094291687 1579.0 1680.0 46519.0 830.0
0.927734375 0.9466092586517334 1581.0 1874.0 46325.0 828.0
0.9375 0.949928879737854 1562.0 1687.0 46512.0 847.0
0.94921875 0.947834312915802 1574.0 1805.0 46394.0 835.0
0.94921875 0.9483481049537659 1534.0 1739.0 46460.0 875.0
0.931640625 0.9452458024024963 1627.0 1989.0 46210.0 782.0
0.955078125 0.9525569081306458 1536.0 1528.0 46671.0 873.0
0.9609375 0.9479726552963257 1597.0 1821.0 46378.0 812.0
0.939453125 0.9445739984512329 1640.0 2036.0 46163.0 769.0
0.96484375 0.950659990310669 1570.0 1658.0 46541.0 839.0
0.947265625 0.9524185657501221 1534.0 1533.0 46666.0 875.0
0.9453125 0.9474786520004272 1596.0 1845.0 46354.0 813.0
