0.48046875 0.4612116515636444 1354.0 26212.0 21987.0 1055.0
0.853515625 0.8288412690162659 347.0 6600.0 41599.0 2062.0
0.873046875 0.8832398056983948 274.0 3774.0 44425.0 2135.0
0.92578125 0.9039282202720642 231.0 2684.0 45515.0 2178.0
0.92578125 0.9152505397796631 245.0 2125.0 46074.0 2164.0
0.921875 0.9232335090637207 230.0 1706.0 46493.0 2179.0
0.935546875 0.9297937154769897 234.0 1378.0 46821.0 2175.0
0.927734375 0.9334689974784851 235.0 1193.0 47006.0 2174.0
0.9453125 0.9374209642410278 220.0 978.0 47221.0 2189.0
0.93359375 0.9412938952445984 180.0 742.0 47457.0 2229.0
0.94140625 0.9449889063835144 152.0 527.0 47672.0 2257.0
0.943359375 0.9467475414276123 119.0 405.0 47794.0 2290.0
0.94921875 0.9482492804527283 110.0 320.0 47879.0 2299.0
0.953125 0.9494941234588623 103.0 250.0 47949.0 2306.0
0.951171875 0.9503240585327148 84.0 189.0 48010.0 2325.0
0.951171875 0.9511144757270813 70.0 135.0 48064.0 2339.0
0.955078125 0.9513713121414185 88.0 140.0 48059.0 2321.0
0.95703125 0.9520233869552612 73.0 92.0 48107.0 2336.0
0.94921875 0.9520826935768127 57.0 73.0 48126.0 2352.0
0.94921875 0.9522209763526917 50.0 59.0 48140.0 2359.0
0.951171875 0.9524580836296082 58.0 55.0 48144.0 2351.0
0.953125 0.9523988366127014 55.0 55.0 48144.0 2354.0
0.951171875 0.9524185657501221 67.0 66.0 48133.0 2342.0
0.94921875 0.9525173902511597 86.0 80.0 48119.0 2323.0
0.955078125 0.9527940154075623 83.0 63.0 48136.0 2326.0
0.955078125 0.9525964260101318 78.0 68.0 48131.0 2331.0
0.955078125 0.9526952505111694 82.0 67.0 48132.0 2327.0
0.953125 0.9527544975280762 116.0 98.0 48101.0 2293.0
0.951171875 0.9528730511665344 162.0 138.0 48061.0 2247.0
0.95703125 0.9529916048049927 103.0 73.0 48126.0 2306.0
0.953125 0.9529323577880859 93.0 66.0 48133.0 2316.0
0.947265625 0.9530113935470581 163.0 132.0 48067.0 2246.0
0.955078125 0.9527544975280762 167.0 149.0 48050.0 2242.0
0.958984375 0.9529125690460205 174.0 148.0 48051.0 2235.0
0.94921875 0.952379047870636 256.0 257.0 47942.0 2153.0
0.951171875 0.9526359438896179 217.0 205.0 47994.0 2192.0
0.95703125 0.9527544975280762 257.0 239.0 47960.0 2152.0
0.951171875 0.9526162147521973 239.0 228.0 47971.0 2170.0
0.951171875 0.9528928399085999 229.0 204.0 47995.0 2180.0
0.947265625 0.9530311226844788 271.0 239.0 47960.0 2138.0
0.955078125 0.9529520869255066 252.0 224.0 47975.0 2157.0
0.953125 0.9530311226844788 261.0 229.0 47970.0 2148.0
0.958984375 0.9530113935470581 239.0 208.0 47991.0 2170.0
0.95703125 0.9527544975280762 297.0 279.0 47920.0 2112.0
0.947265625 0.9529916048049927 274.0 244.0 47955.0 2135.0
0.9453125 0.9527742862701416 313.0 294.0 47905.0 2096.0
0.953125 0.9531891942024231 274.0 234.0 47965.0 2135.0
0.947265625 0.9526952505111694 313.0 298.0 47901.0 2096.0
0.953125 0.9532880187034607 283.0 238.0 47961.0 2126.0
0.94921875 0.9531694650650024 297.0 258.0 47941.0 2112.0
0.955078125 0.9523198008537292 354.0 358.0 47841.0 2055.0
0.955078125 0.9530311226844788 306.0 274.0 47925.0 2103.0
0.935546875 0.9521222114562988 362.0 376.0 47823.0 2047.0
0.958984375 0.9526162147521973 350.0 339.0 47860.0 2059.0
0.947265625 0.9532089829444885 316.0 275.0 47924.0 2093.0
0.955078125 0.953406572341919 297.0 246.0 47953.0 2112.0
0.962890625 0.9534263610839844 280.0 228.0 47971.0 2129.0
0.94921875 0.9528730511665344 352.0 328.0 47871.0 2057.0
0.953125 0.9527940154075623 356.0 336.0 47863.0 2053.0
0.951171875 0.9537227153778076 323.0 256.0 47943.0 2086.0
0.953125 0.9530509114265442 360.0 327.0 47872.0 2049.0
0.9609375 0.9533670544624329 353.0 304.0 47895.0 2056.0
0.947265625 0.9526162147521973 401.0 390.0 47809.0 2008.0
0.953125 0.9525964260101318 414.0 404.0 47795.0 1995.0
0.95703125 0.9530509114265442 423.0 390.0 47809.0 1986.0
0.94921875 0.953406572341919 374.0 323.0 47876.0 2035.0
0.9609375 0.9532089829444885 391.0 350.0 47849.0 2018.0
0.955078125 0.9533077478408813 362.0 316.0 47883.0 2047.0
0.953125 0.9530509114265442 388.0 355.0 47844.0 2021.0
0.951171875 0.9533868432044983 414.0 364.0 47835.0 1995.0
0.9453125 0.9535646438598633 341.0 282.0 47917.0 2068.0
0.953125 0.9531891942024231 404.0 364.0 47835.0 2005.0
0.953125 0.9534658789634705 408.0 354.0 47845.0 2001.0
0.9453125 0.9535844326019287 385.0 325.0 47874.0 2024.0
0.94921875 0.953742504119873 387.0 319.0 47880.0 2022.0
0.95703125 0.9537820219993591 411.0 341.0 47858.0 1998.0
0.962890625 0.9536634683609009 411.0 347.0 47852.0 1998.0
0.95703125 0.953742504119873 416.0 348.0 47851.0 1993.0
0.951171875 0.9536831974983215 431.0 366.0 47833.0 1978.0
0.951171875 0.953880786895752 448.0 373.0 47826.0 1961.0
0.95703125 0.9540191292762756 415.0 333.0 47866.0 1994.0
0.955078125 0.953446090221405 460.0 407.0 47792.0 1949.0
0.953125 0.9538412690162659 387.0 314.0 47885.0 2022.0
0.951171875 0.9539005756378174 448.0 372.0 47827.0 1961.0
0.951171875 0.953920304775238 411.0 334.0 47865.0 1998.0
0.95703125 0.9539005756378174 455.0 379.0 47820.0 1954.0
0.953125 0.953742504119873 452.0 384.0 47815.0 1957.0
0.951171875 0.9535646438598633 446.0 387.0 47812.0 1963.0
0.953125 0.9537227153778076 457.0 390.0 47809.0 1952.0
0.955078125 0.953742504119873 437.0 369.0 47830.0 1972.0
0.9453125 0.9536831974983215 459.0 394.0 47805.0 1950.0
0.947265625 0.9537820219993591 427.0 357.0 47842.0 1982.0
0.962890625 0.9532485008239746 498.0 455.0 47744.0 1911.0
0.947265625 0.95417720079422 403.0 313.0 47886.0 2006.0
0.958984375 0.9535053968429565 474.0 418.0 47781.0 1935.0
0.94140625 0.9533275365829468 499.0 452.0 47747.0 1910.0
0.955078125 0.9542365074157715 450.0 357.0 47842.0 1959.0
0.95703125 0.9538215398788452 445.0 373.0 47826.0 1964.0
0.947265625 0.9536436796188354 482.0 419.0 47780.0 1927.0
0.953125 0.9539993405342102 444.0 363.0 47836.0 1965.0
0.947265625 0.9540586471557617 465.0 381.0 47818.0 1944.0
0.94921875 0.9541574716567993 456.0 367.0 47832.0 1953.0
0.95703125 0.9543747901916504 453.0 353.0 47846.0 1956.0
0.953125 0.9539005756378174 463.0 387.0 47812.0 1946.0
0.943359375 0.9533275365829468 495.0 448.0 47751.0 1914.0
0.958984375 0.9539005756378174 460.0 384.0 47815.0 1949.0
0.9609375 0.9535449147224426 488.0 430.0 47769.0 1921.0
0.953125 0.953920304775238 483.0 406.0 47793.0 1926.0
0.96484375 0.9539993405342102 482.0 401.0 47798.0 1927.0
0.955078125 0.953742504119873 481.0 413.0 47786.0 1928.0
0.951171875 0.9538017511367798 498.0 427.0 47772.0 1911.0
0.94921875 0.9543155431747437 476.0 379.0 47820.0 1933.0
0.9453125 0.9542957544326782 486.0 390.0 47809.0 1923.0
0.953125 0.9544340968132019 480.0 377.0 47822.0 1929.0
0.955078125 0.9540191292762756 487.0 405.0 47794.0 1922.0
0.953125 0.9539400935173035 475.0 397.0 47802.0 1934.0
0.953125 0.9532682299613953 517.0 473.0 47726.0 1892.0
0.95703125 0.9535646438598633 504.0 445.0 47754.0 1905.0
0.96484375 0.9535844326019287 534.0 474.0 47725.0 1875.0
0.958984375 0.9539400935173035 503.0 425.0 47774.0 1906.0
0.951171875 0.9537820219993591 506.0 436.0 47763.0 1903.0
0.94921875 0.953702986240387 541.0 475.0 47724.0 1868.0
0.958984375 0.9542365074157715 502.0 409.0 47790.0 1907.0
0.951171875 0.9543747901916504 505.0 405.0 47794.0 1904.0
0.962890625 0.9544538259506226 487.0 383.0 47816.0 1922.0
0.95703125 0.953920304775238 495.0 418.0 47781.0 1914.0
0.95703125 0.9534856081008911 515.0 460.0 47739.0 1894.0
0.94921875 0.9537820219993591 531.0 461.0 47738.0 1878.0
0.958984375 0.95417720079422 501.0 411.0 47788.0 1908.0
0.962890625 0.9537820219993591 526.0 456.0 47743.0 1883.0
0.9609375 0.9541179537773132 528.0 441.0 47758.0 1881.0
0.953125 0.9540191292762756 516.0 434.0 47765.0 1893.0
0.9453125 0.9541376829147339 514.0 426.0 47773.0 1895.0
0.9609375 0.9538017511367798 530.0 459.0 47740.0 1879.0
0.951171875 0.9538215398788452 523.0 451.0 47748.0 1886.0
0.9375 0.9536041617393494 549.0 488.0 47711.0 1860.0
0.951171875 0.9539598226547241 523.0 444.0 47755.0 1886.0
0.955078125 0.9544340968132019 506.0 403.0 47796.0 1903.0
0.95703125 0.9545526504516602 526.0 417.0 47782.0 1883.0
0.953125 0.9544538259506226 532.0 428.0 47771.0 1877.0
0.962890625 0.9542365074157715 537.0 444.0 47755.0 1872.0
0.94921875 0.9543747901916504 537.0 437.0 47762.0 1872.0
0.953125 0.9541574716567993 546.0 457.0 47742.0 1863.0
0.955078125 0.9544340968132019 539.0 436.0 47763.0 1870.0
0.947265625 0.9543352723121643 546.0 448.0 47751.0 1863.0
0.951171875 0.9544538259506226 540.0 436.0 47763.0 1869.0
0.955078125 0.9540981650352478 555.0 469.0 47730.0 1854.0
0.95703125 0.9543747901916504 543.0 443.0 47756.0 1866.0
0.947265625 0.9545328617095947 543.0 435.0 47764.0 1866.0
0.95703125 0.9544143080711365 530.0 428.0 47771.0 1879.0
0.95703125 0.9543747901916504 548.0 448.0 47751.0 1861.0
0.951171875 0.9543945789337158 564.0 463.0 47736.0 1845.0
0.943359375 0.9540388584136963 580.0 497.0 47702.0 1829.0
0.9453125 0.9545921683311462 551.0 440.0 47759.0 1858.0
0.94140625 0.9545328617095947 562.0 454.0 47745.0 1847.0
0.94921875 0.954651415348053 555.0 441.0 47758.0 1854.0
0.9609375 0.9544340968132019 561.0 458.0 47741.0 1848.0
0.953125 0.9546909332275391 554.0 438.0 47761.0 1855.0
0.943359375 0.9547107219696045 587.0 470.0 47729.0 1822.0
0.955078125 0.9546909332275391 580.0 464.0 47735.0 1829.0
0.951171875 0.9547897577285767 585.0 464.0 47735.0 1824.0
0.955078125 0.9546712040901184 567.0 452.0 47747.0 1842.0
0.95703125 0.9546712040901184 563.0 448.0 47751.0 1846.0
0.962890625 0.9549083113670349 580.0 453.0 47746.0 1829.0
0.955078125 0.9549676179885864 567.0 437.0 47762.0 1842.0
0.94921875 0.9547502398490906 603.0 484.0 47715.0 1806.0
0.955078125 0.9548094868659973 581.0 459.0 47740.0 1828.0
0.94140625 0.9548094868659973 572.0 450.0 47749.0 1837.0
0.96484375 0.9548094868659973 595.0 473.0 47726.0 1814.0
0.970703125 0.9545921683311462 596.0 485.0 47714.0 1813.0
0.943359375 0.9549676179885864 576.0 446.0 47753.0 1833.0
0.953125 0.9550071358680725 618.0 486.0 47713.0 1791.0
0.947265625 0.9550663828849792 596.0 461.0 47738.0 1813.0
0.96484375 0.9551059007644653 594.0 457.0 47742.0 1815.0
0.953125 0.9553825259208679 576.0 425.0 47774.0 1833.0
0.951171875 0.9553627967834473 598.0 448.0 47751.0 1811.0
0.953125 0.9556987285614014 591.0 424.0 47775.0 1818.0
0.951171875 0.9554023146629333 591.0 439.0 47760.0 1818.0
0.9609375 0.9554418325424194 613.0 459.0 47740.0 1796.0
0.966796875 0.9553825259208679 623.0 472.0 47727.0 1786.0
0.94921875 0.9554418325424194 610.0 456.0 47743.0 1799.0
0.9609375 0.9555801749229431 602.0 441.0 47758.0 1807.0
0.951171875 0.9554023146629333 613.0 461.0 47738.0 1796.0
0.953125 0.9555603861808777 618.0 458.0 47741.0 1791.0
0.958984375 0.9553627967834473 609.0 459.0 47740.0 1800.0
0.95703125 0.9554418325424194 594.0 440.0 47759.0 1815.0
0.962890625 0.9557777643203735 596.0 425.0 47774.0 1813.0
0.95703125 0.9557579755783081 625.0 455.0 47744.0 1784.0
0.966796875 0.9556987285614014 624.0 457.0 47742.0 1785.0
0.955078125 0.9559358358383179 614.0 435.0 47764.0 1795.0
0.953125 0.9561136364936829 619.0 431.0 47768.0 1790.0
0.958984375 0.9558370113372803 604.0 430.0 47769.0 1805.0
0.95703125 0.9561334252357483 607.0 418.0 47781.0 1802.0
0.953125 0.9557579755783081 627.0 457.0 47742.0 1782.0
0.958984375 0.9557777643203735 627.0 456.0 47743.0 1782.0
0.958984375 0.9560741186141968 621.0 435.0 47764.0 1788.0
0.95703125 0.9560939073562622 621.0 434.0 47765.0 1788.0
0.958984375 0.95601487159729 643.0 460.0 47739.0 1766.0
0.95703125 0.9562321901321411 637.0 443.0 47756.0 1772.0
0.958984375 0.9563112258911133 640.0 442.0 47757.0 1769.0
0.962890625 0.9560543894767761 638.0 453.0 47746.0 1771.0
0.951171875 0.9561334252357483 636.0 447.0 47752.0 1773.0
0.958984375 0.9561729431152344 648.0 457.0 47742.0 1761.0
0.94140625 0.9564100503921509 617.0 414.0 47785.0 1792.0
0.94921875 0.9562914967536926 641.0 444.0 47755.0 1768.0
0.955078125 0.9565483927726746 645.0 435.0 47764.0 1764.0
0.962890625 0.956449568271637 646.0 441.0 47758.0 1763.0
0.953125 0.9562519788742065 660.0 465.0 47734.0 1749.0
0.9375 0.9565088748931885 655.0 447.0 47752.0 1754.0
0.9609375 0.9566274285316467 646.0 432.0 47767.0 1763.0
0.955078125 0.9562717080116272 648.0 452.0 47747.0 1761.0
0.966796875 0.9565879106521606 631.0 419.0 47780.0 1778.0
0.958984375 0.95692378282547 654.0 425.0 47774.0 1755.0
0.95703125 0.9569040536880493 637.0 409.0 47790.0 1772.0
0.9609375 0.9567064642906189 677.0 459.0 47740.0 1732.0
0.951171875 0.9568842649459839 657.0 430.0 47769.0 1752.0
0.94921875 0.9573387503623962 643.0 393.0 47806.0 1766.0
0.947265625 0.9569435715675354 674.0 444.0 47755.0 1735.0
0.943359375 0.956745982170105 660.0 440.0 47759.0 1749.0
0.94921875 0.9568842649459839 641.0 414.0 47785.0 1768.0
0.966796875 0.9571609497070312 664.0 423.0 47776.0 1745.0
0.94921875 0.9571016430854797 664.0 426.0 47773.0 1745.0
0.95703125 0.9567855000495911 673.0 451.0 47748.0 1736.0
0.955078125 0.9573980569839478 642.0 389.0 47810.0 1767.0
0.958984375 0.9574177861213684 651.0 397.0 47802.0 1758.0
0.95703125 0.9569830894470215 675.0 443.0 47756.0 1734.0
0.96484375 0.9572004675865173 667.0 424.0 47775.0 1742.0
0.9609375 0.9571214318275452 660.0 421.0 47778.0 1749.0
0.94921875 0.9572597146034241 679.0 433.0 47766.0 1730.0
0.96484375 0.9571609497070312 661.0 420.0 47779.0 1748.0
0.9609375 0.9571609497070312 681.0 440.0 47759.0 1728.0
0.947265625 0.9572597146034241 675.0 429.0 47770.0 1734.0
0.951171875 0.9571411609649658 674.0 434.0 47765.0 1735.0
0.962890625 0.9571016430854797 660.0 422.0 47777.0 1749.0
0.953125 0.956963300704956 695.0 464.0 47735.0 1714.0
0.947265625 0.9573585391044617 666.0 415.0 47784.0 1743.0
0.951171875 0.957220196723938 658.0 414.0 47785.0 1751.0
0.951171875 0.9571214318275452 697.0 458.0 47741.0 1712.0
0.962890625 0.9572004675865173 681.0 438.0 47761.0 1728.0
0.94921875 0.9572399854660034 682.0 437.0 47762.0 1727.0
0.95703125 0.9574968218803406 691.0 433.0 47766.0 1718.0
0.9609375 0.9572399854660034 677.0 432.0 47767.0 1732.0
0.95703125 0.9570423364639282 685.0 450.0 47749.0 1724.0
0.958984375 0.9571609497070312 696.0 455.0 47744.0 1713.0
0.958984375 0.9572992324829102 685.0 437.0 47762.0 1724.0
0.951171875 0.9572597146034241 690.0 444.0 47755.0 1719.0
0.962890625 0.9574177861213684 682.0 428.0 47771.0 1727.0
0.970703125 0.9568447470664978 685.0 460.0 47739.0 1724.0
0.95703125 0.9567261934280396 677.0 458.0 47741.0 1732.0
0.958984375 0.9571806788444519 663.0 421.0 47778.0 1746.0
0.966796875 0.9571806788444519 684.0 442.0 47757.0 1725.0
0.966796875 0.9572399854660034 688.0 443.0 47756.0 1721.0
0.95703125 0.9571016430854797 680.0 442.0 47757.0 1729.0
0.953125 0.9566076397895813 708.0 495.0 47704.0 1701.0
0.953125 0.9570028185844421 703.0 470.0 47729.0 1706.0
0.95703125 0.9572004675865173 716.0 473.0 47726.0 1693.0
0.95703125 0.9568645358085632 693.0 467.0 47732.0 1716.0
0.955078125 0.9571411609649658 681.0 441.0 47758.0 1728.0
0.96875 0.957220196723938 703.0 459.0 47740.0 1706.0
0.962890625 0.9574573040008545 713.0 457.0 47742.0 1696.0
0.951171875 0.9574968218803406 702.0 444.0 47755.0 1707.0
0.9609375 0.9573782682418823 708.0 456.0 47743.0 1701.0
0.974609375 0.9574177861213684 711.0 457.0 47742.0 1698.0
0.9453125 0.9573387503623962 698.0 448.0 47751.0 1711.0
0.95703125 0.9572004675865173 700.0 457.0 47742.0 1709.0
0.96875 0.9575561285018921 716.0 455.0 47744.0 1693.0
0.958984375 0.957220196723938 710.0 466.0 47733.0 1699.0
0.958984375 0.9575758576393127 713.0 451.0 47748.0 1696.0
0.9609375 0.9570226073265076 734.0 500.0 47699.0 1675.0
0.955078125 0.9573190212249756 718.0 469.0 47730.0 1691.0
0.962890625 0.9572992324829102 729.0 481.0 47718.0 1680.0
0.962890625 0.9572399854660034 725.0 480.0 47719.0 1684.0
0.955078125 0.9569040536880493 744.0 516.0 47683.0 1665.0
0.958984375 0.9573585391044617 719.0 468.0 47731.0 1690.0
0.947265625 0.9571806788444519 705.0 463.0 47736.0 1704.0
0.951171875 0.9573980569839478 712.0 459.0 47740.0 1697.0
0.958984375 0.9574375748634338 747.0 492.0 47707.0 1662.0
0.955078125 0.9571806788444519 732.0 490.0 47709.0 1677.0
0.95703125 0.9574968218803406 706.0 448.0 47751.0 1703.0
0.966796875 0.9571609497070312 745.0 504.0 47695.0 1664.0
0.96484375 0.9572992324829102 747.0 499.0 47700.0 1662.0
0.962890625 0.9573782682418823 717.0 465.0 47734.0 1692.0
0.962890625 0.9572795033454895 739.0 492.0 47707.0 1670.0
0.939453125 0.9572795033454895 727.0 480.0 47719.0 1682.0
0.96484375 0.9571214318275452 742.0 503.0 47696.0 1667.0
0.958984375 0.9569435715675354 732.0 502.0 47697.0 1677.0
0.958984375 0.9572004675865173 729.0 486.0 47713.0 1680.0
0.953125 0.95692378282547 732.0 503.0 47696.0 1677.0
0.958984375 0.9572992324829102 726.0 478.0 47721.0 1683.0
0.958984375 0.9572795033454895 738.0 491.0 47708.0 1671.0
0.953125 0.9573190212249756 745.0 496.0 47703.0 1664.0
0.96484375 0.9572597146034241 721.0 475.0 47724.0 1688.0
0.95703125 0.9568842649459839 731.0 504.0 47695.0 1678.0
0.955078125 0.9572004675865173 712.0 469.0 47730.0 1697.0
0.95703125 0.9574177861213684 743.0 489.0 47710.0 1666.0
0.96484375 0.9574968218803406 740.0 482.0 47717.0 1669.0
0.951171875 0.9572399854660034 751.0 506.0 47693.0 1658.0
0.95703125 0.9573782682418823 742.0 490.0 47709.0 1667.0
0.953125 0.957516610622406 744.0 485.0 47714.0 1665.0
0.9609375 0.9574375748634338 757.0 502.0 47697.0 1652.0
0.955078125 0.9572597146034241 767.0 521.0 47678.0 1642.0
0.953125 0.9571806788444519 731.0 489.0 47710.0 1678.0
0.951171875 0.9571214318275452 743.0 504.0 47695.0 1666.0
0.958984375 0.9569830894470215 749.0 517.0 47682.0 1660.0
0.96484375 0.9573387503623962 747.0 497.0 47702.0 1662.0
0.958984375 0.9573585391044617 757.0 506.0 47693.0 1652.0
0.951171875 0.9572992324829102 738.0 490.0 47709.0 1671.0
0.951171875 0.9571806788444519 769.0 527.0 47672.0 1640.0
0.958984375 0.9576153755187988 735.0 471.0 47728.0 1674.0
0.96875 0.9573387503623962 743.0 493.0 47706.0 1666.0
0.96875 0.9576548933982849 742.0 476.0 47723.0 1667.0
0.953125 0.9571806788444519 742.0 500.0 47699.0 1667.0
0.955078125 0.9570819139480591 782.0 545.0 47654.0 1627.0
0.953125 0.9576153755187988 761.0 497.0 47702.0 1648.0
0.9609375 0.9576351642608643 754.0 489.0 47710.0 1655.0
0.958984375 0.9572004675865173 772.0 529.0 47670.0 1637.0
0.966796875 0.9575561285018921 744.0 483.0 47716.0 1665.0
0.962890625 0.9574177861213684 774.0 520.0 47679.0 1635.0
0.953125 0.9576746821403503 745.0 478.0 47721.0 1664.0
0.955078125 0.9574770927429199 780.0 523.0 47676.0 1629.0
0.94921875 0.957694411277771 767.0 499.0 47700.0 1642.0
0.95703125 0.9577339291572571 744.0 474.0 47725.0 1665.0
0.9609375 0.9573980569839478 766.0 513.0 47686.0 1643.0
0.962890625 0.9573782682418823 763.0 511.0 47688.0 1646.0
0.9453125 0.9574573040008545 743.0 487.0 47712.0 1666.0
0.953125 0.9574573040008545 753.0 497.0 47702.0 1656.0
0.974609375 0.9575363397598267 762.0 502.0 47697.0 1647.0
0.962890625 0.9573387503623962 740.0 490.0 47709.0 1669.0
0.939453125 0.957516610622406 775.0 516.0 47683.0 1634.0
0.966796875 0.9577142000198364 768.0 499.0 47700.0 1641.0
0.96875 0.9574375748634338 776.0 521.0 47678.0 1633.0
0.958984375 0.9578920602798462 770.0 492.0 47707.0 1639.0
0.955078125 0.9574375748634338 763.0 508.0 47691.0 1646.0
0.9609375 0.9576548933982849 778.0 512.0 47687.0 1631.0
0.958984375 0.9578722715377808 782.0 505.0 47694.0 1627.0
0.95703125 0.9575956463813782 772.0 509.0 47690.0 1637.0
0.955078125 0.9580896496772766 756.0 468.0 47731.0 1653.0
0.958984375 0.9577537178993225 752.0 481.0 47718.0 1657.0
0.96484375 0.9580501317977905 765.0 479.0 47720.0 1644.0
0.9609375 0.9574968218803406 771.0 513.0 47686.0 1638.0
0.962890625 0.9574968218803406 776.0 518.0 47681.0 1633.0
0.955078125 0.9574375748634338 778.0 523.0 47676.0 1631.0
0.962890625 0.9574770927429199 782.0 525.0 47674.0 1627.0
0.951171875 0.9578920602798462 768.0 490.0 47709.0 1641.0
0.953125 0.9574573040008545 786.0 530.0 47669.0 1623.0
0.958984375 0.9576153755187988 773.0 509.0 47690.0 1636.0
0.95703125 0.9576746821403503 775.0 508.0 47691.0 1634.0
0.962890625 0.9572597146034241 792.0 546.0 47653.0 1617.0
0.943359375 0.9574968218803406 762.0 504.0 47695.0 1647.0
0.966796875 0.9571411609649658 776.0 536.0 47663.0 1633.0
0.962890625 0.9573387503623962 767.0 517.0 47682.0 1642.0
0.95703125 0.9576746821403503 768.0 501.0 47698.0 1641.0
0.947265625 0.9577932357788086 780.0 507.0 47692.0 1629.0
0.962890625 0.9573980569839478 798.0 545.0 47654.0 1611.0
0.95703125 0.9574177861213684 793.0 539.0 47660.0 1616.0
0.970703125 0.9575561285018921 786.0 525.0 47674.0 1623.0
0.94921875 0.9575956463813782 798.0 535.0 47664.0 1611.0
0.958984375 0.9577932357788086 771.0 498.0 47701.0 1638.0
0.95703125 0.9573782682418823 782.0 530.0 47669.0 1627.0
0.962890625 0.957220196723938 793.0 549.0 47650.0 1616.0
0.955078125 0.957516610622406 777.0 518.0 47681.0 1632.0
0.958984375 0.9570819139480591 781.0 544.0 47655.0 1628.0
0.955078125 0.9572399854660034 785.0 540.0 47659.0 1624.0
0.955078125 0.9575561285018921 781.0 520.0 47679.0 1628.0
0.966796875 0.9573782682418823 793.0 541.0 47658.0 1616.0
0.95703125 0.9578920602798462 779.0 501.0 47698.0 1630.0
0.966796875 0.9573585391044617 802.0 551.0 47648.0 1607.0
0.962890625 0.9576351642608643 791.0 526.0 47673.0 1618.0
0.9609375 0.9576746821403503 784.0 517.0 47682.0 1625.0
0.966796875 0.9576351642608643 776.0 511.0 47688.0 1633.0
0.966796875 0.9576351642608643 793.0 528.0 47671.0 1616.0
0.966796875 0.9575561285018921 800.0 539.0 47660.0 1609.0
0.95703125 0.9578129649162292 774.0 500.0 47699.0 1635.0
0.96484375 0.9578327536582947 790.0 515.0 47684.0 1619.0
0.962890625 0.9577537178993225 816.0 545.0 47654.0 1593.0
0.958984375 0.957220196723938 805.0 561.0 47638.0 1604.0
0.966796875 0.9577142000198364 780.0 511.0 47688.0 1629.0
0.9609375 0.9573387503623962 813.0 563.0 47636.0 1596.0
0.96484375 0.9577142000198364 782.0 513.0 47686.0 1627.0
0.95703125 0.9579117894172668 807.0 528.0 47671.0 1602.0
0.96875 0.9575363397598267 799.0 539.0 47660.0 1610.0
0.958984375 0.9578525424003601 803.0 527.0 47672.0 1606.0
0.97265625 0.9581093788146973 793.0 504.0 47695.0 1616.0
0.958984375 0.9577537178993225 802.0 531.0 47668.0 1607.0
0.95703125 0.9577142000198364 790.0 521.0 47678.0 1619.0
0.953125 0.9580698609352112 786.0 499.0 47700.0 1623.0
0.9609375 0.9574770927429199 801.0 544.0 47655.0 1608.0
0.9609375 0.9576351642608643 811.0 546.0 47653.0 1598.0
0.962890625 0.9578525424003601 803.0 527.0 47672.0 1606.0
0.95703125 0.9580896496772766 809.0 521.0 47678.0 1600.0
0.962890625 0.9577537178993225 799.0 528.0 47671.0 1610.0
0.9453125 0.9578129649162292 797.0 523.0 47676.0 1612.0
0.96484375 0.9579117894172668 813.0 534.0 47665.0 1596.0
0.958984375 0.9578920602798462 814.0 536.0 47663.0 1595.0
0.96875 0.957516610622406 815.0 556.0 47643.0 1594.0
0.953125 0.9580303430557251 808.0 523.0 47676.0 1601.0
0.958984375 0.9580896496772766 793.0 505.0 47694.0 1616.0
0.95703125 0.9577142000198364 807.0 538.0 47661.0 1602.0
0.953125 0.9574375748634338 817.0 562.0 47637.0 1592.0
0.951171875 0.9580698609352112 804.0 517.0 47682.0 1605.0
0.96484375 0.9581884145736694 785.0 492.0 47707.0 1624.0
0.962890625 0.9576746821403503 809.0 542.0 47657.0 1600.0
0.94921875 0.9580501317977905 798.0 512.0 47687.0 1611.0
0.962890625 0.9583662748336792 808.0 506.0 47693.0 1601.0
0.970703125 0.9581686854362488 801.0 509.0 47690.0 1608.0
0.966796875 0.9577142000198364 826.0 557.0 47642.0 1583.0
0.96484375 0.9577142000198364 821.0 552.0 47647.0 1588.0
0.958984375 0.957990825176239 806.0 523.0 47676.0 1603.0
0.962890625 0.9580698609352112 818.0 531.0 47668.0 1591.0
0.970703125 0.9576746821403503 825.0 558.0 47641.0 1584.0
0.947265625 0.9574770927429199 812.0 555.0 47644.0 1597.0
0.955078125 0.9574770927429199 820.0 563.0 47636.0 1589.0
0.958984375 0.9578129649162292 812.0 538.0 47661.0 1597.0
0.96484375 0.9576746821403503 806.0 539.0 47660.0 1603.0
0.9609375 0.9579710960388184 812.0 530.0 47669.0 1597.0
0.970703125 0.9581291675567627 828.0 538.0 47661.0 1581.0
0.97265625 0.9578327536582947 819.0 544.0 47655.0 1590.0
0.958984375 0.9577734470367432 796.0 524.0 47675.0 1613.0
0.955078125 0.957694411277771 807.0 539.0 47660.0 1602.0
0.951171875 0.9579117894172668 818.0 539.0 47660.0 1591.0
0.96484375 0.9583069682121277 816.0 517.0 47682.0 1593.0
0.958984375 0.9578920602798462 816.0 538.0 47661.0 1593.0
0.9609375 0.9576548933982849 818.0 552.0 47647.0 1591.0
0.962890625 0.9577932357788086 837.0 564.0 47635.0 1572.0
0.958984375 0.957990825176239 834.0 551.0 47648.0 1575.0
0.958984375 0.957694411277771 847.0 579.0 47620.0 1562.0
0.966796875 0.958287239074707 815.0 517.0 47682.0 1594.0
0.955078125 0.9583860039710999 819.0 516.0 47683.0 1590.0
0.958984375 0.9578722715377808 832.0 555.0 47644.0 1577.0
0.94921875 0.9583267569541931 842.0 542.0 47657.0 1567.0
0.962890625 0.9578920602798462 823.0 545.0 47654.0 1586.0
0.958984375 0.9582279324531555 826.0 531.0 47668.0 1583.0
0.95703125 0.9577734470367432 856.0 584.0 47615.0 1553.0
0.94921875 0.9579315781593323 850.0 570.0 47629.0 1559.0
0.96875 0.9576548933982849 836.0 570.0 47629.0 1573.0
0.962890625 0.9578722715377808 843.0 566.0 47633.0 1566.0
0.962890625 0.9577537178993225 847.0 576.0 47623.0 1562.0
0.96484375 0.958287239074707 835.0 537.0 47662.0 1574.0
0.96484375 0.9582279324531555 823.0 528.0 47671.0 1586.0
0.955078125 0.9585835933685303 851.0 538.0 47661.0 1558.0
0.96875 0.9581884145736694 839.0 546.0 47653.0 1570.0
0.958984375 0.9580106139183044 828.0 544.0 47655.0 1581.0
0.95703125 0.9583267569541931 823.0 523.0 47676.0 1586.0
0.958984375 0.9581093788146973 858.0 569.0 47630.0 1551.0
0.974609375 0.9581686854362488 832.0 540.0 47659.0 1577.0
0.96484375 0.9580501317977905 840.0 554.0 47645.0 1569.0
0.951171875 0.9585045576095581 817.0 508.0 47691.0 1592.0
0.970703125 0.9583662748336792 840.0 538.0 47661.0 1569.0
0.96875 0.957990825176239 848.0 565.0 47634.0 1561.0
0.9609375 0.9582674503326416 837.0 540.0 47659.0 1572.0
0.95703125 0.9580501317977905 862.0 576.0 47623.0 1547.0
0.962890625 0.9581093788146973 857.0 568.0 47631.0 1552.0
0.958984375 0.9581093788146973 866.0 577.0 47622.0 1543.0
0.95703125 0.9584255218505859 844.0 539.0 47660.0 1565.0
0.970703125 0.9578722715377808 860.0 583.0 47616.0 1549.0
0.9609375 0.9580698609352112 850.0 563.0 47636.0 1559.0
0.962890625 0.9583662748336792 852.0 550.0 47649.0 1557.0
0.966796875 0.9578920602798462 848.0 570.0 47629.0 1561.0
0.955078125 0.9583860039710999 831.0 528.0 47671.0 1578.0
0.951171875 0.9581488966941833 849.0 558.0 47641.0 1560.0
0.970703125 0.9580896496772766 867.0 579.0 47620.0 1542.0
0.955078125 0.9583267569541931 828.0 528.0 47671.0 1581.0
0.95703125 0.9582082033157349 853.0 559.0 47640.0 1556.0
0.955078125 0.9577537178993225 866.0 595.0 47604.0 1543.0
0.958984375 0.9582082033157349 873.0 579.0 47620.0 1536.0
0.9609375 0.9580896496772766 874.0 586.0 47613.0 1535.0
0.966796875 0.9580303430557251 860.0 575.0 47624.0 1549.0
0.962890625 0.9580501317977905 847.0 561.0 47638.0 1562.0
0.9609375 0.9584255218505859 843.0 538.0 47661.0 1566.0
0.9609375 0.958465039730072 859.0 552.0 47647.0 1550.0
0.96484375 0.9582279324531555 846.0 551.0 47648.0 1563.0
0.955078125 0.9579315781593323 877.0 597.0 47602.0 1532.0
0.966796875 0.9583860039710999 866.0 563.0 47636.0 1543.0
0.96484375 0.9583069682121277 884.0 585.0 47614.0 1525.0
0.955078125 0.9581291675567627 881.0 591.0 47608.0 1528.0
0.962890625 0.9585835933685303 886.0 573.0 47626.0 1523.0
0.955078125 0.958247721195221 884.0 588.0 47611.0 1525.0
0.95703125 0.9584255218505859 881.0 576.0 47623.0 1528.0
0.96484375 0.9588009715080261 867.0 543.0 47656.0 1542.0
0.96875 0.9581686854362488 878.0 586.0 47613.0 1531.0
0.958984375 0.9583662748336792 875.0 573.0 47626.0 1534.0
0.962890625 0.9583069682121277 885.0 586.0 47613.0 1524.0
0.962890625 0.9583464860916138 888.0 587.0 47612.0 1521.0
0.95703125 0.9581488966941833 881.0 590.0 47609.0 1528.0
0.970703125 0.9582082033157349 903.0 609.0 47590.0 1506.0
0.955078125 0.958247721195221 876.0 580.0 47619.0 1533.0
0.9609375 0.9585638642311096 883.0 571.0 47628.0 1526.0
0.96875 0.9583069682121277 903.0 604.0 47595.0 1506.0
0.9609375 0.9584848284721375 884.0 576.0 47623.0 1525.0
0.9609375 0.9587022066116333 900.0 581.0 47618.0 1509.0
0.951171875 0.9583267569541931 882.0 582.0 47617.0 1527.0
0.966796875 0.9586824178695679 877.0 559.0 47640.0 1532.0
0.94921875 0.958465039730072 903.0 596.0 47603.0 1506.0
0.962890625 0.9585638642311096 896.0 584.0 47615.0 1513.0
0.962890625 0.958721935749054 899.0 579.0 47620.0 1510.0
0.953125 0.958721935749054 879.0 559.0 47640.0 1530.0
0.95703125 0.9587417244911194 906.0 585.0 47614.0 1503.0
0.95703125 0.9590578675270081 885.0 548.0 47651.0 1524.0
0.962890625 0.9589788317680359 872.0 539.0 47660.0 1537.0
0.962890625 0.9589195251464844 883.0 553.0 47646.0 1526.0
0.96484375 0.959018349647522 904.0 569.0 47630.0 1505.0
0.966796875 0.9589590430259705 920.0 588.0 47611.0 1489.0
0.970703125 0.9587022066116333 898.0 579.0 47620.0 1511.0
0.970703125 0.9584848284721375 916.0 608.0 47591.0 1493.0
0.95703125 0.9588009715080261 904.0 580.0 47619.0 1505.0
0.970703125 0.9590578675270081 895.0 558.0 47641.0 1514.0
0.966796875 0.9587812423706055 902.0 579.0 47620.0 1507.0
0.955078125 0.9591171145439148 907.0 567.0 47632.0 1502.0
0.958984375 0.9589195251464844 894.0 564.0 47635.0 1515.0
0.966796875 0.9588602781295776 918.0 591.0 47608.0 1491.0
0.9609375 0.9588997960090637 903.0 574.0 47625.0 1506.0
0.966796875 0.9594333171844482 921.0 565.0 47634.0 1488.0
0.953125 0.95876145362854 934.0 612.0 47587.0 1475.0
0.9609375 0.9588009715080261 895.0 571.0 47628.0 1514.0
0.95703125 0.9590973854064941 884.0 545.0 47654.0 1525.0
0.95703125 0.9592159390449524 888.0 543.0 47656.0 1521.0
0.955078125 0.9589590430259705 925.0 593.0 47606.0 1484.0
0.953125 0.9588009715080261 924.0 600.0 47599.0 1485.0
0.951171875 0.9588800072669983 935.0 607.0 47592.0 1474.0
0.962890625 0.9592949748039246 900.0 551.0 47648.0 1509.0
0.962890625 0.959196150302887 890.0 546.0 47653.0 1519.0
0.95703125 0.9588207602500916 890.0 565.0 47634.0 1519.0
0.96484375 0.9590578675270081 920.0 583.0 47616.0 1489.0
0.966796875 0.9592554569244385 911.0 564.0 47635.0 1498.0
0.955078125 0.959196150302887 915.0 571.0 47628.0 1494.0
0.96484375 0.959235668182373 927.0 581.0 47618.0 1482.0
0.96875 0.959492564201355 926.0 567.0 47632.0 1483.0
0.966796875 0.9589985609054565 922.0 588.0 47611.0 1487.0
0.95703125 0.9597099423408508 896.0 526.0 47673.0 1513.0
0.947265625 0.9593937993049622 926.0 572.0 47627.0 1483.0
0.9609375 0.9591566324234009 926.0 584.0 47615.0 1483.0
0.95703125 0.9595320820808411 913.0 552.0 47647.0 1496.0
0.958984375 0.9589393138885498 922.0 591.0 47608.0 1487.0
0.966796875 0.9594135284423828 918.0 563.0 47636.0 1491.0
0.96875 0.9590775966644287 917.0 579.0 47620.0 1492.0
0.9609375 0.9589195251464844 927.0 597.0 47602.0 1482.0
0.962890625 0.9588800072669983 936.0 608.0 47591.0 1473.0
0.955078125 0.9589195251464844 922.0 592.0 47607.0 1487.0
0.962890625 0.9590380787849426 940.0 604.0 47595.0 1469.0
0.955078125 0.959196150302887 924.0 580.0 47619.0 1485.0
0.9609375 0.9592949748039246 907.0 558.0 47641.0 1502.0
0.97265625 0.9592949748039246 915.0 566.0 47633.0 1494.0
0.955078125 0.9593740105628967 916.0 563.0 47636.0 1493.0
0.966796875 0.9595123529434204 915.0 555.0 47644.0 1494.0
0.958984375 0.9591764211654663 932.0 589.0 47610.0 1477.0
0.962890625 0.959492564201355 920.0 561.0 47638.0 1489.0
0.9453125 0.9594135284423828 917.0 562.0 47637.0 1492.0
0.962890625 0.959492564201355 933.0 574.0 47625.0 1476.0
0.95703125 0.9593740105628967 944.0 591.0 47608.0 1465.0
0.958984375 0.9591369032859802 935.0 594.0 47605.0 1474.0
0.9609375 0.9592949748039246 946.0 597.0 47602.0 1463.0
0.958984375 0.9596111178398132 923.0 558.0 47641.0 1486.0
0.95703125 0.9595913887023926 933.0 569.0 47630.0 1476.0
0.96484375 0.9596506357192993 937.0 570.0 47629.0 1472.0
0.966796875 0.9593542814254761 933.0 581.0 47618.0 1476.0
0.9609375 0.9595715999603271 920.0 557.0 47642.0 1489.0
0.96484375 0.9594728350639343 947.0 589.0 47610.0 1462.0
0.955078125 0.9590973854064941 941.0 602.0 47597.0 1468.0
0.955078125 0.9595320820808411 934.0 573.0 47626.0 1475.0
0.98046875 0.9595320820808411 936.0 575.0 47624.0 1473.0
0.94140625 0.9595123529434204 951.0 591.0 47608.0 1458.0
0.958984375 0.9592554569244385 943.0 596.0 47603.0 1466.0
0.95703125 0.9594530463218689 937.0 580.0 47619.0 1472.0
0.966796875 0.9598680138587952 925.0 547.0 47652.0 1484.0
0.958984375 0.9597494602203369 941.0 569.0 47630.0 1468.0
0.966796875 0.9598877429962158 929.0 550.0 47649.0 1480.0
0.955078125 0.9592159390449524 955.0 610.0 47589.0 1454.0
0.95703125 0.9596506357192993 948.0 581.0 47618.0 1461.0
0.95703125 0.9594135284423828 949.0 594.0 47605.0 1460.0
0.9609375 0.9590973854064941 964.0 625.0 47574.0 1445.0
0.97265625 0.9593740105628967 943.0 590.0 47609.0 1466.0
0.962890625 0.9596506357192993 933.0 566.0 47633.0 1476.0
0.958984375 0.9595320820808411 938.0 577.0 47622.0 1471.0
0.951171875 0.9596704244613647 949.0 581.0 47618.0 1460.0
0.970703125 0.959788978099823 957.0 583.0 47616.0 1452.0
0.9609375 0.9598284959793091 929.0 553.0 47646.0 1480.0
0.96484375 0.9593344926834106 959.0 608.0 47591.0 1450.0
0.9609375 0.9600260853767395 958.0 572.0 47627.0 1451.0
0.953125 0.9594333171844482 959.0 603.0 47596.0 1450.0
0.9609375 0.9599272608757019 945.0 564.0 47635.0 1464.0
0.955078125 0.9600458145141602 943.0 556.0 47643.0 1466.0
0.955078125 0.9597099423408508 962.0 592.0 47607.0 1447.0
0.966796875 0.9592949748039246 962.0 613.0 47586.0 1447.0
0.94921875 0.9597296714782715 963.0 592.0 47607.0 1446.0
0.958984375 0.9598680138587952 929.0 551.0 47648.0 1480.0
0.95703125 0.9599470496177673 969.0 587.0 47612.0 1440.0
0.962890625 0.9598877429962158 946.0 567.0 47632.0 1463.0
0.955078125 0.9596704244613647 953.0 585.0 47614.0 1456.0
0.966796875 0.959788978099823 959.0 585.0 47614.0 1450.0
0.9453125 0.9597494602203369 959.0 587.0 47612.0 1450.0
0.95703125 0.9597691893577576 951.0 578.0 47621.0 1458.0
0.958984375 0.9598877429962158 962.0 583.0 47616.0 1447.0
0.96484375 0.9599865674972534 950.0 566.0 47633.0 1459.0
0.966796875 0.9592751860618591 964.0 616.0 47583.0 1445.0
0.962890625 0.9596111178398132 952.0 587.0 47612.0 1457.0
0.96484375 0.9597494602203369 955.0 583.0 47616.0 1454.0
0.966796875 0.9599075317382812 949.0 569.0 47630.0 1460.0
0.955078125 0.9603422284126282 945.0 543.0 47656.0 1464.0
0.970703125 0.9594728350639343 963.0 605.0 47594.0 1446.0
0.9609375 0.9599075317382812 957.0 577.0 47622.0 1452.0
0.96484375 0.9594728350639343 972.0 614.0 47585.0 1437.0
0.958984375 0.959788978099823 952.0 578.0 47621.0 1457.0
0.966796875 0.9600853323936462 956.0 567.0 47632.0 1453.0
0.966796875 0.9599865674972534 962.0 578.0 47621.0 1447.0
0.95703125 0.9603817462921143 949.0 545.0 47654.0 1460.0
0.962890625 0.9598284959793091 956.0 580.0 47619.0 1453.0
0.966796875 0.9600260853767395 959.0 573.0 47626.0 1450.0
0.9609375 0.9598877429962158 971.0 592.0 47607.0 1438.0
0.962890625 0.9601249098777771 971.0 580.0 47619.0 1438.0
0.947265625 0.9600853323936462 980.0 591.0 47608.0 1429.0
0.97265625 0.9600260853767395 998.0 612.0 47587.0 1411.0
0.966796875 0.9602039456367493 963.0 568.0 47631.0 1446.0
0.970703125 0.9598284959793091 979.0 603.0 47596.0 1430.0
0.97265625 0.9599470496177673 963.0 581.0 47618.0 1446.0
0.966796875 0.9603422284126282 953.0 551.0 47648.0 1456.0
0.955078125 0.9602039456367493 965.0 570.0 47629.0 1444.0
0.962890625 0.9601644277572632 959.0 566.0 47633.0 1450.0
0.958984375 0.9600260853767395 989.0 603.0 47596.0 1420.0
0.958984375 0.9601051211357117 969.0 579.0 47620.0 1440.0
0.94921875 0.9595518708229065 968.0 606.0 47593.0 1441.0
0.955078125 0.9601051211357117 958.0 568.0 47631.0 1451.0
0.958984375 0.9605398178100586 973.0 561.0 47638.0 1436.0
0.96875 0.9599272608757019 950.0 569.0 47630.0 1459.0
0.9609375 0.9598087072372437 972.0 597.0 47602.0 1437.0
0.966796875 0.9601841568946838 969.0 575.0 47624.0 1440.0
0.953125 0.9597494602203369 987.0 615.0 47584.0 1422.0
0.95703125 0.9602829813957214 967.0 568.0 47631.0 1442.0
0.955078125 0.9603224992752075 968.0 567.0 47632.0 1441.0
0.96484375 0.9602829813957214 989.0 590.0 47609.0 1420.0
0.958984375 0.9604212641716003 967.0 561.0 47638.0 1442.0
0.955078125 0.9602039456367493 970.0 575.0 47624.0 1439.0
0.95703125 0.9602039456367493 973.0 578.0 47621.0 1436.0
0.955078125 0.9605398178100586 974.0 562.0 47637.0 1435.0
0.9609375 0.9601841568946838 969.0 575.0 47624.0 1440.0
0.951171875 0.9602039456367493 989.0 594.0 47605.0 1420.0
0.97265625 0.9602434635162354 953.0 556.0 47643.0 1456.0
0.96484375 0.9600458145141602 974.0 587.0 47612.0 1435.0
0.96875 0.9603620171546936 980.0 577.0 47622.0 1429.0
0.958984375 0.9602236747741699 981.0 585.0 47614.0 1428.0
0.951171875 0.9599470496177673 970.0 588.0 47611.0 1439.0
0.9609375 0.9603422284126282 991.0 589.0 47610.0 1418.0
0.953125 0.9605200886726379 976.0 565.0 47634.0 1433.0
0.958984375 0.9601644277572632 1006.0 613.0 47586.0 1403.0
0.9609375 0.960737407207489 979.0 557.0 47642.0 1430.0
0.96875 0.9603224992752075 979.0 578.0 47621.0 1430.0
0.958984375 0.9603817462921143 981.0 577.0 47622.0 1428.0
0.9609375 0.9607571959495544 963.0 540.0 47659.0 1446.0
0.953125 0.9600853323936462 1004.0 615.0 47584.0 1405.0
0.96484375 0.960559606552124 987.0 574.0 47625.0 1422.0
0.970703125 0.9601249098777771 1009.0 618.0 47581.0 1400.0
0.958984375 0.9604212641716003 985.0 579.0 47620.0 1424.0
0.970703125 0.960263192653656 994.0 596.0 47603.0 1415.0
0.95703125 0.9603224992752075 975.0 574.0 47625.0 1434.0
0.95703125 0.9607571959495544 983.0 560.0 47639.0 1426.0
0.96484375 0.9605200886726379 982.0 571.0 47628.0 1427.0
0.95703125 0.9605793356895447 1006.0 592.0 47607.0 1403.0
0.951171875 0.9604607820510864 1002.0 594.0 47605.0 1407.0
0.96484375 0.9598877429962158 1005.0 626.0 47573.0 1404.0
0.962890625 0.9610931277275085 988.0 548.0 47651.0 1421.0
0.962890625 0.9610536098480225 984.0 546.0 47653.0 1425.0
0.97265625 0.961033821105957 997.0 560.0 47639.0 1412.0
0.9609375 0.9604805707931519 997.0 588.0 47611.0 1412.0
0.955078125 0.9604015350341797 998.0 593.0 47606.0 1411.0
0.958984375 0.9610536098480225 982.0 544.0 47655.0 1427.0
0.953125 0.9603620171546936 989.0 586.0 47613.0 1420.0
0.953125 0.9603224992752075 1001.0 600.0 47599.0 1408.0
0.958984375 0.9607176780700684 983.0 562.0 47637.0 1426.0
0.96875 0.9605200886726379 990.0 579.0 47620.0 1419.0
0.953125 0.9607571959495544 995.0 572.0 47627.0 1414.0
0.9609375 0.9604015350341797 1007.0 602.0 47597.0 1402.0
0.96484375 0.9603224992752075 998.0 597.0 47602.0 1411.0
0.970703125 0.9603422284126282 1004.0 602.0 47597.0 1405.0
0.974609375 0.9605793356895447 999.0 585.0 47614.0 1410.0
0.966796875 0.9604607820510864 1006.0 598.0 47601.0 1403.0
0.970703125 0.960263192653656 998.0 600.0 47599.0 1411.0
0.953125 0.9601249098777771 1011.0 620.0 47579.0 1398.0
0.958984375 0.9608757495880127 967.0 538.0 47661.0 1442.0
0.9609375 0.9604015350341797 1004.0 599.0 47600.0 1405.0
