2.015931159257888794e-01
-4.045586287975311279e-01
-2.477101564407348633e+00
-9.164668321609497070e-01
4.672231972217559814e-01
2.246114313602447510e-01
-1.686833739280700684e+00
-8.209809660911560059e-02
-1.386611163616180420e-01
1.099235534667968750e+00
3.593587875366210938e-02
-4.700774848461151123e-01
-1.061951756477355957e+00
-5.316438898444175720e-02
-1.397067785263061523e+00
-2.327435731887817383e+00
1.706630945205688477e+00
-1.494750857353210449e+00
3.241960704326629639e-01
-1.073031902313232422e+00
7.198978066444396973e-01
-8.573554158210754395e-01
-2.216614037752151489e-01
1.790548920631408691e+00
1.921288728713989258e+00
7.586533427238464355e-01
2.068618871271610260e-02
-2.419322967529296875e+00
-2.072796106338500977e+00
-5.468610525131225586e-01
-1.078849554061889648e+00
1.366852223873138428e-01
-1.031672239303588867e+00
-1.937789440155029297e+00
-1.968624293804168701e-01
9.028446078300476074e-01
8.548849225044250488e-01
-5.333752036094665527e-01
-7.348094880580902100e-02
1.577437043190002441e+00
4.561808705329895020e-01
1.667375326156616211e+00
4.042410254478454590e-01
1.744065999984741211e+00
1.548368811607360840e+00
-1.665946960449218750e+00
6.872611045837402344e-01
-1.502695977687835693e-01
-6.132516264915466309e-02
-2.675251066684722900e-01
