9.422470331192016602e-01
-9.621578454971313477e-01
6.814326643943786621e-01
-6.369483470916748047e-01
6.301867485046386719e+00
2.708310842514038086e+00
1.747632026672363281e+00
-3.669724941253662109e+00
-1.240158915519714355e+00
-2.213504314422607422e+00
2.532087564468383789e+00
8.265618085861206055e-01
-6.640953421592712402e-01
1.424838185310363770e+00
2.487653017044067383e+00
4.431177377700805664e-01
2.612236976623535156e+00
-2.138649672269821167e-01
7.910564541816711426e-01
-2.240624904632568359e+00
-3.135170936584472656e+00
-4.837317943572998047e+00
6.819420814514160156e+00
4.108436584472656250e+00
-5.812036991119384766e+00
4.700434803962707520e-01
1.091481089591979980e+00
-5.819772183895111084e-02
-2.456470012664794922e+00
3.548941373825073242e+00
-1.349125623703002930e+00
-4.188429832458496094e+00
1.734348297119140625e+00
4.630025476217269897e-02
1.259829878807067871e+00
-5.744628906250000000e+00
-1.445150017738342285e+00
6.416998863220214844e+00
7.779760956764221191e-01
4.652622699737548828e+00
