2.789414823055267334e-01
1.427298069000244141e+00
-2.032573699951171875e+00
5.819755792617797852e-01
-6.509550809860229492e-01
2.019256204366683960e-01
-6.930009722709655762e-01
1.158793807029724121e+00
5.132797360420227051e-01
-2.195987850427627563e-01
3.400077810510993004e-03
-7.255425453186035156e-01
6.128193736076354980e-01
6.579285860061645508e-01
-1.106902837753295898e+00
2.913607060909271240e-01
1.294424653053283691e+00
-1.315272808074951172e+00
2.117350846529006958e-01
1.727838516235351562e+00
9.010509848594665527e-01
6.918963789939880371e-01
6.771590709686279297e-01
-1.828282356262207031e+00
4.240650534629821777e-01
1.371839046478271484e+00
-6.983714550733566284e-02
1.552883535623550415e-03
-2.008640050888061523e+00
-2.468584179878234863e-01
6.011723279953002930e-01
-1.040637493133544922e+00
-4.567529559135437012e-01
-8.510658740997314453e-01
-1.200118303298950195e+00
-2.688459493219852448e-02
-7.865474224090576172e-01
5.633091926574707031e-01
-3.455757498741149902e-01
-1.595314741134643555e+00
1.332247108221054077e-01
7.208219170570373535e-01
2.362653613090515137e-02
-1.526954054832458496e+00
-2.826456427574157715e-01
5.673990249633789062e-01
4.154215157032012939e-01
-1.652957201004028320e-01
1.353219509124755859e+00
-7.356892805546522141e-03
-2.128330022096633911e-01
3.112465143203735352e-01
-5.087850689888000488e-01
-1.540282964706420898e-01
-5.560327172279357910e-01
-5.972844362258911133e-01
-1.829671412706375122e-01
-5.815467834472656250e-01
5.422876477241516113e-01
1.323819756507873535e+00
