0.7421875 0.7304606437683105 340.0 1828.0 10221.0 2069.0
0.810546875 0.8094480633735657 253.0 599.0 11450.0 2156.0
0.8359375 0.8207912445068359 195.0 377.0 11672.0 2214.0
0.826171875 0.8163646459579468 801.0 1047.0 11002.0 1608.0
0.861328125 0.8380135297775269 795.0 728.0 11321.0 1614.0
0.82421875 0.8407801985740662 836.0 729.0 11320.0 1573.0
0.8359375 0.834416925907135 971.0 956.0 11093.0 1438.0
0.849609375 0.8345552682876587 960.0 943.0 11106.0 1449.0
0.810546875 0.8298519849777222 1057.0 1108.0 10941.0 1352.0
0.82421875 0.8266703486442566 1165.0 1262.0 10787.0 1244.0
0.859375 0.8429243564605713 970.0 832.0 11217.0 1439.0
0.861328125 0.853022575378418 872.0 588.0 11461.0 1537.0
0.8671875 0.83116614818573 1122.0 1154.0 10895.0 1287.0
0.841796875 0.8463134765625 961.0 774.0 11275.0 1448.0
0.849609375 0.8342785835266113 1145.0 1132.0 10917.0 1264.0
0.8359375 0.8275694847106934 1248.0 1332.0 10717.0 1161.0
0.837890625 0.8489417433738708 1043.0 818.0 11231.0 1366.0
0.873046875 0.8514317274093628 1080.0 819.0 11230.0 1329.0
0.833984375 0.8392585515975952 1227.0 1142.0 10907.0 1182.0
0.8359375 0.8413335084915161 1225.0 1110.0 10939.0 1184.0
0.865234375 0.853022575378418 998.0 714.0 11335.0 1411.0
0.857421875 0.8418176770210266 1193.0 1071.0 10978.0 1216.0
0.85546875 0.8437543511390686 1251.0 1101.0 10948.0 1158.0
0.828125 0.855720043182373 1098.0 775.0 11274.0 1311.0
0.86328125 0.8524692058563232 1058.0 782.0 11267.0 1351.0
0.873046875 0.8482500910758972 1171.0 956.0 11093.0 1238.0
0.83984375 0.8417485356330872 1320.0 1199.0 10850.0 1089.0
0.796875 0.8420251607894897 1290.0 1165.0 10884.0 1119.0
0.84375 0.8461751341819763 1277.0 1092.0 10957.0 1132.0
0.841796875 0.8512242436408997 1157.0 899.0 11150.0 1252.0
0.83984375 0.8573108315467834 1062.0 716.0 11333.0 1347.0
0.85546875 0.8449993133544922 1290.0 1122.0 10927.0 1119.0
0.830078125 0.8517084121704102 1174.0 909.0 11140.0 1235.0
0.841796875 0.8447226285934448 1275.0 1111.0 10938.0 1134.0
0.822265625 0.847835123538971 1180.0 971.0 11078.0 1229.0
0.830078125 0.8504633903503418 1306.0 1059.0 10990.0 1103.0
0.83984375 0.8465901017189026 1350.0 1159.0 10890.0 1059.0
0.84765625 0.8425785303115845 1302.0 1169.0 10880.0 1107.0
0.83984375 0.8524692058563232 1279.0 1003.0 11046.0 1130.0
0.8203125 0.838636040687561 1476.0 1400.0 10649.0 933.0
0.853515625 0.8566883206367493 1214.0 877.0 11172.0 1195.0
0.8515625 0.8560658693313599 1235.0 907.0 11142.0 1174.0
0.845703125 0.8471434712409973 1403.0 1204.0 10845.0 1006.0
0.853515625 0.8414027094841003 1447.0 1331.0 10718.0 962.0
0.8359375 0.8454142808914185 1403.0 1229.0 10820.0 1006.0
0.859375 0.8485267758369446 1287.0 1068.0 10981.0 1122.0
0.845703125 0.8418868184089661 1385.0 1262.0 10787.0 1024.0
0.84375 0.8426476716995239 1444.0 1310.0 10739.0 965.0
0.845703125 0.8522617220878601 1307.0 1034.0 11015.0 1102.0
0.857421875 0.8455526232719421 1355.0 1179.0 10870.0 1054.0
0.8359375 0.8483192920684814 1346.0 1130.0 10919.0 1063.0
0.83984375 0.854751706123352 1283.0 974.0 11075.0 1126.0
0.853515625 0.8469359278678894 1377.0 1181.0 10868.0 1032.0
0.873046875 0.8452067971229553 1295.0 1124.0 10925.0 1114.0
0.865234375 0.8400193452835083 1406.0 1310.0 10739.0 1003.0
0.826171875 0.8454142808914185 1428.0 1254.0 10795.0 981.0
0.8203125 0.855858325958252 1241.0 916.0 11133.0 1168.0
0.833984375 0.8507400751113892 1320.0 1069.0 10980.0 1089.0
0.82421875 0.8497025966644287 1364.0 1128.0 10921.0 1045.0
0.869140625 0.8533684015274048 1263.0 974.0 11075.0 1146.0
0.83203125 0.8292986750602722 1502.0 1561.0 10488.0 907.0
0.849609375 0.8553742170333862 1241.0 923.0 11126.0 1168.0
0.861328125 0.8398810625076294 1401.0 1307.0 10742.0 1008.0
0.861328125 0.8452067971229553 1348.0 1177.0 10872.0 1061.0
0.859375 0.851085901260376 1274.0 1018.0 11031.0 1135.0
0.826171875 0.8428551554679871 1461.0 1324.0 10725.0 948.0
0.884765625 0.8485267758369446 1349.0 1130.0 10919.0 1060.0
0.861328125 0.847835123538971 1354.0 1145.0 10904.0 1055.0
0.873046875 0.8414718508720398 1447.0 1330.0 10719.0 962.0
0.830078125 0.8560658693313599 1191.0 863.0 11186.0 1218.0
0.830078125 0.8460367918014526 1382.0 1199.0 10850.0 1027.0
0.84765625 0.8467976450920105 1404.0 1210.0 10839.0 1005.0
0.8515625 0.8465209603309631 1373.0 1183.0 10866.0 1036.0
0.826171875 0.8341402411460876 1506.0 1495.0 10554.0 903.0
0.8515625 0.836906909942627 1463.0 1412.0 10637.0 946.0
0.86328125 0.8429934978485107 1351.0 1212.0 10837.0 1058.0
0.849609375 0.8541291952133179 1330.0 1030.0 11019.0 1079.0
0.8203125 0.8395351767539978 1522.0 1433.0 10616.0 887.0
0.83984375 0.8454142808914185 1435.0 1261.0 10788.0 974.0
0.87890625 0.845898449420929 1347.0 1166.0 10883.0 1062.0
0.8671875 0.84686678647995 1370.0 1175.0 10874.0 1039.0
0.845703125 0.8442384600639343 1450.0 1293.0 10756.0 959.0
0.85546875 0.8442384600639343 1485.0 1328.0 10721.0 924.0
0.837890625 0.8419560194015503 1362.0 1238.0 10811.0 1047.0
0.86328125 0.848595917224884 1287.0 1067.0 10982.0 1122.0
0.8203125 0.8441693186759949 1472.0 1316.0 10733.0 937.0
0.84765625 0.8425093293190002 1418.0 1286.0 10763.0 991.0
0.822265625 0.8533684015274048 1328.0 1039.0 11010.0 1081.0
0.84765625 0.8514317274093628 1328.0 1067.0 10982.0 1081.0
0.849609375 0.8492184281349182 1334.0 1105.0 10944.0 1075.0
0.84765625 0.8488726019859314 1370.0 1146.0 10903.0 1039.0
0.833984375 0.8481809496879578 1395.0 1181.0 10868.0 1014.0
0.861328125 0.8446534872055054 1365.0 1202.0 10847.0 1044.0
0.8515625 0.847835123538971 1414.0 1205.0 10844.0 995.0
0.857421875 0.8544058799743652 1390.0 1086.0 10963.0 1019.0
0.845703125 0.8506709337234497 1355.0 1105.0 10944.0 1054.0
0.861328125 0.8535758852958679 1238.0 946.0 11103.0 1171.0
0.822265625 0.8503251075744629 1348.0 1103.0 10946.0 1061.0
0.833984375 0.8436851501464844 1491.0 1342.0 10707.0 918.0
0.822265625 0.851500928401947 1342.0 1080.0 10969.0 1067.0
0.857421875 0.8525384068489075 1404.0 1127.0 10922.0 1005.0
0.83984375 0.8409185409545898 1496.0 1387.0 10662.0 913.0
0.8515625 0.8474200963973999 1380.0 1177.0 10872.0 1029.0
0.84375 0.8573108315467834 1268.0 922.0 11127.0 1141.0
0.869140625 0.8449993133544922 1422.0 1254.0 10795.0 987.0
0.857421875 0.8499792218208313 1374.0 1134.0 10915.0 1035.0
0.85546875 0.850117564201355 1352.0 1110.0 10939.0 1057.0
0.85546875 0.8518467545509338 1342.0 1075.0 10974.0 1067.0
0.83984375 0.8497025966644287 1334.0 1098.0 10951.0 1075.0
0.865234375 0.8548208475112915 1390.0 1080.0 10969.0 1019.0
0.85546875 0.8545442223548889 1236.0 930.0 11119.0 1173.0
0.857421875 0.8579333424568176 1214.0 859.0 11190.0 1195.0
0.8671875 0.8552358746528625 1303.0 987.0 11062.0 1106.0
0.833984375 0.8373218774795532 1526.0 1469.0 10580.0 883.0
0.84765625 0.8494259119033813 1395.0 1163.0 10886.0 1014.0
0.83984375 0.8514317274093628 1365.0 1104.0 10945.0 1044.0
0.8515625 0.8486651182174683 1341.0 1120.0 10929.0 1068.0
0.818359375 0.8600082993507385 1224.0 839.0 11210.0 1185.0
0.830078125 0.850532591342926 1348.0 1100.0 10949.0 1061.0
0.853515625 0.8477659225463867 1353.0 1145.0 10904.0 1056.0
0.865234375 0.853022575378418 1326.0 1042.0 11007.0 1083.0
0.8515625 0.8515700697898865 1351.0 1088.0 10961.0 1058.0
0.84375 0.850117564201355 1318.0 1076.0 10973.0 1091.0
0.875 0.8527458906173706 1338.0 1058.0 10991.0 1071.0
0.82421875 0.8445842862129211 1375.0 1213.0 10836.0 1034.0
0.853515625 0.8604232668876648 1172.0 781.0 11268.0 1237.0
0.833984375 0.8511550426483154 1364.0 1107.0 10942.0 1045.0
0.85546875 0.8556508421897888 1344.0 1022.0 11027.0 1065.0
0.8203125 0.8426476716995239 1429.0 1295.0 10754.0 980.0
0.82421875 0.8459676504135132 1444.0 1262.0 10787.0 965.0
0.830078125 0.851085901260376 1362.0 1106.0 10943.0 1047.0
0.8671875 0.855720043182373 1291.0 968.0 11081.0 1118.0
0.841796875 0.854751706123352 1349.0 1040.0 11009.0 1060.0
0.88671875 0.8462442755699158 1455.0 1269.0 10780.0 954.0
0.865234375 0.8490800857543945 1415.0 1188.0 10861.0 994.0
0.859375 0.8482500910758972 1402.0 1187.0 10862.0 1007.0
0.859375 0.8490109443664551 1446.0 1220.0 10829.0 963.0
0.853515625 0.8569650053977966 1280.0 939.0 11110.0 1129.0
0.853515625 0.8377369046211243 1465.0 1402.0 10647.0 944.0
0.841796875 0.857241690158844 1272.0 927.0 11122.0 1137.0
0.84765625 0.8494951128959656 1380.0 1147.0 10902.0 1029.0
0.837890625 0.8476276397705078 1452.0 1246.0 10803.0 957.0
0.82421875 0.8454834818840027 1504.0 1329.0 10720.0 905.0
0.84765625 0.8598008155822754 1289.0 907.0 11142.0 1120.0
0.85546875 0.8502559065818787 1379.0 1135.0 10914.0 1030.0
0.84765625 0.8521925806999207 1293.0 1021.0 11028.0 1116.0
0.828125 0.8437543511390686 1460.0 1310.0 10739.0 949.0
0.857421875 0.8518467545509338 1415.0 1148.0 10901.0 994.0
0.87109375 0.8577257990837097 1260.0 908.0 11141.0 1149.0
0.8515625 0.8523308634757996 1361.0 1087.0 10962.0 1048.0
0.86328125 0.8583483099937439 1289.0 928.0 11121.0 1120.0
0.8515625 0.8566191792488098 1264.0 928.0 11121.0 1145.0
0.8359375 0.8493567705154419 1398.0 1167.0 10882.0 1011.0
0.873046875 0.8436851501464844 1428.0 1279.0 10770.0 981.0
0.859375 0.8439618349075317 1465.0 1312.0 10737.0 944.0
0.8515625 0.8525384068489075 1302.0 1025.0 11024.0 1107.0
0.859375 0.8487342596054077 1416.0 1194.0 10855.0 993.0
0.861328125 0.8553742170333862 1338.0 1020.0 11029.0 1071.0
0.83984375 0.8492875695228577 1404.0 1174.0 10875.0 1005.0
0.8515625 0.8549591898918152 1268.0 956.0 11093.0 1141.0
0.853515625 0.8509475588798523 1410.0 1156.0 10893.0 999.0
0.857421875 0.8528842329978943 1394.0 1112.0 10937.0 1015.0
0.837890625 0.8428551554679871 1509.0 1372.0 10677.0 900.0
0.84765625 0.855305016040802 1372.0 1055.0 10994.0 1037.0
0.83984375 0.849564254283905 1352.0 1118.0 10931.0 1057.0
0.8671875 0.8385668992996216 1532.0 1457.0 10592.0 877.0
0.84375 0.8580024838447571 1263.0 907.0 11142.0 1146.0
0.85546875 0.8578641414642334 1219.0 865.0 11184.0 1190.0
0.833984375 0.855720043182373 1317.0 994.0 11055.0 1092.0
0.826171875 0.8481809496879578 1405.0 1191.0 10858.0 1004.0
0.853515625 0.852054238319397 1364.0 1094.0 10955.0 1045.0
0.83984375 0.8587633371353149 1232.0 865.0 11184.0 1177.0
0.84375 0.8412643671035767 1481.0 1367.0 10682.0 928.0
0.869140625 0.8548208475112915 1309.0 999.0 11050.0 1100.0
0.830078125 0.8522617220878601 1325.0 1052.0 10997.0 1084.0
0.875 0.8504633903503418 1350.0 1103.0 10946.0 1059.0
0.833984375 0.8533684015274048 1353.0 1064.0 10985.0 1056.0
0.849609375 0.8497717380523682 1427.0 1190.0 10859.0 982.0
0.841796875 0.8460367918014526 1483.0 1300.0 10749.0 926.0
0.859375 0.8571033477783203 1280.0 937.0 11112.0 1129.0
0.83984375 0.8481117486953735 1438.0 1225.0 10824.0 971.0
0.8671875 0.8461751341819763 1463.0 1278.0 10771.0 946.0
0.865234375 0.8583483099937439 1295.0 934.0 11115.0 1114.0
0.865234375 0.8472126126289368 1413.0 1213.0 10836.0 996.0
0.861328125 0.8524000644683838 1392.0 1117.0 10932.0 1017.0
0.869140625 0.8516392111778259 1305.0 1041.0 11008.0 1104.0
0.873046875 0.851085901260376 1397.0 1141.0 10908.0 1012.0
0.8125 0.8450684547424316 1382.0 1213.0 10836.0 1027.0
0.86328125 0.8538525104522705 1343.0 1047.0 11002.0 1066.0
0.830078125 0.8521233797073364 1350.0 1079.0 10970.0 1059.0
0.869140625 0.8492875695228577 1392.0 1162.0 10887.0 1017.0
0.888671875 0.8512933850288391 1372.0 1113.0 10936.0 1037.0
0.865234375 0.8393968939781189 1471.0 1384.0 10665.0 938.0
0.853515625 0.8393968939781189 1528.0 1441.0 10608.0 881.0
0.853515625 0.8488034009933472 1468.0 1245.0 10804.0 941.0
0.86328125 0.8524000644683838 1353.0 1078.0 10971.0 1056.0
0.865234375 0.8571033477783203 1244.0 901.0 11148.0 1165.0
0.865234375 0.8492875695228577 1391.0 1161.0 10888.0 1018.0
0.89453125 0.8508092164993286 1331.0 1079.0 10970.0 1078.0
0.8125 0.8518467545509338 1328.0 1061.0 10988.0 1081.0
0.845703125 0.8466593027114868 1384.0 1192.0 10857.0 1025.0
0.841796875 0.8522617220878601 1411.0 1138.0 10911.0 998.0
0.859375 0.8503942489624023 1462.0 1216.0 10833.0 947.0
0.857421875 0.8506017327308655 1364.0 1115.0 10934.0 1045.0
0.83984375 0.8479734659194946 1464.0 1253.0 10796.0 945.0
0.84375 0.8517775535583496 1384.0 1118.0 10931.0 1025.0
0.86328125 0.854336678981781 1315.0 1012.0 11037.0 1094.0
0.86328125 0.8303361535072327 1608.0 1652.0 10397.0 801.0
0.84765625 0.8573799729347229 1379.0 1032.0 11017.0 1030.0
0.853515625 0.851500928401947 1436.0 1174.0 10875.0 973.0
0.8515625 0.8549591898918152 1380.0 1068.0 10981.0 1029.0
0.837890625 0.8494951128959656 1391.0 1158.0 10891.0 1018.0
0.876953125 0.8584175109863281 1302.0 940.0 11109.0 1107.0
0.833984375 0.8586249947547913 1338.0 973.0 11076.0 1071.0
0.8515625 0.853022575378418 1407.0 1123.0 10926.0 1002.0
0.841796875 0.8510167598724365 1386.0 1131.0 10918.0 1023.0
0.8671875 0.8511550426483154 1427.0 1170.0 10879.0 982.0
0.841796875 0.8477659225463867 1501.0 1293.0 10756.0 908.0
0.859375 0.8586941361427307 1284.0 918.0 11131.0 1125.0
0.873046875 0.8538525104522705 1389.0 1093.0 10956.0 1020.0
0.845703125 0.8446534872055054 1483.0 1320.0 10729.0 926.0
0.849609375 0.8521233797073364 1456.0 1185.0 10864.0 953.0
0.8671875 0.858555793762207 1334.0 970.0 11079.0 1075.0
0.837890625 0.8474892973899841 1437.0 1233.0 10816.0 972.0
0.84375 0.8504633903503418 1479.0 1232.0 10817.0 930.0
0.873046875 0.8573108315467834 1290.0 944.0 11105.0 1119.0
0.84765625 0.8546133637428284 1374.0 1067.0 10982.0 1035.0
0.85546875 0.8457601070404053 1524.0 1345.0 10704.0 885.0
0.86328125 0.8546825051307678 1405.0 1097.0 10952.0 1004.0
0.869140625 0.8544750213623047 1329.0 1024.0 11025.0 1080.0
0.8515625 0.8519158959388733 1452.0 1184.0 10865.0 957.0
0.845703125 0.8517775535583496 1432.0 1166.0 10883.0 977.0
0.828125 0.8456218242645264 1470.0 1293.0 10756.0 939.0
0.8359375 0.8525384068489075 1333.0 1056.0 10993.0 1076.0
0.884765625 0.857241690158844 1350.0 1005.0 11044.0 1059.0
0.83984375 0.8484575748443604 1381.0 1163.0 10886.0 1028.0
0.865234375 0.8534375429153442 1376.0 1086.0 10963.0 1033.0
0.849609375 0.8398810625076294 1594.0 1500.0 10549.0 815.0
0.84765625 0.8490109443664551 1419.0 1193.0 10856.0 990.0
0.83203125 0.8521233797073364 1385.0 1114.0 10935.0 1024.0
0.86328125 0.8451376557350159 1460.0 1290.0 10759.0 949.0
0.865234375 0.8539217114448547 1379.0 1082.0 10967.0 1030.0
0.853515625 0.8511550426483154 1392.0 1135.0 10914.0 1017.0
0.859375 0.8522617220878601 1454.0 1181.0 10868.0 955.0
0.841796875 0.8469359278678894 1477.0 1281.0 10768.0 932.0
0.845703125 0.8498409390449524 1470.0 1232.0 10817.0 939.0
0.8671875 0.8554433584213257 1395.0 1076.0 10973.0 1014.0
0.859375 0.8461059331893921 1527.0 1343.0 10706.0 882.0
0.875 0.8542675375938416 1282.0 980.0 11069.0 1127.0
0.84765625 0.8496333956718445 1457.0 1222.0 10827.0 952.0
0.87890625 0.8427168130874634 1484.0 1349.0 10700.0 925.0
0.853515625 0.8582099676132202 1316.0 957.0 11092.0 1093.0
0.861328125 0.8515700697898865 1445.0 1182.0 10867.0 964.0
0.841796875 0.8524000644683838 1442.0 1167.0 10882.0 967.0
0.873046875 0.8576566576957703 1357.0 1006.0 11043.0 1052.0
0.849609375 0.8522617220878601 1448.0 1175.0 10874.0 961.0
0.869140625 0.8553742170333862 1405.0 1087.0 10962.0 1004.0
0.82421875 0.8489417433738708 1465.0 1240.0 10809.0 944.0
0.853515625 0.8458293080329895 1416.0 1236.0 10813.0 993.0
0.83203125 0.8504633903503418 1488.0 1241.0 10808.0 921.0
0.865234375 0.8566191792488098 1367.0 1031.0 11018.0 1042.0
0.85546875 0.8513625860214233 1480.0 1220.0 10829.0 929.0
0.873046875 0.8555817008018494 1332.0 1011.0 11038.0 1077.0
0.84375 0.8563424944877625 1280.0 948.0 11101.0 1129.0
0.8671875 0.8480426073074341 1485.0 1273.0 10776.0 924.0
0.841796875 0.8458293080329895 1520.0 1340.0 10709.0 889.0
0.83203125 0.8450684547424316 1561.0 1392.0 10657.0 848.0
0.8359375 0.8581408262252808 1350.0 992.0 11057.0 1059.0
0.859375 0.8511550426483154 1450.0 1193.0 10856.0 959.0
0.849609375 0.8458293080329895 1485.0 1305.0 10744.0 924.0
0.818359375 0.8456218242645264 1508.0 1331.0 10718.0 901.0
0.826171875 0.8521925806999207 1409.0 1137.0 10912.0 1000.0
0.8359375 0.8517775535583496 1394.0 1128.0 10921.0 1015.0
0.8515625 0.8414027094841003 1520.0 1404.0 10645.0 889.0
0.85546875 0.8485267758369446 1482.0 1263.0 10786.0 927.0
0.84765625 0.8456909656524658 1487.0 1309.0 10740.0 922.0
0.8515625 0.8596624732017517 1338.0 958.0 11091.0 1071.0
0.841796875 0.8499100804328918 1452.0 1213.0 10836.0 957.0
0.84375 0.8483884334564209 1444.0 1227.0 10822.0 965.0
0.845703125 0.8563424944877625 1308.0 976.0 11073.0 1101.0
0.876953125 0.8582791686058044 1368.0 1008.0 11041.0 1041.0
0.859375 0.8605616092681885 1193.0 800.0 11249.0 1216.0
0.845703125 0.8466593027114868 1445.0 1253.0 10796.0 964.0
0.859375 0.8503251075744629 1433.0 1188.0 10861.0 976.0
0.84375 0.8476276397705078 1467.0 1261.0 10788.0 942.0
0.876953125 0.8521233797073364 1455.0 1184.0 10865.0 954.0
0.873046875 0.8586249947547913 1285.0 920.0 11129.0 1124.0
0.8359375 0.8477659225463867 1475.0 1267.0 10782.0 934.0
0.84375 0.8546133637428284 1407.0 1100.0 10949.0 1002.0
0.86328125 0.8508784174919128 1454.0 1201.0 10848.0 955.0
0.841796875 0.836906909942627 1560.0 1509.0 10540.0 849.0
0.849609375 0.8560658693313599 1371.0 1043.0 11006.0 1038.0
0.857421875 0.8545442223548889 1427.0 1121.0 10928.0 982.0
0.814453125 0.8532992005348206 1435.0 1147.0 10902.0 974.0
0.85546875 0.8552358746528625 1360.0 1044.0 11005.0 1049.0
0.876953125 0.851500928401947 1433.0 1171.0 10878.0 976.0
0.837890625 0.8454142808914185 1496.0 1322.0 10727.0 913.0
0.861328125 0.8501867651939392 1444.0 1201.0 10848.0 965.0
0.86328125 0.8598008155822754 1310.0 928.0 11121.0 1099.0
0.853515625 0.860492467880249 1276.0 884.0 11165.0 1133.0
0.83203125 0.855720043182373 1452.0 1129.0 10920.0 957.0
0.845703125 0.8567575216293335 1391.0 1053.0 10996.0 1018.0
0.8671875 0.8563424944877625 1433.0 1101.0 10948.0 976.0
0.857421875 0.8591091632843018 1373.0 1001.0 11048.0 1036.0
0.859375 0.8523308634757996 1417.0 1143.0 10906.0 992.0
0.853515625 0.8498409390449524 1485.0 1247.0 10802.0 924.0
0.8515625 0.8566191792488098 1400.0 1064.0 10985.0 1009.0
0.84375 0.8459676504135132 1522.0 1340.0 10709.0 887.0
0.818359375 0.847835123538971 1451.0 1242.0 10807.0 958.0
0.822265625 0.8564808368682861 1330.0 996.0 11053.0 1079.0
0.86328125 0.8584175109863281 1304.0 942.0 11107.0 1105.0
0.861328125 0.8528150320053101 1404.0 1123.0 10926.0 1005.0
0.837890625 0.8571724891662598 1389.0 1045.0 11004.0 1020.0
0.87890625 0.8546133637428284 1381.0 1074.0 10975.0 1028.0
0.814453125 0.8573799729347229 1346.0 999.0 11050.0 1063.0
0.857421875 0.8539217114448547 1383.0 1086.0 10963.0 1026.0
0.880859375 0.8618066310882568 1290.0 879.0 11170.0 1119.0
0.841796875 0.8526075482368469 1437.0 1159.0 10890.0 972.0
0.849609375 0.8445842862129211 1492.0 1330.0 10719.0 917.0
0.873046875 0.8548208475112915 1324.0 1014.0 11035.0 1085.0
0.859375 0.8557891845703125 1398.0 1074.0 10975.0 1011.0
0.857421875 0.8519850373268127 1458.0 1189.0 10860.0 951.0
0.86328125 0.8528842329978943 1423.0 1141.0 10908.0 986.0
0.841796875 0.8498409390449524 1489.0 1251.0 10798.0 920.0
0.869140625 0.8559275269508362 1329.0 1003.0 11046.0 1080.0
0.86328125 0.856273353099823 1345.0 1014.0 11035.0 1064.0
0.841796875 0.8579333424568176 1345.0 990.0 11059.0 1064.0
0.84375 0.8546133637428284 1369.0 1062.0 10987.0 1040.0
0.84375 0.8556508421897888 1339.0 1017.0 11032.0 1070.0
0.853515625 0.8587633371353149 1262.0 895.0 11154.0 1147.0
0.873046875 0.8512242436408997 1433.0 1175.0 10874.0 976.0
0.837890625 0.8526766896247864 1416.0 1137.0 10912.0 993.0
0.857421875 0.8568958640098572 1349.0 1009.0 11040.0 1060.0
0.85546875 0.8546133637428284 1370.0 1063.0 10986.0 1039.0
0.853515625 0.86146080493927 1312.0 906.0 11143.0 1097.0
0.857421875 0.8484575748443604 1511.0 1293.0 10756.0 898.0
0.859375 0.8580716848373413 1346.0 989.0 11060.0 1063.0
0.837890625 0.8582099676132202 1390.0 1031.0 11018.0 1019.0
0.84375 0.8521233797073364 1482.0 1211.0 10838.0 927.0
0.828125 0.8475584387779236 1444.0 1239.0 10810.0 965.0
0.86328125 0.8546133637428284 1372.0 1065.0 10984.0 1037.0
0.80859375 0.8433393239974976 1496.0 1352.0 10697.0 913.0
0.8515625 0.8550975322723389 1353.0 1039.0 11010.0 1056.0
0.892578125 0.8636049032211304 1237.0 800.0 11249.0 1172.0
0.865234375 0.8548900485038757 1336.0 1025.0 11024.0 1073.0
0.876953125 0.8508092164993286 1456.0 1204.0 10845.0 953.0
0.83984375 0.8418176770210266 1561.0 1439.0 10610.0 848.0
0.869140625 0.8531608581542969 1350.0 1064.0 10985.0 1059.0
0.85546875 0.8535758852958679 1446.0 1154.0 10895.0 963.0
0.845703125 0.8602849841117859 1264.0 875.0 11174.0 1145.0
0.833984375 0.8481117486953735 1506.0 1293.0 10756.0 903.0
0.8671875 0.8559966683387756 1371.0 1044.0 11005.0 1038.0
0.83203125 0.8540600538253784 1434.0 1135.0 10914.0 975.0
0.85546875 0.8475584387779236 1430.0 1225.0 10824.0 979.0
0.8828125 0.8443076610565186 1500.0 1342.0 10707.0 909.0
0.859375 0.853022575378418 1396.0 1112.0 10937.0 1013.0
0.81640625 0.853022575378418 1404.0 1120.0 10929.0 1005.0
0.83203125 0.8508784174919128 1421.0 1168.0 10881.0 988.0
0.833984375 0.8587633371353149 1374.0 1007.0 11042.0 1035.0
0.8359375 0.8595933318138123 1361.0 982.0 11067.0 1048.0
0.84765625 0.8486651182174683 1453.0 1232.0 10817.0 956.0
0.85546875 0.8522617220878601 1380.0 1107.0 10942.0 1029.0
0.84765625 0.8544750213623047 1406.0 1101.0 10948.0 1003.0
0.87109375 0.8529533743858337 1352.0 1069.0 10980.0 1057.0
0.85546875 0.8620832562446594 1279.0 864.0 11185.0 1130.0
0.830078125 0.8529533743858337 1440.0 1157.0 10892.0 969.0
0.8671875 0.8483884334564209 1462.0 1245.0 10804.0 947.0
0.84765625 0.8525384068489075 1439.0 1162.0 10887.0 970.0
0.859375 0.8599391579627991 1309.0 925.0 11124.0 1100.0
0.884765625 0.857795000076294 1317.0 964.0 11085.0 1092.0
0.8671875 0.8537142276763916 1395.0 1101.0 10948.0 1014.0
0.861328125 0.858555793762207 1334.0 970.0 11079.0 1075.0
0.853515625 0.8529533743858337 1448.0 1165.0 10884.0 961.0
0.869140625 0.8587633371353149 1318.0 951.0 11098.0 1091.0
0.85546875 0.8627749085426331 1273.0 848.0 11201.0 1136.0
0.828125 0.854751706123352 1351.0 1042.0 11007.0 1058.0
0.861328125 0.8519850373268127 1408.0 1139.0 10910.0 1001.0
0.87109375 0.8622907996177673 1267.0 849.0 11200.0 1142.0
0.8515625 0.8529533743858337 1422.0 1139.0 10910.0 987.0
0.85546875 0.855305016040802 1372.0 1055.0 10994.0 1037.0
0.8515625 0.8493567705154419 1471.0 1240.0 10809.0 938.0
0.865234375 0.8573108315467834 1383.0 1037.0 11012.0 1026.0
0.869140625 0.8517775535583496 1439.0 1173.0 10876.0 970.0
0.861328125 0.8525384068489075 1427.0 1150.0 10899.0 982.0
0.8671875 0.8532992005348206 1457.0 1169.0 10880.0 952.0
0.83984375 0.8455526232719421 1486.0 1310.0 10739.0 923.0
0.849609375 0.8449993133544922 1514.0 1346.0 10703.0 895.0
0.857421875 0.8446534872055054 1466.0 1303.0 10746.0 943.0
0.810546875 0.8400193452835083 1584.0 1488.0 10561.0 825.0
0.869140625 0.8564808368682861 1425.0 1091.0 10958.0 984.0
0.85546875 0.8622215986251831 1254.0 837.0 11212.0 1155.0
0.837890625 0.8583483099937439 1370.0 1009.0 11040.0 1039.0
0.869140625 0.860492467880249 1295.0 903.0 11146.0 1114.0
0.853515625 0.8470051288604736 1473.0 1276.0 10773.0 936.0
0.84765625 0.8586249947547913 1300.0 935.0 11114.0 1109.0
0.859375 0.8582791686058044 1349.0 989.0 11060.0 1060.0
0.869140625 0.8586249947547913 1353.0 988.0 11061.0 1056.0
0.869140625 0.849564254283905 1458.0 1224.0 10825.0 951.0
0.841796875 0.8513625860214233 1446.0 1186.0 10863.0 963.0
0.86328125 0.8602157831192017 1242.0 854.0 11195.0 1167.0
0.86328125 0.8636049032211304 1252.0 815.0 11234.0 1157.0
0.822265625 0.8414027094841003 1502.0 1386.0 10663.0 907.0
0.853515625 0.8449993133544922 1484.0 1316.0 10733.0 925.0
0.849609375 0.8462442755699158 1469.0 1283.0 10766.0 940.0
0.859375 0.8546133637428284 1418.0 1111.0 10938.0 991.0
0.818359375 0.8494259119033813 1449.0 1217.0 10832.0 960.0
0.845703125 0.8516392111778259 1515.0 1251.0 10798.0 894.0
0.833984375 0.8476967811584473 1480.0 1273.0 10776.0 929.0
0.84765625 0.8591091632843018 1334.0 962.0 11087.0 1075.0
0.892578125 0.8548208475112915 1402.0 1092.0 10957.0 1007.0
0.869140625 0.8503251075744629 1438.0 1193.0 10856.0 971.0
0.87890625 0.8498409390449524 1451.0 1213.0 10836.0 958.0
0.857421875 0.8552358746528625 1384.0 1068.0 10981.0 1025.0
0.849609375 0.8611149787902832 1301.0 900.0 11149.0 1108.0
0.830078125 0.8472817540168762 1480.0 1279.0 10770.0 929.0
0.87890625 0.8598008155822754 1264.0 882.0 11167.0 1145.0
0.84765625 0.8565499782562256 1395.0 1060.0 10989.0 1014.0
0.83984375 0.851500928401947 1476.0 1214.0 10835.0 933.0
0.85546875 0.856273353099823 1406.0 1075.0 10974.0 1003.0
0.841796875 0.8564808368682861 1441.0 1107.0 10942.0 968.0
0.84765625 0.8519850373268127 1418.0 1149.0 10900.0 991.0
0.8671875 0.860492467880249 1367.0 975.0 11074.0 1042.0
0.849609375 0.847835123538971 1460.0 1251.0 10798.0 949.0
0.8359375 0.8574491739273071 1338.0 990.0 11059.0 1071.0
0.865234375 0.851085901260376 1478.0 1222.0 10827.0 931.0
0.84375 0.8432009816169739 1478.0 1336.0 10713.0 931.0
0.822265625 0.8559275269508362 1330.0 1004.0 11045.0 1079.0
0.84375 0.8586941361427307 1327.0 961.0 11088.0 1082.0
0.8671875 0.8608382940292358 1326.0 929.0 11120.0 1083.0
0.83984375 0.8491492867469788 1453.0 1225.0 10824.0 956.0
0.86328125 0.8538525104522705 1437.0 1141.0 10908.0 972.0
0.869140625 0.8582099676132202 1378.0 1019.0 11030.0 1031.0
0.857421875 0.8551666736602783 1384.0 1069.0 10980.0 1025.0
0.857421875 0.8492875695228577 1523.0 1293.0 10756.0 886.0
0.853515625 0.8605616092681885 1331.0 938.0 11111.0 1078.0
0.857421875 0.8623599410057068 1250.0 831.0 11218.0 1159.0
0.841796875 0.8519158959388733 1419.0 1151.0 10898.0 990.0
0.865234375 0.8555817008018494 1386.0 1065.0 10984.0 1023.0
0.841796875 0.8570341467857361 1360.0 1018.0 11031.0 1049.0
0.869140625 0.8561350107192993 1400.0 1071.0 10978.0 1009.0
0.8671875 0.855305016040802 1425.0 1108.0 10941.0 984.0
0.87109375 0.8640199303627014 1274.0 831.0 11218.0 1135.0
0.85546875 0.8494259119033813 1427.0 1195.0 10854.0 982.0
0.845703125 0.8503251075744629 1458.0 1213.0 10836.0 951.0
0.8515625 0.8548208475112915 1420.0 1110.0 10939.0 989.0
0.845703125 0.8555124998092651 1386.0 1066.0 10983.0 1023.0
0.87109375 0.854336678981781 1414.0 1111.0 10938.0 995.0
0.869140625 0.8580716848373413 1327.0 970.0 11079.0 1082.0
0.841796875 0.856273353099823 1398.0 1067.0 10982.0 1011.0
0.8515625 0.8506709337234497 1435.0 1185.0 10864.0 974.0
0.859375 0.8542675375938416 1460.0 1158.0 10891.0 949.0
0.845703125 0.8500484228134155 1404.0 1163.0 10886.0 1005.0
0.865234375 0.8554433584213257 1368.0 1049.0 11000.0 1041.0
0.84375 0.8555124998092651 1407.0 1087.0 10962.0 1002.0
0.828125 0.8462442755699158 1462.0 1276.0 10773.0 947.0
0.869140625 0.8553742170333862 1403.0 1085.0 10964.0 1006.0
0.861328125 0.8587633371353149 1361.0 994.0 11055.0 1048.0
0.857421875 0.8466593027114868 1512.0 1320.0 10729.0 897.0
0.8203125 0.858555793762207 1350.0 986.0 11063.0 1059.0
0.84375 0.8582791686058044 1315.0 955.0 11094.0 1094.0
0.869140625 0.860077440738678 1347.0 961.0 11088.0 1062.0
0.876953125 0.852054238319397 1428.0 1158.0 10891.0 981.0
0.833984375 0.8476967811584473 1503.0 1296.0 10753.0 906.0
0.857421875 0.8569650053977966 1375.0 1034.0 11015.0 1034.0
0.865234375 0.8552358746528625 1423.0 1107.0 10942.0 986.0
0.865234375 0.8548900485038757 1345.0 1034.0 11015.0 1064.0
0.86328125 0.8559275269508362 1349.0 1023.0 11026.0 1060.0
0.837890625 0.8546825051307678 1434.0 1126.0 10923.0 975.0
0.85546875 0.8590399622917175 1255.0 884.0 11165.0 1154.0
0.84765625 0.8510167598724365 1462.0 1207.0 10842.0 947.0
0.853515625 0.8590399622917175 1281.0 910.0 11139.0 1128.0
0.83984375 0.8557891845703125 1419.0 1095.0 10954.0 990.0
0.841796875 0.8561350107192993 1403.0 1074.0 10975.0 1006.0
0.873046875 0.8555817008018494 1409.0 1088.0 10961.0 1000.0
0.865234375 0.8530917167663574 1444.0 1159.0 10890.0 965.0
0.845703125 0.8582791686058044 1380.0 1020.0 11029.0 1029.0
0.84765625 0.8537142276763916 1465.0 1171.0 10878.0 944.0
0.8515625 0.8616682887077332 1290.0 881.0 11168.0 1119.0
0.875 0.8595933318138123 1372.0 993.0 11056.0 1037.0
0.841796875 0.8506017327308655 1481.0 1232.0 10817.0 928.0
0.880859375 0.856273353099823 1394.0 1063.0 10986.0 1015.0
0.8515625 0.8571033477783203 1367.0 1024.0 11025.0 1042.0
0.8359375 0.8559966683387756 1406.0 1079.0 10970.0 1003.0
0.857421875 0.8532300591468811 1400.0 1113.0 10936.0 1009.0
0.85546875 0.8446534872055054 1525.0 1362.0 10687.0 884.0
0.84375 0.8564808368682861 1384.0 1050.0 10999.0 1025.0
0.869140625 0.8599391579627991 1228.0 844.0 11205.0 1181.0
0.833984375 0.8521925806999207 1417.0 1145.0 10904.0 992.0
0.841796875 0.8499100804328918 1480.0 1241.0 10808.0 929.0
0.8203125 0.8595933318138123 1352.0 973.0 11076.0 1057.0
0.8828125 0.8510167598724365 1476.0 1221.0 10828.0 933.0
0.876953125 0.8644348978996277 1227.0 778.0 11271.0 1182.0
0.873046875 0.8548208475112915 1357.0 1047.0 11002.0 1052.0
0.853515625 0.8544750213623047 1464.0 1159.0 10890.0 945.0
0.83203125 0.865679919719696 1292.0 825.0 11224.0 1117.0
0.876953125 0.8548208475112915 1348.0 1038.0 11011.0 1061.0
0.85546875 0.850117564201355 1509.0 1267.0 10782.0 900.0
0.84765625 0.8559275269508362 1379.0 1053.0 10996.0 1030.0
0.857421875 0.8469359278678894 1510.0 1314.0 10735.0 899.0
0.83203125 0.8586941361427307 1402.0 1036.0 11013.0 1007.0
0.8671875 0.8607691526412964 1283.0 887.0 11162.0 1126.0
0.845703125 0.856273353099823 1341.0 1010.0 11039.0 1068.0
0.865234375 0.855305016040802 1391.0 1074.0 10975.0 1018.0
0.857421875 0.8528150320053101 1432.0 1151.0 10898.0 977.0
0.87109375 0.8544750213623047 1426.0 1121.0 10928.0 983.0
0.857421875 0.8428551554679871 1537.0 1400.0 10649.0 872.0
0.845703125 0.857795000076294 1347.0 994.0 11055.0 1062.0
0.869140625 0.856826663017273 1412.0 1073.0 10976.0 997.0
0.83984375 0.8595933318138123 1352.0 973.0 11076.0 1057.0
0.865234375 0.8535758852958679 1373.0 1081.0 10968.0 1036.0
0.826171875 0.8438926339149475 1515.0 1363.0 10686.0 894.0
0.857421875 0.855858325958252 1402.0 1077.0 10972.0 1007.0
0.87109375 0.8541983962059021 1420.0 1119.0 10930.0 989.0
0.857421875 0.8488726019859314 1466.0 1242.0 10807.0 943.0
0.86328125 0.8556508421897888 1389.0 1067.0 10982.0 1020.0
0.861328125 0.8538525104522705 1436.0 1140.0 10909.0 973.0
0.880859375 0.8559966683387756 1386.0 1059.0 10990.0 1023.0
0.86328125 0.8584175109863281 1313.0 951.0 11098.0 1096.0
0.85546875 0.8452067971229553 1498.0 1327.0 10722.0 911.0
0.86328125 0.8575183153152466 1388.0 1039.0 11010.0 1021.0
0.85546875 0.849564254283905 1396.0 1162.0 10887.0 1013.0
0.865234375 0.8608382940292358 1335.0 938.0 11111.0 1074.0
0.845703125 0.8609074354171753 1296.0 898.0 11151.0 1113.0
0.876953125 0.8559275269508362 1342.0 1016.0 11033.0 1067.0
0.86328125 0.8499100804328918 1375.0 1136.0 10913.0 1034.0
0.841796875 0.8508092164993286 1469.0 1217.0 10832.0 940.0
0.857421875 0.8469359278678894 1494.0 1298.0 10751.0 915.0
0.822265625 0.8457601070404053 1488.0 1309.0 10740.0 921.0
0.8828125 0.8589016199111938 1377.0 1008.0 11041.0 1032.0
0.8515625 0.8515700697898865 1452.0 1189.0 10860.0 957.0
0.8515625 0.8472817540168762 1508.0 1307.0 10742.0 901.0
0.861328125 0.844791829586029 1489.0 1324.0 10725.0 920.0
0.875 0.8591783046722412 1350.0 977.0 11072.0 1059.0
0.865234375 0.8488726019859314 1478.0 1254.0 10795.0 931.0
0.849609375 0.8535066843032837 1360.0 1069.0 10980.0 1049.0
0.861328125 0.8513625860214233 1443.0 1183.0 10866.0 966.0
0.8515625 0.847835123538971 1498.0 1289.0 10760.0 911.0
0.857421875 0.8589708209037781 1392.0 1022.0 11027.0 1017.0
0.837890625 0.8515700697898865 1400.0 1137.0 10912.0 1009.0
0.845703125 0.8544750213623047 1360.0 1055.0 10994.0 1049.0
0.85546875 0.8609074354171753 1267.0 869.0 11180.0 1142.0
0.865234375 0.8566883206367493 1311.0 974.0 11075.0 1098.0
0.875 0.8510167598724365 1409.0 1154.0 10895.0 1000.0
0.876953125 0.8573108315467834 1336.0 990.0 11059.0 1073.0
0.861328125 0.8474200963973999 1490.0 1287.0 10762.0 919.0
0.84765625 0.8533684015274048 1415.0 1126.0 10923.0 994.0
0.859375 0.8588324785232544 1361.0 993.0 11056.0 1048.0
0.83203125 0.8510167598724365 1478.0 1222.0 10826.0 931.0
0.837890625 0.847835123538971 1472.0 1263.0 10786.0 937.0
0.837890625 0.8509475588798523 1429.0 1175.0 10874.0 980.0
0.869140625 0.8496333956718445 1426.0 1191.0 10858.0 983.0
0.86328125 0.8571033477783203 1422.0 1079.0 10970.0 987.0
0.849609375 0.8611841201782227 1260.0 858.0 11191.0 1149.0
0.873046875 0.8529533743858337 1425.0 1142.0 10907.0 984.0
0.837890625 0.8555124998092651 1431.0 1111.0 10938.0 978.0
0.85546875 0.8549591898918152 1394.0 1082.0 10967.0 1015.0
0.84765625 0.859524130821228 1339.0 961.0 11088.0 1070.0
0.828125 0.8526075482368469 1392.0 1114.0 10935.0 1017.0
0.85546875 0.8420251607894897 1548.0 1423.0 10626.0 861.0
0.83984375 0.8456909656524658 1494.0 1316.0 10733.0 915.0
0.845703125 0.8463134765625 1507.0 1320.0 10729.0 902.0
0.83203125 0.852054238319397 1398.0 1128.0 10921.0 1011.0
0.853515625 0.8528150320053101 1416.0 1135.0 10914.0 993.0
0.875 0.857795000076294 1348.0 995.0 11054.0 1061.0
0.8515625 0.8623599410057068 1290.0 871.0 11178.0 1119.0
0.84375 0.8460367918014526 1530.0 1347.0 10702.0 879.0
0.8671875 0.8600082993507385 1378.0 993.0 11056.0 1031.0
0.8515625 0.8445151448249817 1443.0 1282.0 10767.0 966.0
0.8671875 0.8432009816169739 1528.0 1386.0 10663.0 881.0
0.84765625 0.8521925806999207 1440.0 1168.0 10881.0 969.0
0.87109375 0.8624290823936462 1312.0 892.0 11157.0 1097.0
0.87109375 0.8603541254997253 1285.0 895.0 11154.0 1124.0
0.841796875 0.848595917224884 1490.0 1270.0 10779.0 919.0
0.859375 0.8496333956718445 1492.0 1257.0 10792.0 917.0
0.8515625 0.8525384068489075 1417.0 1140.0 10909.0 992.0
0.841796875 0.8485267758369446 1497.0 1278.0 10771.0 912.0
0.865234375 0.8510167598724365 1397.0 1142.0 10907.0 1012.0
0.83984375 0.84686678647995 1529.0 1334.0 10715.0 880.0
0.869140625 0.8454142808914185 1512.0 1338.0 10711.0 897.0
0.849609375 0.8527458906173706 1423.0 1143.0 10906.0 986.0
0.876953125 0.8466593027114868 1473.0 1281.0 10768.0 936.0
0.865234375 0.8482500910758972 1453.0 1238.0 10811.0 956.0
0.875 0.8579333424568176 1353.0 998.0 11051.0 1056.0
0.86328125 0.836906909942627 1582.0 1531.0 10518.0 827.0
0.875 0.8452067971229553 1536.0 1365.0 10684.0 873.0
0.84765625 0.8538525104522705 1399.0 1103.0 10946.0 1010.0
0.84375 0.850117564201355 1458.0 1216.0 10833.0 951.0
0.857421875 0.8464518189430237 1533.0 1344.0 10705.0 876.0
0.85546875 0.8549591898918152 1425.0 1113.0 10936.0 984.0
0.857421875 0.8519850373268127 1424.0 1155.0 10894.0 985.0
0.861328125 0.8514317274093628 1418.0 1157.0 10892.0 991.0
0.83984375 0.8481809496879578 1515.0 1301.0 10748.0 894.0
0.845703125 0.8630515933036804 1280.0 851.0 11198.0 1129.0
0.861328125 0.854751706123352 1387.0 1078.0 10971.0 1022.0
0.8671875 0.8481117486953735 1499.0 1286.0 10763.0 910.0
0.865234375 0.8526075482368469 1429.0 1151.0 10898.0 980.0
0.859375 0.8501867651939392 1506.0 1263.0 10786.0 903.0
0.85546875 0.8534375429153442 1351.0 1061.0 10988.0 1058.0
0.849609375 0.8483192920684814 1480.0 1264.0 10785.0 929.0
0.83984375 0.8534375429153442 1449.0 1159.0 10890.0 960.0
0.826171875 0.8570341467857361 1386.0 1044.0 11005.0 1023.0
0.869140625 0.8613916039466858 1317.0 912.0 11137.0 1092.0
0.859375 0.8537142276763916 1387.0 1093.0 10956.0 1022.0
0.84765625 0.8526075482368469 1448.0 1170.0 10879.0 961.0
0.849609375 0.8564808368682861 1317.0 983.0 11066.0 1092.0
0.8671875 0.8510167598724365 1470.0 1215.0 10834.0 939.0
0.84765625 0.8508092164993286 1451.0 1199.0 10850.0 958.0
0.8671875 0.8573108315467834 1393.0 1047.0 11002.0 1016.0
0.857421875 0.8549591898918152 1373.0 1061.0 10988.0 1036.0
0.853515625 0.8523308634757996 1387.0 1113.0 10936.0 1022.0
0.841796875 0.854751706123352 1370.0 1061.0 10988.0 1039.0
0.82421875 0.8523308634757996 1470.0 1196.0 10853.0 939.0
0.8359375 0.8464518189430237 1518.0 1329.0 10720.0 891.0
0.849609375 0.8483192920684814 1448.0 1232.0 10817.0 961.0
0.830078125 0.8539217114448547 1446.0 1149.0 10900.0 963.0
0.837890625 0.8528842329978943 1382.0 1100.0 10949.0 1027.0
0.83203125 0.8551666736602783 1298.0 983.0 11066.0 1111.0
0.8203125 0.8450684547424316 1510.0 1341.0 10708.0 899.0
0.85546875 0.8484575748443604 1465.0 1247.0 10802.0 944.0
0.85546875 0.853022575378418 1320.0 1036.0 11013.0 1089.0
0.869140625 0.8586941361427307 1339.0 973.0 11076.0 1070.0
0.86328125 0.8552358746528625 1418.0 1102.0 10947.0 991.0
0.86328125 0.8574491739273071 1309.0 961.0 11088.0 1100.0
0.857421875 0.8533684015274048 1399.0 1110.0 10939.0 1010.0
0.84375 0.8545442223548889 1393.0 1087.0 10962.0 1016.0
0.833984375 0.8555124998092651 1403.0 1083.0 10966.0 1006.0
0.859375 0.8446534872055054 1529.0 1366.0 10683.0 880.0
0.85546875 0.8582099676132202 1368.0 1009.0 11040.0 1041.0
0.845703125 0.8565499782562256 1317.0 982.0 11067.0 1092.0
0.837890625 0.8475584387779236 1519.0 1314.0 10735.0 890.0
0.84375 0.8479042649269104 1493.0 1283.0 10766.0 916.0
0.845703125 0.8563424944877625 1368.0 1036.0 11013.0 1041.0
0.8203125 0.8457601070404053 1493.0 1314.0 10735.0 916.0
0.8515625 0.8553742170333862 1355.0 1037.0 11012.0 1054.0
0.806640625 0.8529533743858337 1436.0 1153.0 10896.0 973.0
0.859375 0.8510167598724365 1472.0 1217.0 10832.0 937.0
0.853515625 0.8533684015274048 1391.0 1102.0 10947.0 1018.0
0.857421875 0.8485267758369446 1448.0 1229.0 10820.0 961.0
0.830078125 0.8472126126289368 1451.0 1251.0 10798.0 958.0
0.849609375 0.8502559065818787 1500.0 1256.0 10793.0 909.0
0.85546875 0.8569650053977966 1371.0 1030.0 11019.0 1038.0
0.8515625 0.8555817008018494 1360.0 1039.0 11010.0 1049.0
0.837890625 0.8499100804328918 1472.0 1233.0 10816.0 937.0
0.87109375 0.8566883206367493 1401.0 1064.0 10985.0 1008.0
0.8671875 0.8593857884407043 1315.0 939.0 11110.0 1094.0
0.861328125 0.8524000644683838 1442.0 1167.0 10882.0 967.0
0.85546875 0.8450684547424316 1550.0 1381.0 10668.0 859.0
0.837890625 0.8483192920684814 1363.0 1147.0 10902.0 1046.0
0.865234375 0.8509475588798523 1348.0 1094.0 10955.0 1061.0
0.841796875 0.8532300591468811 1332.0 1045.0 11004.0 1077.0
0.8515625 0.8459676504135132 1498.0 1316.0 10733.0 911.0
0.86328125 0.8535758852958679 1398.0 1106.0 10943.0 1011.0
0.849609375 0.8566883206367493 1371.0 1034.0 11015.0 1038.0
0.84765625 0.8593857884407043 1350.0 974.0 11075.0 1059.0
0.837890625 0.8600082993507385 1322.0 937.0 11112.0 1087.0
0.837890625 0.8438926339149475 1512.0 1360.0 10689.0 897.0
0.85546875 0.8517775535583496 1448.0 1182.0 10867.0 961.0
0.83203125 0.8524692058563232 1473.0 1197.0 10852.0 936.0
0.84765625 0.8451376557350159 1554.0 1384.0 10665.0 855.0
0.892578125 0.8535066843032837 1374.0 1083.0 10966.0 1035.0
0.84375 0.854751706123352 1380.0 1071.0 10978.0 1029.0
0.8671875 0.8513625860214233 1447.0 1187.0 10862.0 962.0
0.83203125 0.8553742170333862 1391.0 1073.0 10976.0 1018.0
0.869140625 0.8503251075744629 1484.0 1239.0 10810.0 925.0
0.8359375 0.850117564201355 1499.0 1257.0 10792.0 910.0
0.8671875 0.8575183153152466 1334.0 985.0 11064.0 1075.0
0.87890625 0.8559275269508362 1378.0 1052.0 10997.0 1031.0
0.875 0.8542675375938416 1401.0 1099.0 10950.0 1008.0
0.859375 0.8620832562446594 1253.0 838.0 11211.0 1156.0
0.85546875 0.8449301719665527 1512.0 1345.0 10704.0 897.0
0.84765625 0.8615299463272095 1290.0 883.0 11166.0 1119.0
0.880859375 0.8622215986251831 1308.0 891.0 11158.0 1101.0
0.875 0.8562041521072388 1430.0 1100.0 10949.0 979.0
0.875 0.8579333424568176 1407.0 1052.0 10997.0 1002.0
0.849609375 0.8577257990837097 1355.0 1003.0 11046.0 1054.0
0.83203125 0.8563424944877625 1406.0 1074.0 10975.0 1003.0
0.8515625 0.8545442223548889 1411.0 1105.0 10944.0 998.0
0.8671875 0.8516392111778259 1489.0 1225.0 10824.0 920.0
0.859375 0.8623599410057068 1292.0 873.0 11176.0 1117.0
0.85546875 0.8548208475112915 1383.0 1073.0 10976.0 1026.0
0.8515625 0.8544058799743652 1415.0 1111.0 10938.0 994.0
0.849609375 0.8555817008018494 1440.0 1119.0 10930.0 969.0
0.845703125 0.8488726019859314 1515.0 1291.0 10758.0 894.0
0.84375 0.852054238319397 1458.0 1188.0 10861.0 951.0
0.826171875 0.8582099676132202 1342.0 983.0 11066.0 1067.0
0.857421875 0.8427860140800476 1573.0 1437.0 10612.0 836.0
0.875 0.8626366257667542 1322.0 899.0 11150.0 1087.0
0.875 0.8603541254997253 1352.0 962.0 11087.0 1057.0
0.833984375 0.8535066843032837 1367.0 1076.0 10973.0 1042.0
0.880859375 0.8565499782562256 1348.0 1013.0 11036.0 1061.0
0.869140625 0.8459676504135132 1535.0 1353.0 10696.0 874.0
0.845703125 0.8473509550094604 1496.0 1294.0 10755.0 913.0
0.869140625 0.858555793762207 1387.0 1023.0 11026.0 1022.0
0.853515625 0.8446534872055054 1504.0 1341.0 10708.0 905.0
0.896484375 0.855305016040802 1430.0 1113.0 10936.0 979.0
0.853515625 0.8508784174919128 1413.0 1160.0 10889.0 996.0
0.84765625 0.8533684015274048 1443.0 1154.0 10895.0 966.0
0.8671875 0.850117564201355 1426.0 1184.0 10865.0 983.0
0.873046875 0.8563424944877625 1413.0 1081.0 10968.0 996.0
0.873046875 0.8598008155822754 1335.0 953.0 11096.0 1074.0
0.84765625 0.8517084121704102 1457.0 1192.0 10857.0 952.0
0.861328125 0.8566883206367493 1328.0 991.0 11058.0 1081.0
0.85546875 0.8575183153152466 1385.0 1036.0 11013.0 1024.0
0.841796875 0.8536450266838074 1359.0 1066.0 10983.0 1050.0
0.845703125 0.8455526232719421 1550.0 1374.0 10675.0 859.0
0.888671875 0.8597316145896912 1300.0 919.0 11130.0 1109.0
0.853515625 0.8561350107192993 1346.0 1017.0 11032.0 1063.0
0.880859375 0.8461059331893921 1524.0 1340.0 10709.0 885.0
0.833984375 0.8531608581542969 1420.0 1134.0 10915.0 989.0
0.859375 0.8499100804328918 1462.0 1223.0 10826.0 947.0
0.880859375 0.8566191792488098 1396.0 1060.0 10989.0 1013.0
0.865234375 0.8514317274093628 1465.0 1204.0 10845.0 944.0
0.857421875 0.853022575378418 1419.0 1135.0 10914.0 990.0
0.8671875 0.8521925806999207 1473.0 1201.0 10848.0 936.0
0.86328125 0.8530917167663574 1393.0 1108.0 10941.0 1016.0
0.828125 0.8532300591468811 1499.0 1212.0 10837.0 910.0
0.857421875 0.8570341467857361 1361.0 1019.0 11030.0 1048.0
0.8671875 0.8589708209037781 1406.0 1036.0 11013.0 1003.0
0.873046875 0.8472126126289368 1474.0 1274.0 10775.0 935.0
0.859375 0.8484575748443604 1532.0 1314.0 10735.0 877.0
0.890625 0.8589708209037781 1376.0 1006.0 11043.0 1033.0
0.830078125 0.855858325958252 1307.0 982.0 11067.0 1102.0
0.85546875 0.8582791686058044 1362.0 1002.0 11047.0 1047.0
0.861328125 0.8552358746528625 1348.0 1032.0 11017.0 1061.0
0.859375 0.8615299463272095 1319.0 912.0 11137.0 1090.0
0.85546875 0.8524000644683838 1468.0 1193.0 10856.0 941.0
0.8671875 0.8546133637428284 1363.0 1056.0 10993.0 1046.0
0.8515625 0.860077440738678 1297.0 911.0 11138.0 1112.0
0.84765625 0.8502559065818787 1456.0 1212.0 10837.0 953.0
