0.6748046875 0.7038317918777466 566.0 2439.0 9610.0 1843.0
0.7890625 0.7763175964355469 798.0 1623.0 10426.0 1611.0
0.8173828125 0.8115922212600708 945.0 1260.0 10789.0 1464.0
0.814453125 0.8179554343223572 1051.0 1274.0 10775.0 1358.0
0.83984375 0.8272236585617065 1044.0 1133.0 10916.0 1365.0
0.8203125 0.8198229074478149 1173.0 1369.0 10680.0 1236.0
0.84765625 0.8366302251815796 1060.0 1013.0 11036.0 1349.0
0.8232421875 0.8211370706558228 1297.0 1474.0 10575.0 1112.0
0.837890625 0.8252178430557251 1219.0 1337.0 10712.0 1190.0
0.849609375 0.8308203220367432 1226.0 1263.0 10786.0 1183.0
0.810546875 0.8268778324127197 1344.0 1438.0 10611.0 1065.0
0.837890625 0.834416925907135 1240.0 1225.0 10824.0 1169.0
0.822265625 0.8288145065307617 1291.0 1357.0 10692.0 1118.0
0.8359375 0.8256328701972961 1356.0 1468.0 10581.0 1053.0
0.83984375 0.8371835947036743 1255.0 1200.0 10849.0 1154.0
0.82421875 0.8273620009422302 1292.0 1379.0 10670.0 1117.0
0.8310546875 0.8320652842521667 1303.0 1322.0 10727.0 1106.0
0.8271484375 0.8331027626991272 1284.0 1288.0 10761.0 1125.0
0.814453125 0.8330336213111877 1239.0 1244.0 10805.0 1170.0
0.8427734375 0.8281228542327881 1325.0 1401.0 10648.0 1084.0
0.8466796875 0.8372527360916138 1294.0 1238.0 10811.0 1115.0
0.8486328125 0.8214137554168701 1429.0 1602.0 10447.0 980.0
0.8486328125 0.8367685675621033 1213.0 1164.0 10885.0 1196.0
0.7958984375 0.8124913573265076 1460.0 1762.0 10287.0 949.0
0.8486328125 0.8332411050796509 1348.0 1350.0 10699.0 1061.0
0.833984375 0.8251487016677856 1408.0 1527.0 10522.0 1001.0
0.8369140625 0.8337944149971008 1253.0 1247.0 10802.0 1156.0
0.8232421875 0.8284686803817749 1399.0 1470.0 10579.0 1010.0
0.8427734375 0.8389127254486084 1233.0 1153.0 10896.0 1176.0
0.8203125 0.8245261907577515 1424.0 1552.0 10497.0 985.0
0.84375 0.8294370174407959 1390.0 1447.0 10602.0 1019.0
0.830078125 0.8300594687461853 1349.0 1397.0 10652.0 1060.0
0.814453125 0.818301260471344 1515.0 1733.0 10316.0 894.0
0.83203125 0.8313044905662537 1374.0 1404.0 10645.0 1035.0
0.8583984375 0.8393276929855347 1272.0 1186.0 10863.0 1137.0
0.8271484375 0.8313736319541931 1342.0 1371.0 10678.0 1067.0
0.837890625 0.8316503167152405 1388.0 1413.0 10636.0 1021.0
0.849609375 0.8337944149971008 1367.0 1361.0 10688.0 1042.0
0.822265625 0.818301260471344 1488.0 1706.0 10343.0 921.0
0.8232421875 0.8236961960792542 1417.0 1557.0 10492.0 992.0
0.8349609375 0.8360077738761902 1333.0 1295.0 10754.0 1076.0
0.8359375 0.826947033405304 1426.0 1519.0 10530.0 983.0
0.8291015625 0.8388435244560242 1280.0 1201.0 10848.0 1129.0
0.8359375 0.8331719636917114 1309.0 1312.0 10737.0 1100.0
0.8232421875 0.8338636159896851 1312.0 1305.0 10744.0 1097.0
0.841796875 0.8299903273582458 1357.0 1406.0 10643.0 1052.0
0.8330078125 0.8235579133033752 1472.0 1614.0 10435.0 937.0
0.8388671875 0.8261861801147461 1452.0 1556.0 10493.0 957.0
0.826171875 0.8351777791976929 1370.0 1344.0 10705.0 1039.0
0.845703125 0.8405035138130188 1266.0 1163.0 10886.0 1143.0
0.802734375 0.8195462822914124 1459.0 1659.0 10390.0 950.0
0.8447265625 0.8425093293190002 1256.0 1124.0 10925.0 1153.0
0.8095703125 0.8266703486442566 1399.0 1496.0 10553.0 1010.0
0.80078125 0.8136671781539917 1503.0 1788.0 10261.0 906.0
0.8271484375 0.8340710997581482 1366.0 1356.0 10693.0 1043.0
0.84375 0.8390510678291321 1363.0 1281.0 10768.0 1046.0
0.8349609375 0.8178171515464783 1491.0 1716.0 10333.0 918.0
0.8388671875 0.83766770362854 1279.0 1217.0 10832.0 1130.0
0.845703125 0.8341402411460876 1359.0 1348.0 10701.0 1050.0
0.857421875 0.834416925907135 1378.0 1363.0 10686.0 1031.0
0.8134765625 0.8292986750602722 1427.0 1486.0 10563.0 982.0
0.83203125 0.8286070227622986 1398.0 1467.0 10582.0 1011.0
0.8486328125 0.8411951661109924 1317.0 1204.0 10845.0 1092.0
0.84765625 0.842094361782074 1310.0 1184.0 10865.0 1099.0
0.845703125 0.8423018455505371 1339.0 1210.0 10839.0 1070.0
0.8212890625 0.8272928595542908 1452.0 1540.0 10509.0 957.0
0.8623046875 0.8252178430557251 1475.0 1593.0 10456.0 934.0
0.8037109375 0.8319269418716431 1404.0 1425.0 10624.0 1005.0
0.8447265625 0.8365610837936401 1302.0 1256.0 10793.0 1107.0
0.830078125 0.8377369046211243 1318.0 1255.0 10794.0 1091.0
0.8291015625 0.8423709869384766 1283.0 1153.0 10896.0 1126.0
0.841796875 0.8290911316871643 1452.0 1514.0 10535.0 957.0
0.841796875 0.823488712310791 1443.0 1586.0 10463.0 966.0
0.8447265625 0.839189350605011 1319.0 1235.0 10814.0 1090.0
0.8525390625 0.8414718508720398 1294.0 1177.0 10872.0 1115.0
0.81640625 0.8234195709228516 1466.0 1610.0 10439.0 943.0
0.853515625 0.8387743830680847 1274.0 1196.0 10853.0 1135.0
0.830078125 0.8365610837936401 1349.0 1303.0 10746.0 1060.0
0.8359375 0.8333794474601746 1360.0 1360.0 10689.0 1049.0
0.84765625 0.8358002305030823 1364.0 1329.0 10720.0 1045.0
0.8291015625 0.8276386857032776 1418.0 1501.0 10548.0 991.0
0.830078125 0.8406418561935425 1316.0 1211.0 10838.0 1093.0
0.84765625 0.8439618349075317 1266.0 1113.0 10936.0 1143.0
0.833984375 0.8326877951622009 1382.0 1392.0 10657.0 1027.0
0.8369140625 0.8330336213111877 1418.0 1423.0 10626.0 991.0
0.8193359375 0.8131830096244812 1532.0 1824.0 10225.0 877.0
0.8212890625 0.8349010944366455 1445.0 1423.0 10626.0 964.0
0.8388671875 0.8324111104011536 1392.0 1406.0 10643.0 1017.0
0.85546875 0.8418176770210266 1377.0 1255.0 10794.0 1032.0
0.8388671875 0.8239728808403015 1529.0 1665.0 10384.0 880.0
0.8427734375 0.8293678164482117 1442.0 1500.0 10549.0 967.0
0.849609375 0.8433393239974976 1260.0 1116.0 10933.0 1149.0
0.83203125 0.8349010944366455 1377.0 1355.0 10694.0 1032.0
0.8388671875 0.8212754130363464 1529.0 1704.0 10345.0 880.0
0.8486328125 0.8382902145385742 1251.0 1180.0 10869.0 1158.0
0.8544921875 0.8373218774795532 1363.0 1306.0 10743.0 1046.0
0.845703125 0.8270161747932434 1431.0 1523.0 10526.0 978.0
0.8330078125 0.8353160619735718 1366.0 1338.0 10711.0 1043.0
0.8388671875 0.8346244096755981 1383.0 1365.0 10684.0 1026.0
0.82421875 0.83116614818573 1384.0 1416.0 10633.0 1025.0
0.83984375 0.8343477845191956 1407.0 1393.0 10656.0 1002.0
0.82421875 0.832134485244751 1347.0 1365.0 10684.0 1062.0
0.8349609375 0.8295753002166748 1411.0 1466.0 10583.0 998.0
0.8154296875 0.8352469205856323 1362.0 1335.0 10714.0 1047.0
0.8505859375 0.8305436372756958 1405.0 1446.0 10603.0 1004.0
0.8427734375 0.8219670653343201 1423.0 1588.0 10461.0 986.0
0.853515625 0.8306819796562195 1412.0 1451.0 10598.0 997.0
0.81640625 0.8188546299934387 1493.0 1703.0 10346.0 916.0
0.8291015625 0.8387743830680847 1324.0 1246.0 10803.0 1085.0
0.8447265625 0.8274312019348145 1476.0 1562.0 10487.0 933.0
0.837890625 0.8246645331382751 1468.0 1594.0 10455.0 941.0
0.8349609375 0.8207912445068359 1503.0 1685.0 10364.0 906.0
0.8388671875 0.835938572883606 1337.0 1300.0 10749.0 1072.0
0.837890625 0.829644501209259 1466.0 1520.0 10529.0 943.0
0.853515625 0.8314427733421326 1451.0 1479.0 10570.0 958.0
0.8486328125 0.8332411050796509 1388.0 1390.0 10659.0 1021.0
0.8232421875 0.8297828435897827 1446.0 1498.0 10551.0 963.0
0.8330078125 0.8291603326797485 1349.0 1410.0 10639.0 1060.0
0.8212890625 0.8281228542327881 1452.0 1528.0 10521.0 957.0
0.82421875 0.8220362663269043 1494.0 1658.0 10391.0 915.0
0.8525390625 0.8318578004837036 1415.0 1437.0 10612.0 994.0
0.8349609375 0.8379443883895874 1303.0 1237.0 10812.0 1106.0
0.828125 0.8364918828010559 1361.0 1316.0 10733.0 1048.0
0.8515625 0.828676164150238 1393.0 1461.0 10588.0 1016.0
0.833984375 0.8322727680206299 1415.0 1431.0 10618.0 994.0
0.8310546875 0.8317885994911194 1407.0 1430.0 10619.0 1002.0
0.8291015625 0.8293678164482117 1404.0 1462.0 10587.0 1005.0
0.8125 0.8214828968048096 1493.0 1665.0 10384.0 916.0
0.8212890625 0.8245953917503357 1441.0 1568.0 10481.0 968.0
0.828125 0.8356618881225586 1320.0 1287.0 10762.0 1089.0
0.828125 0.8353160619735718 1329.0 1301.0 10748.0 1080.0
0.845703125 0.8341402411460876 1418.0 1407.0 10642.0 991.0
0.8359375 0.8280536532402039 1421.0 1498.0 10551.0 988.0
0.833984375 0.8329644203186035 1431.0 1437.0 10612.0 978.0
0.83203125 0.8264628648757935 1471.0 1571.0 10478.0 938.0
0.8232421875 0.8232120871543884 1400.0 1547.0 10502.0 1009.0
0.837890625 0.821206271648407 1502.0 1678.0 10371.0 907.0
0.833984375 0.8297136425971985 1430.0 1483.0 10566.0 979.0
0.83984375 0.836906909942627 1368.0 1317.0 10732.0 1041.0
0.8330078125 0.8340019583702087 1372.0 1363.0 10686.0 1037.0
0.8369140625 0.8283303380012512 1433.0 1506.0 10543.0 976.0
0.8330078125 0.8425785303115845 1309.0 1176.0 10873.0 1100.0
0.849609375 0.8387052416801453 1338.0 1261.0 10788.0 1071.0
0.845703125 0.8356618881225586 1393.0 1360.0 10689.0 1016.0
0.8408203125 0.8351777791976929 1349.0 1323.0 10726.0 1060.0
0.8427734375 0.8315119743347168 1382.0 1409.0 10640.0 1027.0
0.8369140625 0.8230045437812805 1474.0 1624.0 10425.0 935.0
0.8115234375 0.8240420818328857 1470.0 1605.0 10444.0 939.0
0.8359375 0.8322036266326904 1426.0 1443.0 10606.0 983.0
0.8544921875 0.8393276929855347 1347.0 1261.0 10788.0 1062.0
0.82421875 0.8287453055381775 1461.0 1528.0 10521.0 948.0
0.8623046875 0.8425093293190002 1292.0 1160.0 10889.0 1117.0
0.8232421875 0.8261861801147461 1448.0 1552.0 10497.0 961.0
0.8486328125 0.8261861801147461 1485.0 1589.0 10460.0 924.0
0.8232421875 0.8333103060722351 1355.0 1356.0 10693.0 1054.0
0.8291015625 0.845345139503479 1272.0 1099.0 10950.0 1137.0
0.8564453125 0.8342785835266113 1372.0 1359.0 10690.0 1037.0
0.837890625 0.8276386857032776 1471.0 1554.0 10495.0 938.0
0.8310546875 0.8339327573776245 1439.0 1431.0 10618.0 970.0
0.8330078125 0.8257020115852356 1453.0 1564.0 10485.0 956.0
0.8310546875 0.8227970600128174 1507.0 1660.0 10389.0 902.0
0.8427734375 0.8317885994911194 1374.0 1397.0 10652.0 1035.0
0.828125 0.8261170387268066 1474.0 1579.0 10470.0 935.0
0.8388671875 0.8364227414131165 1338.0 1294.0 10755.0 1071.0
0.83203125 0.8305436372756958 1440.0 1481.0 10568.0 969.0
0.84375 0.8289528489112854 1462.0 1526.0 10523.0 947.0
0.814453125 0.8331719636917114 1389.0 1392.0 10657.0 1020.0
0.845703125 0.8416101932525635 1340.0 1221.0 10828.0 1069.0
0.8466796875 0.8354544043540955 1362.0 1332.0 10717.0 1047.0
0.8515625 0.8335177898406982 1404.0 1402.0 10647.0 1005.0
0.8349609375 0.8276386857032776 1423.0 1506.0 10543.0 986.0
0.8349609375 0.8360769152641296 1390.0 1351.0 10698.0 1019.0
0.8486328125 0.8281228542327881 1467.0 1543.0 10506.0 942.0
0.8408203125 0.8373218774795532 1405.0 1348.0 10701.0 1004.0
0.86328125 0.8249412178993225 1490.0 1612.0 10437.0 919.0
0.8349609375 0.821206271648407 1480.0 1656.0 10393.0 929.0
0.8603515625 0.8409876823425293 1359.0 1249.0 10800.0 1050.0
0.841796875 0.8353160619735718 1344.0 1316.0 10733.0 1065.0
0.84765625 0.8308894634246826 1370.0 1406.0 10643.0 1039.0
0.828125 0.8380135297775269 1383.0 1316.0 10733.0 1026.0
0.84765625 0.8254945278167725 1460.0 1574.0 10475.0 949.0
0.83984375 0.8266012072563171 1476.0 1574.0 10475.0 933.0
0.833984375 0.8295061588287354 1445.0 1501.0 10548.0 964.0
0.8193359375 0.8223128914833069 1503.0 1663.0 10386.0 906.0
0.8193359375 0.8390510678291321 1357.0 1275.0 10774.0 1052.0
0.8310546875 0.8266703486442566 1435.0 1532.0 10517.0 974.0
0.8408203125 0.8310969471931458 1474.0 1507.0 10542.0 935.0
0.8486328125 0.8340019583702087 1453.0 1444.0 10605.0 956.0
0.8193359375 0.8265320062637329 1479.0 1578.0 10471.0 930.0
0.8388671875 0.8349010944366455 1402.0 1380.0 10669.0 1007.0
0.8564453125 0.8364227414131165 1428.0 1384.0 10665.0 981.0
0.8369140625 0.8230737447738647 1522.0 1671.0 10378.0 887.0
0.849609375 0.8328261375427246 1386.0 1394.0 10655.0 1023.0
0.8515625 0.8325494527816772 1324.0 1336.0 10713.0 1085.0
0.8349609375 0.8268086910247803 1386.0 1481.0 10568.0 1023.0
0.84375 0.8395351767539978 1354.0 1265.0 10784.0 1055.0
0.853515625 0.835385262966156 1359.0 1330.0 10719.0 1050.0
0.853515625 0.8430626392364502 1268.0 1128.0 10921.0 1141.0
0.853515625 0.8324803113937378 1408.0 1421.0 10628.0 1001.0
0.8212890625 0.8399502038955688 1342.0 1247.0 10802.0 1067.0
0.83984375 0.834831953048706 1407.0 1386.0 10663.0 1002.0
0.845703125 0.8422326445579529 1294.0 1166.0 10883.0 1115.0
0.8486328125 0.8430626392364502 1377.0 1237.0 10812.0 1032.0
0.83984375 0.8383594155311584 1341.0 1269.0 10780.0 1068.0
0.84765625 0.8444460034370422 1284.0 1124.0 10925.0 1125.0
0.8515625 0.8423018455505371 1325.0 1196.0 10853.0 1084.0
0.8515625 0.8297828435897827 1423.0 1475.0 10574.0 986.0
0.859375 0.8375985622406006 1365.0 1304.0 10745.0 1044.0
0.8427734375 0.8345552682876587 1409.0 1392.0 10657.0 1000.0
0.8388671875 0.8375985622406006 1359.0 1298.0 10751.0 1050.0
0.8125 0.827915370464325 1475.0 1554.0 10495.0 934.0
0.8544921875 0.83061283826828 1418.0 1458.0 10591.0 991.0
0.8447265625 0.8362843990325928 1422.0 1380.0 10669.0 987.0
0.8408203125 0.836353600025177 1379.0 1336.0 10713.0 1030.0
0.833984375 0.8239037394523621 1521.0 1658.0 10391.0 888.0
0.8203125 0.8354544043540955 1368.0 1338.0 10711.0 1041.0
0.8388671875 0.8371835947036743 1386.0 1331.0 10718.0 1023.0
0.861328125 0.8402960300445557 1324.0 1224.0 10825.0 1085.0
0.8359375 0.8329644203186035 1442.0 1448.0 10601.0 967.0
0.8359375 0.8405035138130188 1341.0 1238.0 10811.0 1068.0
0.826171875 0.8134596943855286 1511.0 1799.0 10250.0 898.0
0.8232421875 0.835385262966156 1384.0 1355.0 10694.0 1025.0
0.845703125 0.8350394368171692 1404.0 1380.0 10669.0 1005.0
0.8388671875 0.826947033405304 1438.0 1531.0 10518.0 971.0
0.841796875 0.8315119743347168 1448.0 1475.0 10574.0 961.0
0.845703125 0.8380827307701111 1351.0 1283.0 10766.0 1058.0
0.8408203125 0.8212754130363464 1517.0 1692.0 10357.0 892.0
0.82421875 0.8091022372245789 1500.0 1851.0 10198.0 909.0
0.83984375 0.8322727680206299 1447.0 1463.0 10586.0 962.0
0.84375 0.8430626392364502 1320.0 1180.0 10869.0 1089.0
0.8427734375 0.8326877951622009 1364.0 1374.0 10675.0 1045.0
0.833984375 0.8384976983070374 1380.0 1306.0 10743.0 1029.0
0.8291015625 0.8423018455505371 1312.0 1183.0 10866.0 1097.0
0.828125 0.8294370174407959 1397.0 1454.0 10595.0 1012.0
0.8408203125 0.8378060460090637 1328.0 1264.0 10785.0 1081.0
0.8544921875 0.830197811126709 1372.0 1418.0 10631.0 1037.0
0.8251953125 0.8392585515975952 1375.0 1290.0 10759.0 1034.0
0.8232421875 0.8395351767539978 1315.0 1226.0 10823.0 1094.0
0.828125 0.8289528489112854 1461.0 1525.0 10524.0 948.0
0.8310546875 0.8339327573776245 1429.0 1421.0 10628.0 980.0
0.833984375 0.8233503699302673 1486.0 1631.0 10418.0 923.0
0.837890625 0.837875247001648 1374.0 1309.0 10740.0 1035.0
0.826171875 0.827707827091217 1471.0 1553.0 10496.0 938.0
0.8447265625 0.8425093293190002 1367.0 1235.0 10814.0 1042.0
0.83203125 0.839604377746582 1380.0 1290.0 10759.0 1029.0
0.8359375 0.821206271648407 1487.0 1663.0 10386.0 922.0
0.8330078125 0.8341402411460876 1365.0 1354.0 10695.0 1044.0
0.8408203125 0.8298519849777222 1464.0 1515.0 10534.0 945.0
0.84765625 0.8308894634246826 1456.0 1492.0 10557.0 953.0
0.8388671875 0.8294370174407959 1460.0 1517.0 10532.0 949.0
0.8505859375 0.8412643671035767 1320.0 1206.0 10843.0 1089.0
0.8525390625 0.8388435244560242 1352.0 1273.0 10776.0 1057.0
0.8525390625 0.8299903273582458 1413.0 1462.0 10587.0 996.0
0.833984375 0.8294370174407959 1454.0 1511.0 10538.0 955.0
0.859375 0.83116614818573 1437.0 1469.0 10580.0 972.0
0.8388671875 0.8353160619735718 1397.0 1369.0 10680.0 1012.0
0.826171875 0.8324803113937378 1408.0 1421.0 10628.0 1001.0
0.8515625 0.8260478377342224 1488.0 1594.0 10455.0 921.0
0.8330078125 0.8248720169067383 1467.0 1590.0 10459.0 942.0
0.82421875 0.8324803113937378 1448.0 1461.0 10588.0 961.0
0.8427734375 0.8316503167152405 1398.0 1423.0 10626.0 1011.0
0.83984375 0.8355236053466797 1409.0 1378.0 10671.0 1000.0
0.826171875 0.8390510678291321 1420.0 1338.0 10711.0 989.0
0.8291015625 0.8298519849777222 1488.0 1539.0 10510.0 921.0
0.865234375 0.8387052416801453 1350.0 1273.0 10776.0 1059.0
0.8291015625 0.8258403539657593 1481.0 1590.0 10459.0 928.0
0.84375 0.8361460566520691 1345.0 1305.0 10744.0 1064.0
0.83984375 0.83116614818573 1432.0 1464.0 10585.0 977.0
0.837890625 0.8324803113937378 1425.0 1438.0 10611.0 984.0
0.833984375 0.8333794474601746 1401.0 1401.0 10648.0 1008.0
0.841796875 0.8346244096755981 1398.0 1380.0 10669.0 1011.0
0.8193359375 0.8165029883384705 1565.0 1809.0 10240.0 844.0
0.830078125 0.8245953917503357 1458.0 1585.0 10464.0 951.0
0.8427734375 0.839604377746582 1344.0 1254.0 10795.0 1065.0
0.8232421875 0.8319269418716431 1457.0 1478.0 10571.0 952.0
0.837890625 0.836353600025177 1370.0 1327.0 10722.0 1039.0
0.8291015625 0.8264628648757935 1456.0 1556.0 10493.0 953.0
0.8154296875 0.8268086910247803 1454.0 1549.0 10500.0 955.0
0.8310546875 0.8216212391853333 1502.0 1672.0 10377.0 907.0
0.8291015625 0.8416101932525635 1324.0 1205.0 10844.0 1085.0
0.841796875 0.8349010944366455 1451.0 1429.0 10620.0 958.0
0.810546875 0.8128371834754944 1576.0 1873.0 10176.0 833.0
0.837890625 0.83116614818573 1385.0 1417.0 10632.0 1024.0
0.83203125 0.8329644203186035 1410.0 1416.0 10633.0 999.0
0.818359375 0.8201687932014465 1496.0 1687.0 10362.0 913.0
0.8525390625 0.8443076610565186 1280.0 1122.0 10927.0 1129.0
0.8388671875 0.813528835773468 1485.0 1772.0 10277.0 924.0
0.828125 0.8263936638832092 1482.0 1583.0 10466.0 927.0
0.8447265625 0.8414027094841003 1332.0 1216.0 10833.0 1077.0
0.8310546875 0.8270853757858276 1457.0 1548.0 10501.0 952.0
0.82421875 0.827707827091217 1457.0 1539.0 10510.0 952.0
0.8427734375 0.8389818668365479 1324.0 1243.0 10806.0 1085.0
0.837890625 0.8411951661109924 1336.0 1223.0 10826.0 1073.0
0.857421875 0.8272236585617065 1381.0 1470.0 10579.0 1028.0
0.853515625 0.8414027094841003 1358.0 1242.0 10807.0 1051.0
0.8076171875 0.8230045437812805 1500.0 1650.0 10399.0 909.0
0.8173828125 0.8288145065307617 1436.0 1502.0 10547.0 973.0
0.8134765625 0.8297136425971985 1435.0 1488.0 10561.0 974.0
0.8251953125 0.8282611966133118 1462.0 1536.0 10513.0 947.0
0.8427734375 0.8340710997581482 1375.0 1365.0 10684.0 1034.0
0.8310546875 0.8326185941696167 1425.0 1436.0 10613.0 984.0
0.833984375 0.8389818668365479 1358.0 1277.0 10772.0 1051.0
0.810546875 0.8314427733421326 1459.0 1487.0 10562.0 950.0
0.8349609375 0.8279845118522644 1420.0 1498.0 10551.0 989.0
0.8603515625 0.8327569365501404 1459.0 1468.0 10581.0 950.0
0.853515625 0.8389127254486084 1336.0 1256.0 10793.0 1073.0
0.8330078125 0.8315811157226562 1417.0 1443.0 10606.0 992.0
0.828125 0.8360077738761902 1352.0 1314.0 10735.0 1057.0
0.833984375 0.8233503699302673 1520.0 1665.0 10384.0 889.0
0.83203125 0.829229474067688 1363.0 1423.0 10626.0 1046.0
0.8486328125 0.8347627520561218 1382.0 1362.0 10687.0 1027.0
0.8427734375 0.8258403539657593 1449.0 1558.0 10491.0 960.0
0.8388671875 0.8288145065307617 1408.0 1474.0 10575.0 1001.0
0.8427734375 0.8278461694717407 1455.0 1535.0 10514.0 954.0
0.849609375 0.840157687664032 1374.0 1276.0 10773.0 1035.0
0.8291015625 0.8242495656013489 1482.0 1614.0 10435.0 927.0
0.8447265625 0.8378060460090637 1350.0 1286.0 10763.0 1059.0
0.81640625 0.8331719636917114 1367.0 1370.0 10679.0 1042.0
0.830078125 0.8310969471931458 1465.0 1498.0 10551.0 944.0
0.8359375 0.8332411050796509 1409.0 1411.0 10638.0 1000.0
0.83984375 0.8304052948951721 1450.0 1493.0 10556.0 959.0
0.8359375 0.8248028755187988 1499.0 1623.0 10426.0 910.0
0.8408203125 0.8408493399620056 1326.0 1218.0 10831.0 1083.0
0.8330078125 0.8407801985740662 1386.0 1279.0 10770.0 1023.0
0.83984375 0.8312352895736694 1433.0 1464.0 10585.0 976.0
0.845703125 0.8330336213111877 1346.0 1351.0 10698.0 1063.0
0.83203125 0.8277770280838013 1483.0 1564.0 10485.0 926.0
0.8408203125 0.8328261375427246 1429.0 1437.0 10612.0 980.0
0.8427734375 0.8349010944366455 1412.0 1390.0 10659.0 997.0
0.8466796875 0.8329644203186035 1418.0 1424.0 10625.0 991.0
0.8271484375 0.8189929723739624 1499.0 1707.0 10342.0 910.0
0.826171875 0.8192004561424255 1518.0 1723.0 10326.0 891.0
0.841796875 0.8278461694717407 1466.0 1546.0 10503.0 943.0
0.8212890625 0.8345552682876587 1389.0 1372.0 10677.0 1020.0
0.83984375 0.8257020115852356 1483.0 1594.0 10455.0 926.0
0.8251953125 0.8331719636917114 1401.0 1404.0 10645.0 1008.0
0.8388671875 0.840157687664032 1337.0 1239.0 10810.0 1072.0
0.841796875 0.8332411050796509 1438.0 1440.0 10609.0 971.0
0.8486328125 0.8250795602798462 1484.0 1604.0 10445.0 925.0
0.857421875 0.8340019583702087 1445.0 1436.0 10613.0 964.0
0.82421875 0.836353600025177 1393.0 1350.0 10699.0 1016.0
0.8271484375 0.8264628648757935 1455.0 1555.0 10494.0 954.0
0.8291015625 0.8361460566520691 1371.0 1331.0 10718.0 1038.0
0.8388671875 0.82252037525177 1536.0 1693.0 10356.0 873.0
0.8408203125 0.8304052948951721 1489.0 1532.0 10517.0 920.0
0.84375 0.8245953917503357 1483.0 1610.0 10439.0 926.0
0.818359375 0.8332411050796509 1421.0 1423.0 10626.0 988.0
0.8310546875 0.8301286697387695 1463.0 1510.0 10539.0 946.0
0.8330078125 0.8283303380012512 1411.0 1484.0 10565.0 998.0
0.833984375 0.8331719636917114 1447.0 1450.0 10599.0 962.0
0.8388671875 0.8308894634246826 1419.0 1455.0 10594.0 990.0
0.8291015625 0.8387743830680847 1367.0 1289.0 10760.0 1042.0
0.8203125 0.8336561322212219 1381.0 1377.0 10672.0 1028.0
0.8251953125 0.834970235824585 1418.0 1395.0 10654.0 991.0
0.826171875 0.8275003433227539 1428.0 1513.0 10536.0 981.0
0.828125 0.821206271648407 1512.0 1688.0 10361.0 897.0
0.798828125 0.8268086910247803 1452.0 1547.0 10502.0 957.0
0.8330078125 0.8226587176322937 1398.0 1553.0 10496.0 1011.0
0.80078125 0.8340710997581482 1418.0 1408.0 10641.0 991.0
0.841796875 0.8333794474601746 1438.0 1438.0 10611.0 971.0
0.8525390625 0.8270161747932434 1504.0 1596.0 10453.0 905.0
0.8359375 0.8291603326797485 1453.0 1514.0 10535.0 956.0
0.8408203125 0.8306819796562195 1476.0 1515.0 10534.0 933.0
0.8544921875 0.8351085782051086 1436.0 1411.0 10638.0 973.0
0.8515625 0.8374602198600769 1397.0 1338.0 10711.0 1012.0
0.8447265625 0.8337252736091614 1410.0 1405.0 10644.0 999.0
0.818359375 0.8274312019348145 1469.0 1555.0 10494.0 940.0
0.83984375 0.8332411050796509 1487.0 1489.0 10560.0 922.0
0.8154296875 0.8304744958877563 1489.0 1531.0 10518.0 920.0
0.81640625 0.8189237713813782 1513.0 1722.0 10327.0 896.0
0.8388671875 0.8397427201271057 1374.0 1282.0 10767.0 1035.0
0.8125 0.8312352895736694 1435.0 1466.0 10583.0 974.0
0.8388671875 0.8322036266326904 1416.0 1433.0 10616.0 993.0
0.8359375 0.8335177898406982 1385.0 1383.0 10666.0 1024.0
0.8447265625 0.8373910784721375 1356.0 1298.0 10751.0 1053.0
0.83984375 0.8252178430557251 1508.0 1626.0 10423.0 901.0
0.8203125 0.8331719636917114 1421.0 1424.0 10625.0 988.0
0.8505859375 0.844376802444458 1247.0 1088.0 10961.0 1162.0
0.8232421875 0.8179554343223572 1551.0 1774.0 10275.0 858.0
0.8154296875 0.8273620009422302 1511.0 1598.0 10451.0 898.0
0.849609375 0.8436160087585449 1210.0 1062.0 10987.0 1199.0
0.822265625 0.8337252736091614 1373.0 1368.0 10681.0 1036.0
0.841796875 0.8218287229537964 1507.0 1674.0 10375.0 902.0
0.828125 0.8308894634246826 1425.0 1461.0 10588.0 984.0
0.8369140625 0.8313044905662537 1443.0 1473.0 10576.0 966.0
0.8427734375 0.8274312019348145 1468.0 1554.0 10495.0 941.0
0.83203125 0.8200995922088623 1559.0 1751.0 10298.0 850.0
0.81640625 0.8335869312286377 1411.0 1408.0 10641.0 998.0
0.8212890625 0.8290219902992249 1494.0 1557.0 10492.0 915.0
0.853515625 0.8382210731506348 1349.0 1279.0 10770.0 1060.0
0.8466796875 0.8336561322212219 1417.0 1413.0 10636.0 992.0
0.8603515625 0.8416101932525635 1271.0 1152.0 10897.0 1138.0
0.8310546875 0.8291603326797485 1429.0 1490.0 10559.0 980.0
0.8173828125 0.8388435244560242 1377.0 1298.0 10751.0 1032.0
0.830078125 0.8282611966133118 1482.0 1556.0 10493.0 927.0
0.8408203125 0.835938572883606 1369.0 1332.0 10717.0 1040.0
0.8505859375 0.8331719636917114 1443.0 1446.0 10603.0 966.0
0.822265625 0.83766770362854 1347.0 1285.0 10764.0 1062.0
0.8486328125 0.8416793346405029 1316.0 1196.0 10853.0 1093.0
0.8349609375 0.8323419690132141 1417.0 1432.0 10617.0 992.0
0.8447265625 0.829644501209259 1371.0 1425.0 10624.0 1038.0
0.841796875 0.8304744958877563 1417.0 1459.0 10590.0 992.0
0.8349609375 0.8287453055381775 1473.0 1540.0 10509.0 936.0
0.8427734375 0.8360077738761902 1431.0 1393.0 10656.0 978.0
0.8359375 0.8390510678291321 1368.0 1286.0 10763.0 1041.0
0.833984375 0.8178862929344177 1537.0 1761.0 10288.0 872.0
0.8310546875 0.8300594687461853 1453.0 1501.0 10548.0 956.0
0.8193359375 0.8288836479187012 1500.0 1565.0 10484.0 909.0
0.857421875 0.8414718508720398 1399.0 1282.0 10767.0 1010.0
0.84765625 0.836353600025177 1410.0 1367.0 10682.0 999.0
0.8505859375 0.8289528489112854 1429.0 1493.0 10556.0 980.0
0.8349609375 0.8333794474601746 1416.0 1416.0 10633.0 993.0
0.8564453125 0.8392585515975952 1370.0 1285.0 10764.0 1039.0
0.8369140625 0.8385668992996216 1339.0 1264.0 10785.0 1070.0
0.8359375 0.8312352895736694 1445.0 1476.0 10573.0 964.0
0.841796875 0.8289528489112854 1396.0 1460.0 10589.0 1013.0
0.83203125 0.8339327573776245 1441.0 1433.0 10616.0 968.0
0.8271484375 0.8227279186248779 1552.0 1706.0 10343.0 857.0
0.837890625 0.8313044905662537 1436.0 1466.0 10583.0 973.0
0.837890625 0.8358694314956665 1393.0 1357.0 10692.0 1016.0
0.8232421875 0.8272928595542908 1425.0 1513.0 10536.0 984.0
0.845703125 0.8354544043540955 1365.0 1335.0 10714.0 1044.0
0.853515625 0.8339327573776245 1392.0 1384.0 10665.0 1017.0
0.8466796875 0.829229474067688 1435.0 1495.0 10554.0 974.0
0.828125 0.8252178430557251 1496.0 1614.0 10435.0 913.0
0.849609375 0.8462442755699158 1274.0 1088.0 10961.0 1135.0
0.8330078125 0.8355236053466797 1380.0 1349.0 10700.0 1029.0
0.83203125 0.8352469205856323 1330.0 1303.0 10746.0 1079.0
0.826171875 0.8248720169067383 1494.0 1617.0 10432.0 915.0
0.84765625 0.836353600025177 1312.0 1269.0 10780.0 1097.0
0.83984375 0.829644501209259 1440.0 1494.0 10555.0 969.0
0.8603515625 0.8399502038955688 1383.0 1288.0 10761.0 1026.0
0.845703125 0.8344861268997192 1418.0 1402.0 10647.0 991.0
0.82421875 0.830197811126709 1471.0 1517.0 10532.0 938.0
0.8330078125 0.838636040687561 1412.0 1336.0 10713.0 997.0
0.8349609375 0.8350394368171692 1385.0 1361.0 10688.0 1024.0
0.83984375 0.83061283826828 1458.0 1498.0 10551.0 951.0
0.8388671875 0.8418868184089661 1328.0 1205.0 10844.0 1081.0
0.84375 0.8329644203186035 1433.0 1439.0 10610.0 976.0
0.8408203125 0.8362152576446533 1405.0 1364.0 10685.0 1004.0
0.84765625 0.848595917224884 1272.0 1052.0 10997.0 1137.0
0.828125 0.8403651714324951 1374.0 1273.0 10776.0 1035.0
0.83203125 0.8326185941696167 1463.0 1474.0 10575.0 946.0
0.8369140625 0.8336561322212219 1363.0 1359.0 10690.0 1046.0
0.833984375 0.8302669525146484 1427.0 1472.0 10577.0 982.0
0.837890625 0.8288836479187012 1511.0 1576.0 10473.0 898.0
0.8447265625 0.8362843990325928 1425.0 1383.0 10666.0 984.0
0.845703125 0.8346244096755981 1381.0 1363.0 10686.0 1028.0
0.8447265625 0.8421635031700134 1368.0 1241.0 10808.0 1041.0
0.82421875 0.839604377746582 1391.0 1301.0 10748.0 1018.0
0.8466796875 0.8298519849777222 1452.0 1503.0 10546.0 957.0
0.830078125 0.8298519849777222 1466.0 1517.0 10532.0 943.0
0.83203125 0.8307511210441589 1503.0 1541.0 10508.0 906.0
0.8369140625 0.8288836479187012 1400.0 1465.0 10584.0 1009.0
0.8623046875 0.8242495656013489 1529.0 1661.0 10388.0 880.0
0.8369140625 0.834970235824585 1403.0 1380.0 10669.0 1006.0
0.8583984375 0.8383594155311584 1377.0 1305.0 10744.0 1032.0
0.8291015625 0.8400885462760925 1362.0 1265.0 10784.0 1047.0
0.8193359375 0.8330336213111877 1423.0 1428.0 10621.0 986.0
0.8369140625 0.8251487016677856 1517.0 1636.0 10413.0 892.0
0.84375 0.8346244096755981 1411.0 1393.0 10656.0 998.0
0.845703125 0.8290911316871643 1465.0 1527.0 10522.0 944.0
0.8427734375 0.8323419690132141 1471.0 1486.0 10563.0 938.0
0.83203125 0.8200995922088623 1518.0 1710.0 10339.0 891.0
0.85546875 0.8326185941696167 1447.0 1458.0 10591.0 962.0
0.830078125 0.8275003433227539 1474.0 1559.0 10490.0 935.0
0.8388671875 0.8367685675621033 1381.0 1332.0 10717.0 1028.0
0.8154296875 0.8255637288093567 1480.0 1593.0 10456.0 929.0
0.841796875 0.8168488144874573 1553.0 1792.0 10257.0 856.0
0.8359375 0.8339327573776245 1369.0 1361.0 10688.0 1040.0
0.8349609375 0.833448588848114 1428.0 1427.0 10622.0 981.0
0.8154296875 0.8238345384597778 1521.0 1659.0 10390.0 888.0
0.833984375 0.8388435244560242 1343.0 1264.0 10785.0 1066.0
0.8291015625 0.8370452523231506 1374.0 1321.0 10728.0 1035.0
0.841796875 0.8328261375427246 1428.0 1436.0 10613.0 981.0
0.837890625 0.8188546299934387 1542.0 1752.0 10297.0 867.0
0.8291015625 0.8342094421386719 1416.0 1404.0 10645.0 993.0
0.8388671875 0.8326185941696167 1421.0 1432.0 10617.0 988.0
0.8134765625 0.8248028755187988 1499.0 1623.0 10426.0 910.0
0.837890625 0.8345552682876587 1423.0 1406.0 10643.0 986.0
0.8662109375 0.8247337341308594 1474.0 1599.0 10450.0 935.0
0.837890625 0.8289528489112854 1508.0 1572.0 10477.0 901.0
0.8466796875 0.8323419690132141 1422.0 1437.0 10612.0 987.0
0.849609375 0.8322036266326904 1500.0 1517.0 10532.0 909.0
0.8359375 0.8349010944366455 1458.0 1436.0 10613.0 951.0
0.84765625 0.8297136425971985 1442.0 1495.0 10554.0 967.0
0.84375 0.8432701826095581 1344.0 1201.0 10848.0 1065.0
0.8427734375 0.8341402411460876 1433.0 1422.0 10627.0 976.0
0.84765625 0.8349010944366455 1426.0 1404.0 10645.0 983.0
0.8310546875 0.8308203220367432 1441.0 1478.0 10571.0 968.0
0.83984375 0.8335869312286377 1454.0 1451.0 10598.0 955.0
0.8369140625 0.8397427201271057 1404.0 1312.0 10737.0 1005.0
0.8330078125 0.8310278058052063 1446.0 1480.0 10569.0 963.0
0.830078125 0.8407109975814819 1363.0 1257.0 10792.0 1046.0
0.8408203125 0.8281228542327881 1462.0 1538.0 10511.0 947.0
0.8603515625 0.8241112232208252 1510.0 1644.0 10405.0 899.0
0.830078125 0.8380135297775269 1336.0 1269.0 10780.0 1073.0
0.8388671875 0.8368377089500427 1351.0 1301.0 10748.0 1058.0
0.814453125 0.8225895762443542 1507.0 1663.0 10386.0 902.0
0.841796875 0.8402960300445557 1276.0 1176.0 10873.0 1133.0
0.8271484375 0.8299211263656616 1456.0 1506.0 10543.0 953.0
0.8369140625 0.8268778324127197 1469.0 1563.0 10486.0 940.0
0.8408203125 0.8319961428642273 1492.0 1512.0 10537.0 917.0
0.8232421875 0.8398810625076294 1345.0 1251.0 10798.0 1064.0
0.83203125 0.8331027626991272 1418.0 1422.0 10627.0 991.0
0.845703125 0.8303361535072327 1484.0 1528.0 10521.0 925.0
0.833984375 0.8325494527816772 1479.0 1491.0 10558.0 930.0
0.8291015625 0.8306819796562195 1443.0 1482.0 10567.0 966.0
0.8310546875 0.8198921084403992 1549.0 1744.0 10305.0 860.0
0.83203125 0.8346244096755981 1384.0 1366.0 10683.0 1025.0
0.8525390625 0.8330336213111877 1417.0 1422.0 10627.0 992.0
0.845703125 0.8332411050796509 1400.0 1402.0 10647.0 1009.0
0.8466796875 0.8358002305030823 1408.0 1373.0 10676.0 1001.0
0.8603515625 0.8476967811584473 1233.0 1026.0 11023.0 1176.0
0.8017578125 0.8281228542327881 1475.0 1551.0 10498.0 934.0
0.8388671875 0.8279845118522644 1442.0 1520.0 10529.0 967.0
0.8291015625 0.8290911316871643 1475.0 1537.0 10512.0 934.0
0.822265625 0.8341402411460876 1397.0 1386.0 10663.0 1012.0
0.845703125 0.8387743830680847 1413.0 1335.0 10714.0 996.0
0.8388671875 0.834831953048706 1407.0 1386.0 10663.0 1002.0
0.8173828125 0.8232812285423279 1523.0 1669.0 10380.0 886.0
0.8291015625 0.8389127254486084 1399.0 1319.0 10730.0 1010.0
0.84375 0.8436160087585449 1330.0 1182.0 10867.0 1079.0
0.8408203125 0.8294370174407959 1388.0 1445.0 10604.0 1021.0
0.84375 0.8392585515975952 1370.0 1285.0 10764.0 1039.0
0.8623046875 0.8275694847106934 1497.0 1581.0 10468.0 912.0
0.8310546875 0.8315811157226562 1434.0 1460.0 10589.0 975.0
0.84765625 0.8367685675621033 1411.0 1362.0 10687.0 998.0
0.8701171875 0.8400885462760925 1351.0 1254.0 10795.0 1058.0
0.8447265625 0.8397427201271057 1382.0 1290.0 10759.0 1027.0
0.8251953125 0.8182321190834045 1498.0 1717.0 10332.0 911.0
0.814453125 0.8256328701972961 1511.0 1623.0 10426.0 898.0
0.845703125 0.8351085782051086 1450.0 1425.0 10624.0 959.0
0.8447265625 0.8330336213111877 1382.0 1387.0 10662.0 1027.0
0.8349609375 0.8271545171737671 1513.0 1603.0 10446.0 896.0
0.8564453125 0.8374602198600769 1404.0 1345.0 10704.0 1005.0
0.8349609375 0.8362152576446533 1423.0 1382.0 10667.0 986.0
0.833984375 0.8318578004837036 1440.0 1462.0 10587.0 969.0
0.83984375 0.8382210731506348 1356.0 1286.0 10763.0 1053.0
0.8310546875 0.8384976983070374 1340.0 1266.0 10783.0 1069.0
0.8505859375 0.834831953048706 1414.0 1393.0 10656.0 995.0
0.830078125 0.8317885994911194 1452.0 1475.0 10574.0 957.0
0.8408203125 0.8396735191345215 1334.0 1243.0 10806.0 1075.0
0.8212890625 0.8286070227622986 1508.0 1577.0 10472.0 901.0
0.822265625 0.8279845118522644 1471.0 1549.0 10500.0 938.0
0.8349609375 0.8242495656013489 1473.0 1605.0 10444.0 936.0
0.8369140625 0.8209295868873596 1536.0 1716.0 10333.0 873.0
0.8447265625 0.83766770362854 1417.0 1355.0 10694.0 992.0
0.8408203125 0.8304052948951721 1492.0 1535.0 10514.0 917.0
0.8515625 0.8355236053466797 1448.0 1417.0 10632.0 961.0
0.8447265625 0.8373218774795532 1382.0 1325.0 10724.0 1027.0
0.8349609375 0.83061283826828 1431.0 1471.0 10578.0 978.0
0.8388671875 0.8200995922088623 1573.0 1765.0 10284.0 836.0
0.8349609375 0.8208604454994202 1507.0 1688.0 10361.0 902.0
0.830078125 0.8276386857032776 1473.0 1556.0 10493.0 936.0
0.8232421875 0.8364227414131165 1419.0 1375.0 10674.0 990.0
0.8271484375 0.8273620009422302 1468.0 1555.0 10494.0 941.0
0.8427734375 0.8275694847106934 1475.0 1559.0 10490.0 934.0
0.8251953125 0.8349010944366455 1392.0 1370.0 10679.0 1017.0
0.8359375 0.8339327573776245 1448.0 1440.0 10609.0 961.0
0.849609375 0.8289528489112854 1482.0 1546.0 10503.0 927.0
0.8349609375 0.8229354023933411 1511.0 1662.0 10387.0 898.0
0.8203125 0.8214828968048096 1481.0 1653.0 10396.0 928.0
0.8232421875 0.8309586644172668 1423.0 1458.0 10591.0 986.0
0.837890625 0.8256328701972961 1411.0 1523.0 10526.0 998.0
0.8515625 0.8371835947036743 1380.0 1325.0 10724.0 1029.0
0.8271484375 0.8249412178993225 1521.0 1643.0 10406.0 888.0
0.83203125 0.8259095549583435 1484.0 1592.0 10457.0 925.0
0.8388671875 0.8294370174407959 1453.0 1510.0 10539.0 956.0
0.853515625 0.8214828968048096 1458.0 1630.0 10419.0 951.0
0.837890625 0.8251487016677856 1495.0 1614.0 10435.0 914.0
0.8369140625 0.8371143937110901 1376.0 1322.0 10727.0 1033.0
0.8271484375 0.8205146193504333 1499.0 1685.0 10364.0 910.0
0.833984375 0.8294370174407959 1434.0 1491.0 10558.0 975.0
0.837890625 0.8399502038955688 1382.0 1287.0 10762.0 1027.0
0.841796875 0.8304052948951721 1431.0 1474.0 10575.0 978.0
0.8466796875 0.8353160619735718 1388.0 1360.0 10689.0 1021.0
0.8251953125 0.8384285569190979 1391.0 1318.0 10731.0 1018.0
0.8349609375 0.8328952789306641 1435.0 1442.0 10607.0 974.0
0.8515625 0.8322727680206299 1423.0 1439.0 10610.0 986.0
0.8466796875 0.8319269418716431 1416.0 1437.0 10612.0 993.0
0.828125 0.8350394368171692 1406.0 1382.0 10667.0 1003.0
0.837890625 0.8366994261741638 1386.0 1338.0 10711.0 1023.0
0.810546875 0.8278461694717407 1478.0 1558.0 10491.0 931.0
0.8447265625 0.8397427201271057 1383.0 1291.0 10758.0 1026.0
0.8408203125 0.8315811157226562 1420.0 1446.0 10603.0 989.0
0.857421875 0.8367685675621033 1381.0 1332.0 10717.0 1028.0
0.841796875 0.837875247001648 1392.0 1327.0 10722.0 1017.0
0.8388671875 0.8283994793891907 1446.0 1518.0 10531.0 963.0
0.8115234375 0.8361460566520691 1425.0 1385.0 10664.0 984.0
0.8466796875 0.8300594687461853 1464.0 1512.0 10537.0 945.0
0.849609375 0.8360077738761902 1424.0 1386.0 10663.0 985.0
0.8349609375 0.8358694314956665 1377.0 1341.0 10708.0 1032.0
0.8427734375 0.8364227414131165 1437.0 1393.0 10656.0 972.0
0.8359375 0.8274312019348145 1516.0 1602.0 10447.0 893.0
0.849609375 0.8416101932525635 1369.0 1250.0 10799.0 1040.0
0.8232421875 0.821206271648407 1465.0 1641.0 10408.0 944.0
0.8271484375 0.8333794474601746 1426.0 1426.0 10623.0 983.0
0.8515625 0.8362843990325928 1439.0 1397.0 10652.0 970.0
