-2.082450836896896362e-01 -2.246645355224609375e+01
3.341974973678588867e+00 -3.966039657592773438e+01
-5.026323199272155762e-01 -5.526594161987304688e+00
1.233223056793212891e+01 -5.236417651176452637e-01
3.207980841398239136e-02 4.043492972850799561e-01
-1.066015139222145081e-01 -1.204630851745605469e+01
1.602725833654403687e-01 -8.806257247924804688e+00
-1.928002476692199707e+00 -3.833456039428710938e+01
-1.596441388130187988e+00 -3.277334213256835938e+01
5.702542304992675781e+00 2.999486923217773438e+01
9.223045349121093750e+00 -9.600127220153808594e+00
-9.122133851051330566e-01 3.917794823646545410e-01
-1.129592323303222656e+01 1.103371262550354004e+00
-9.601859450340270996e-01 5.616717338562011719e-01
-1.203309655189514160e+00 6.640350222587585449e-01
-4.221858084201812744e-01 9.605405807495117188e+00
4.967687129974365234e-01 6.941032886505126953e+00
3.086636161804199219e+01 8.869423866271972656e+00
8.483225822448730469e+00 -6.514346599578857422e+00
-6.917074918746948242e-01 -5.273503065109252930e-01
-8.641144633293151855e-01 -4.306377843022346497e-02
-4.461768269538879395e-01 1.181637272238731384e-01
-7.767388224601745605e-01 5.610089749097824097e-02
-7.236586809158325195e-01 -9.168957360088825226e-03
1.191849422454833984e+01 -5.340406298637390137e-01
1.704179191589355469e+01 -7.063137888908386230e-01
1.659118843078613281e+01 -6.428979039192199707e-01
-1.932508850097656250e+01 1.390893697738647461e+00
-1.268176269531250000e+01 8.884385228157043457e-01
1.480374455451965332e+00 3.014450311660766602e+00
1.575457382202148438e+01 5.045107364654541016e+00
1.601793479919433594e+01 5.305607795715332031e+00
-1.139887094497680664e+00 6.957786679267883301e-01
-5.790100693702697754e-01 9.578915596008300781e+00
6.497675180435180664e-01 8.448844909667968750e+00
-3.008812665939331055e-01 -1.888416647911071777e+00
-1.260214328765869141e+01 -6.116305351257324219e+00
-8.601512908935546875e-01 -5.650737762451171875e+00
7.979814052581787109e+00 -4.511417448520660400e-01
-9.217572212219238281e-01 5.426054820418357849e-02
-7.866639494895935059e-01 1.565210707485675812e-02
4.966877937316894531e+00 -1.717576533555984497e-01
7.925293445587158203e+00 -8.228784799575805664e-02
-1.192431569099426270e+00 1.440670043230056763e-01
1.814021873474121094e+01 5.326027393341064453e+00
-1.107826709747314453e+01 6.779295921325683594e+00
1.713870644569396973e+00 3.058280944824218750e+00
-1.224783658981323242e+00 1.971453070640563965e+00
1.530300712585449219e+01 5.152350425720214844e+00
1.597848415374755859e+01 5.589642524719238281e+00
-7.597288131713867188e+00 1.088743686676025391e+00
-3.038362264633178711e-01 9.109400749206542969e+00
6.821073293685913086e-01 8.148347854614257812e+00
8.467018127441406250e+00 -7.060729503631591797e+00
-5.777626633644104004e-01 -2.209469795227050781e+00
-6.526336669921875000e-01 -1.581302642822265625e+00
-8.214257359504699707e-01 -3.594607487320899963e-02
8.178196907043457031e+00 -4.201455414295196533e-01
-8.047696352005004883e-01 -2.208875864744186401e-02
-7.266680598258972168e-01 -1.305676698684692383e-01
-7.574862241744995117e-01 -7.163848876953125000e+00
-6.603870391845703125e-01 -1.264473050832748413e-01
7.944542407989501953e+00 -6.422747373580932617e-01
-6.462844610214233398e-01 7.229015231132507324e-02
8.003561973571777344e+00 -4.474279284477233887e-01
-7.762635350227355957e-01 -2.233759015798568726e-01
-7.436495423316955566e-01 -2.225068807601928711e-01
7.956002712249755859e+00 -4.781928956508636475e-01
8.023637771606445312e+00 -4.962109923362731934e-01
-6.570288538932800293e-01 -5.988500639796257019e-02
-1.064894437789916992e+00 -6.581043824553489685e-03
-7.789592146873474121e-01 4.329000711441040039e-01
-4.560820758342742920e-01 -3.345419093966484070e-02
-4.046538174152374268e-01 3.666483759880065918e-01
7.745952129364013672e+00 -3.088192939758300781e-01
8.137410163879394531e+00 3.712490573525428772e-02
1.731735038757324219e+01 5.104731559753417969e+00
-2.386841535568237305e+00 6.014127731323242188e+00
1.621104621887207031e+01 5.173932552337646484e+00
4.045034885406494141e+00 3.100601911544799805e+00
-1.205744552612304688e+01 -1.495072245597839355e+00
-8.254066705703735352e-01 -5.327414989471435547e+00
6.489954948425292969e+00 4.454252719879150391e-01
3.231956720352172852e+00 3.416806161403656006e-01
5.304286003112792969e+00 4.780808925628662109e+00
1.665685772895812988e+00 -3.077589511871337891e+00
1.924113988876342773e+00 4.521501064300537109e+00
2.908061027526855469e+00 -5.133627414703369141e+00
1.886680841445922852e+00 -3.902831077575683594e+00
1.602860260009765625e+01 1.148066902160644531e+01
5.781733512878417969e+00 -7.929793834686279297e+00
7.818286895751953125e+00 -5.964555740356445312e-01
-8.194642066955566406e-01 -2.007413506507873535e-01
-5.704005956649780273e-01 -1.308710575103759766e-01
