1.407267928123474121e+00
-1.611206412315368652e+00
7.237737178802490234e-01
-4.195264816284179688e+00
2.939857244491577148e+00
1.653106808662414551e+00
2.381603717803955078e-01
3.205919265747070312e+00
4.942233562469482422e-01
1.669018864631652832e+00
-1.525985598564147949e+00
4.918500781059265137e-01
-2.397786855697631836e+00
-2.099679470062255859e+00
7.819727063179016113e-01
6.379932761192321777e-01
-1.771820187568664551e+00
2.304695099592208862e-01
-2.545593500137329102e+00
3.841051086783409119e-02
-1.227110743522644043e+00
-4.548346996307373047e-01
1.242368578910827637e+00
3.065427303314208984e+00
1.792173646390438080e-02
-1.157492280006408691e+00
-1.870677947998046875e+00
-1.204689264297485352e+00
-2.036071538925170898e+00
4.299278736114501953e+00
