1.005249261856079102e+00
-1.831784844398498535e+00
-1.134337425231933594e+00
2.951899468898773193e-01
-6.838671863079071045e-02
-9.754330515861511230e-01
4.673254489898681641e-01
-1.186740756034851074e+00
9.311218261718750000e-01
-8.091150522232055664e-01
-1.230415105819702148e+00
-1.847598552703857422e+00
-1.269523024559020996e+00
-1.030080556869506836e+00
-9.505848884582519531e-01
6.955794692039489746e-01
5.797913298010826111e-02
-2.021568298339843750e+00
-1.702802777290344238e+00
9.104965627193450928e-02
1.113808393478393555e+00
9.990225434303283691e-01
8.091615438461303711e-01
2.024201869964599609e+00
4.564570263028144836e-02
2.541756629943847656e+00
-1.023447751998901367e+00
8.797871470451354980e-01
5.127888321876525879e-01
-5.840049982070922852e-01
5.534546971321105957e-01
-9.708796143531799316e-01
1.291847944259643555e+00
7.141757011413574219e-01
-5.754455924034118652e-01
-1.285222530364990234e+00
9.656189680099487305e-01
5.263803005218505859e-01
6.710089445114135742e-01
-7.884916067123413086e-01
1.335476040840148926e+00
1.619017571210861206e-01
8.042610883712768555e-01
-1.427595138549804688e+00
3.444896936416625977e-01
2.476647853851318359e+00
1.326429724693298340e+00
1.285388112068176270e+00
-4.238673448562622070e-01
-1.404016613960266113e+00
