-1.071204304695129395e+00
1.207108497619628906e-01
-7.838141918182373047e-01
6.136759519577026367e-01
1.443694978952407837e-01
-7.049226760864257812e-02
-1.603254318237304688e+00
-1.113809943199157715e+00
-7.954180240631103516e-02
-8.936008810997009277e-01
5.612481236457824707e-01
1.694733381271362305e+00
3.816120922565460205e-01
-1.922731161117553711e+00
-1.054766654968261719e+00
3.723999261856079102e-01
2.166330963373184204e-01
-1.278267621994018555e+00
-6.497501134872436523e-01
-5.466326475143432617e-01
-1.028211832046508789e+00
2.335133790969848633e+00
5.917033553123474121e-01
-1.111070990562438965e+00
1.374650835990905762e+00
-2.559280693531036377e-01
1.800041556358337402e+00
1.824752569198608398e+00
2.526691198348999023e+00
-1.290827035903930664e+00
3.932770788669586182e-01
2.054316550493240356e-01
2.951501011848449707e-01
-4.368362724781036377e-01
6.541209816932678223e-01
6.884281039237976074e-01
-8.789554834365844727e-01
6.091765761375427246e-01
-1.047849178314208984e+00
1.920977711677551270e+00
