1.194754123687744141e+01
1.663469123840332031e+01
-6.412344455718994141e+00
-1.387466335296630859e+01
-4.112015247344970703e+00
1.597577381134033203e+01
-6.332684516906738281e+00
2.401282310485839844e+00
2.943619918823242188e+01
2.762706565856933594e+01
3.548699378967285156e+00
-4.450133800506591797e+00
3.568150711059570312e+01
-1.925918769836425781e+01
-1.854715538024902344e+01
1.678893280029296875e+01
-7.874632358551025391e+00
2.415594482421875000e+01
2.083356285095214844e+01
-2.859772205352783203e+00
-6.722763061523437500e+00
2.981001091003417969e+01
-2.387465667724609375e+01
9.168556213378906250e+00
2.046670532226562500e+01
-1.179168605804443359e+01
1.690081596374511719e+01
-9.516221046447753906e+00
4.590955972671508789e-01
-6.204745769500732422e+00
2.904126358032226562e+01
1.930763840675354004e+00
-5.466832637786865234e+00
-1.464877128601074219e+01
3.338151574134826660e-01
2.751905822753906250e+01
1.011028957366943359e+01
-1.873419952392578125e+01
-6.411108970642089844e-01
1.149494361877441406e+01
1.696322631835937500e+01
9.438695907592773438e+00
3.597966384887695312e+01
3.157998657226562500e+01
-2.286540031433105469e+01
1.481657314300537109e+01
3.017211914062500000e+01
7.319078922271728516e+00
-1.459599781036376953e+01
-3.075795769691467285e-01
