-6.249431610107421875e+00
-3.500561475753784180e+00
-6.115545272827148438e+00
-9.443792343139648438e+00
8.717575073242187500e+00
-5.980414390563964844e+00
1.897492289543151855e+00
-2.926268815994262695e+00
-5.533834934234619141e+00
6.512590408325195312e+00
2.631537199020385742e+00
8.497539520263671875e+00
3.354223251342773438e+00
-5.005265235900878906e+00
4.830543994903564453e+00
5.204785346984863281e+00
4.369388103485107422e+00
-5.800311088562011719e+00
5.968557834625244141e+00
3.498336076736450195e+00
-5.114088058471679688e+00
-3.593301057815551758e+00
5.296873092651367188e+00
6.464780330657958984e+00
4.221697807312011719e+00
-2.740925312042236328e+00
-4.972758293151855469e+00
-9.463021278381347656e+00
6.373704433441162109e+00
-2.815765619277954102e+00
