1.379397511482238770e+00
7.328118383884429932e-02
-8.006961941719055176e-01
1.754432439804077148e+00
-1.319818019866943359e+00
-1.906061291694641113e+00
-1.083148360252380371e+00
-9.906702637672424316e-01
-6.018047928810119629e-01
3.229375481605529785e-01
-4.337056726217269897e-02
-1.227764189243316650e-01
-1.888926029205322266e+00
-6.038004159927368164e-01
-2.757152915000915527e-01
-1.190796971321105957e+00
-7.488493323326110840e-01
-1.074339866638183594e+00
-1.640063285827636719e+00
-1.704451918601989746e+00
-1.843556910753250122e-01
1.078384995460510254e+00
-1.896929979324340820e+00
6.753843426704406738e-01
2.104980051517486572e-01
-1.315107941627502441e+00
3.736153542995452881e-01
6.244481205940246582e-01
8.449611663818359375e-01
-5.013739466667175293e-01
1.291283965110778809e+00
-2.022692680358886719e+00
9.592924714088439941e-01
1.134578347206115723e+00
-1.216801285743713379e+00
-1.035588502883911133e+00
-1.971352458000183105e+00
-1.960835933685302734e+00
3.866213560104370117e-01
-5.636167526245117188e-01
