-7.417848706245422363e-01
-2.209451794624328613e-01
1.014834880828857422e+00
1.896394014358520508e+00
-8.656882643699645996e-01
-1.770088791847229004e+00
8.914754986763000488e-01
-1.162242174148559570e+00
2.185410261154174805e+00
-1.396250724792480469e+00
1.516252279281616211e+00
2.607888281345367432e-01
5.288198590278625488e-01
-1.489105701446533203e+00
-5.898190140724182129e-01
2.493974924087524414e+00
-2.985985279083251953e-01
-5.855807662010192871e-01
-4.250252619385719299e-02
-2.341360449790954590e-01
-9.061161279678344727e-01
1.561802923679351807e-01
-6.233137845993041992e-01
-9.831315875053405762e-01
6.096783876419067383e-01
1.360062658786773682e-01
2.295433282852172852e+00
-1.121434807777404785e+00
6.059979200363159180e-01
2.114946395158767700e-01
5.136076807975769043e-01
1.517189502716064453e+00
-5.792790055274963379e-01
3.651896119117736816e-01
3.441834747791290283e-01
3.484730422496795654e-01
-2.295347452163696289e+00
8.692653179168701172e-01
-1.805274724960327148e+00
-4.151758551597595215e-01
8.155403733253479004e-01
3.031622767448425293e-01
1.107888221740722656e+00
-4.233095645904541016e-01
3.233968019485473633e+00
-3.075200915336608887e-01
1.355438828468322754e-01
3.110387623310089111e-01
-3.163192868232727051e-01
-1.476119041442871094e+00
-3.465112745761871338e-01
1.205306172370910645e+00
1.271140694618225098e+00
-2.411386370658874512e-01
8.437758684158325195e-01
1.841508150100708008e+00
2.263162285089492798e-02
3.120777010917663574e-02
1.043743014335632324e+00
-7.470341324806213379e-01
