8.550011515617370605e-01
-4.165517389774322510e-01
2.466668128967285156e+00
3.362825512886047363e-01
-5.939571857452392578e-01
2.860184669494628906e+00
7.689226865768432617e-01
1.649307250976562500e+00
-4.709694683551788330e-01
4.418388381600379944e-02
-1.116955518722534180e+00
2.488752603530883789e-01
2.526758313179016113e-01
2.308137893676757812e+00
-1.796722173690795898e+00
1.233778595924377441e+00
1.954455494880676270e+00
-1.339115619659423828e+00
1.552363157272338867e+00
9.950261712074279785e-01
-1.738114118576049805e+00
-3.282254040241241455e-01
2.138865709304809570e+00
1.660598665475845337e-01
1.249399781227111816e+00
1.014720916748046875e+00
-3.673327684402465820e+00
3.199056625366210938e+00
-1.295749664306640625e+00
1.597819924354553223e-01
