4.505293667316436768e-01 7.363011240959167480e-01
5.012190341949462891e-02 4.370584487915039062e-01
2.591940015554428101e-02 4.389280676841735840e-01
7.642768025398254395e-01 3.419350981712341309e-01
-6.503306627273559570e-01 -1.003659248352050781e+00
9.732914566993713379e-01 3.935655355453491211e-01
-4.131994247436523438e-01 -5.394424125552177429e-02
-8.783571720123291016e-01 -3.663243651390075684e-01
-6.036845445632934570e-01 -2.166432291269302368e-01
-8.190869092941284180e-01 -1.121557354927062988e+00
-1.087489604949951172e+00 -6.788335442543029785e-01
8.745756745338439941e-01 5.806027650833129883e-01
-2.466072291135787964e-01 1.257380545139312744e-01
1.307250261306762695e+00 1.710510015487670898e+00
3.174800872802734375e-01 -3.379908204078674316e-02
1.340623199939727783e-01 -3.359441757202148438e-01
6.232708096504211426e-01 1.531885862350463867e-01
1.778922677040100098e-01 7.149148583412170410e-01
5.313116908073425293e-01 -3.616767749190330505e-02
5.622596740722656250e-01 9.465858936309814453e-01
5.618056654930114746e-01 -1.513309124857187271e-02
-1.779745817184448242e+00 -1.351593732833862305e+00
1.079233646392822266e+00 5.724536776542663574e-01
-9.980657100677490234e-01 -6.552206277847290039e-01
-5.358948111534118652e-01 -2.062084227800369263e-01
-6.729216873645782471e-02 -5.620923638343811035e-01
8.590820431709289551e-01 3.150256574153900146e-01
1.175232648849487305e+00 1.518236160278320312e+00
-3.123704530298709869e-02 -4.105045497417449951e-01
-4.697807729244232178e-01 -6.108392775058746338e-02
1.169462203979492188e+00 1.556726932525634766e+00
1.212240085005760193e-01 2.873987555503845215e-01
-1.093989014625549316e+00 -4.762788414955139160e-01
-6.075332760810852051e-01 -1.103160738945007324e+00
-9.439934492111206055e-01 -5.270252227783203125e-01
1.420127153396606445e-01 -2.397835701704025269e-01
6.495328545570373535e-01 2.759737670421600342e-01
-5.679146051406860352e-01 6.898731924593448639e-03
-1.548329144716262817e-01 -5.517641901969909668e-01
3.115206956863403320e-01 -4.885270819067955017e-02
