4.278653264045715332e-01 8.788287043571472168e-01
6.749729067087173462e-02 -4.878569245338439941e-01
2.987751662731170654e-01 1.341087222099304199e+00
-2.805132567882537842e-01 -9.753021001815795898e-01
-3.446545302867889404e-01 3.809930682182312012e-01
-5.204735398292541504e-01 -1.339586973190307617e+00
-5.569921731948852539e-01 -1.038731262087821960e-01
-2.045156955718994141e-01 -6.954596638679504395e-01
3.737980723381042480e-01 -1.796212196350097656e-01
9.795193672180175781e-01 3.451547324657440186e-01
-1.485845327377319336e+00 -6.482816934585571289e-01
1.905554533004760742e-01 -4.231749176979064941e-01
-4.158880412578582764e-01 4.606080651283264160e-01
4.009681195020675659e-02 -4.385641217231750488e-01
-3.763812780380249023e-01 1.760971248149871826e-01
-3.691675662994384766e-01 2.273336350917816162e-01
1.872986406087875366e-01 6.718017458915710449e-01
3.729856908321380615e-01 1.004907131195068359e+00
-2.861315151676535606e-04 -8.209372758865356445e-01
9.665883183479309082e-01 4.274893403053283691e-01
-1.064500212669372559e-01 8.926126360893249512e-01
3.171268701553344727e-01 -2.172108292579650879e-01
-4.545939862728118896e-01 1.620662808418273926e-01
7.716484665870666504e-01 3.041221797466278076e-01
4.647938907146453857e-01 1.104454159736633301e+00
7.074992656707763672e-01 1.514355540275573730e+00
1.936048120260238647e-01 -1.350141286849975586e+00
-1.907930374145507812e-01 3.960346579551696777e-01
1.125573277473449707e+00 -1.357356607913970947e-01
-4.343391954898834229e-01 1.427299622446298599e-02
