0.5390625 0.557891845703125 842.0 4825.0 7224.0 1567.0
0.748046875 0.7591644525527954 1447.0 2520.0 9529.0 962.0
0.783203125 0.7744501233100891 1602.0 2454.0 9595.0 807.0
0.79296875 0.7992807030677795 1630.0 2123.0 9926.0 779.0
0.8017578125 0.7985889911651611 1759.0 2262.0 9787.0 650.0
0.8154296875 0.8028081059455872 1807.0 2249.0 9800.0 602.0
0.8359375 0.8124913573265076 1814.0 2116.0 9933.0 595.0
0.8310546875 0.8167104721069336 1843.0 2084.0 9965.0 566.0
0.8330078125 0.821206271648407 1844.0 2020.0 10029.0 565.0
0.8154296875 0.8301286697387695 1834.0 1881.0 10168.0 575.0
0.837890625 0.8288836479187012 1869.0 1934.0 10115.0 540.0
0.8408203125 0.8322036266326904 1872.0 1889.0 10160.0 537.0
0.84375 0.8313044905662537 1909.0 1939.0 10110.0 500.0
0.826171875 0.8337252736091614 1898.0 1893.0 10156.0 511.0
0.8544921875 0.8365610837936401 1899.0 1853.0 10196.0 510.0
0.8466796875 0.8365610837936401 1901.0 1855.0 10194.0 508.0
0.8720703125 0.8343477845191956 1891.0 1877.0 10172.0 518.0
0.8359375 0.8288145065307617 1919.0 1985.0 10064.0 490.0
0.83203125 0.8349010944366455 1913.0 1891.0 10158.0 496.0
0.865234375 0.844376802444458 1916.0 1757.0 10292.0 493.0
