0.474609375 0.4456356465816498 1176.0 6782.0 5267.0 1233.0
0.7265625 0.7044543027877808 1088.0 2952.0 9097.0 1321.0
0.763671875 0.7516945600509644 1093.0 2274.0 9775.0 1316.0
0.77734375 0.7897357940673828 1092.0 1723.0 10326.0 1317.0
0.830078125 0.817747950553894 1081.0 1307.0 10742.0 1328.0
0.837890625 0.8294370174407959 1040.0 1097.0 10952.0 1369.0
0.87109375 0.837875247001648 1027.0 962.0 11087.0 1382.0
0.861328125 0.8379443883895874 1084.0 1018.0 11031.0 1325.0
0.83984375 0.8409185409545898 1132.0 1023.0 11026.0 1277.0
0.849609375 0.8411951661109924 1168.0 1055.0 10994.0 1241.0
0.85546875 0.8418176770210266 1198.0 1076.0 10973.0 1211.0
0.830078125 0.8452759981155396 1200.0 1028.0 11021.0 1209.0
0.869140625 0.8443076610565186 1219.0 1061.0 10988.0 1190.0
0.83984375 0.8430626392364502 1238.0 1098.0 10951.0 1171.0
0.861328125 0.8443076610565186 1249.0 1091.0 10958.0 1160.0
0.859375 0.8450684547424316 1290.0 1121.0 10928.0 1119.0
0.8515625 0.8455526232719421 1286.0 1110.0 10939.0 1123.0
0.859375 0.8443076610565186 1343.0 1185.0 10864.0 1066.0
0.833984375 0.8445151448249817 1310.0 1149.0 10900.0 1099.0
0.86328125 0.8471434712409973 1308.0 1109.0 10940.0 1101.0
0.869140625 0.8455526232719421 1347.0 1171.0 10878.0 1062.0
0.865234375 0.8490800857543945 1344.0 1117.0 10932.0 1065.0
0.87109375 0.8476967811584473 1321.0 1114.0 10935.0 1088.0
0.83984375 0.8467284440994263 1353.0 1160.0 10889.0 1056.0
0.83203125 0.8479734659194946 1353.0 1142.0 10907.0 1056.0
0.84375 0.8462442755699158 1364.0 1178.0 10871.0 1045.0
0.869140625 0.848595917224884 1357.0 1137.0 10912.0 1052.0
0.876953125 0.8467976450920105 1382.0 1188.0 10861.0 1027.0
0.853515625 0.8467976450920105 1390.0 1196.0 10853.0 1019.0
0.84375 0.8499100804328918 1397.0 1158.0 10891.0 1012.0
0.84375 0.8485267758369446 1390.0 1171.0 10878.0 1019.0
0.85546875 0.8493567705154419 1401.0 1170.0 10879.0 1008.0
0.86328125 0.8454142808914185 1412.0 1238.0 10811.0 997.0
0.875 0.8456218242645264 1429.0 1252.0 10797.0 980.0
0.875 0.8464518189430237 1394.0 1205.0 10844.0 1015.0
0.84765625 0.8476276397705078 1404.0 1198.0 10851.0 1005.0
0.85546875 0.8465209603309631 1405.0 1215.0 10834.0 1004.0
0.857421875 0.8457601070404053 1416.0 1237.0 10812.0 993.0
0.83984375 0.8470742702484131 1405.0 1207.0 10842.0 1004.0
0.85546875 0.8471434712409973 1419.0 1220.0 10829.0 990.0
0.8515625 0.848595917224884 1415.0 1195.0 10854.0 994.0
0.865234375 0.8503942489624023 1407.0 1161.0 10888.0 1002.0
0.86328125 0.8465209603309631 1446.0 1256.0 10793.0 963.0
0.8359375 0.8456218242645264 1466.0 1289.0 10760.0 943.0
0.87109375 0.8503942489624023 1423.0 1177.0 10872.0 986.0
0.86328125 0.8463134765625 1469.0 1282.0 10767.0 940.0
0.876953125 0.8492184281349182 1449.0 1220.0 10829.0 960.0
0.853515625 0.8501867651939392 1455.0 1212.0 10837.0 954.0
0.857421875 0.8528150320053101 1431.0 1150.0 10899.0 978.0
0.88671875 0.8484575748443604 1467.0 1249.0 10800.0 942.0
0.875 0.8504633903503418 1477.0 1230.0 10819.0 932.0
0.857421875 0.8530917167663574 1444.0 1159.0 10890.0 965.0
0.904296875 0.8510167598724365 1453.0 1198.0 10851.0 956.0
0.880859375 0.851500928401947 1462.0 1200.0 10849.0 947.0
0.859375 0.8499100804328918 1459.0 1220.0 10829.0 950.0
0.869140625 0.850532591342926 1464.0 1216.0 10833.0 945.0
