0.478515625 0.47641444206237793 1430.0 6591.0 5458.0 979.0
0.736328125 0.7469221353530884 1664.0 2914.0 9135.0 745.0
0.7939453125 0.775210976600647 1750.0 2591.0 9458.0 659.0
0.7900390625 0.7686402201652527 1866.0 2802.0 9247.0 543.0
0.7919921875 0.7833033800125122 1917.0 2641.0 9408.0 492.0
0.7939453125 0.7849633693695068 1949.0 2649.0 9400.0 460.0
0.81640625 0.8032922744750977 1934.0 2369.0 9680.0 475.0
0.8203125 0.8043989539146423 1954.0 2373.0 9676.0 455.0
0.833984375 0.8191312551498413 1919.0 2125.0 9924.0 490.0
0.8408203125 0.8147737979888916 1950.0 2219.0 9830.0 459.0
0.8408203125 0.8143588304519653 1984.0 2259.0 9790.0 425.0
0.828125 0.8133904933929443 2032.0 2321.0 9728.0 377.0
0.841796875 0.8329644203186035 1928.0 1934.0 10115.0 481.0
0.8388671875 0.8372527360916138 1970.0 1914.0 10135.0 439.0
0.84375 0.8304744958877563 1971.0 2013.0 10036.0 438.0
0.84375 0.8374602198600769 1955.0 1896.0 10153.0 454.0
0.85546875 0.833448588848114 1983.0 1982.0 10067.0 426.0
0.8330078125 0.8314427733421326 2004.0 2032.0 10017.0 405.0
0.84765625 0.8324803113937378 2012.0 2025.0 10024.0 397.0
0.8369140625 0.8290911316871643 2031.0 2093.0 9956.0 378.0
0.8564453125 0.8492184281349182 1966.0 1737.0 10312.0 443.0
0.8515625 0.8339327573776245 2026.0 2018.0 10031.0 383.0
0.833984375 0.8243879079818726 2057.0 2187.0 9862.0 352.0
0.85546875 0.8384285569190979 2020.0 1947.0 10102.0 389.0
0.85546875 0.8467284440994263 2017.0 1824.0 10225.0 392.0
0.8359375 0.8388435244560242 2010.0 1931.0 10118.0 399.0
0.841796875 0.8413335084915161 2024.0 1909.0 10140.0 385.0
0.857421875 0.845345139503479 2002.0 1829.0 10220.0 407.0
0.8583984375 0.8454142808914185 2025.0 1851.0 10198.0 384.0
0.8623046875 0.8394660353660583 2026.0 1938.0 10111.0 383.0
0.85546875 0.844791829586029 2032.0 1867.0 10182.0 377.0
0.8642578125 0.8409185409545898 2037.0 1928.0 10121.0 372.0
0.861328125 0.8430626392364502 2044.0 1904.0 10145.0 365.0
0.8642578125 0.8402268886566162 2028.0 1929.0 10120.0 381.0
0.8759765625 0.8475584387779236 2029.0 1824.0 10225.0 380.0
0.876953125 0.8529533743858337 2017.0 1734.0 10315.0 392.0
0.841796875 0.8466593027114868 2048.0 1856.0 10193.0 361.0
0.86328125 0.8481117486953735 2030.0 1817.0 10232.0 379.0
0.8271484375 0.8512933850288391 2030.0 1771.0 10278.0 379.0
0.8701171875 0.84686678647995 2017.0 1822.0 10227.0 392.0
0.861328125 0.8501867651939392 2024.0 1781.0 10268.0 385.0
0.86328125 0.8399502038955688 2033.0 1938.0 10111.0 376.0
0.8486328125 0.8472126126289368 2036.0 1836.0 10213.0 373.0
0.875 0.8529533743858337 2007.0 1724.0 10325.0 402.0
0.8828125 0.8516392111778259 2006.0 1742.0 10307.0 403.0
0.8583984375 0.8540600538253784 2011.0 1712.0 10337.0 398.0
0.8662109375 0.8476276397705078 2028.0 1822.0 10227.0 381.0
