0.560546875 0.5769816040992737 1172.0 4879.0 7170.0 1237.0
0.767578125 0.7409738302230835 1538.0 2874.0 9175.0 871.0
0.755859375 0.7696084976196289 1558.0 2480.0 9569.0 851.0
0.759765625 0.7726517915725708 1619.0 2497.0 9552.0 790.0
0.791015625 0.7854474782943726 1667.0 2360.0 9689.0 742.0
0.775390625 0.7828883528709412 1729.0 2459.0 9590.0 680.0
0.8203125 0.7858625054359436 1777.0 2464.0 9585.0 632.0
0.79296875 0.7904274463653564 1766.0 2387.0 9662.0 643.0
0.830078125 0.8012864589691162 1808.0 2272.0 9777.0 601.0
0.828125 0.8082030415534973 1758.0 2122.0 9927.0 651.0
0.80859375 0.8106930255889893 1770.0 2098.0 9951.0 639.0
0.8125 0.8047447800636292 1839.0 2253.0 9796.0 570.0
0.828125 0.8158113360404968 1784.0 2038.0 10011.0 625.0
0.841796875 0.8079955577850342 1829.0 2196.0 9853.0 580.0
0.8046875 0.8064739108085632 1868.0 2257.0 9792.0 541.0
0.80859375 0.8103471994400024 1815.0 2148.0 9901.0 594.0
0.82421875 0.8156729936599731 1848.0 2104.0 9945.0 561.0
0.86328125 0.8141513466835022 1839.0 2117.0 9932.0 570.0
0.833984375 0.8145663142204285 1888.0 2160.0 9889.0 521.0
0.826171875 0.819684624671936 1835.0 2033.0 10016.0 574.0
0.830078125 0.8159496188163757 1840.0 2092.0 9957.0 569.0
0.83984375 0.8194770812988281 1859.0 2060.0 9989.0 550.0
0.841796875 0.8191312551498413 1858.0 2064.0 9985.0 551.0
0.8515625 0.8185779452323914 1840.0 2054.0 9995.0 569.0
0.859375 0.8077189326286316 1899.0 2270.0 9779.0 510.0
0.8359375 0.8129755258560181 1901.0 2196.0 9853.0 508.0
0.845703125 0.8221745491027832 1858.0 2020.0 10029.0 551.0
0.880859375 0.8188546299934387 1882.0 2092.0 9957.0 527.0
0.849609375 0.829644501209259 1827.0 1881.0 10168.0 582.0
0.857421875 0.8270853757858276 1812.0 1903.0 10146.0 597.0
0.8359375 0.8189237713813782 1913.0 2122.0 9927.0 496.0
0.892578125 0.8230045437812805 1869.0 2019.0 10030.0 540.0
0.83984375 0.8282611966133118 1892.0 1966.0 10083.0 517.0
0.8203125 0.8176096081733704 1892.0 2120.0 9929.0 517.0
0.8515625 0.8228662610054016 1893.0 2045.0 10004.0 516.0
0.873046875 0.836906909942627 1833.0 1782.0 10267.0 576.0
0.83203125 0.8194770812988281 1923.0 2124.0 9925.0 486.0
0.841796875 0.8275694847106934 1880.0 1964.0 10085.0 529.0
0.83984375 0.8241112232208252 1868.0 2002.0 10047.0 541.0
0.828125 0.8320652842521667 1859.0 1878.0 10171.0 550.0
0.830078125 0.8166413307189941 1953.0 2195.0 9854.0 456.0
0.859375 0.8329644203186035 1851.0 1857.0 10192.0 558.0
0.857421875 0.8390510678291321 1835.0 1753.0 10296.0 574.0
0.80859375 0.8158113360404968 1925.0 2179.0 9870.0 484.0
0.85546875 0.8207221031188965 1885.0 2068.0 9981.0 524.0
0.849609375 0.8266012072563171 1911.0 2009.0 10040.0 498.0
0.876953125 0.83116614818573 1841.0 1873.0 10176.0 568.0
0.85546875 0.8299903273582458 1897.0 1946.0 10103.0 512.0
0.845703125 0.8294370174407959 1888.0 1945.0 10104.0 521.0
0.83203125 0.836906909942627 1842.0 1791.0 10258.0 567.0
0.8359375 0.8360769152641296 1829.0 1790.0 10259.0 580.0
0.8359375 0.8327569365501404 1872.0 1881.0 10168.0 537.0
0.861328125 0.8126988410949707 1937.0 2236.0 9813.0 472.0
0.833984375 0.832134485244751 1869.0 1887.0 10162.0 540.0
0.87109375 0.8384976983070374 1853.0 1779.0 10270.0 556.0
0.869140625 0.8365610837936401 1843.0 1797.0 10252.0 566.0
0.85546875 0.8249412178993225 1894.0 2016.0 10033.0 515.0
0.857421875 0.8265320062637329 1881.0 1980.0 10069.0 528.0
0.86328125 0.8266012072563171 1909.0 2007.0 10042.0 500.0
0.845703125 0.8379443883895874 1826.0 1760.0 10289.0 583.0
0.853515625 0.8277770280838013 1899.0 1980.0 10069.0 510.0
0.861328125 0.8358694314956665 1853.0 1817.0 10232.0 556.0
0.84765625 0.8437543511390686 1829.0 1679.0 10370.0 580.0
0.8515625 0.8333794474601746 1852.0 1852.0 10197.0 557.0
0.85546875 0.8335869312286377 1891.0 1888.0 10161.0 518.0
0.861328125 0.8314427733421326 1880.0 1908.0 10141.0 529.0
0.8671875 0.8149121403694153 1915.0 2182.0 9867.0 494.0
0.865234375 0.827707827091217 1893.0 1975.0 10074.0 516.0
0.845703125 0.8367685675621033 1876.0 1827.0 10222.0 533.0
0.83203125 0.8307511210441589 1907.0 1945.0 10104.0 502.0
0.8515625 0.8373910784721375 1882.0 1824.0 10225.0 527.0
0.833984375 0.8331027626991272 1920.0 1924.0 10125.0 489.0
0.880859375 0.8337944149971008 1888.0 1882.0 10167.0 521.0
0.859375 0.8357310891151428 1902.0 1868.0 10181.0 507.0
0.86328125 0.8342094421386719 1880.0 1868.0 10181.0 529.0
0.83984375 0.8310278058052063 1925.0 1959.0 10090.0 484.0
0.875 0.8322036266326904 1875.0 1892.0 10157.0 534.0
0.875 0.8340710997581482 1862.0 1852.0 10197.0 547.0
0.85546875 0.8420251607894897 1845.0 1720.0 10329.0 564.0
0.859375 0.8345552682876587 1869.0 1852.0 10197.0 540.0
0.875 0.8322036266326904 1879.0 1896.0 10153.0 530.0
0.849609375 0.8438234925270081 1842.0 1691.0 10358.0 567.0
0.859375 0.8287453055381775 1915.0 1982.0 10067.0 494.0
0.859375 0.8342785835266113 1889.0 1876.0 10173.0 520.0
