0.4580078125 0.4334624409675598 1270.0 7052.0 4997.0 1139.0
0.6962890625 0.6888228058815002 890.0 2980.0 9069.0 1519.0
0.76171875 0.74567711353302 943.0 2211.0 9838.0 1466.0
0.779296875 0.7777009010314941 937.0 1742.0 10307.0 1472.0
0.7939453125 0.7992807030677795 888.0 1381.0 10668.0 1521.0
0.828125 0.8172637820243835 875.0 1108.0 10941.0 1534.0
0.8251953125 0.8277770280838013 860.0 941.0 11108.0 1549.0
0.837890625 0.8337252736091614 854.0 849.0 11200.0 1555.0
0.83984375 0.8371835947036743 894.0 839.0 11210.0 1515.0
0.8447265625 0.8402960300445557 912.0 812.0 11237.0 1497.0
0.8583984375 0.8421635031700134 936.0 809.0 11240.0 1473.0
0.8427734375 0.8429934978485107 961.0 822.0 11227.0 1448.0
0.841796875 0.8446534872055054 971.0 808.0 11241.0 1438.0
0.8408203125 0.8461059331893921 983.0 799.0 11250.0 1426.0
0.84765625 0.8467284440994263 1009.0 816.0 11233.0 1400.0
0.8388671875 0.8481809496879578 1019.0 805.0 11244.0 1390.0
0.841796875 0.8476276397705078 1042.0 836.0 11213.0 1367.0
0.849609375 0.8485267758369446 1048.0 829.0 11220.0 1361.0
0.8583984375 0.8492875695228577 1054.0 824.0 11225.0 1355.0
0.8388671875 0.8484575748443604 1078.0 860.0 11189.0 1331.0
0.841796875 0.8492184281349182 1079.0 850.0 11199.0 1330.0
0.849609375 0.8504633903503418 1088.0 841.0 11208.0 1321.0
0.8525390625 0.8491492867469788 1091.0 863.0 11186.0 1318.0
0.8564453125 0.8497025966644287 1116.0 880.0 11169.0 1293.0
0.865234375 0.8516392111778259 1104.0 840.0 11209.0 1305.0
0.8740234375 0.8503942489624023 1117.0 871.0 11178.0 1292.0
0.86328125 0.8511550426483154 1117.0 860.0 11189.0 1292.0
0.8466796875 0.8506017327308655 1133.0 884.0 11165.0 1276.0
0.8759765625 0.8510167598724365 1137.0 882.0 11167.0 1272.0
0.8564453125 0.8512933850288391 1152.0 893.0 11156.0 1257.0
0.8740234375 0.852054238319397 1148.0 878.0 11171.0 1261.0
0.86328125 0.8512933850288391 1160.0 901.0 11148.0 1249.0
0.853515625 0.8512242436408997 1165.0 907.0 11142.0 1244.0
0.8671875 0.8510167598724365 1154.0 899.0 11150.0 1255.0
0.8759765625 0.851500928401947 1161.0 899.0 11150.0 1248.0
0.86328125 0.8522617220878601 1168.0 895.0 11154.0 1241.0
0.8623046875 0.8528842329978943 1173.0 891.0 11158.0 1236.0
0.873046875 0.8533684015274048 1180.0 891.0 11158.0 1229.0
0.8505859375 0.8528150320053101 1183.0 902.0 11147.0 1226.0
0.8740234375 0.8530917167663574 1188.0 903.0 11146.0 1221.0
0.86328125 0.8535066843032837 1185.0 894.0 11155.0 1224.0
0.8642578125 0.8540600538253784 1184.0 885.0 11164.0 1225.0
