0.400390625 0.4101535379886627 1441.0 7560.0 4489.0 968.0
0.734375 0.7160741686820984 1153.0 2849.0 9200.0 1256.0
0.7421875 0.7382763624191284 1217.0 2592.0 9457.0 1192.0
0.744140625 0.764282763004303 1264.0 2263.0 9786.0 1145.0
0.794921875 0.7933323979377747 1222.0 1801.0 10248.0 1187.0
0.8046875 0.8070964217185974 1193.0 1573.0 10476.0 1216.0
0.833984375 0.8189237713813782 1198.0 1407.0 10642.0 1211.0
0.814453125 0.8170562982559204 1239.0 1475.0 10574.0 1170.0
0.853515625 0.8251487016677856 1243.0 1362.0 10687.0 1166.0
0.857421875 0.8270853757858276 1310.0 1401.0 10648.0 1099.0
0.822265625 0.824457049369812 1346.0 1475.0 10574.0 1063.0
0.833984375 0.8340710997581482 1325.0 1315.0 10734.0 1084.0
0.83203125 0.8308203220367432 1363.0 1400.0 10649.0 1046.0
0.8203125 0.8324803113937378 1365.0 1378.0 10671.0 1044.0
0.82421875 0.8322036266326904 1368.0 1385.0 10664.0 1041.0
0.8203125 0.8342785835266113 1366.0 1353.0 10696.0 1043.0
0.828125 0.8312352895736694 1404.0 1435.0 10614.0 1005.0
0.845703125 0.8367685675621033 1386.0 1337.0 10712.0 1023.0
0.859375 0.8342094421386719 1414.0 1402.0 10647.0 995.0
0.8515625 0.835938572883606 1419.0 1382.0 10667.0 990.0
0.841796875 0.8364918828010559 1423.0 1378.0 10671.0 986.0
0.859375 0.8385668992996216 1415.0 1340.0 10709.0 994.0
0.822265625 0.836906909942627 1443.0 1392.0 10657.0 966.0
0.84375 0.8350394368171692 1454.0 1430.0 10619.0 955.0
0.833984375 0.838636040687561 1430.0 1354.0 10695.0 979.0
0.86328125 0.8365610837936401 1449.0 1403.0 10646.0 960.0
0.869140625 0.8357310891151428 1455.0 1421.0 10628.0 954.0
0.8671875 0.8420251607894897 1425.0 1300.0 10749.0 984.0
0.84765625 0.8380827307701111 1455.0 1387.0 10662.0 954.0
0.84375 0.8369760513305664 1467.0 1415.0 10634.0 942.0
0.8359375 0.8387052416801453 1466.0 1389.0 10660.0 943.0
0.841796875 0.8371143937110901 1473.0 1419.0 10630.0 936.0
0.814453125 0.838636040687561 1501.0 1425.0 10624.0 908.0
0.8671875 0.8395351767539978 1478.0 1389.0 10660.0 931.0
0.845703125 0.8396735191345215 1487.0 1396.0 10653.0 922.0
0.833984375 0.838636040687561 1488.0 1412.0 10637.0 921.0
0.86328125 0.8352469205856323 1519.0 1492.0 10557.0 890.0
0.86328125 0.8400193452835083 1476.0 1380.0 10669.0 933.0
0.85546875 0.8389818668365479 1484.0 1403.0 10646.0 925.0
0.8515625 0.8400193452835083 1474.0 1378.0 10671.0 935.0
0.853515625 0.837875247001648 1501.0 1436.0 10613.0 908.0
0.86328125 0.8404343724250793 1483.0 1381.0 10668.0 926.0
0.814453125 0.83766770362854 1512.0 1450.0 10599.0 897.0
0.857421875 0.8374602198600769 1529.0 1470.0 10579.0 880.0
0.83203125 0.8432009816169739 1490.0 1348.0 10701.0 919.0
0.85546875 0.8432009816169739 1484.0 1342.0 10707.0 925.0
0.87109375 0.8402960300445557 1530.0 1430.0 10619.0 879.0
0.841796875 0.8412643671035767 1517.0 1403.0 10646.0 892.0
0.8515625 0.8407109975814819 1536.0 1430.0 10619.0 873.0
0.830078125 0.8389127254486084 1547.0 1467.0 10582.0 862.0
0.828125 0.8418868184089661 1509.0 1386.0 10663.0 900.0
0.859375 0.8429934978485107 1530.0 1391.0 10658.0 879.0
0.865234375 0.8396735191345215 1542.0 1451.0 10598.0 867.0
0.841796875 0.8449993133544922 1514.0 1346.0 10703.0 895.0
0.861328125 0.8418176770210266 1527.0 1405.0 10644.0 882.0
0.83984375 0.8412643671035767 1559.0 1445.0 10604.0 850.0
0.87109375 0.8398118615150452 1523.0 1430.0 10619.0 886.0
0.89453125 0.8419560194015503 1536.0 1412.0 10637.0 873.0
0.85546875 0.838636040687561 1567.0 1491.0 10558.0 842.0
0.8671875 0.8423709869384766 1559.0 1429.0 10620.0 850.0
0.87109375 0.844791829586029 1540.0 1375.0 10674.0 869.0
0.85546875 0.8441693186759949 1566.0 1410.0 10639.0 843.0
0.861328125 0.8415409922599792 1569.0 1451.0 10598.0 840.0
0.84375 0.8442384600639343 1558.0 1401.0 10648.0 851.0
0.830078125 0.8422326445579529 1575.0 1447.0 10602.0 834.0
0.85546875 0.8441693186759949 1578.0 1422.0 10627.0 831.0
0.87109375 0.8457601070404053 1539.0 1360.0 10689.0 870.0
0.8515625 0.8459676504135132 1570.0 1388.0 10661.0 839.0
0.83984375 0.8445151448249817 1560.0 1399.0 10650.0 849.0
0.865234375 0.8463826179504395 1566.0 1378.0 10671.0 843.0
0.873046875 0.8469359278678894 1568.0 1372.0 10677.0 841.0
0.8515625 0.8449993133544922 1586.0 1418.0 10631.0 823.0
0.865234375 0.844791829586029 1582.0 1417.0 10632.0 827.0
0.875 0.8436160087585449 1584.0 1436.0 10613.0 825.0
0.87890625 0.8467976450920105 1566.0 1372.0 10677.0 843.0
0.873046875 0.8441001772880554 1568.0 1413.0 10636.0 841.0
0.865234375 0.8455526232719421 1554.0 1378.0 10671.0 855.0
0.857421875 0.8447226285934448 1570.0 1406.0 10643.0 839.0
0.845703125 0.8444460034370422 1586.0 1426.0 10623.0 823.0
0.845703125 0.8452759981155396 1558.0 1386.0 10663.0 851.0
