1.111520528793334961e+00 4.001515388488769531e+00 5.569133758544921875e-01 -1.198911219835281372e-01 2.651576519012451172e+00 4.692302227020263672e+00 -4.524523258209228516e+00 4.312440395355224609e+00 -1.395694017410278320e+00 1.715791106224060059e+00 2.612693309783935547e+00 -2.005465745925903320e+00 2.650660991668701172e+00 -9.911630153656005859e-01 3.463164567947387695e+00 2.070736646652221680e+00 2.253125190734863281e+00 2.202264070510864258e+00 -9.310182332992553711e-01 3.345993041992187500e+00
1.345490813255310059e-01 1.848057627677917480e+00 -2.631420612335205078e+00 -5.226242542266845703e+00 3.938843905925750732e-01 -4.947812080383300781e+00 1.499587535858154297e+00 1.100768327713012695e+00 1.139776825904846191e+00 -2.730107784271240234e+00 -2.180511236190795898e+00 4.799263954162597656e+00 2.298851966857910156e+00 3.337598741054534912e-01 1.836935997009277344e+00 -2.319294929504394531e+00 -4.779839038848876953e+00 -3.576128959655761719e+00 3.139650821685791016e-01 -2.973316013813018799e-01
-4.153778553009033203e+00 1.343090176582336426e+00 1.520419955253601074e+00 -2.165046215057373047e+00 -3.071789741516113281e+00 8.032011389732360840e-01 -1.692307353019714355e+00 -2.362230539321899414e+00 -7.116707563400268555e-01 -1.784873366355895996e+00 1.791812419891357422e+00 -1.713106393814086914e+00 -1.767873644828796387e+00 -1.528754234313964844e-01 -1.179930686950683594e+00 5.573307514190673828e+00 -2.000919818878173828e+00 -2.416500568389892578e+00 -1.819701433181762695e+00 -2.934384822845458984e+00
1.544656753540039062e+00 4.458847999572753906e+00 4.633419036865234375e+00 8.323233127593994141e-01 2.468266963958740234e+00 -4.015104293823242188e+00 2.961806058883666992e+00 -1.119816303253173828e+00 2.727792024612426758e+00 -7.882892340421676636e-02 1.262413382530212402e+00 1.797468781471252441e+00 2.656999588012695312e+00 -1.626439332962036133e+00 1.752416610717773438e+00 -2.946755886077880859e+00 2.443394422531127930e+00 -5.607872009277343750e-01 2.820305526256561279e-01 2.199563264846801758e+00
1.717931747436523438e+00 2.420454740524291992e+00 -1.868835568428039551e+00 -3.755627155303955078e+00 -1.805348157882690430e+00 4.734085083007812500e+00 2.944570064544677734e+00 4.740276336669921875e+00 -3.784593820571899414e+00 8.108967542648315430e-01 -3.365562438964843750e+00 2.135869026184082031e+00 2.084465980529785156e+00 -2.770833730697631836e+00 9.193316102027893066e-01 7.898162305355072021e-02 -4.385028779506683350e-01 2.630169153213500977e+00 -1.194494366645812988e+00 -1.577801585197448730e+00
7.699994444847106934e-01 2.543986082077026367e+00 7.600055932998657227e-01 -4.287174224853515625e+00 4.149106740951538086e-01 5.146160125732421875e+00 -3.993892371654510498e-01 3.231301784515380859e+00 2.620797634124755859e+00 3.588008165359497070e+00 -2.207746744155883789e+00 6.152515888214111328e+00 5.915459632873535156e+00 3.964502811431884766e+00 -5.319630146026611328e+00 1.173006057739257812e+00 -9.954719543457031250e-01 -3.250671148300170898e+00 -2.986326456069946289e+00 5.646916389465332031e+00
-2.252596914768218994e-01 2.309971332550048828e+00 4.506965875625610352e-01 2.240901947021484375e+00 5.348866462707519531e+00 -4.576594829559326172e+00 -3.907912015914916992e+00 8.124084770679473877e-02 -5.933120250701904297e+00 -5.140348911285400391e+00 -7.105161249637603760e-02 4.860546588897705078e+00 1.529963254928588867e+00 -2.508829832077026367e+00 4.510466754436492920e-01 -2.795724391937255859e+00 -5.317253112792968750e+00 -5.238224506378173828e+00 -1.730333447456359863e+00 -1.636207103729248047e-01
-7.021514177322387695e-01 2.378878593444824219e+00 4.274130344390869141e+00 -1.128142833709716797e+00 2.310355156660079956e-01 2.846371889114379883e+00 2.074194669723510742e+00 -4.158534526824951172e+00 6.563635826110839844e+00 -1.775637269020080566e+00 6.268925666809082031e-01 6.786371469497680664e-01 1.592917591333389282e-01 7.821037769317626953e-01 -7.723035216331481934e-01 -2.115253210067749023e+00 2.019047975540161133e+00 1.323730468750000000e+00 3.964790105819702148e+00 -4.881180763244628906e+00
1.425354599952697754e+00 2.576196908950805664e+00 4.676110744476318359e+00 2.564422845840454102e+00 -3.579492568969726562e+00 9.366112947463989258e-01 8.471179604530334473e-01 -3.098364591598510742e+00 -1.407526254653930664e+00 -1.186878800392150879e+00 3.622359275817871094e+00 -6.947899818420410156e+00 1.354001402854919434e+00 -3.134660720825195312e+00 -6.534444332122802734e+00 -6.954945921897888184e-01 1.915220022201538086e+00 5.260346412658691406e+00 -4.018660068511962891e+00 -2.120797634124755859e+00
5.524188876152038574e-01 -1.740745782852172852e+00 -3.912690162658691406e+00 -7.649829387664794922e+00 8.574724197387695312e-01 -2.232227325439453125e+00 -2.794862389564514160e-01 -3.937840700149536133e+00 -4.931336343288421631e-01 -1.600737214088439941e+00 7.744782567024230957e-01 -1.072787404060363770e+00 -2.207703828811645508e+00 1.026653409004211426e+00 2.305724620819091797e+00 -7.569176554679870605e-01 -3.220099210739135742e+00 -2.986814737319946289e+00 4.784163951873779297e+00 -6.060302734375000000e+00
-2.630160331726074219e+00 -3.031894207000732422e+00 1.801614761352539062e+00 -4.244915485382080078e+00 -2.079387903213500977e+00 4.763565659523010254e-01 3.818489074707031250e+00 2.389569997787475586e+00 -4.676095962524414062e+00 -4.430001258850097656e+00 -2.990934610366821289e+00 1.217766880989074707e+00 -3.726731061935424805e+00 -1.182331219315528870e-01 1.168918132781982422e+00 2.791864633560180664e+00 1.400579333305358887e+00 -8.923173546791076660e-01 -2.683804512023925781e+00 6.869134306907653809e-01
-1.955132007598876953e+00 2.891955137252807617e+00 -3.922618627548217773e+00 9.984855055809020996e-01 9.074904322624206543e-01 9.633751511573791504e-01 -2.772596120834350586e+00 8.873195201158523560e-02 1.456395268440246582e+00 2.751836776733398438e+00 -1.803205728530883789e+00 9.883782267570495605e-01 2.816521883010864258e+00 4.162535667419433594e-01 -1.459826111793518066e+00 -5.266488790512084961e-01 2.889633417129516602e+00 2.104964017868041992e+00 -3.756579637527465820e+00 -5.240900039672851562e+00
1.229727029800415039e+00 -4.189937591552734375e+00 -7.198001146316528320e-01 -1.811417341232299805e+00 -2.005763053894042969e+00 1.454368382692337036e-01 2.865777254104614258e+00 3.726460337638854980e-01 -5.454325675964355469e-01 4.341890811920166016e+00 1.915097236633300781e+00 1.081478595733642578e+00 -3.920387029647827148e-01 3.814441680908203125e+00 -4.552799701690673828e+00 3.747894167900085449e-01 3.356027305126190186e-01 1.934866786003112793e+00 2.765167474746704102e+00 1.584727466106414795e-01
-3.619920015335083008e+00 2.169089317321777344e+00 -4.323276519775390625e+00 -4.352331161499023438e+00 -1.049178123474121094e+00 3.311936140060424805e+00 -9.075744152069091797e-01 2.820810794830322266e+00 1.791999101638793945e+00 5.203359603881835938e+00 -4.068089962005615234e+00 -4.418070316314697266e+00 -1.951742619276046753e-01 -1.584894299507141113e+00 -1.128715872764587402e+00 5.228677272796630859e+00 4.598840713500976562e+00 -4.746229171752929688e+00 4.971580028533935547e+00 -2.901393413543701172e+00
-1.774946808815002441e+00 2.752067327499389648e+00 -3.342114090919494629e-01 7.420011758804321289e-01 -5.114243626594543457e-01 -2.143109142780303955e-01 3.159572839736938477e+00 4.513686180114746094e+00 1.108998656272888184e+00 -8.403707742691040039e-01 -7.278328537940979004e-01 -1.140523195266723633e+00 -5.410417556762695312e+00 3.556463718414306641e+00 -1.788861513137817383e+00 3.121172666549682617e+00 -1.762332439422607422e+00 3.975231647491455078e+00 7.929241061210632324e-01 -5.288568019866943359e+00
-6.610631942749023438e+00 5.648228645324707031e+00 1.393717646598815918e+00 -3.674845397472381592e-01 2.547444581985473633e+00 -5.314379692077636719e+00 -1.475383341312408447e-01 2.900358676910400391e+00 8.315140008926391602e-01 2.656543016433715820e+00 -2.330719947814941406e+00 5.597873404622077942e-02 1.921479105949401855e+00 2.077514171600341797e+00 -2.631427764892578125e+00 -1.322110652923583984e+00 3.383596181869506836e+00 -2.594719171524047852e+00 -3.869319677352905273e+00 -8.892040848731994629e-01
1.296851873397827148e+00 7.198138236999511719e-01 -1.271579861640930176e+00 5.713109672069549561e-02 -4.160477638244628906e+00 -4.857712686061859131e-01 -1.740829706192016602e+00 5.999597311019897461e-01 6.805603951215744019e-02 -1.246578931808471680e+00 2.881071805953979492e+00 -1.809203743934631348e+00 -4.628311157226562500e+00 6.259785890579223633e-01 -1.303588271141052246e+00 1.896232962608337402e+00 2.340269327163696289e+00 -2.633431673049926758e+00 9.139765501022338867e-01 -2.987957715988159180e+00
-2.653387784957885742e+00 2.454683542251586914e+00 2.411184549331665039e+00 3.643315553665161133e+00 1.334100604057312012e+00 -6.864171981811523438e+00 -2.549170970916748047e+00 1.567200064659118652e+00 4.186906814575195312e+00 -5.099540948867797852e-01 -4.860471189022064209e-01 -1.904687285423278809e+00 -1.687413930892944336e+00 5.450462341308593750e+00 -2.011777400970458984e+00 3.404129743576049805e-01 -2.790296316146850586e+00 -1.862386465072631836e+00 -1.182875990867614746e+00 3.950785160064697266e+00
1.500059723854064941e+00 3.524127960205078125e+00 4.491105556488037109e+00 2.959658384323120117e+00 8.454748988151550293e-01 2.606396675109863281e+00 -9.351065158843994141e-01 9.267801642417907715e-01 -2.681477665901184082e-01 -6.485051512718200684e-01 -1.989052891731262207e-01 2.595359086990356445e+00 2.248183041810989380e-01 -8.447892069816589355e-01 -1.001360774040222168e+00 -1.548076987266540527e+00 -6.593484282493591309e-01 1.256042838096618652e+00 -6.882544755935668945e-01 -3.452301740646362305e+00
-1.771928787231445312e+00 -2.665913581848144531e+00 2.958295822143554688e+00 -1.493072390556335449e+00 1.109607219696044922e+00 -9.446609616279602051e-01 6.334047019481658936e-02 -3.083259761333465576e-01 -2.132677555084228516e+00 -1.238849535584449768e-01 -3.965588510036468506e-01 1.125013530254364014e-01 2.510210752487182617e+00 3.674778461456298828e+00 -1.574919968843460083e-01 3.345887660980224609e+00 -5.642642021179199219e+00 -1.381395816802978516e+00 3.134792566299438477e+00 -1.660931348800659180e+00
-4.658298969268798828e+00 -1.719031214714050293e+00 1.099073290824890137e+00 3.510823011398315430e+00 7.511597871780395508e-01 -2.641820192337036133e+00 -5.791711807250976562e-01 3.833853721618652344e+00 9.318692982196807861e-02 1.853706240653991699e-01 2.679456949234008789e+00 -1.351771473884582520e+00 1.239430785179138184e+00 4.447333335876464844e+00 -1.621269702911376953e+00 1.647795438766479492e+00 9.435701370239257812e-01 -2.882541894912719727e+00 -4.000162124633789062e+00 7.937261462211608887e-01
-5.466162562370300293e-01 3.859656572341918945e+00 -1.984736323356628418e+00 3.397247791290283203e-01 -2.000602960586547852e+00 -6.583387255668640137e-01 2.540271282196044922e+00 -9.305693507194519043e-01 5.304313302040100098e-01 1.904039144515991211e+00 -3.021959304809570312e+00 3.400020837783813477e+00 -2.035095453262329102e+00 5.840917229652404785e-01 4.306675493717193604e-02 2.497644424438476562e+00 -3.105503022670745850e-01 -6.700140237808227539e-01 -4.035072326660156250e+00 1.309259891510009766e+00
-3.750377655029296875e+00 -1.915593266487121582e+00 3.980738401412963867e+00 1.864829778671264648e+00 -1.520511746406555176e+00 -3.667670488357543945e-01 7.072285413742065430e-01 1.121933102607727051e+00 8.890348076820373535e-01 4.346045553684234619e-01 -2.747143268585205078e+00 -6.082706451416015625e-01 -2.132089138031005859e+00 -2.076858997344970703e+00 -2.035934686660766602e+00 1.847167253494262695e+00 1.728845834732055664e+00 4.399835109710693359e+00 2.727107107639312744e-01 -4.359375000000000000e+00
-1.719881057739257812e+00 2.684838771820068359e+00 6.127300262451171875e-01 -2.494072198867797852e+00 -2.538424015045166016e+00 1.648527503013610840e+00 -3.971212148666381836e+00 -3.277713775634765625e+00 8.896664381027221680e-01 2.658444941043853760e-01 -2.359347820281982422e+00 4.026201725006103516e+00 2.108908414840698242e+00 -1.058681130409240723e+00 2.941620588302612305e+00 2.281820774078369141e-01 4.522485256195068359e+00 2.305690050125122070e+00 -4.500690460205078125e+00 -1.424379587173461914e+00
4.980522632598876953e+00 2.952440977096557617e-01 7.028493881225585938e-01 9.181724786758422852e-01 -1.880054712295532227e+00 -7.514866590499877930e-01 1.079772263765335083e-01 -2.276165008544921875e+00 5.535098314285278320e-01 9.828074574470520020e-01 1.386190891265869141e+00 -1.910818338394165039e+00 3.358155250549316406e+00 -4.731600761413574219e+00 -6.842126250267028809e-01 2.161383152008056641e+00 2.718248367309570312e+00 2.154388427734375000e+00 8.359406143426895142e-02 8.654558062553405762e-01
-1.351570367813110352e+00 -4.057141304016113281e+00 7.898143529891967773e-01 2.443739771842956543e-01 -3.771173238754272461e+00 1.736135959625244141e+00 1.031831622123718262e+00 3.259797811508178711e+00 6.380816102027893066e-01 -2.148568868637084961e+00 1.604261994361877441e+00 -1.042394638061523438e+00 4.112009048461914062e+00 8.148046135902404785e-01 -6.717664599418640137e-01 1.284043073654174805e+00 -2.972944259643554688e+00 -9.355791807174682617e-01 1.170837283134460449e+00 3.241679430007934570e+00
6.253244280815124512e-01 -9.813183546066284180e-01 1.602511048316955566e+00 3.531024456024169922e+00 -1.010334968566894531e+00 3.031418085098266602e+00 2.370382308959960938e+00 -1.373653292655944824e+00 2.539466857910156250e+00 2.578166007995605469e+00 9.799574613571166992e-01 1.981413125991821289e+00 -5.463041305541992188e+00 5.138156890869140625e+00 -3.617392063140869141e+00 -4.077539443969726562e+00 -1.707983255386352539e+00 6.505101919174194336e-01 -1.473722457885742188e+00 5.204677104949951172e+00
2.582422256469726562e+00 -3.307271003723144531e+00 2.479029178619384766e+00 -7.246951013803482056e-02 -5.378502845764160156e+00 -3.472371578216552734e+00 2.575252018868923187e-02 2.750594615936279297e-01 -5.004856586456298828e-01 -1.729630589485168457e+00 -5.149927735328674316e-01 3.661783933639526367e+00 2.429034709930419922e+00 3.249083280563354492e+00 1.408755183219909668e+00 -5.110298395156860352e-01 -2.294647693634033203e+00 3.001621484756469727e+00 6.282682418823242188e+00 1.355069041252136230e+00
-1.635132312774658203e+00 -3.527530193328857422e+00 2.965945720672607422e+00 -1.212696671485900879e+00 -4.295578479766845703e+00 5.140765309333801270e-01 3.778524160385131836e+00 1.502534151077270508e+00 -1.492169350385665894e-01 -4.198671817779541016e+00 2.379350423812866211e+00 1.284772634506225586e+00 5.076596736907958984e+00 -1.370019912719726562e+00 1.723460793495178223e+00 -9.715543389320373535e-01 -3.572768211364746094e+00 3.980931282043457031e+00 1.849161505699157715e+00 -1.752302765846252441e+00
-2.764665186405181885e-01 -3.397761583328247070e+00 7.269428968429565430e-01 -2.756297826766967773e+00 3.771006584167480469e+00 -2.069031476974487305e+00 -3.051221132278442383e+00 -1.087921977043151855e+00 2.494618415832519531e+00 1.030135273933410645e+00 1.212084650993347168e+00 3.007867336273193359e+00 -4.474722862243652344e+00 1.415999412536621094e+00 -4.690794646739959717e-01 2.394009113311767578e+00 2.411864280700683594e+00 9.715575575828552246e-01 -2.165971755981445312e+00 -3.691821813583374023e+00
-1.984420895576477051e+00 -1.067465901374816895e+00 5.585015416145324707e-01 -7.658707499504089355e-01 4.998679637908935547e+00 -1.077572464942932129e+00 3.468000590801239014e-01 4.320788860321044922e+00 -3.564710915088653564e-01 4.066615924239158630e-02 4.557402610778808594e+00 2.125291347503662109e+00 3.459781646728515625e+00 5.327895283699035645e-01 -5.611708641052246094e+00 -3.828443765640258789e+00 -1.358196616172790527e+00 -1.286150574684143066e+00 2.764804840087890625e+00 1.666629314422607422e+00
7.982841730117797852e-01 -4.957989215850830078e+00 8.035012483596801758e-01 5.265166282653808594e+00 3.002254247665405273e+00 -1.643330901861190796e-01 -6.238127499818801880e-02 -2.862673521041870117e+00 -2.967562675476074219e+00 4.047912359237670898e-01 5.452451109886169434e-01 -4.022732734680175781e+00 -1.120881438255310059e+00 1.315956473350524902e+00 2.574564218521118164e-01 -2.226077318191528320e+00 1.315028667449951172e+00 -4.278889179229736328e+00 6.053172945976257324e-01 -2.533503532409667969e+00
-5.572981834411621094e-01 5.142881870269775391e-01 -8.007221817970275879e-01 -5.440509796142578125e+00 3.468115091323852539e+00 7.263326048851013184e-01 -1.195806637406349182e-01 2.928158521652221680e+00 -4.877187252044677734e+00 -3.582987546920776367e+00 1.206285953521728516e+00 4.380361080169677734e+00 -6.267464756965637207e-01 4.350179195404052734e+00 1.120932221412658691e+00 -2.843790531158447266e+00 -1.500810742378234863e+00 -3.851812362670898438e+00 1.805059432983398438e+00 1.748129606246948242e+00
-3.948105096817016602e+00 4.789696216583251953e+00 -5.203669548034667969e+00 -1.732586979866027832e+00 -2.731226086616516113e-01 1.869405627250671387e+00 4.532489180564880371e-01 1.544160366058349609e+00 5.912630558013916016e+00 -2.349314451217651367e+00 -2.130861520767211914e+00 -6.117358684539794922e+00 -1.636318445205688477e+00 3.131341457366943359e+00 3.434614419937133789e+00 -1.932071208953857422e+00 3.061826229095458984e+00 -1.855959177017211914e+00 1.118532419204711914e+00 -1.246796727180480957e+00
-1.561421990394592285e+00 -1.258727908134460449e+00 -2.319272756576538086e+00 -2.358900547027587891e+00 7.231603860855102539e-01 5.713940143585205078e+00 -6.705331206321716309e-01 2.036170721054077148e+00 4.688269138336181641e+00 -2.281638860702514648e+00 7.265563011169433594e-01 -3.989953756332397461e+00 2.049446344375610352e+00 3.179511308670043945e+00 2.653137922286987305e+00 -5.769312381744384766e+00 -3.488894224166870117e+00 -4.266489505767822266e+00 -6.318705081939697266e-01 -2.013336181640625000e+00
2.580195903778076172e+00 -2.450504541397094727e+00 -1.358546257019042969e+00 -2.996715307235717773e+00 -1.733744025230407715e+00 -3.583673477172851562e+00 1.244730114936828613e+00 4.508561491966247559e-01 -2.085309028625488281e+00 1.021435976028442383e+00 5.960955619812011719e-01 3.310726165771484375e+00 5.703660011291503906e+00 -2.935208082199096680e+00 -2.972400665283203125e+00 2.911420822143554688e+00 -2.337760627269744873e-01 -4.373744010925292969e+00 -2.563008546829223633e+00 -4.343081951141357422e+00
8.730825185775756836e-01 2.302886486053466797e+00 4.142929077148437500e+00 1.072328686714172363e+00 4.417806565761566162e-01 1.599696129560470581e-01 -1.124063611030578613e+00 1.216052293777465820e+00 -2.827120542526245117e+00 1.144827246665954590e+00 -3.213744461536407471e-01 2.384544134140014648e+00 -2.695183753967285156e+00 2.856054902076721191e-01 -1.520305126905441284e-01 1.107057213783264160e+00 1.895587444305419922e+00 -1.613643884658813477e+00 3.729186952114105225e-01 -2.999251484870910645e-01
3.166457712650299072e-01 1.439772963523864746e+00 2.041179656982421875e+00 2.936010956764221191e-01 -1.456690311431884766e+00 -1.730871796607971191e+00 -3.982406616210937500e+00 7.839157581329345703e-01 -1.923972368240356445e+00 -1.929732918739318848e+00 -3.968924045562744141e+00 1.663361191749572754e+00 -1.937639594078063965e+00 -2.770046234130859375e+00 -9.461297988891601562e-01 5.311713218688964844e-01 1.655527949333190918e+00 1.585107088088989258e+00 -4.725905418395996094e+00 -2.342639684677124023e+00
1.529001235961914062e+00 -1.448072314262390137e+00 9.803503155708312988e-01 6.897745132446289062e-01 -7.228454202413558960e-02 5.168496370315551758e-01 -2.793899774551391602e+00 2.249768972396850586e+00 9.697174280881881714e-02 1.630194425582885742e+00 1.694107651710510254e+00 1.703978896141052246e+00 -1.016138792037963867e+00 -2.831752777099609375e+00 1.681930065155029297e+00 -1.872230648994445801e+00 -1.651372909545898438e+00 -1.286554694175720215e+00 -4.093000411987304688e+00 -2.920504570007324219e+00
-3.634758949279785156e+00 -1.471108317375183105e+00 -2.613941729068756104e-01 5.369425773620605469e+00 -2.639961719512939453e+00 5.065527915954589844e+00 1.054653406143188477e+00 -3.358155488967895508e+00 -1.621773719787597656e+00 2.101182937622070312e+00 -4.330380558967590332e-01 1.361225962638854980e+00 3.198580265045166016e+00 -5.282394409179687500e+00 5.374621391296386719e+00 -3.342461824417114258e+00 1.796578764915466309e-01 3.801757097244262695e+00 -5.363974571228027344e+00 -4.721037864685058594e+00
3.700375854969024658e-01 -1.028613924980163574e+00 -1.291046619415283203e+00 5.552489757537841797e-01 -1.595536470413208008e+00 7.296572923660278320e-01 -6.993505954742431641e-01 3.073869228363037109e+00 1.244662642478942871e+00 -1.471612215042114258e+00 -7.992153763771057129e-01 -2.929935932159423828e+00 3.656791210174560547e+00 1.110620141029357910e+00 -2.159594058990478516e+00 1.037418127059936523e+00 8.874185085296630859e-01 -5.056423187255859375e+00 1.614100575447082520e+00 1.686402201652526855e+00
4.354894161224365234e+00 -1.737959027290344238e+00 -2.086571693420410156e+00 -1.131737008690834045e-01 -2.774260044097900391e+00 4.940993785858154297e-01 1.497654795646667480e+00 -2.256820440292358398e+00 8.256273269653320312e-01 -3.404385089874267578e+00 4.609910011291503906e+00 -3.990093231201171875e+00 1.304836869239807129e+00 3.153151273727416992e+00 2.311960697174072266e+00 1.001517057418823242e+00 -1.215521812438964844e+00 6.675626635551452637e-01 2.726474285125732422e+00 -1.410916820168495178e-02
1.571335315704345703e+00 3.813385069370269775e-01 1.666630625724792480e+00 -1.683028936386108398e+00 1.169119119644165039e+00 -2.333080291748046875e+00 2.979462623596191406e+00 2.365505695343017578e+00 8.522813916206359863e-01 3.045736551284790039e+00 -2.424406290054321289e+00 -4.028940200805664062e-01 -1.343609929084777832e+00 1.768486499786376953e+00 -2.064733743667602539e+00 -1.378083109855651855e+00 -1.019953489303588867e+00 -9.345331192016601562e-01 -7.312267422676086426e-01 1.451477289199829102e+00
-2.707852840423583984e+00 -8.131904006004333496e-01 -2.581794261932373047e-01 2.194708347320556641e+00 1.521394848823547363e+00 1.624469608068466187e-01 -2.636639118194580078e+00 -4.560540676116943359e+00 -2.756152391433715820e+00 8.544808626174926758e-02 -1.220800161361694336e+00 -2.226867198944091797e+00 -2.774479866027832031e+00 -1.024851441383361816e+00 1.144048094749450684e+00 6.801981925964355469e-01 -6.641066551208496094e+00 5.553947448730468750e+00 9.285440444946289062e-01 1.543879508972167969e+00
2.668018817901611328e+00 1.658096194267272949e+00 -5.868188381195068359e+00 -1.007931828498840332e-01 -3.076601505279541016e+00 -1.430421769618988037e-01 -7.740891575813293457e-01 -4.184545040130615234e+00 2.501159906387329102e+00 1.190467834472656250e+00 -3.759547770023345947e-01 3.912645339965820312e+00 -3.934612512588500977e+00 2.957755625247955322e-01 -3.641103804111480713e-01 -1.491009235382080078e+00 2.568403244018554688e+00 4.330253601074218750e+00 3.938656091690063477e+00 -3.836268186569213867e+00
1.146326065063476562e+00 -2.444212198257446289e+00 -2.480716228485107422e+00 5.447984218597412109e+00 -3.721630871295928955e-01 -3.800815343856811523e+00 -4.365978240966796875e+00 2.907978773117065430e+00 1.503155231475830078e+00 -2.893542766571044922e+00 2.589630186557769775e-01 2.254261732101440430e+00 2.702399253845214844e+00 1.900299489498138428e-01 -5.134398937225341797e+00 2.218871831893920898e+00 1.101395964622497559e+00 7.686284184455871582e-02 -6.333540081977844238e-01 -2.457159042358398438e+00
-8.347692340612411499e-02 1.229982972145080566e+00 3.932079970836639404e-01 1.842112421989440918e+00 -8.117867708206176758e-01 -4.524578571319580078e+00 -3.124299287796020508e+00 -2.110149383544921875e+00 3.515032768249511719e+00 2.890211820602416992e+00 1.176804542541503906e+00 2.473474025726318359e+00 -3.447826862335205078e+00 7.152380943298339844e-01 4.372721672058105469e+00 1.031264960765838623e-01 -3.575544118881225586e+00 -4.438895702362060547e+00 -1.230293035507202148e+00 -2.877017974853515625e+00
-1.844214558601379395e+00 -4.137488603591918945e-01 1.961658000946044922e+00 2.527339458465576172e+00 -3.245358943939208984e+00 -2.091855525970458984e+00 -4.575936794281005859e-01 3.286681473255157471e-01 9.075586199760437012e-01 1.419822335243225098e+00 -3.324989557266235352e+00 -1.232466936111450195e+00 -4.043349266052246094e+00 -4.489593207836151123e-01 1.510862946510314941e+00 9.927480816841125488e-01 -1.165174484252929688e+00 1.540658950805664062e+00 3.493159055709838867e+00 1.764581799507141113e+00
2.019738674163818359e+00 2.245221376419067383e+00 -7.870764732360839844e-01 3.507436275482177734e+00 -2.907177686691284180e+00 1.790271878242492676e+00 4.103573799133300781e+00 1.392577767372131348e+00 3.342211246490478516e+00 -1.360316514968872070e+00 -2.504593849182128906e+00 -2.243383407592773438e+00 -1.800459325313568115e-01 -1.372927784919738770e+00 -4.839669540524482727e-02 5.303378105163574219e-01 4.250334262847900391e+00 1.251499176025390625e+00 -1.507388591766357422e+00 -1.168216109275817871e+00
-2.015520572662353516e+00 3.180437088012695312e+00 7.149093747138977051e-01 1.867747068405151367e+00 -3.272728621959686279e-01 1.587033390998840332e+00 1.237812280654907227e+00 2.736535668373107910e-01 1.544511198997497559e+00 3.620522499084472656e+00 1.244690060615539551e+00 1.197334885597229004e+00 1.245296716690063477e+00 -4.067074298858642578e+00 1.543928742408752441e+00 -5.269682407379150391e+00 3.981232643127441406e+00 -5.182003974914550781e+00 -2.562121022492647171e-03 -7.925902605056762695e-01
-1.573415249586105347e-01 -3.478297293186187744e-01 2.224467754364013672e+00 -2.480437755584716797e+00 -4.986260458827018738e-02 -3.487865209579467773e+00 2.414900362491607666e-01 -5.125835418701171875e+00 -1.227388978004455566e+00 -2.241319417953491211e+00 -2.833775997161865234e+00 -1.782641172409057617e+00 -2.396062463521957397e-01 2.923048973083496094e+00 3.158826351165771484e+00 -2.763359308242797852e+00 -1.077565193176269531e+00 -1.340955376625061035e+00 -2.469896078109741211e+00 -5.653455734252929688e+00
1.833346009254455566e+00 3.288992404937744141e+00 -6.412352085113525391e+00 -1.971678614616394043e+00 -3.435403704643249512e-01 1.190602302551269531e+00 4.848001956939697266e+00 -1.114498257637023926e+00 2.656641721725463867e+00 1.939467310905456543e+00 5.170586705207824707e-01 -2.499545574188232422e+00 -4.841747507452964783e-02 -2.789897203445434570e+00 -1.430972933769226074e+00 -2.926656484603881836e+00 4.326992988586425781e+00 2.837982654571533203e+00 -3.214902162551879883e+00 -1.013778328895568848e+00
3.908930778503417969e+00 5.652871131896972656e-01 3.039027452468872070e-01 2.640118896961212158e-01 3.409687519073486328e+00 2.844009160995483398e+00 -5.442363739013671875e+00 -1.912589073181152344e+00 -4.394918918609619141e+00 2.746271133422851562e+00 2.998717308044433594e+00 -1.463577508926391602e+00 1.844737291336059570e+00 5.220887660980224609e-01 -5.199233293533325195e-01 -3.832244157791137695e+00 -5.227802276611328125e+00 -4.404110431671142578e+00 1.140703320503234863e+00 -1.944448709487915039e+00
2.526907205581665039e+00 3.506314516067504883e+00 6.093642234802246094e+00 -1.164217963814735413e-01 -2.361814260482788086e+00 5.400253772735595703e+00 -1.353098601102828979e-01 3.297374725341796875e+00 9.552549719810485840e-01 -3.418200969696044922e+00 2.488380193710327148e+00 4.519022464752197266e+00 -6.968338966369628906e+00 1.503492951393127441e+00 3.513795614242553711e+00 -2.303484916687011719e+00 -3.095810651779174805e+00 -5.147066593170166016e+00 -4.296884059906005859e+00 1.004303812980651855e+00
-6.897723078727722168e-01 -1.771399617195129395e+00 -4.448471665382385254e-01 -3.190349340438842773e+00 -2.792461633682250977e+00 1.498051762580871582e+00 -2.814612627029418945e+00 1.870425581932067871e+00 -5.652207851409912109e+00 -2.670142352581024170e-01 -3.998017549514770508e+00 -1.349326491355895996e+00 -6.854621767997741699e-01 -2.727250576019287109e+00 3.667919397354125977e+00 2.719864368438720703e+00 1.888281464576721191e+00 -4.172261714935302734e+00 -7.541175484657287598e-01 4.270318984985351562e+00
1.580324530601501465e+00 2.380235910415649414e+00 2.422585725784301758e+00 5.704234600067138672e+00 -4.591551303863525391e+00 1.197739243507385254e+00 -1.788830161094665527e+00 -1.045054554939270020e+00 -3.154537081718444824e-01 -8.168130517005920410e-01 2.667865514755249023e+00 -4.108676433563232422e+00 -6.842105388641357422e-01 -1.569045633077621460e-01 4.248765945434570312e+00 -2.063385009765625000e+00 -6.155034899711608887e-01 -2.265152484178543091e-01 1.647776663303375244e-01 -3.729826450347900391e+00
2.907706499099731445e+00 -3.490019559860229492e+00 4.540277421474456787e-01 7.605675458908081055e-01 -1.751230210065841675e-01 -1.824406862258911133e+00 -2.089622020721435547e+00 1.396438121795654297e+00 2.512363195419311523e+00 1.889518499374389648e-01 -2.223634958267211914e+00 4.681607484817504883e-01 -2.823492288589477539e-01 -4.814263284206390381e-01 3.954817056655883789e+00 -1.209559202194213867e+00 -2.115593850612640381e-02 2.079400539398193359e+00 2.632819712162017822e-01 7.953385114669799805e-01
1.716868162155151367e+00 -2.565649747848510742e+00 -5.561630725860595703e-01 3.568160295486450195e+00 1.164114117622375488e+00 1.651138544082641602e+00 -1.863252401351928711e+00 2.787802815437316895e-01 -1.517868518829345703e+00 -2.180183649063110352e+00 -8.957720994949340820e-01 7.959817647933959961e-01 1.005192041397094727e+00 -3.572763681411743164e+00 -1.848299622535705566e+00 1.792354464530944824e+00 -4.426975250244140625e+00 -4.427583694458007812e+00 2.079915553331375122e-01 -2.590427398681640625e+00
-7.420951128005981445e-01 3.122319234535098076e-03 -1.711340695619583130e-01 9.167738556861877441e-01 -1.186324469745159149e-02 -2.702313847839832306e-02 8.137666583061218262e-01 3.480151891708374023e+00 3.589769840240478516e+00 -1.652236342430114746e+00 5.363075137138366699e-01 1.579897165298461914e+00 4.232256889343261719e+00 -1.830888986587524414e+00 2.322547674179077148e+00 2.929249525070190430e+00 2.563008069992065430e+00 -7.709024548530578613e-01 -1.685672104358673096e-01 2.892344951629638672e+00
1.519949913024902344e+00 -9.651171565055847168e-01 3.682691454887390137e-01 1.230542063713073730e+00 3.336909711360931396e-01 -2.454814672470092773e+00 2.113223791122436523e+00 -1.845330476760864258e+00 2.713249444961547852e+00 1.266166716814041138e-01 -2.717745780944824219e+00 -2.488214969635009766e+00 3.489268779754638672e+00 -1.406009912490844727e+00 -2.660359442234039307e-01 1.812364101409912109e+00 9.284061789512634277e-01 -1.969999432563781738e+00 4.813472032546997070e-01 3.620933592319488525e-01
-2.730729341506958008e+00 1.493634819984436035e+00 4.468551874160766602e-01 -2.416950941085815430e+00 1.076543211936950684e+00 -1.785229921340942383e+00 2.279424905776977539e+00 4.369367659091949463e-01 1.940695047378540039e+00 -5.019557476043701172e-01 2.785065770149230957e-01 3.071869134902954102e+00 1.553096055984497070e+00 6.715977191925048828e-01 -2.640957593917846680e+00 1.084884285926818848e+00 3.558478116989135742e+00 7.214938402175903320e-01 -3.289506196975708008e+00 2.098134994506835938e+00
4.265612602233886719e+00 -1.008282065391540527e+00 -1.329053640365600586e+00 -5.602415204048156738e-01 -9.216908812522888184e-01 -2.709622859954833984e+00 2.316470146179199219e-01 -2.953181862831115723e-01 1.245493650436401367e+00 -8.378844261169433594e-01 2.120776653289794922e+00 -1.262690424919128418e+00 -1.992019891738891602e+00 -4.488892853260040283e-01 -6.248675584793090820e-01 1.725842237472534180e+00 1.048508882522583008e+00 -1.521787762641906738e+00 5.636233687400817871e-01 2.040272951126098633e-01
5.587408542633056641e+00 9.131537675857543945e-01 2.541715383529663086e+00 -1.829679369926452637e+00 2.405674219131469727e+00 -2.198950052261352539e+00 2.979105710983276367e+00 -1.610748291015625000e+00 2.383150577545166016e+00 -2.123084783554077148e+00 -7.062647938728332520e-01 -4.318812116980552673e-02 1.785843223333358765e-01 -9.287483692169189453e-01 -8.970383405685424805e-01 -3.954505681991577148e+00 4.637928009033203125e+00 2.723038434982299805e+00 -3.965405225753784180e-01 1.009857296943664551e+00
-4.209207892417907715e-01 9.595075249671936035e-01 -1.951166391372680664e+00 1.593848615884780884e-01 -3.755906969308853149e-02 -4.233712673187255859e+00 -9.891083240509033203e-01 3.676451921463012695e+00 8.122976422309875488e-01 -1.347968459129333496e+00 9.279941320419311523e-01 7.282287478446960449e-01 -6.339629292488098145e-01 9.694552421569824219e-01 2.222719907760620117e+00 3.324373483657836914e+00 5.153204500675201416e-02 -1.518992900848388672e+00 6.678190082311630249e-02 -1.608856081962585449e+00
3.230508184060454369e-03 -1.972989082336425781e+00 -8.185192346572875977e-01 -5.263488888740539551e-01 -1.919947862625122070e+00 -3.485393524169921875e+00 4.246815443038940430e-01 2.156803846359252930e+00 5.213283747434616089e-02 -1.234819054603576660e+00 -2.061480760574340820e+00 -3.214343070983886719e+00 3.505927801132202148e+00 -2.287456989288330078e+00 3.521559834480285645e-01 -2.240838766098022461e+00 2.947401285171508789e+00 3.863608360290527344e+00 3.545013427734375000e+00 5.339928865432739258e-01
1.520183563232421875e+00 -1.117798447608947754e+00 -3.481523096561431885e-01 2.086597204208374023e+00 -1.108614563941955566e+00 -4.404335021972656250e+00 -3.987020492553710938e+00 -1.251718282699584961e+00 2.381163358688354492e+00 -4.983350262045860291e-02 -1.779066771268844604e-02 -1.015061020851135254e+00 1.341973543167114258e+00 1.793801546096801758e+00 -6.816524267196655273e-02 -1.371608823537826538e-01 2.178432464599609375e+00 7.642610073089599609e-01 1.175768017768859863e+00 4.903102815151214600e-01
3.346801280975341797e+00 -5.110499858856201172e-01 1.616069674491882324e+00 2.027312040328979492e+00 -2.012687206268310547e+00 -3.974956035614013672e+00 -2.311915159225463867e+00 8.054697513580322266e-01 2.817366600036621094e+00 -1.951667219400405884e-01 1.240892335772514343e-01 -5.193275958299636841e-02 1.026578545570373535e+00 1.573949694633483887e+00 2.540844082832336426e-01 1.977210164070129395e+00 2.591067075729370117e+00 -9.021850824356079102e-01 -6.973659396171569824e-01 -1.744545221328735352e+00
1.807944655418395996e+00 1.542444229125976562e+00 4.187178909778594971e-01 6.451557278633117676e-01 -3.970211029052734375e+00 -1.641630887985229492e+00 2.342128753662109375e+00 4.183114051818847656e+00 1.099764943122863770e+00 -1.965192079544067383e+00 1.499593734741210938e+00 8.945270776748657227e-01 3.278124570846557617e+00 -9.735040068626403809e-01 8.470412343740463257e-02 1.176785230636596680e+00 -1.091742873191833496e+00 4.356246590614318848e-01 -4.467509686946868896e-01 -1.605180382728576660e+00
-2.049505949020385742e+00 1.636096477508544922e+00 4.763461351394653320e-01 3.352302789688110352e+00 -1.591482996940612793e+00 -1.047669529914855957e+00 -7.629075050354003906e-01 -1.934121400117874146e-01 7.545528411865234375e-01 3.368903160095214844e+00 -4.339915752410888672e+00 -3.193884193897247314e-01 -2.083653926849365234e+00 -8.313204050064086914e-01 -1.707019448280334473e+00 -1.204176187515258789e+00 3.792791843414306641e+00 6.104250907897949219e+00 1.472599208354949951e-01 2.749800920486450195e+00
2.910276174545288086e+00 1.423183917999267578e+00 4.034662246704101562e-01 1.789998292922973633e+00 6.772981584072113037e-02 -4.662017822265625000e+00 -1.583994507789611816e+00 1.319808125495910645e+00 7.430544495582580566e-01 -4.501767158508300781e+00 -1.175583958625793457e+00 2.174898862838745117e+00 2.340712785720825195e+00 -2.813045740127563477e+00 1.570184111595153809e+00 2.288595438003540039e-01 2.082678079605102539e+00 1.153514012694358826e-01 -8.790266513824462891e-02 -8.404294848442077637e-01
2.671946525573730469e+00 9.671162366867065430e-01 -1.152929544448852539e+00 4.109509468078613281e+00 -3.138004302978515625e+00 -1.187664717435836792e-01 -2.015257120132446289e+00 -4.022771358489990234e+00 1.155957698822021484e+00 1.471333265304565430e+00 -2.299105405807495117e+00 1.582114219665527344e+00 -4.030993208289146423e-02 1.624622821807861328e+00 2.986225843429565430e+00 3.980502843856811523e+00 -9.292960166931152344e-01 -2.715747117996215820e+00 4.259390830993652344e+00 -7.191812396049499512e-01
-2.587620496749877930e+00 -4.350650310516357422e+00 2.763729810714721680e+00 6.120785713195800781e+00 -3.187450647354125977e+00 3.420175611972808838e-01 3.138016939163208008e+00 -6.137388348579406738e-01 4.008147716522216797e+00 1.002469658851623535e+00 2.117861032485961914e+00 -4.596900939941406250e+00 -1.431653022766113281e+00 -1.088421225547790527e+00 3.384014368057250977e+00 -3.534976959228515625e+00 2.173549890518188477e+00 6.374871134757995605e-01 -3.744946718215942383e+00 2.393294811248779297e+00
7.781647443771362305e-01 -8.987931609153747559e-01 -1.930374979972839355e+00 -2.533173084259033203e+00 -9.698594212532043457e-01 2.281018257141113281e+00 1.282208919525146484e+00 4.907187461853027344e+00 -5.527977943420410156e+00 -3.444257259368896484e+00 1.887393116950988770e+00 -5.503965616226196289e-01 2.696541309356689453e+00 -5.619184374809265137e-01 2.621942460536956787e-01 -8.464770317077636719e-01 3.422811031341552734e+00 1.232904911041259766e+00 -2.440966129302978516e+00 -7.828067541122436523e-01
2.994718074798583984e+00 -2.865358889102935791e-01 7.923045754432678223e-01 2.982644319534301758e+00 -1.982587695121765137e+00 3.406997680664062500e+00 4.108955860137939453e+00 6.538310050964355469e+00 -3.750402688980102539e+00 -2.368767261505126953e+00 4.216056823730468750e+00 -2.187783956527709961e+00 -6.580924987792968750e-01 1.096877217292785645e+00 -1.939909100532531738e+00 -7.304330468177795410e-01 -1.593214511871337891e+00 -5.219913959503173828e+00 2.643039464950561523e+00 -3.041312694549560547e+00
1.470545172691345215e+00 1.710097938776016235e-01 3.028164148330688477e+00 -2.197651624679565430e+00 8.828529119491577148e-01 1.579780697822570801e+00 -4.721683263778686523e-01 -1.431736111640930176e+00 6.833522915840148926e-01 2.773567676544189453e+00 4.358129501342773438e+00 4.497200846672058105e-01 -5.313897609710693359e+00 -4.538697600364685059e-01 2.837987899780273438e+00 3.155896961688995361e-01 9.310091733932495117e-01 -5.576170444488525391e+00 3.640985488891601562e+00 2.339590549468994141e+00
3.417925119400024414e+00 -4.517426013946533203e+00 4.963057488203048706e-02 -4.682330608367919922e+00 1.907283782958984375e+00 -1.018879711627960205e-01 2.300268650054931641e+00 8.683296442031860352e-01 -7.475922107696533203e-01 -3.601993799209594727e+00 -1.182354450225830078e+00 -7.499629259109497070e-01 3.423622846603393555e+00 -2.900331497192382812e+00 -1.741591334342956543e+00 1.609998345375061035e+00 3.634199380874633789e+00 5.308329105377197266e+00 -7.782877087593078613e-01 -3.748843908309936523e+00
-4.026873111724853516e+00 -7.295507192611694336e-01 7.226435542106628418e-01 1.456545591354370117e+00 2.064062595367431641e+00 -1.681075572967529297e+00 -5.741189718246459961e-01 -3.146885871887207031e+00 4.298148632049560547e+00 6.881048679351806641e-01 -2.672069787979125977e+00 3.536344528198242188e+00 -3.434631347656250000e+00 -2.620852947235107422e+00 -3.024638593196868896e-01 2.962181091308593750e+00 -3.639099121093750000e+00 1.786962151527404785e+00 1.935821890830993652e+00 4.159674167633056641e+00
2.944051027297973633e-01 -1.630842924118041992e+00 8.547466993331909180e-01 2.156919240951538086e+00 1.238490343093872070e+00 3.951732158660888672e+00 9.541512727737426758e-01 1.938005328178405762e+00 1.852287888526916504e+00 -1.181971907615661621e+00 1.130054071545600891e-01 8.826844394207000732e-02 -2.377879172563552856e-01 -4.859065532684326172e+00 1.781816005706787109e+00 1.792076230049133301e+00 -1.308026790618896484e+00 -5.814210891723632812e+00 3.188876152038574219e+00 2.906581401824951172e+00
2.981891334056854248e-01 2.133291006088256836e+00 4.102946758270263672e+00 1.712179064750671387e+00 -3.358446359634399414e+00 2.544323682785034180e+00 -1.038878634572029114e-01 2.020037174224853516e+00 -5.305970087647438049e-02 -1.066259026527404785e+00 -5.145024776458740234e+00 -1.818165183067321777e+00 -3.007515192031860352e+00 3.259231567382812500e+00 5.414426922798156738e-01 -2.816798210144042969e+00 6.809876561164855957e-01 -7.713080644607543945e-01 4.334779679775238037e-01 2.147161483764648438e+00
-4.082124710083007812e+00 1.889644026756286621e+00 -1.240419030189514160e+00 -1.151723980903625488e+00 -1.990240573883056641e+00 1.476613730192184448e-01 -2.250322580337524414e+00 3.046357393264770508e+00 3.554453253746032715e-01 -1.899868249893188477e-01 3.256470680236816406e+00 -1.001316234469413757e-01 4.716928005218505859e+00 -3.909486532211303711e+00 -4.915788471698760986e-01 -1.590536117553710938e+00 -1.888871788978576660e+00 3.404621362686157227e+00 -4.084172248840332031e+00 6.594016551971435547e-01
-2.836476802825927734e+00 5.217275619506835938e+00 -8.362276554107666016e-01 -2.364426851272583008e+00 3.861238956451416016e-01 -3.756079196929931641e+00 -2.182163996621966362e-03 6.595745086669921875e-01 -1.332385540008544922e+00 1.295151412487030029e-01 4.212019920349121094e+00 -1.161658644676208496e+00 1.038572072982788086e+00 2.506734371185302734e+00 -1.325399160385131836e+00 1.356818974018096924e-01 4.693127632141113281e+00 -1.098483562469482422e+00 1.325150728225708008e+00 3.790281057357788086e+00
-3.590342998504638672e+00 -1.787490248680114746e-01 -1.161730527877807617e+00 -4.098660349845886230e-01 3.600219964981079102e+00 -2.076657056808471680e+00 2.353498041629791260e-01 2.622735023498535156e+00 -1.387742042541503906e+00 1.107479810714721680e+00 4.335392951965332031e+00 2.705828905105590820e+00 -5.348388195037841797e+00 2.644385814666748047e+00 2.525157213211059570e+00 4.306072235107421875e+00 -4.782060682773590088e-01 4.216913223266601562e+00 -3.712929725646972656e+00 4.558062553405761719e+00
8.010344952344894409e-02 5.588428497314453125e+00 2.279892206192016602e+00 3.040894269943237305e+00 -3.066107988357543945e+00 -5.592103004455566406e+00 -5.065854549407958984e+00 4.312192440032958984e+00 1.186705708503723145e+00 1.068986430764198303e-01 2.483506917953491211e+00 -1.291628241539001465e+00 -1.663913249969482422e+00 -3.928596973419189453e+00 -4.859846115112304688e+00 -3.832639157772064209e-01 3.961793899536132812e+00 -3.214544653892517090e-01 1.788743436336517334e-01 -2.867093086242675781e+00
2.011924505233764648e+00 -3.391945123672485352e+00 -8.423881530761718750e-01 -5.795705795288085938e+00 8.493786454200744629e-01 8.086389303207397461e-01 -2.873605191707611084e-01 1.979830265045166016e+00 -2.978331089019775391e+00 7.309823632240295410e-01 -3.123149633407592773e+00 -3.770367860794067383e+00 -2.380787849426269531e+00 -1.269505381584167480e+00 1.765019297599792480e-01 1.716244339942932129e+00 3.041411638259887695e+00 3.119929313659667969e+00 5.569071292877197266e+00 3.280407667160034180e+00
8.461012840270996094e-01 1.187992453575134277e+00 -2.139692544937133789e+00 -1.037658810615539551e+00 -3.544774532318115234e+00 3.422583580017089844e+00 -1.531900644302368164e+00 3.834953069686889648e+00 1.541454344987869263e-01 -4.468678474426269531e+00 -1.941828057169914246e-02 2.142739295959472656e+00 1.395159602165222168e+00 1.116787910461425781e+00 3.355230808258056641e+00 5.445623397827148438e-01 6.414401531219482422e-01 -1.831398755311965942e-01 -1.622326254844665527e+00 5.825378894805908203e+00
1.724412679672241211e+00 -2.511280775070190430e+00 -2.099616289138793945e+00 -1.825797915458679199e+00 -1.078021407127380371e+00 3.914096951484680176e-01 3.432049512863159180e+00 3.190078735351562500e+00 3.129650831222534180e+00 1.863975405693054199e+00 1.256124615669250488e+00 -1.142221450805664062e+00 1.715909957885742188e+00 1.201130867004394531e+00 -3.654955863952636719e+00 -5.372992992401123047e+00 -2.571430921554565430e+00 -2.186639070510864258e+00 -1.626455426216125488e+00 2.761033773422241211e+00
-5.402100086212158203e-01 2.850672006607055664e+00 -1.210079714655876160e-01 -2.391637802124023438e+00 -9.714862108230590820e-01 1.341718196868896484e+00 -2.511648654937744141e+00 -1.349827051162719727e+00 2.813832759857177734e-01 1.449002861976623535e+00 -1.324208378791809082e-01 1.100003957748413086e+00 -3.076224088668823242e+00 -7.971386909484863281e-01 -3.105881690979003906e+00 1.111372262239456177e-01 -2.291926145553588867e+00 3.343107700347900391e+00 -5.323566198348999023e-01 -4.703000068664550781e+00
-3.148396968841552734e+00 3.999824225902557373e-01 -3.628155589103698730e-01 5.378243446350097656e+00 3.598863363265991211e+00 3.880429267883300781e+00 2.278939485549926758e+00 -2.782057046890258789e+00 2.627666950225830078e+00 -2.121268510818481445e+00 -1.199050188064575195e+00 1.234637945890426636e-01 4.700485229492187500e+00 1.741090416908264160e+00 -3.697950363159179688e+00 -1.544539093971252441e+00 3.261533021926879883e+00 2.031203031539916992e+00 -6.450613588094711304e-02 4.190181255340576172e+00
1.063764214515686035e+00 -4.331109523773193359e+00 -2.992843151092529297e+00 8.117538452148437500e+00 -2.153606176376342773e+00 -1.618393778800964355e+00 -5.467440128326416016e+00 -5.238260626792907715e-01 -3.641107082366943359e+00 -4.210590839385986328e+00 -3.635862588882446289e+00 2.063341617584228516e+00 -9.674730896949768066e-01 2.733144998550415039e+00 -2.537897825241088867e+00 -3.462571382522583008e+00 3.555675745010375977e-01 -1.275096416473388672e+00 4.807203769683837891e+00 -3.014263153076171875e+00
3.820090055465698242e+00 -3.339091539382934570e+00 -2.685908228158950806e-02 6.729172468185424805e-01 2.893172979354858398e+00 1.094787120819091797e+00 3.775751590728759766e+00 1.977260112762451172e+00 -2.566286563873291016e+00 -9.364448189735412598e-01 -3.142742395401000977e+00 1.738147974014282227e+00 1.565105795860290527e+00 -1.674102097749710083e-01 -2.298976182937622070e+00 -2.444049596786499023e+00 -2.345839738845825195e+00 2.310100793838500977e+00 -1.276466488838195801e+00 -6.849219202995300293e-01
-2.845247268676757812e+00 -1.632246375083923340e+00 6.485080718994140625e+00 2.244994878768920898e+00 -4.382321834564208984e+00 1.690312504768371582e+00 -2.972835540771484375e+00 -1.702566623687744141e+00 -1.202524781227111816e+00 2.164495944976806641e+00 2.930583715438842773e+00 -3.041310548782348633e+00 -5.613353252410888672e-01 3.780882835388183594e+00 1.466747879981994629e+00 -3.239194631576538086e+00 -1.597387075424194336e+00 -3.857522964477539062e+00 8.026635050773620605e-01 3.365772724151611328e+00
2.104339838027954102e+00 2.168003559112548828e+00 -1.203948020935058594e+00 -1.510321378707885742e+00 -1.822921633720397949e+00 -1.958440542221069336e+00 -2.198715925216674805e+00 8.647353649139404297e-01 1.013620495796203613e+00 -7.560852169990539551e-01 9.441576600074768066e-01 4.598487854003906250e+00 -9.416220188140869141e-01 3.827976226806640625e+00 1.068790435791015625e+00 2.454563140869140625e+00 6.808607578277587891e-01 3.528258562088012695e+00 -2.839320659637451172e+00 -1.147709786891937256e-01
-1.543472886085510254e+00 2.941706418991088867e+00 -5.748797059059143066e-01 7.566116452217102051e-01 5.948159694671630859e-01 1.240530535578727722e-01 -2.062448501586914062e+00 -3.018782138824462891e+00 -7.465220093727111816e-01 2.517800033092498779e-01 -2.729648113250732422e+00 2.417336702346801758e+00 -3.929040193557739258e+00 3.801497936248779297e+00 -3.394734859466552734e+00 3.329680442810058594e+00 -1.857989668846130371e+00 7.821205854415893555e-01 -3.305459737777709961e+00 -1.373869180679321289e+00
3.994398355484008789e+00 3.794581651687622070e+00 1.129668951034545898e+00 3.506641685962677002e-01 -6.007988452911376953e-01 -7.711604833602905273e-01 2.569061279296875000e+00 4.816249608993530273e-01 -5.798494219779968262e-01 4.881473481655120850e-01 -1.146677806973457336e-01 4.484085083007812500e+00 -4.485402703285217285e-01 -3.964439868927001953e+00 1.638498544692993164e+00 -5.494295358657836914e-01 -6.430605649948120117e-01 2.923268795013427734e+00 1.488080620765686035e+00 -1.720635771751403809e+00
