3.679715871810913086e+00 5.194226264953613281e+00 3.965887546539306641e+00 4.445785522460937500e+00 2.440869569778442383e+00 1.871390461921691895e+00 -2.168418407440185547e+00 2.597317695617675781e+00 -7.291973233222961426e-01 -2.103748321533203125e+00 -3.594011068344116211e-01 3.574450969696044922e+00 6.162316203117370605e-01 -3.220891952514648438e+00 -1.877938270568847656e+00 -8.673151731491088867e-01 4.066252231597900391e+00 -4.818243026733398438e+00 -3.038761913776397705e-01 2.517737865447998047e+00
-9.522292017936706543e-01 -4.389518126845359802e-02 -7.519111633300781250e-01 1.802578330039978027e+00 4.506058692932128906e+00 1.942969918251037598e+00 5.990015268325805664e-01 -3.258802890777587891e-01 -2.704720497131347656e+00 2.807889461517333984e+00 2.103247880935668945e+00 -3.217738628387451172e+00 5.572186946868896484e+00 5.428557991981506348e-01 5.871157646179199219e-01 9.519805908203125000e-01 -3.902381896972656250e+00 2.797534227371215820e+00 4.234815239906311035e-01 -1.424739003181457520e+00
-2.758660554885864258e+00 1.422851443290710449e+00 8.356918096542358398e-01 6.370049118995666504e-01 -2.732959091663360596e-01 1.718678474426269531e-01 2.007129669189453125e+00 -7.764084339141845703e-01 -2.276018619537353516e+00 8.916370868682861328e-01 -3.551309585571289062e+00 -2.508237361907958984e+00 2.555254459381103516e+00 -7.306104898452758789e-01 -1.896777272224426270e+00 -2.251567602157592773e+00 -8.272838592529296875e-01 -2.903834819793701172e+00 2.797723770141601562e+00 -1.955266714096069336e+00
3.945746421813964844e+00 -4.414824485778808594e+00 -8.659673333168029785e-01 -4.732051789760589600e-01 2.006081104278564453e+00 -7.417606711387634277e-01 1.364382743835449219e+00 2.084793090820312500e+00 3.192031621932983398e+00 1.912331700325012207e+00 1.313764691352844238e+00 1.856127381324768066e+00 -1.999848008155822754e+00 2.836380481719970703e+00 -2.305667638778686523e+00 -3.480826318264007568e-02 -1.241087555885314941e+00 -1.998198866844177246e+00 -2.624452590942382812e+00 -3.568761348724365234e+00
-3.346606969833374023e+00 6.166814565658569336e-01 -2.533284425735473633e+00 2.323753833770751953e+00 -2.414798021316528320e+00 -2.427681237459182739e-01 -3.438889980316162109e+00 4.047698974609375000e+00 3.339453935623168945e+00 3.149081468582153320e-01 1.117912173271179199e+00 2.246715307235717773e+00 -4.088427543640136719e+00 1.664371132850646973e+00 -2.083441019058227539e+00 -5.656052827835083008e-01 -2.673203468322753906e+00 -2.555902242660522461e+00 -3.858036398887634277e-01 -2.218888282775878906e+00
1.603312134742736816e+00 -4.484168052673339844e+00 2.478788375854492188e+00 1.282116889953613281e+00 -1.168949604034423828e-01 -3.129491329193115234e+00 -2.134716510772705078e+00 -4.066884040832519531e+00 2.038047313690185547e+00 -3.551773548126220703e+00 -3.826167285442352295e-01 2.474018573760986328e+00 2.409428358078002930e+00 2.839218616485595703e+00 6.287336349487304688e-02 -4.454767227172851562e+00 -5.504776954650878906e+00 -2.117857038974761963e-01 -2.590142011642456055e+00 -1.044658198952674866e-01
3.534412622451782227e+00 -2.102328777313232422e+00 5.520867109298706055e-01 2.570624351501464844e+00 2.946373462677001953e+00 1.275933027267456055e+00 -5.491080760955810547e+00 2.880661725997924805e+00 -6.889035701751708984e-01 -3.559266328811645508e+00 5.799701690673828125e+00 -7.980642914772033691e-01 -1.828606247901916504e+00 4.357503652572631836e-01 -1.027260661125183105e+00 -4.174870014190673828e+00 -4.334664344787597656e+00 -2.489852666854858398e+00 -2.233737230300903320e+00 2.134375333786010742e+00
5.109282135963439941e-01 8.596110343933105469e-02 8.388704657554626465e-01 -8.298689723014831543e-01 2.640402555465698242e+00 -1.636121630668640137e+00 -9.133549928665161133e-01 -2.293441295623779297e+00 2.128423452377319336e+00 1.335060000419616699e+00 -5.157326698303222656e+00 -3.610651254653930664e+00 -3.943349361419677734e+00 -2.302853345870971680e+00 5.864943027496337891e+00 -3.688670158386230469e+00 -3.146417438983917236e-01 -6.819645404815673828e+00 -2.040333032608032227e+00 -4.838588535785675049e-01
2.143124341964721680e+00 -1.105007052421569824e+00 -9.282185435295104980e-01 1.830406934022903442e-01 2.266844511032104492e+00 6.302321553230285645e-01 2.502386331558227539e+00 3.238937377929687500e+00 -3.692043304443359375e+00 -6.807111501693725586e-01 2.338278532028198242e+00 4.059486865997314453e+00 -1.022348761558532715e+00 -2.253134965896606445e+00 6.573706150054931641e+00 4.565920352935791016e+00 1.127998232841491699e+00 -3.154650926589965820e-01 -8.144325256347656250e+00 9.986497759819030762e-01
1.403323650360107422e+00 1.457495570182800293e+00 3.527062177658081055e+00 7.971881628036499023e-01 2.803862333297729492e+00 1.368620514869689941e+00 1.664163947105407715e+00 3.435153961181640625e-01 -2.441970586776733398e+00 -7.943159341812133789e-01 4.210001468658447266e+00 -3.759619235992431641e+00 -5.164769172668457031e+00 5.530304908752441406e-01 3.615578889846801758e+00 -3.029342889785766602e+00 7.297873020172119141e+00 -1.306988239288330078e+00 -6.892049312591552734e-02 -7.884933948516845703e-01
-2.584829926490783691e-01 -1.279407024383544922e+00 2.224148035049438477e+00 3.135898113250732422e+00 5.077926516532897949e-01 -3.359361886978149414e+00 3.822494745254516602e+00 1.036365389823913574e+00 -2.167242288589477539e+00 4.812520027160644531e+00 2.129183530807495117e+00 1.170448064804077148e+00 3.271986246109008789e-01 -1.761019945144653320e+00 -5.644142031669616699e-01 -5.870033055543899536e-02 -8.882942795753479004e-01 -4.238277435302734375e+00 -1.629524469375610352e+00 1.590605616569519043e+00
-3.322517395019531250e+00 3.079414129257202148e+00 -2.391652345657348633e+00 -1.265214085578918457e+00 5.029557943344116211e-01 1.085508584976196289e+00 -1.211444854736328125e+00 3.018917798995971680e+00 -1.573321104049682617e+00 -2.807898223400115967e-01 -6.028029322624206543e-01 5.630744695663452148e-01 1.712677240371704102e+00 -8.230839967727661133e-01 -1.588375210762023926e+00 -3.102372169494628906e+00 -4.441408634185791016e+00 2.918601036071777344e+00 -6.250151395797729492e-01 -1.458369493484497070e+00
-2.375929832458496094e+00 9.744949340820312500e-01 1.871158957481384277e+00 -1.775830388069152832e+00 -2.271336317062377930e+00 2.467856884002685547e+00 -3.112418889999389648e+00 8.410689830780029297e-01 1.685494303703308105e+00 1.875275969505310059e+00 2.147291183471679688e+00 -1.017949461936950684e+00 4.581999301910400391e+00 -3.420826911926269531e+00 1.468253731727600098e+00 2.277557373046875000e+00 -4.789662733674049377e-02 -2.050163149833679199e-01 -8.019661903381347656e-02 -2.387672662734985352e+00
2.280061483383178711e+00 -3.132707118988037109e+00 -5.254212021827697754e-01 -4.569667577743530273e-01 -3.256837844848632812e+00 -4.831883430480957031e+00 -2.942022323608398438e+00 -4.656839370727539062e+00 9.834699630737304688e-01 -4.723154067993164062e+00 -9.447590708732604980e-01 -1.964983582496643066e+00 -1.160420894622802734e+00 -3.073478639125823975e-01 -1.598346352577209473e+00 -1.087182998657226562e+00 2.156077623367309570e+00 2.980589389801025391e+00 -2.434944629669189453e+00 1.329738020896911621e+00
4.414494514465332031e+00 -8.631361722946166992e-01 -6.307799816131591797e-01 1.308800816535949707e+00 -7.272394839674234390e-03 -3.996235132217407227e+00 -1.950942873954772949e-01 6.068282723426818848e-01 1.787767648696899414e+00 6.153703212738037109e+00 2.283504724502563477e+00 1.416548967361450195e+00 -3.141855478286743164e+00 3.624950647354125977e+00 -2.709529161453247070e+00 -1.895717144012451172e+00 3.572609663009643555e+00 2.660467863082885742e+00 -2.537055492401123047e+00 -1.799709320068359375e+00
-2.484608739614486694e-01 -2.616395711898803711e+00 2.130668163299560547e+00 -4.340569019317626953e+00 -2.543955802917480469e+00 -1.742943286895751953e+00 -2.339871644973754883e+00 1.762687116861343384e-01 -6.426145076751708984e+00 7.503176927566528320e-01 -2.011221647262573242e+00 1.437618374824523926e+00 -1.718553900718688965e+00 -3.250877141952514648e+00 -2.231128454208374023e+00 1.066710799932479858e-01 9.902138113975524902e-01 5.266386866569519043e-01 3.029875755310058594e+00 -5.308287218213081360e-02
3.561990261077880859e+00 3.401313304901123047e+00 1.628482460975646973e+00 -4.079613983631134033e-01 2.134537935256958008e+00 -4.186968803405761719e-01 -3.430919885635375977e+00 -2.261838912963867188e+00 -3.718699693679809570e+00 6.215863704681396484e+00 -2.685588836669921875e+00 5.343944072723388672e+00 -3.609254121780395508e+00 4.007563367486000061e-02 -1.931952714920043945e+00 -6.487915515899658203e+00 -1.532531976699829102e+00 4.115950316190719604e-02 5.855544209480285645e-01 -1.527714878320693970e-01
2.774374008178710938e+00 -9.035530090332031250e-01 1.803315877914428711e+00 4.924665927886962891e+00 1.483822703361511230e+00 -4.731729328632354736e-01 5.217154979705810547e+00 -3.058426856994628906e+00 -3.308408975601196289e+00 -1.253689527511596680e+00 -2.262778282165527344e+00 -2.388909816741943359e+00 3.383683681488037109e+00 4.346549034118652344e+00 3.126375973224639893e-01 -1.426522135734558105e+00 1.171393871307373047e+00 1.231699347496032715e+00 -4.847468376159667969e+00 2.742386341094970703e+00
-3.382425069808959961e+00 2.352405071258544922e+00 5.108182430267333984e+00 -7.788368314504623413e-02 -1.423439264297485352e+00 -2.107608765363693237e-01 1.046324610710144043e+00 -1.396104812622070312e+00 -1.721135616302490234e+00 -2.843724727630615234e+00 -5.458826541900634766e+00 -1.490378975868225098e+00 1.264703154563903809e+00 -5.254002094268798828e+00 3.714718103408813477e+00 -1.138468623161315918e+00 1.881588578224182129e+00 -7.664118409156799316e-01 2.889751672744750977e+00 -1.599431991577148438e+00
2.350737571716308594e+00 -1.490958452224731445e+00 -1.986027002334594727e+00 1.927216649055480957e+00 3.839469194412231445e+00 -3.031079769134521484e+00 -8.141772821545600891e-03 4.452063083648681641e+00 1.672398805618286133e+00 4.756553173065185547e-01 -3.816907107830047607e-01 -2.676089525222778320e+00 -3.672544002532958984e+00 2.009325504302978516e+00 2.989859580993652344e+00 -1.224705815315246582e+00 7.597764134407043457e-01 3.639396190643310547e+00 2.694764137268066406e+00 -1.097570657730102539e+00
-3.725977897644042969e+00 1.537284106016159058e-01 1.283099412918090820e+00 2.546395301818847656e+00 6.178449988365173340e-01 3.705130100250244141e+00 -1.470269680023193359e+00 3.408628702163696289e+00 -2.053328275680541992e+00 8.011342287063598633e-01 -3.150833845138549805e+00 -3.075680732727050781e+00 -6.200855225324630737e-02 -5.239397287368774414e-01 -9.521979093551635742e-01 -5.351462364196777344e-01 -2.550785541534423828e+00 -1.332304328680038452e-01 7.950298786163330078e-01 -2.919632196426391602e+00
-1.708368301391601562e+00 1.503240823745727539e+00 -1.548946976661682129e+00 -3.014461994171142578e+00 1.530675888061523438e+00 5.073295593261718750e+00 -5.692754983901977539e-01 -2.311442792415618896e-01 -3.390035629272460938e-01 -2.375058650970458984e+00 -2.430731058120727539e-01 1.705811858177185059e+00 -3.986926317214965820e+00 2.008345603942871094e+00 1.353471755981445312e+00 -6.132492423057556152e-01 1.711326241493225098e-01 2.374600887298583984e+00 1.503700971603393555e+00 -4.207399368286132812e+00
-4.501442909240722656e+00 1.811327487230300903e-01 4.080522954463958740e-01 2.317985534667968750e+00 -1.425454139709472656e+00 -1.329746842384338379e+00 -1.355566740036010742e+00 6.135196611285209656e-02 -3.793182134628295898e+00 -1.976116061210632324e+00 4.433268606662750244e-01 1.899260282516479492e+00 -2.750762224197387695e+00 4.344957828521728516e+00 3.886610746383666992e+00 -1.754945874214172363e+00 6.743156909942626953e-02 -9.292971491813659668e-01 6.159694790840148926e-01 -4.505262851715087891e+00
3.948723077774047852e+00 1.935063242912292480e+00 -2.258224725723266602e+00 5.236102640628814697e-02 -1.764368772506713867e+00 3.384068250656127930e+00 2.801419258117675781e+00 -5.488712310791015625e+00 -1.963463306427001953e+00 -1.812163233757019043e+00 -3.186947345733642578e+00 -3.243646621704101562e-01 -1.842743873596191406e+00 1.497206091880798340e+00 -4.391854763031005859e+00 3.294884681701660156e+00 -1.219820857048034668e+00 -7.966961860656738281e-01 2.320494890213012695e+00 4.288185596466064453e+00
-4.489838600158691406e+00 3.775332212448120117e+00 -2.835525274276733398e+00 1.471231222152709961e+00 1.495193600654602051e+00 -1.047083497047424316e+00 2.344382286071777344e+00 -3.917159318923950195e+00 1.036723852157592773e+00 -1.809039711952209473e-01 1.808469057083129883e+00 -3.155226945877075195e+00 -2.288508176803588867e+00 2.381330728530883789e+00 2.500444650650024414e+00 5.018217116594314575e-02 -1.464448094367980957e+00 -2.537741422653198242e+00 -1.474620342254638672e+00 -5.681945323944091797e+00
1.796842098236083984e+00 -2.526021242141723633e+00 -3.284061908721923828e+00 1.286354780197143555e+00 1.028957962989807129e+00 3.345772504806518555e+00 -3.363015413284301758e+00 -1.281473398208618164e+00 -8.249087333679199219e-01 1.321949958801269531e+00 -1.804020404815673828e+00 5.434494018554687500e-01 4.712758958339691162e-01 1.645264029502868652e+00 -1.668887972831726074e+00 4.763917922973632812e+00 -2.406109571456909180e+00 -3.824723958969116211e+00 4.030124247074127197e-01 -3.053165674209594727e-01
-1.621371150016784668e+00 -2.179389238357543945e+00 -2.361696004867553711e+00 2.233182191848754883e+00 -5.695551872253417969e+00 -2.227173328399658203e+00 -2.400895059108734131e-01 1.925346851348876953e+00 -2.361706972122192383e+00 -4.638927459716796875e+00 -6.958363652229309082e-01 -3.701242446899414062e+00 -1.838335275650024414e+00 -7.250588536262512207e-01 -1.733058691024780273e+00 -3.176877021789550781e+00 2.815078496932983398e+00 -1.969429969787597656e+00 1.353479981422424316e+00 3.354122340679168701e-01
-1.923850059509277344e+00 2.555879354476928711e+00 -2.328103065490722656e+00 4.921242237091064453e+00 4.199410974979400635e-01 -1.736482501029968262e+00 -8.670209050178527832e-01 -1.956679522991180420e-01 3.964072704315185547e+00 -1.812834739685058594e+00 4.029927730560302734e+00 1.917785882949829102e+00 4.924461841583251953e+00 -1.908212661743164062e+00 3.996912002563476562e+00 3.081624269485473633e+00 -2.522501468658447266e+00 -7.978770136833190918e-01 1.733430266380310059e+00 2.717359781265258789e+00
3.581466898322105408e-02 3.772529363632202148e+00 3.305476665496826172e+00 2.995657444000244141e+00 2.969189584255218506e-01 1.194527506828308105e+00 1.316098332405090332e+00 -4.400662899017333984e+00 -4.804863929748535156e+00 -2.457752943038940430e+00 5.036201477050781250e-01 -1.268087863922119141e+00 1.518866300582885742e+00 -2.845215559005737305e+00 -2.083957672119140625e+00 -1.435832977294921875e+00 -5.865909457206726074e-01 -3.661307811737060547e+00 -4.125269949436187744e-01 -4.568132877349853516e+00
-2.461328268051147461e+00 1.443913698196411133e+00 2.413023471832275391e+00 -6.500014066696166992e-01 3.481139659881591797e+00 -5.048663020133972168e-01 1.906236529350280762e+00 2.652995347976684570e+00 -1.398867607116699219e+00 2.279159545898437500e+00 5.011476039886474609e+00 -2.873890638351440430e+00 -2.872286081314086914e+00 3.423938512802124023e+00 1.793627858161926270e+00 -2.047524452209472656e+00 5.724009990692138672e+00 8.200752139091491699e-01 3.259810805320739746e-01 1.666110157966613770e+00
2.433272838592529297e+00 -1.330179333686828613e+00 1.876090288162231445e+00 8.076275587081909180e-01 3.865201473236083984e+00 1.541619777679443359e+00 -1.452307462692260742e+00 -2.370668411254882812e+00 -3.199661016464233398e+00 -2.367917299270629883e+00 4.095459580421447754e-01 -2.842059850692749023e+00 2.706117331981658936e-01 2.783419609069824219e+00 -1.038176298141479492e+00 6.752359867095947266e-01 -2.269629836082458496e-01 7.511098980903625488e-01 -2.663295984268188477e+00 -1.428795307874679565e-01
1.811871647834777832e+00 -3.261028289794921875e+00 4.791951179504394531e+00 -3.762398958206176758e-01 3.443801879882812500e+00 1.016869425773620605e+00 -5.472685813903808594e+00 -2.457199811935424805e+00 -1.234025716781616211e+00 -1.853516221046447754e+00 1.502086520195007324e+00 -1.437692761421203613e+00 3.430034399032592773e+00 3.089279651641845703e+00 1.817358970642089844e+00 1.788999199867248535e+00 2.217620313167572021e-01 2.124380350112915039e+00 -4.681736946105957031e+00 9.582438468933105469e-01
-3.297282218933105469e+00 -1.957504391670227051e+00 5.473533272743225098e-01 -2.277277469635009766e+00 3.366821527481079102e+00 -9.187889099121093750e-01 -6.005812287330627441e-01 -1.726427227258682251e-01 -6.328491210937500000e+00 4.180271625518798828e-01 -6.275686740875244141e+00 3.790303230285644531e+00 2.258576393127441406e+00 1.763852596282958984e+00 1.138260483741760254e+00 -1.389425396919250488e+00 2.651467919349670410e-01 1.705436944961547852e+00 1.195807814598083496e+00 -4.729778766632080078e+00
-2.357360571622848511e-01 9.469175338745117188e-01 1.345444440841674805e+00 6.467171669006347656e+00 4.240617454051971436e-01 -4.415493905544281006e-01 -4.374330997467041016e+00 1.920397520065307617e+00 1.086615562438964844e+00 -6.485920906066894531e+00 -3.162379741668701172e+00 3.572262525558471680e+00 -3.301674604415893555e+00 -5.600040435791015625e+00 -2.184213638305664062e+00 -9.310432523488998413e-02 2.363315105438232422e+00 -6.659288406372070312e+00 -7.110236883163452148e-01 -3.213553190231323242e+00
1.173350691795349121e+00 -3.998783826828002930e+00 -2.430431842803955078e+00 3.412775993347167969e-01 -1.527837991714477539e+00 5.653324127197265625e+00 -1.107174396514892578e+00 -2.562305688858032227e+00 3.405190706253051758e+00 -8.302193284034729004e-01 2.567205429077148438e+00 5.265291213989257812e+00 6.743074059486389160e-01 -3.550528049468994141e+00 3.301547050476074219e+00 -2.380099534988403320e+00 3.453650951385498047e+00 7.448993325233459473e-01 -3.131536722183227539e+00 9.853715896606445312e-01
1.124350190162658691e+00 3.267577648162841797e+00 -8.058623075485229492e-01 -2.218004465103149414e+00 2.076952695846557617e+00 4.915751516819000244e-01 -8.914394974708557129e-01 1.670591711997985840e+00 3.213143348693847656e+00 -2.030606031417846680e+00 3.408146798610687256e-01 -3.234153032302856445e+00 -2.396718502044677734e+00 -2.316829204559326172e+00 -1.359055161476135254e+00 3.912060022354125977e+00 1.433221578598022461e+00 2.592175245285034180e+00 -1.800038933753967285e+00 2.186415910720825195e+00
-3.172316312789916992e+00 1.536630749702453613e+00 -2.286777973175048828e+00 3.170064926147460938e+00 1.583880901336669922e+00 3.291404724121093750e+00 -3.805695056915283203e+00 9.640847444534301758e-01 6.236828565597534180e-01 -2.177885293960571289e+00 -4.420108318328857422e+00 -1.492607951164245605e+00 -3.011388301849365234e+00 -1.870748519897460938e+00 3.987299919128417969e+00 -9.350575804710388184e-01 4.626992940902709961e-01 1.920615792274475098e+00 1.164650678634643555e+00 2.005072534084320068e-01
-1.744109988212585449e-01 3.227783918380737305e+00 -2.237165689468383789e+00 5.754709839820861816e-01 2.645294904708862305e+00 5.011475682258605957e-01 -1.131766557693481445e+00 -2.138257026672363281e+00 -2.946417570114135742e+00 9.468445926904678345e-02 -3.833014011383056641e+00 -2.459495782852172852e+00 -3.010758876800537109e+00 2.061284780502319336e+00 -4.462947368621826172e+00 1.371121048927307129e+00 3.335638642311096191e-01 -1.695003151893615723e+00 3.237877130508422852e+00 2.190035343170166016e+00
5.787394642829895020e-01 1.088858127593994141e+00 2.023874759674072266e+00 -3.599234819412231445e+00 -7.158544659614562988e-01 -1.943745851516723633e+00 -7.150909304618835449e-01 -2.712965250015258789e+00 -1.813349574804306030e-01 1.542588882148265839e-02 3.984420597553253174e-01 -2.577096700668334961e+00 1.254839658737182617e+00 2.117155551910400391e+00 2.882396936416625977e+00 3.706513643264770508e+00 -2.270476102828979492e+00 8.424274325370788574e-01 -6.601762175559997559e-01 3.174401044845581055e+00
-2.909538984298706055e+00 1.492425203323364258e+00 2.217533588409423828e+00 2.437027931213378906e+00 4.171075344085693359e+00 1.267368555068969727e+00 1.279219835996627808e-01 -4.830083370208740234e+00 -3.314986705780029297e+00 -6.141744136810302734e+00 -4.150670528411865234e+00 -5.739514231681823730e-01 -6.127188354730606079e-02 2.635839462280273438e+00 -2.942080020904541016e+00 -4.524327278137207031e+00 -8.488303422927856445e-01 1.994485557079315186e-01 -2.535178899765014648e+00 -3.545888423919677734e+00
-3.974744081497192383e+00 1.767775058746337891e+00 -2.212450742721557617e+00 -1.933952331542968750e+00 -3.979041337966918945e+00 -1.877949714660644531e+00 2.023634910583496094e+00 -5.413166880607604980e-01 1.049051284790039062e+00 -5.353667140007019043e-01 -1.708120107650756836e+00 -7.158937454223632812e-01 3.081275224685668945e+00 5.028634667396545410e-01 5.015242576599121094e+00 3.844940423965454102e+00 -1.637224674224853516e+00 7.965637445449829102e-01 -2.949377059936523438e+00 -3.825976133346557617e+00
5.279983997344970703e+00 3.237664699554443359e+00 -1.994587540626525879e+00 -3.506310462951660156e+00 6.439113616943359375e+00 -2.095922231674194336e+00 2.728121876716613770e-01 -1.699135184288024902e+00 -1.192523241043090820e-01 4.095157146453857422e+00 5.719746589660644531e+00 1.021999478340148926e+00 -3.302939414978027344e+00 5.099620342254638672e+00 -4.332315444946289062e+00 -8.430417180061340332e-01 4.521209239959716797e+00 -1.139357447624206543e+00 2.723146677017211914e+00 -1.634838819503784180e+00
5.368278503417968750e+00 3.705038309097290039e+00 -1.238425254821777344e+00 2.368823528289794922e+00 1.948834061622619629e+00 -3.109322786331176758e+00 2.741229295730590820e+00 1.211668252944946289e+00 4.235569477081298828e+00 1.298557400703430176e+00 -2.082446962594985962e-01 -1.703460693359375000e+00 -1.797710657119750977e+00 -9.870240688323974609e-01 -1.549223065376281738e+00 4.781748652458190918e-01 -2.310662031173706055e+00 1.147550940513610840e+00 5.403112888336181641e+00 -3.126591205596923828e+00
3.197179317474365234e+00 -4.081654071807861328e+00 -2.648497581481933594e+00 2.407868146896362305e+00 2.565629243850708008e+00 -8.129507899284362793e-01 -1.054419159889221191e+00 -3.981142044067382812e+00 -5.112342238426208496e-01 1.381929874420166016e+00 1.303084850311279297e+00 -2.621005058288574219e+00 2.579396963119506836e+00 -1.375660657882690430e+00 1.440942168235778809e+00 3.720948457717895508e+00 1.272117515327408910e-05 -3.251549005508422852e+00 -1.934736371040344238e-01 -2.961243391036987305e+00
-5.257724318653345108e-03 1.088455080986022949e+00 -2.208716154098510742e+00 1.760655879974365234e+00 1.664339303970336914e+00 -9.485138058662414551e-01 -9.196179509162902832e-01 -4.347557544708251953e+00 -2.611071825027465820e+00 1.416784644126892090e+00 4.202569007873535156e+00 4.302627563476562500e+00 2.327847719192504883e+00 -6.373137831687927246e-01 4.276846408843994141e+00 1.352942228317260742e+00 1.960820794105529785e+00 1.256518483161926270e+00 2.742377042770385742e+00 -1.790379524230957031e+00
-1.177968978881835938e+00 2.527547359466552734e+00 1.218114972114562988e+00 -4.244617521762847900e-01 2.437335729598999023e+00 2.882483899593353271e-01 4.447817802429199219e+00 -1.077314615249633789e+00 5.405318737030029297e+00 -2.264920234680175781e+00 -3.483139514923095703e+00 2.997780561447143555e+00 3.023240327835083008e+00 -5.972029209136962891e+00 -1.453289866447448730e+00 2.352094888687133789e+00 2.307081222534179688e+00 2.726769685745239258e+00 1.671155095100402832e+00 -6.767575144767761230e-01
-1.253011584281921387e+00 -8.996886610984802246e-01 -3.529429197311401367e+00 -2.435848951339721680e+00 1.087857484817504883e+00 6.351493597030639648e-01 8.843261003494262695e-01 1.222989559173583984e+00 2.991518974304199219e+00 2.275673627853393555e+00 -9.597684741020202637e-01 3.483990430831909180e+00 4.339760780334472656e+00 3.847631454467773438e+00 -3.193064212799072266e+00 -1.332973957061767578e+00 1.779545843601226807e-02 -1.913486003875732422e+00 -5.933258533477783203e-01 -8.362886905670166016e-01
-7.687923312187194824e-01 1.359397053718566895e+00 -6.902831196784973145e-01 2.722983598709106445e+00 -4.152432918548583984e+00 3.473514080047607422e+00 5.472082614898681641e+00 -1.630532383918762207e+00 -2.912046194076538086e+00 -1.756626486778259277e+00 -5.533520579338073730e-01 1.314671039581298828e+00 -2.552543394267559052e-02 1.115340709686279297e+00 -1.909544467926025391e+00 -1.322354555130004883e+00 -2.635529756546020508e+00 -2.068834304809570312e+00 -2.699227809906005859e+00 -1.241498231887817383e+00
1.154531717300415039e+00 1.855806469917297363e+00 1.108377695083618164e+00 -2.780384778976440430e+00 1.127044200897216797e+00 2.509997844696044922e+00 -2.329384565353393555e+00 7.018523216247558594e-01 8.278975486755371094e-01 2.531147718429565430e+00 2.896534204483032227e+00 4.017010688781738281e+00 2.411001205444335938e+00 4.813612103462219238e-01 -4.593192100524902344e+00 6.240471005439758301e-01 5.695946812629699707e-01 2.325705051422119141e+00 -2.035997390747070312e+00 2.510798931121826172e+00
1.483385562896728516e+00 -1.574440836906433105e+00 1.518759012222290039e+00 5.325620651245117188e+00 -4.289751052856445312e+00 3.278671741485595703e+00 -2.917202234268188477e+00 -1.117354631423950195e+00 -4.405582427978515625e+00 -2.545938253402709961e+00 2.260175943374633789e+00 -6.151112914085388184e-01 -1.802344679832458496e+00 4.448350906372070312e+00 -5.004171371459960938e+00 -3.660068511962890625e+00 1.577577233314514160e+00 -1.535886764526367188e+00 -3.011437177658081055e+00 2.503857612609863281e+00
2.410291433334350586e+00 -7.944289594888687134e-02 1.762456178665161133e+00 -1.815274715423583984e+00 1.995319366455078125e+00 6.116734147071838379e-01 2.679202079772949219e+00 -1.418874025344848633e+00 2.147584915161132812e+00 2.173468351364135742e+00 1.703016161918640137e+00 2.648196458816528320e+00 6.734470725059509277e-01 9.337939023971557617e-01 -1.259974837303161621e+00 -1.799562096595764160e+00 3.072394609451293945e+00 3.895646333694458008e+00 -2.530668973922729492e+00 -2.263263225555419922e+00
-4.141824319958686829e-02 2.879931032657623291e-01 -4.921052932739257812e+00 -2.947023510932922363e-02 1.210418343544006348e+00 -2.549879312515258789e+00 -5.999214172363281250e+00 -7.480018138885498047e+00 -1.747963875532150269e-01 4.651907920837402344e+00 -9.159369468688964844e-01 -2.845839500427246094e+00 -1.691868662834167480e+00 -2.643124341964721680e+00 -4.730571806430816650e-01 -3.402013540267944336e+00 -9.820032864809036255e-02 -1.991810321807861328e+00 6.701712608337402344e+00 2.968631744384765625e+00
2.851563215255737305e+00 3.419338166713714600e-01 -2.373027563095092773e+00 1.738444328308105469e+00 -3.657056987285614014e-01 1.295110881328582764e-01 -3.289058804512023926e-01 2.755177974700927734e+00 1.326733082532882690e-01 7.422978878021240234e-01 4.498164176940917969e+00 1.632639765739440918e+00 -5.655895709991455078e+00 -3.989359855651855469e+00 -1.073007225990295410e+00 -7.794427275657653809e-01 -6.966304302215576172e+00 3.507559776306152344e+00 -3.343228250741958618e-02 2.927507162094116211e+00
1.942274928092956543e+00 -9.181654453277587891e-02 5.899846076965332031e+00 2.681321144104003906e+00 -1.902152419090270996e+00 2.559381723403930664e+00 -2.410599470138549805e+00 1.783587098121643066e+00 -1.716533064842224121e+00 2.828491687774658203e+00 -2.913843393325805664e+00 3.557242870330810547e+00 -3.902195215225219727e+00 3.495507001876831055e+00 9.402900338172912598e-01 2.930474042892456055e+00 -3.832637548446655273e+00 -6.948344111442565918e-01 8.618329167366027832e-01 -5.303735733032226562e-01
2.273707628250122070e+00 4.211746692657470703e+00 3.605219125747680664e+00 1.992823004722595215e+00 -8.809816837310791016e-01 3.308824777603149414e+00 -3.271114587783813477e+00 1.800277829170227051e+00 -1.687577366828918457e+00 1.185643076896667480e+00 9.420635551214218140e-02 -2.893675088882446289e+00 2.531668663024902344e+00 4.942133128643035889e-01 -3.232838153839111328e+00 -2.450558900833129883e+00 1.483586192131042480e+00 -1.391112446784973145e+00 -4.522701799869537354e-01 1.566343665122985840e+00
-9.322562217712402344e-01 1.099824786186218262e+00 4.791871309280395508e-01 5.418833255767822266e+00 1.358164906501770020e+00 -6.201926469802856445e-01 4.315529823303222656e+00 -3.384057059884071350e-02 1.376367509365081787e-01 3.607156276702880859e+00 5.588545799255371094e-01 2.291803836822509766e+00 -2.278119564056396484e+00 -9.576906263828277588e-02 1.725245237350463867e+00 4.777534008026123047e-01 -1.631035208702087402e-01 3.975102305412292480e-01 -1.340350031852722168e+00 1.344762444496154785e+00
2.433509588241577148e+00 5.092776298522949219e+00 -4.279083251953125000e+00 -9.324750304222106934e-01 1.897793650627136230e+00 -9.185408353805541992e-01 2.993496417999267578e+00 1.702834010124206543e+00 2.091752290725708008e+00 -2.204938411712646484e+00 -1.531617522239685059e+00 2.541243314743041992e+00 7.197898030281066895e-01 5.105117559432983398e-01 -1.414690732955932617e+00 9.284409284591674805e-01 2.352787017822265625e+00 2.586792707443237305e+00 4.211453437805175781e+00 -8.200529217720031738e-01
1.153122901916503906e+00 2.882421255111694336e+00 3.450160264968872070e+00 -7.653975486755371094e-01 9.363995194435119629e-01 -3.297914505004882812e+00 3.025640010833740234e+00 2.335233688354492188e+00 -1.190068244934082031e+00 1.462076783180236816e+00 2.859100580215454102e+00 -1.171044468879699707e+00 -3.009468317031860352e-01 -1.902436614036560059e+00 -1.066785216331481934e+00 7.374249696731567383e-01 3.213854074478149414e+00 2.122631788253784180e+00 4.477979660034179688e+00 -2.095628976821899414e+00
-2.045341253280639648e+00 1.285897970199584961e+00 1.459548473358154297e+00 -8.795258998870849609e-01 -2.170080244541168213e-01 3.138266563415527344e+00 -1.024335980415344238e+00 1.186139464378356934e+00 3.057871103286743164e+00 -2.718940734863281250e+00 -4.647598862648010254e-01 -2.280393600463867188e+00 -3.757393836975097656e+00 1.316284656524658203e+00 3.007213354110717773e+00 4.055408954620361328e+00 -2.502734899520874023e+00 1.679127663373947144e-01 1.387891292572021484e+00 1.626042842864990234e+00
-1.923018574714660645e+00 3.180015802383422852e+00 -1.455956220626831055e+00 -9.771298170089721680e-01 -1.844556182622909546e-01 9.414776563644409180e-01 -4.533166885375976562e-01 6.136575341224670410e-01 2.574821472167968750e+00 7.069703936576843262e-01 -1.326889991760253906e+00 3.549246490001678467e-01 -1.992274045944213867e+00 2.388642072677612305e+00 -3.784224018454551697e-02 2.557032823562622070e+00 1.544325053691864014e-01 1.559428334236145020e+00 -6.189574003219604492e-01 -1.144894305616617203e-02
-1.188239812850952148e+00 -3.979305982589721680e+00 -5.396275043487548828e+00 -3.129745125770568848e-01 -2.405991792678833008e+00 -3.606789112091064453e+00 2.388004541397094727e+00 8.656893968582153320e-01 1.626982808113098145e+00 -1.185851931571960449e+00 -1.391210556030273438e+00 3.804738759994506836e+00 9.822501540184020996e-01 1.235436558723449707e+00 -5.491096019744873047e+00 -1.752456724643707275e-01 7.553585767745971680e-01 9.896638989448547363e-01 -8.889160752296447754e-01 -2.894612550735473633e+00
2.284344911575317383e+00 -3.761076033115386963e-01 3.950454950332641602e+00 1.372340559959411621e+00 -2.640361785888671875e+00 -2.498823404312133789e+00 1.229436635971069336e+00 -1.693919897079467773e+00 1.075063705444335938e+00 -3.262379467487335205e-01 3.439397215843200684e-01 -4.226028442382812500e+00 -1.336439609527587891e+00 9.451628327369689941e-01 1.008107304573059082e+00 1.912577509880065918e+00 -4.039401531219482422e+00 -3.732522428035736084e-01 -9.488603472709655762e-02 -2.654940605163574219e+00
1.250559568405151367e+00 -1.490382671356201172e+00 1.067654728889465332e+00 5.869182944297790527e-01 -3.211840152740478516e+00 4.254605174064636230e-01 6.760927438735961914e-01 3.262980937957763672e+00 -1.642570942640304565e-01 3.257657527923583984e+00 2.571560382843017578e+00 -2.832894921302795410e-01 -6.133573055267333984e-01 4.298873424530029297e+00 1.895829558372497559e+00 -2.324652910232543945e+00 1.233569085597991943e-01 7.509678602218627930e-01 8.954258635640144348e-03 2.672152519226074219e-01
-2.054603099822998047e+00 7.759661078453063965e-01 8.824740648269653320e-01 -4.045626163482666016e+00 -9.893409013748168945e-01 2.844825573265552521e-02 1.549005508422851562e-01 -2.916780948638916016e+00 -2.142752557992935181e-01 1.933221101760864258e+00 -1.456589341163635254e+00 -3.335358142852783203e+00 -6.740143299102783203e-01 9.844958782196044922e-01 2.941509246826171875e+00 2.207571983337402344e+00 3.605090677738189697e-01 1.284007072448730469e+00 1.836018323898315430e+00 -3.128650665283203125e+00
-2.404624938964843750e+00 1.508511304855346680e+00 3.674803078174591064e-01 1.819988638162612915e-01 -1.093019723892211914e+00 -6.852503418922424316e-01 -3.033844232559204102e-01 9.455014467239379883e-01 1.327915906906127930e+00 1.793751865625381470e-01 -5.692896842956542969e-01 -4.151491522789001465e-01 -3.765394091606140137e-01 3.063249349594116211e+00 2.393794298171997070e+00 1.410382509231567383e+00 2.562952995300292969e+00 2.736500024795532227e+00 -2.111594676971435547e+00 1.395521402359008789e+00
-2.346882104873657227e+00 2.323900535702705383e-02 3.287030696868896484e+00 2.283149242401123047e+00 -1.346829533576965332e-01 1.443630695343017578e+00 6.225281357765197754e-01 -2.352242022752761841e-01 2.935449838638305664e+00 -7.275286316871643066e-01 8.491127490997314453e-01 -2.763573639094829559e-02 1.358361721038818359e+00 1.387238144874572754e+00 4.082458496093750000e+00 4.382223486900329590e-01 3.269873857498168945e-01 1.396958112716674805e+00 -3.005019426345825195e+00 -1.171746611595153809e+00
2.070855855941772461e+00 3.007366418838500977e+00 -4.007882118225097656e+00 -9.018452167510986328e-01 -7.692707777023315430e-01 1.925229668617248535e+00 2.457860231399536133e+00 -6.934701204299926758e-01 -9.576681852340698242e-01 -2.887042462825775146e-01 -1.462930560111999512e+00 -2.184370279312133789e+00 3.707015991210937500e+00 1.097969293594360352e+00 -4.137637019157409668e-01 5.094464778900146484e+00 1.865194916725158691e+00 -2.534474134445190430e-01 -1.748919963836669922e+00 1.906590223312377930e+00
2.442147731781005859e+00 5.248775482177734375e-01 -2.128004312515258789e+00 1.009167790412902832e+00 -6.133463978767395020e-01 -5.088800191879272461e-02 -3.600335836410522461e+00 -2.304886132478713989e-01 4.758667647838592529e-01 4.796312332153320312e+00 -1.791973471641540527e+00 -8.302060961723327637e-01 4.797787189483642578e+00 -7.834614515304565430e-01 -2.836601734161376953e+00 7.396066188812255859e-01 -3.148351192474365234e+00 2.672497987747192383e+00 -1.370112538337707520e+00 -9.750282019376754761e-02
-2.056371927261352539e+00 6.321109533309936523e-01 1.461318254470825195e+00 -1.307743936777114868e-01 -1.784464359283447266e+00 4.377862811088562012e-02 -1.074830770492553711e+00 1.569044351577758789e+00 2.514153718948364258e+00 -1.480483531951904297e+00 1.416013538837432861e-01 2.196388721466064453e+00 -8.492181077599525452e-03 -3.898980617523193359e-01 1.699787259101867676e+00 4.218589305877685547e+00 2.705418169498443604e-01 3.077133893966674805e+00 -1.893027544021606445e+00 3.166222095489501953e+00
1.090293884277343750e+00 7.881729006767272949e-01 -2.323576211929321289e+00 -2.154138326644897461e+00 7.535480856895446777e-01 -1.071278452873229980e+00 8.140690326690673828e-01 5.519107818603515625e+00 1.640019655227661133e+00 5.266957283020019531e-01 2.673960924148559570e+00 1.410801291465759277e+00 -1.158423870801925659e-01 2.896943092346191406e+00 -3.118431329727172852e+00 3.184953451156616211e+00 1.245572090148925781e+00 1.660818099975585938e+00 -1.734407067298889160e+00 6.796042323112487793e-01
-2.982497692108154297e+00 -1.365610718727111816e+00 3.468279361724853516e+00 -1.376140475273132324e+00 -2.271913290023803711e+00 3.301242589950561523e-01 5.394088029861450195e-01 -9.689407795667648315e-02 -6.752402782440185547e-01 1.375446438789367676e+00 1.596965312957763672e+00 -4.408870041370391846e-01 -2.375082731246948242e+00 -2.767532348632812500e+00 -2.997896075248718262e-01 -1.553398370742797852e+00 1.953335404396057129e+00 3.019897341728210449e-01 2.526342868804931641e+00 6.177330017089843750e-02
6.891777515411376953e-01 -3.806067705154418945e+00 1.353484988212585449e+00 -4.610536992549896240e-01 -9.992358088493347168e-01 -2.489971399307250977e+00 3.686567068099975586e+00 1.510505318641662598e+00 4.730509817600250244e-01 6.709599494934082031e-02 3.113701820373535156e+00 -4.181272506713867188e+00 -3.265898466110229492e+00 -1.317130923271179199e+00 2.765432186424732208e-02 1.819661140441894531e+00 1.922487497329711914e+00 -3.978628396987915039e+00 1.726479411125183105e+00 -1.649598479270935059e+00
2.039547443389892578e+00 3.854207515716552734e+00 8.567820787429809570e-01 2.656464874744415283e-01 1.745845675468444824e+00 -1.533336758613586426e+00 -1.125480771064758301e+00 -4.571737945079803467e-01 4.318443775177001953e+00 -3.724621295928955078e+00 2.757360696792602539e+00 2.256463617086410522e-01 4.306192398071289062e+00 -9.919184446334838867e-01 -1.740308284759521484e+00 7.910667061805725098e-01 -3.628624439239501953e+00 -2.632487535476684570e+00 1.651123523712158203e+00 -1.597080945968627930e+00
2.769897282123565674e-01 1.888441324234008789e+00 -3.385961771011352539e+00 2.822546005249023438e+00 2.462344169616699219e+00 2.284286260604858398e+00 -1.745612382888793945e+00 -2.836129665374755859e+00 1.199693918228149414e+00 -4.905140399932861328e+00 3.362663745880126953e+00 5.893388390541076660e-01 -2.065640538930892944e-01 -7.874429821968078613e-01 2.603935718536376953e+00 1.988847255706787109e+00 -5.403404831886291504e-01 -3.776882886886596680e+00 7.407550811767578125e-01 -4.959434509277343750e+00
-3.161750793457031250e+00 2.753642201423645020e-02 -1.895589113235473633e+00 6.549016952514648438e+00 9.937588125467300415e-03 1.542762517929077148e+00 1.431121587753295898e+00 3.577948570251464844e+00 -7.666978836059570312e-01 -2.790772438049316406e+00 1.373665332794189453e+00 -2.275206565856933594e+00 4.687987267971038818e-01 6.340146660804748535e-01 4.428308010101318359e+00 -2.029407471418380737e-01 -4.924929738044738770e-01 -5.616048574447631836e-01 -2.262376070022583008e+00 -4.413762390613555908e-01
1.220559358596801758e+00 4.387095928192138672e+00 3.938955068588256836e+00 1.518049716949462891e+00 2.206205606460571289e+00 -1.036396741867065430e+00 2.861764430999755859e+00 1.408362090587615967e-01 -2.070424318313598633e+00 3.846819877624511719e+00 2.731869697570800781e+00 2.932979106903076172e+00 -3.579380989074707031e+00 -4.396971225738525391e+00 8.023845553398132324e-01 -5.306274890899658203e+00 -3.110085487365722656e+00 9.627692103385925293e-01 5.252249240875244141e+00 -6.947994232177734375e+00
-3.469609498977661133e+00 -2.799806296825408936e-01 5.775311946868896484e+00 -3.162634670734405518e-01 7.846275329589843750e+00 4.279541969299316406e-01 5.932134389877319336e-01 -2.435345649719238281e+00 7.086619138717651367e-01 1.556522488594055176e+00 -3.705617904663085938e+00 -2.912747383117675781e+00 -1.531374096870422363e+00 -2.543667554855346680e+00 -1.784381270408630371e+00 1.000608205795288086e+00 1.518420219421386719e+00 2.261265963315963745e-01 2.876664161682128906e+00 -4.017360042780637741e-03
-8.885905146598815918e-01 3.997803106904029846e-02 1.599773466587066650e-01 -5.298740863800048828e-01 -2.429969787597656250e+00 -3.083092212677001953e+00 -3.658371210098266602e+00 9.690452814102172852e-01 -2.485864639282226562e+00 -1.470657229423522949e+00 2.135222911834716797e+00 2.555628120899200439e-01 5.105418205261230469e+00 -1.677470095455646515e-02 4.799724578857421875e+00 5.237172603607177734e+00 -8.316598087549209595e-02 1.033454418182373047e+00 -1.521476864814758301e+00 5.870044708251953125e+00
-1.512153983116149902e+00 5.119989871978759766e+00 2.246240615844726562e+00 -1.456944823265075684e+00 -1.724885821342468262e+00 1.553111195564270020e+00 6.603091359138488770e-01 -2.133354902267456055e+00 3.017195701599121094e+00 2.713058471679687500e+00 1.015773653984069824e+00 3.208334207534790039e+00 2.256750911474227905e-01 1.266039490699768066e+00 -4.150041580200195312e+00 -2.795241832733154297e+00 -5.085455417633056641e+00 1.503038048744201660e+00 -2.982847094535827637e-01 3.215306282043457031e+00
3.281268119812011719e+00 -1.625815033912658691e-01 -4.375980854034423828e+00 -6.913775801658630371e-01 7.428447008132934570e-01 3.819688558578491211e+00 3.363272845745086670e-01 1.841236591339111328e+00 -3.749020576477050781e+00 1.799624204635620117e+00 1.366697549819946289e+00 -9.357316493988037109e-01 -1.143709540367126465e+00 2.095570087432861328e+00 -3.544172048568725586e+00 3.807434082031250000e+00 4.936928272247314453e+00 -1.916088938713073730e+00 -2.679199218750000000e+00 9.258159995079040527e-01
1.617902874946594238e+00 -3.334440708160400391e+00 -7.174079418182373047e-01 -4.276137948036193848e-01 -2.285127401351928711e+00 3.387592732906341553e-01 3.304399847984313965e-01 -2.554885149002075195e+00 -1.693951725959777832e+00 -8.339706063270568848e-01 3.000656127929687500e+00 3.109770715236663818e-01 1.044126987457275391e+00 1.777991771697998047e+00 1.615195870399475098e+00 2.810793638229370117e+00 3.399822473526000977e+00 -2.204147338867187500e+00 -3.078381776809692383e+00 2.786372184753417969e+00
-1.887515902519226074e+00 1.917864233255386353e-01 -4.712689399719238281e+00 4.275427341461181641e+00 -2.248937606811523438e+00 -3.462075471878051758e+00 3.204956352710723877e-01 2.468917846679687500e+00 -1.567670464515686035e+00 -2.338770925998687744e-01 6.449732780456542969e+00 -1.799621343612670898e+00 4.341360032558441162e-01 7.645987272262573242e-01 3.037801384925842285e-01 -4.234991073608398438e-01 3.608215153217315674e-01 -4.144086837768554688e+00 -1.362028956413269043e+00 2.057698011398315430e+00
2.005935668945312500e+00 5.280824184417724609e+00 -5.305033177137374878e-02 -2.426866292953491211e+00 -1.223117470741271973e+00 3.412294864654541016e+00 -1.437630653381347656e+00 -2.926881015300750732e-01 4.249084472656250000e+00 -2.333964347839355469e+00 7.450554370880126953e-01 -6.014505624771118164e-01 2.934898138046264648e-01 1.887550950050354004e+00 -3.496177196502685547e-01 1.794815778732299805e+00 2.115448474884033203e+00 1.064652726054191589e-01 1.746358156204223633e+00 -3.475255668163299561e-01
1.209914445877075195e+00 1.665109992027282715e+00 1.105176210403442383e+00 9.068205952644348145e-01 -2.454783916473388672e+00 -4.229388713836669922e+00 -3.913814783096313477e+00 -2.187156438827514648e+00 -6.797444343566894531e+00 -3.317137002944946289e+00 -1.005058050155639648e+00 3.296924114227294922e+00 -6.564480781555175781e+00 2.701700210571289062e+00 -9.703003764152526855e-01 1.855175614356994629e+00 -1.625922203063964844e+00 -3.042612552642822266e+00 -1.157603621482849121e+00 -3.387438058853149414e+00
-3.781427383422851562e+00 2.961911678314208984e+00 5.913128376007080078e+00 7.683800458908081055e-01 -9.050225615501403809e-01 1.568791627883911133e+00 1.679752349853515625e+00 -4.559581756591796875e+00 9.935150742530822754e-01 8.233435750007629395e-01 -1.836862921714782715e+00 6.076200008392333984e-01 2.964611530303955078e+00 -4.069758415222167969e+00 2.995159029960632324e-01 2.977889537811279297e+00 1.788547754287719727e+00 -1.927719831466674805e+00 -2.072324514389038086e+00 -1.006769776344299316e+00
-4.529520988464355469e+00 1.720168948173522949e+00 2.690518379211425781e+00 -2.732118606567382812e+00 -3.280257701873779297e+00 4.618845939636230469e+00 1.109831333160400391e+00 -2.458257436752319336e+00 -3.127989292144775391e+00 1.950206041336059570e+00 -5.218681693077087402e-01 -2.954897880554199219e+00 -1.531372308731079102e+00 -4.071445941925048828e+00 3.992251873016357422e+00 -2.847045063972473145e-01 1.072216685861349106e-02 -2.548461198806762695e+00 -4.264973640441894531e+00 2.265460491180419922e+00
-4.627882957458496094e+00 -1.308388829231262207e+00 -1.984972000122070312e+00 4.266606330871582031e+00 1.018849372863769531e+00 6.865251064300537109e-01 -1.103830337524414062e+00 -4.509712219238281250e+00 4.440697193145751953e+00 -7.521645426750183105e-01 3.540258884429931641e+00 -4.406459808349609375e+00 2.665174245834350586e+00 3.814193487167358398e+00 3.592891931533813477e+00 -1.180084824562072754e+00 -3.579147815704345703e+00 3.678327798843383789e+00 5.749534130096435547e+00 3.623270273208618164e+00
-2.284150600433349609e+00 3.530552864074707031e+00 -3.030141592025756836e+00 6.752213954925537109e+00 3.043669223785400391e+00 2.013681650161743164e+00 -1.792170763015747070e+00 4.566688060760498047e+00 -5.173289775848388672e-01 1.830844402313232422e+00 3.723008394241333008e+00 7.914171814918518066e-01 2.101104974746704102e+00 -2.971780300140380859e+00 -9.563140273094177246e-01 -1.909344315528869629e+00 7.134490609169006348e-01 6.416708946228027344e+00 1.851599335670471191e+00 7.233054041862487793e-01
1.697914004325866699e+00 2.117590904235839844e-01 -1.295671463012695312e+00 7.813378572463989258e-01 1.577172040939331055e+00 2.424814701080322266e+00 2.768837928771972656e+00 9.603636711835861206e-02 -8.045072555541992188e-01 -3.544639587402343750e+00 -1.773998618125915527e+00 3.322756886482238770e-01 -2.013792097568511963e-01 2.864575386047363281e+00 6.494244933128356934e-01 -1.130525946617126465e+00 3.741687297821044922e+00 7.595717310905456543e-01 6.911856651306152344e+00 -1.163015440106391907e-01
2.138596773147583008e+00 2.240666627883911133e+00 2.747251510620117188e+00 7.170261442661285400e-02 -9.229491949081420898e-01 -2.594196557998657227e+00 8.229023218154907227e-01 4.009873569011688232e-01 2.971018075942993164e+00 -4.272242188453674316e-01 1.378047347068786621e+00 -4.153793811798095703e+00 -3.176879286766052246e-01 -5.569850921630859375e+00 -3.659231901168823242e+00 4.118875503540039062e+00 -4.037417411804199219e+00 -9.073118567466735840e-01 3.781082630157470703e+00 -1.014651775360107422e+00
3.267782688140869141e+00 3.374238312244415283e-01 -1.733695507049560547e+00 5.169322490692138672e+00 3.840702056884765625e+00 1.005975484848022461e+00 4.851460456848144531e+00 4.294490814208984375e+00 -1.835141897201538086e+00 1.650312423706054688e+00 -1.568184137344360352e+00 -3.366108179092407227e+00 7.917114496231079102e-01 1.976815342903137207e+00 -9.649789333343505859e-02 -1.429300308227539062e-01 3.224849939346313477e+00 -3.715957880020141602e+00 1.393463730812072754e+00 2.536350488662719727e-01
-4.396454393863677979e-01 2.859945058822631836e+00 1.549466967582702637e+00 1.214642763137817383e+00 -3.808984518051147461e+00 -1.846508026123046875e+00 -1.825748443603515625e+00 3.046181440353393555e+00 5.365504622459411621e-01 2.446412801742553711e+00 3.786055564880371094e+00 4.705213546752929688e+00 3.303714036941528320e+00 3.475788116455078125e+00 2.202230930328369141e+00 -8.290312886238098145e-01 -7.025146484375000000e-01 -2.471249699592590332e-01 4.296866416931152344e+00 1.612732768058776855e+00
1.262897133827209473e+00 2.853783845901489258e+00 -2.561356067657470703e+00 -2.805398464202880859e+00 3.897278070449829102e+00 3.221050262451171875e+00 9.591917991638183594e-01 2.982604980468750000e+00 -6.732077598571777344e-01 -1.270613670349121094e+00 -7.742150425910949707e-01 3.397622108459472656e+00 -3.326905488967895508e+00 -9.763384461402893066e-01 -2.593345165252685547e+00 1.968613743782043457e+00 -9.884341359138488770e-01 3.140208721160888672e+00 2.722643375396728516e+00 2.683630228042602539e+00
-1.336590349674224854e-01 -1.375355124473571777e+00 -3.158834576606750488e-01 5.897372961044311523e-01 -1.324369907379150391e-01 -3.163184165954589844e+00 -1.703609943389892578e+00 3.367795705795288086e+00 1.883488655090332031e+00 3.637771606445312500e+00 -7.304887175559997559e-01 1.101776361465454102e+00 1.721459746360778809e+00 1.994112610816955566e+00 1.207958221435546875e+00 1.051414251327514648e+00 6.385585665702819824e-01 2.865508317947387695e+00 -8.895257115364074707e-01 1.202272295951843262e+00
