-1.597949147224426270e+00 -8.662849664688110352e-01 3.937870502471923828e+00 -8.970973640680313110e-02 -4.384016036987304688e+00 -1.691003918647766113e+00 3.751400470733642578e+00 1.263190865516662598e+00 -3.677634596824645996e-01 -3.100112676620483398e+00 6.177431583404541016e+00 -1.959091663360595703e+00 -1.896363869309425354e-02 6.517599105834960938e+00 -1.389243721961975098e+00 -8.651065230369567871e-01 -3.357167840003967285e-01 1.184201717376708984e+00 -2.444304704666137695e+00 -3.109590053558349609e+00
2.572717666625976562e-01 2.372917652130126953e+00 8.735283017158508301e-01 -3.519124165177345276e-02 2.127619028091430664e+00 -7.034918069839477539e-01 6.704840660095214844e-01 3.008479118347167969e+00 1.306765794754028320e+00 -4.309369921684265137e-01 -4.346243143081665039e-01 3.285717248916625977e+00 -4.277536869049072266e+00 -4.063825130462646484e+00 3.495191574096679688e+00 -1.127240180969238281e+00 -1.119854688644409180e+00 4.655385613441467285e-01 -2.696077108383178711e+00 -3.005484104156494141e+00
-1.803472280502319336e+00 2.011002540588378906e+00 1.216722726821899414e+00 1.117801070213317871e+00 1.742801189422607422e+00 -3.609036505222320557e-01 1.671336442232131958e-01 -3.599543571472167969e+00 3.612787649035453796e-02 -1.941016763448715210e-01 5.088433742523193359e+00 -1.996082901954650879e+00 2.167718410491943359e+00 2.403301000595092773e+00 -7.827237248420715332e-01 -5.422827243804931641e+00 -9.389629364013671875e-01 -4.162338256835937500e+00 -2.648722171783447266e+00 1.639629244804382324e+00
5.016757011413574219e+00 1.031727790832519531e+00 -4.796499729156494141e+00 1.751566529273986816e+00 -1.002252221107482910e+00 -1.191118001937866211e+00 -4.383330941200256348e-01 2.395321369171142578e+00 -3.241508007049560547e+00 2.626017570495605469e+00 -5.304760336875915527e-01 -3.118073701858520508e+00 3.433941841125488281e+00 1.643653869628906250e+00 -2.717067003250122070e+00 -8.537684679031372070e-01 1.019685268402099609e+00 -2.967415809631347656e+00 -1.460428833961486816e+00 1.209914088249206543e+00
5.016502857208251953e+00 9.616966843605041504e-01 1.352821230888366699e+00 1.856970548629760742e+00 4.149396896362304688e+00 1.477707386016845703e+00 -7.657194733619689941e-01 -7.482179254293441772e-02 -2.520436525344848633e+00 4.316679477691650391e+00 -2.298795938491821289e+00 1.967780232429504395e+00 2.353490114212036133e+00 -2.906227588653564453e+00 3.871755599975585938e-01 1.195150375366210938e+00 1.617057323455810547e+00 -3.072557210922241211e+00 -3.546957969665527344e+00 -2.299191951751708984e+00
1.480578660964965820e+00 3.104365587234497070e+00 1.257607460021972656e+00 -4.819650650024414062e-01 5.174862384796142578e+00 -3.782205581665039062e+00 2.349254846572875977e+00 3.147587180137634277e-02 -1.468438863754272461e+00 2.253983974456787109e+00 1.670072317123413086e+00 1.594945549964904785e+00 -9.541151523590087891e-01 -3.211453437805175781e+00 7.275925278663635254e-01 2.814019620418548584e-01 1.515585541725158691e+00 4.507237911224365234e+00 1.131948709487915039e+00 -2.354711771011352539e+00
-4.065153121948242188e+00 -3.372643470764160156e+00 -4.271579742431640625e+00 -3.832054853439331055e+00 3.615452945232391357e-01 1.275351494550704956e-01 -1.201961040496826172e+00 2.852489948272705078e+00 -5.639578342437744141e+00 -2.634370565414428711e+00 1.555865287780761719e+00 1.226034045219421387e+00 5.070580959320068359e+00 2.277368783950805664e+00 4.564836025238037109e+00 -2.018964290618896484e+00 -6.319280266761779785e-01 -2.636583745479583740e-01 -6.305596828460693359e-01 -7.902256250381469727e-01
-9.290221333503723145e-01 2.031012535095214844e+00 -3.546045422554016113e-01 6.644332885742187500e+00 -2.791222333908081055e+00 3.142851352691650391e+00 4.518145084381103516e+00 -7.259984016418457031e-01 -4.772442817687988281e+00 -2.735078930854797363e-01 2.290733456611633301e-01 1.695429384708404541e-01 8.665139675140380859e-01 1.181794524192810059e+00 -1.104101657867431641e+00 5.233863592147827148e-01 -2.567964076995849609e+00 1.662515848875045776e-01 1.528407573699951172e+00 -2.450227737426757812e+00
2.304019451141357422e+00 -2.596945047378540039e+00 1.114477038383483887e+00 1.781478524208068848e+00 -4.130407333374023438e+00 6.101571321487426758e-01 2.400974273681640625e+00 -1.816005945205688477e+00 3.818195581436157227e+00 2.223985671997070312e+00 -3.890567302703857422e+00 5.849887847900390625e+00 -1.083622217178344727e+00 1.464566469192504883e+00 -1.579817533493041992e+00 -1.830269455909729004e+00 -4.825706958770751953e+00 1.504233598709106445e+00 -5.547373771667480469e+00 3.548737287521362305e+00
3.470264911651611328e+00 -5.983786582946777344e-01 1.705404162406921387e+00 -1.543522238731384277e+00 -3.530610561370849609e+00 -2.149962663650512695e+00 -1.379069089889526367e+00 3.249604225158691406e+00 -3.153309106826782227e+00 -3.613014459609985352e+00 2.404628694057464600e-01 5.991671085357666016e-01 1.109519243240356445e+00 1.503051161766052246e+00 2.243935316801071167e-02 -2.174749851226806641e+00 1.062232732772827148e+00 3.474014282226562500e+00 -5.475140213966369629e-01 -2.906661272048950195e+00
1.360533237457275391e+00 2.921608984470367432e-01 3.671156406402587891e+00 -7.129258513450622559e-01 3.651467323303222656e+00 3.410014867782592773e+00 -2.614518165588378906e+00 3.572725296020507812e+00 2.109676361083984375e+00 -1.417824506759643555e+00 3.127814531326293945e+00 -3.375819921493530273e+00 4.666771888732910156e+00 1.843057870864868164e+00 5.520548224449157715e-01 5.495772361755371094e+00 -1.793631553649902344e+00 -5.242108702659606934e-01 -6.593043804168701172e-01 1.279834151268005371e+00
1.775863170623779297e+00 -8.423148989677429199e-01 1.677965998649597168e+00 2.664282798767089844e+00 -4.184829711914062500e+00 1.691543340682983398e+00 -2.456374168395996094e+00 5.525891780853271484e-01 1.340682864189147949e+00 -3.195100784301757812e+00 3.801752328872680664e+00 -9.583839774131774902e-02 -1.535899996757507324e+00 -2.579892158508300781e+00 -3.022297859191894531e+00 2.042413234710693359e+00 2.062055826187133789e+00 -1.451317191123962402e+00 -9.643276929855346680e-01 -5.514436244964599609e+00
-1.380815744400024414e+00 -6.274290382862091064e-02 -5.412366867065429688e+00 1.424580931663513184e+00 6.107732772827148438e+00 -1.219323396682739258e+00 -3.184960603713989258e+00 2.756921052932739258e+00 -6.797218918800354004e-01 -1.916044831275939941e+00 2.776017665863037109e+00 -1.065156221389770508e+00 -3.528853654861450195e-01 2.708278417587280273e+00 5.791243553161621094e+00 1.914893537759780884e-01 -1.934333443641662598e+00 -3.466403722763061523e+00 -1.883773565292358398e+00 1.726308822631835938e+00
-5.243926644325256348e-01 -1.691402554512023926e+00 4.402876853942871094e+00 -1.265526175498962402e+00 1.756157636642456055e+00 -1.491597294807434082e+00 2.227491140365600586e+00 -4.607954502105712891e+00 -1.214319229125976562e+00 -5.881897807121276855e-01 -3.673664093017578125e+00 -4.039888858795166016e+00 1.892916321754455566e+00 1.035512447357177734e+00 -2.715120613574981689e-01 -2.733069956302642822e-01 4.935838878154754639e-01 5.216698169708251953e+00 3.637978315353393555e+00 -2.827557325363159180e+00
2.910040140151977539e+00 3.425025224685668945e+00 -5.100064277648925781e-01 -2.650743007659912109e+00 -2.829648852348327637e-01 -7.289462685585021973e-01 -1.592329382896423340e+00 -1.218273043632507324e+00 1.977178215980529785e+00 1.392476797103881836e+00 -1.148862242698669434e+00 4.057144641876220703e+00 8.368066549301147461e-01 6.220433488488197327e-02 -3.556938171386718750e+00 -2.387506723403930664e+00 2.315035820007324219e+00 1.891354441642761230e+00 2.031306028366088867e+00 -3.037804603576660156e+00
5.001211643218994141e+00 5.466231822967529297e+00 3.613913536071777344e+00 -2.964186072349548340e-01 8.073432445526123047e-01 3.034463644027709961e+00 -2.781404256820678711e-01 4.922595024108886719e+00 2.091864347457885742e+00 -1.453312873840332031e+00 -1.375360608100891113e+00 -8.308163285255432129e-01 -5.946266174316406250e+00 5.510358333587646484e+00 -4.742699623107910156e+00 5.205212831497192383e-01 -9.986833482980728149e-02 3.550278425216674805e+00 9.914748668670654297e-01 3.838535308837890625e+00
1.723951816558837891e+00 1.540568828582763672e+00 4.163683414459228516e+00 3.074058294296264648e+00 -6.865402460098266602e-01 -7.014437317848205566e-01 3.586949706077575684e-01 5.738152503967285156e+00 2.654587268829345703e+00 5.594180583953857422e+00 2.792361736297607422e+00 1.056085348129272461e+00 1.069784641265869141e+00 1.287003755569458008e+00 -3.095588207244873047e+00 1.339164525270462036e-01 4.495738029479980469e+00 -2.794228196144104004e-01 2.448436498641967773e+00 1.039597749710083008e+00
3.976737022399902344e+00 2.531199932098388672e+00 -4.017333507537841797e+00 5.649138689041137695e-01 -4.166914939880371094e+00 -5.273537158966064453e+00 -1.591570258140563965e+00 3.452484130859375000e+00 -2.151379823684692383e+00 5.361630320549011230e-01 8.398198336362838745e-02 -1.802207469940185547e+00 2.914017438888549805e+00 2.171207666397094727e+00 8.818159103393554688e-01 8.328443765640258789e-01 -2.233063936233520508e+00 4.552805423736572266e+00 -3.561592698097229004e-01 -1.141878008842468262e+00
-2.288916587829589844e+00 -7.869007587432861328e-01 -4.130460739135742188e+00 -1.511144399642944336e+00 4.927786350250244141e+00 -2.680821418762207031e-01 1.983680963516235352e+00 -1.181197404861450195e+00 -3.244112253189086914e+00 -2.520676374435424805e+00 -6.635333299636840820e-01 4.268206596374511719e+00 3.461971506476402283e-02 1.391311049461364746e+00 -1.173628449440002441e+00 3.323154687881469727e+00 -3.407039344310760498e-01 -1.979922771453857422e+00 3.240165114402770996e-01 -2.513194561004638672e+00
-5.479270935058593750e+00 4.720456004142761230e-01 -4.658226013183593750e+00 2.905177354812622070e+00 -6.959359645843505859e-01 -1.370240449905395508e+00 -4.778582572937011719e+00 1.990762948989868164e+00 5.372575521469116211e-01 -9.597685337066650391e-01 -6.559516191482543945e-01 5.150317668914794922e+00 3.123050451278686523e+00 -1.155132174491882324e+00 1.169753313064575195e+00 3.130485057830810547e+00 -5.291132330894470215e-01 4.251327991485595703e+00 4.663910388946533203e+00 -2.204386711120605469e+00
-1.662877559661865234e+00 1.800525903701782227e+00 -3.685967683792114258e+00 -2.431406736373901367e+00 3.120248317718505859e+00 5.179990291595458984e+00 2.641104459762573242e+00 3.813205003738403320e+00 -4.385966300964355469e+00 -3.331149816513061523e-01 7.891519069671630859e-01 -6.267147660255432129e-01 -4.006900310516357422e+00 -2.594685554504394531e+00 -2.757759332656860352e+00 4.728049755096435547e+00 -3.728839159011840820e+00 -5.960184574127197266e+00 6.044270992279052734e+00 7.076824307441711426e-01
5.065876245498657227e-01 -4.570069313049316406e+00 1.627017974853515625e+00 7.844571471214294434e-01 -1.281637191772460938e+00 6.284093856811523438e-01 -2.188912153244018555e+00 -7.774496674537658691e-01 1.091132760047912598e+00 6.475217938423156738e-01 1.229196190834045410e+00 2.143110930919647217e-01 1.327548146247863770e+00 -4.230474472045898438e+00 3.829963207244873047e+00 -1.166931867599487305e+00 -1.886017918586730957e-01 -6.895592212677001953e-01 4.058274924755096436e-01 4.114509582519531250e+00
2.879118323326110840e-01 7.434434890747070312e-01 4.437677860260009766e-01 3.803436160087585449e-01 5.555524826049804688e-01 2.258561611175537109e+00 2.140505313873291016e+00 -4.752700328826904297e+00 -2.058824539184570312e+00 -3.823059558868408203e+00 -3.191405236721038818e-01 9.097694158554077148e-01 -3.147541761398315430e+00 -2.542387008666992188e+00 -4.777830123901367188e+00 -1.953811012208461761e-02 8.014599680900573730e-01 -5.367187857627868652e-01 9.803694486618041992e-01 5.389645695686340332e-01
-3.252077579498291016e+00 -1.923271082341670990e-02 -1.032747030258178711e+00 -2.899659395217895508e+00 -7.100536674261093140e-02 -2.343834161758422852e+00 1.585827022790908813e-01 -7.487991452217102051e-02 -4.943714618682861328e+00 -3.338596582412719727e+00 -3.860314846038818359e+00 -3.371967554092407227e+00 1.842197895050048828e+00 4.884203910827636719e+00 9.732091426849365234e-01 4.055624961853027344e+00 7.606394290924072266e-01 4.984197914600372314e-01 3.694356679916381836e-01 -2.563305377960205078e+00
-2.765215337276458740e-01 1.531052947044372559e+00 1.919324874877929688e+00 3.740504503250122070e+00 -3.031902074813842773e+00 -1.340801119804382324e+00 3.909388780593872070e+00 -1.219331145286560059e+00 5.924057364463806152e-01 -4.479830265045166016e-01 -2.638303518295288086e+00 2.115896463394165039e+00 -8.783588409423828125e-01 -2.461826324462890625e+00 5.685368537902832031e+00 -1.202167868614196777e+00 -2.333377122879028320e+00 2.216662764549255371e-01 -2.507930994033813477e+00 2.565771102905273438e+00
2.245410084724426270e-01 9.594751596450805664e-01 -5.700689792633056641e+00 2.146225929260253906e+00 -4.160830378532409668e-01 -2.493927240371704102e+00 -3.865206480026245117e+00 -2.470912218093872070e+00 4.543483257293701172e-01 4.648452699184417725e-01 -4.494017958641052246e-01 -2.893815040588378906e+00 2.041291713714599609e+00 -2.631554603576660156e+00 1.456220269203186035e+00 1.917716264724731445e+00 1.015774726867675781e+00 -2.727916538715362549e-01 1.677051782608032227e-01 2.886553287506103516e+00
-1.141811609268188477e+00 2.303908109664916992e+00 1.038639068603515625e+00 2.178367137908935547e+00 8.935022950172424316e-01 -4.003243446350097656e+00 -2.815653800964355469e+00 4.387632608413696289e-01 1.076243996620178223e+00 2.847013711929321289e+00 1.848572850227355957e+00 -9.180764555931091309e-01 2.834844350814819336e+00 1.906911611557006836e+00 2.879852771759033203e+00 -1.919046640396118164e+00 4.330639839172363281e+00 2.547630548477172852e+00 1.320643782615661621e+00 5.488564014434814453e+00
-3.547356843948364258e+00 1.850679397583007812e+00 6.859690546989440918e-01 2.968601465225219727e+00 -3.217637538909912109e+00 -1.846064925193786621e+00 -1.857720017433166504e+00 1.448038458824157715e+00 -2.570611000061035156e+00 -5.527490973472595215e-01 -5.599618911743164062e+00 3.077428340911865234e+00 -1.229354500770568848e+00 2.295041322708129883e+00 1.297434866428375244e-01 -3.625667095184326172e+00 3.594644069671630859e+00 -2.426293373107910156e+00 3.647814750671386719e+00 -2.143615007400512695e+00
-3.971260547637939453e+00 9.954443573951721191e-01 9.840252399444580078e-01 -6.088589429855346680e-01 2.434082269668579102e+00 2.189902782440185547e+00 1.365604639053344727e+00 -2.954902887344360352e+00 -2.390439033508300781e+00 -1.287606000900268555e+00 5.169777393341064453e+00 5.356327056884765625e+00 6.298388242721557617e-01 -3.401287555694580078e+00 -9.401240348815917969e-01 -4.497705936431884766e+00 5.601225376129150391e+00 4.210232257843017578e+00 -1.495326757431030273e+00 -1.908321857452392578e+00
-6.950603723526000977e-01 5.251801013946533203e-01 4.289590835571289062e+00 2.472755908966064453e+00 -3.127447605133056641e+00 4.894757747650146484e+00 -5.449199676513671875e+00 2.066492080688476562e+00 -3.371182829141616821e-02 3.287632226943969727e+00 2.682912588119506836e+00 -3.841971158981323242e+00 -2.924665212631225586e+00 3.552128314971923828e+00 -8.578450679779052734e-01 -3.455989360809326172e-01 -5.646079406142234802e-02 1.487142443656921387e+00 -6.992253065109252930e-01 4.421553134918212891e+00
-3.282381534576416016e+00 1.624332189559936523e+00 -7.389277815818786621e-01 -9.631034731864929199e-01 3.214465141296386719e+00 6.753701567649841309e-01 -3.523070573806762695e+00 1.275008201599121094e+00 3.292471170425415039e+00 9.848917722702026367e-01 -1.777194261550903320e+00 8.108886331319808960e-02 1.727127909660339355e+00 -4.827792644500732422e+00 -1.961951732635498047e+00 -3.972931504249572754e-01 -5.051313400268554688e+00 6.365132808685302734e+00 6.696788072586059570e-01 2.784161567687988281e-01
-2.708194494247436523e+00 -9.799227714538574219e-01 3.300571680068969727e+00 4.830523014068603516e+00 -1.574895501136779785e+00 -4.947395801544189453e+00 -1.054558753967285156e+00 -2.085710525512695312e+00 2.186738729476928711e+00 -5.404456138610839844e+00 -2.247039556503295898e+00 4.278536319732666016e+00 -3.309551000595092773e+00 -5.091748237609863281e-01 -3.458385467529296875e-01 2.189062118530273438e+00 -1.337669324129819870e-02 5.254257202148437500e+00 -6.599617600440979004e-01 5.701099395751953125e+00
-4.888987541198730469e+00 -3.273619174957275391e+00 -1.986469507217407227e+00 -1.347847580909729004e-01 2.433936834335327148e+00 1.064231395721435547e+00 1.816418409347534180e+00 -2.810733392834663391e-02 5.357374668121337891e+00 -5.990520954132080078e+00 5.460314273834228516e+00 -3.922887563705444336e+00 -1.276174426078796387e+00 -3.288527727127075195e+00 3.154099702835083008e+00 7.763804197311401367e-01 2.016608953475952148e+00 3.601720809936523438e+00 -1.323307633399963379e+00 3.099521398544311523e-01
4.986946582794189453e+00 -2.688131332397460938e-01 -9.664736390113830566e-01 -3.101256847381591797e+00 9.167740345001220703e-01 9.817957282066345215e-01 -2.404658079147338867e+00 5.411682724952697754e-01 3.849260509014129639e-01 -3.361999988555908203e-01 4.965351581573486328e+00 -1.054752245545387268e-01 2.683718204498291016e+00 1.718102931976318359e+00 7.408415526151657104e-02 -1.559224843978881836e+00 2.167460441589355469e+00 4.540668964385986328e+00 -2.007760524749755859e+00 2.951009750366210938e+00
-1.804879665374755859e+00 4.827962875366210938e+00 -4.630930423736572266e+00 2.914789915084838867e+00 -3.484085798263549805e+00 1.983374953269958496e+00 -2.247932195663452148e+00 -2.078386068344116211e+00 -2.656649112701416016e+00 -1.032663345336914062e+00 1.750265806913375854e-01 -3.441133201122283936e-01 3.778476238250732422e+00 3.262677907943725586e+00 1.588091254234313965e+00 -2.285718441009521484e+00 8.671607971191406250e-01 3.777659833431243896e-01 -5.285513401031494141e+00 3.444868326187133789e-01
-5.590585708618164062e+00 -1.984711766242980957e+00 3.722653388977050781e+00 -8.843141794204711914e-01 -2.725052118301391602e+00 -2.864031314849853516e+00 4.791501522064208984e+00 -4.183172702789306641e+00 -6.338212490081787109e+00 -1.704186677932739258e+00 -1.848239302635192871e+00 2.557484626770019531e+00 -9.848316311836242676e-01 8.410674333572387695e-01 2.603882312774658203e+00 -9.813750982284545898e-01 1.536827564239501953e+00 -9.461778998374938965e-01 1.316443443298339844e+00 2.188518524169921875e+00
-2.582330703735351562e+00 2.996652364730834961e+00 -1.522990703582763672e+00 -4.874173998832702637e-01 -1.546591520309448242e+00 -2.183481931686401367e+00 -7.185996770858764648e-01 7.618533372879028320e-01 -1.261500120162963867e+00 1.294342160224914551e+00 -2.890606641769409180e+00 3.252101540565490723e-01 4.094453811645507812e+00 1.935326814651489258e+00 -1.839695096015930176e+00 -1.677518725395202637e+00 2.193032026290893555e+00 2.355014801025390625e+00 -3.910412549972534180e+00 -2.132049083709716797e+00
1.254287958145141602e+00 1.191896915435791016e+00 4.785773456096649170e-01 3.517455458641052246e-01 2.258894205093383789e+00 3.573940038681030273e+00 -4.376654148101806641e+00 2.386799335479736328e+00 -1.246033430099487305e+00 -1.463494598865509033e-01 1.785975217819213867e+00 -7.077568769454956055e-01 4.911719635128974915e-02 2.155400753021240234e+00 1.694065690040588379e+00 -2.104038238525390625e+00 4.453546047210693359e+00 8.730231970548629761e-02 -2.599559068679809570e+00 -5.048290729522705078e+00
2.081201553344726562e+00 -2.246011972427368164e+00 1.136333227157592773e+00 -2.243911981582641602e+00 2.816911458969116211e+00 3.787137746810913086e+00 2.719202995300292969e+00 1.311255455017089844e+00 2.273304700851440430e+00 3.507812023162841797e+00 -3.508257627487182617e+00 -4.870243072509765625e+00 -1.371514797210693359e+00 5.881756916642189026e-02 1.657687902450561523e+00 9.291721582412719727e-01 -1.975186914205551147e-01 -1.822376400232315063e-01 -5.436459541320800781e+00 -1.509628176689147949e+00
-2.470559358596801758e+00 3.694037199020385742e-01 -3.849531412124633789e+00 -4.727712154388427734e+00 -2.072532415390014648e+00 3.913761854171752930e+00 -3.359987735748291016e-01 4.743660449981689453e+00 1.804162621498107910e+00 -3.870320320129394531e+00 -8.181313872337341309e-01 -2.247315406799316406e+00 -5.360269069671630859e+00 7.609983682632446289e-01 -3.635304689407348633e+00 -3.948525190353393555e+00 6.357277035713195801e-01 5.150647759437561035e-01 -3.654980957508087158e-01 -3.994628190994262695e+00
5.587466239929199219e+00 -9.155964255332946777e-01 -2.348668098449707031e+00 5.478317737579345703e-01 -1.746783733367919922e+00 -4.860290527343750000e+00 -1.555484890937805176e+00 -4.941708445549011230e-01 1.658642411231994629e+00 6.715433001518249512e-01 -4.670431137084960938e+00 4.161565780639648438e+00 4.285360813140869141e+00 -3.797710895538330078e+00 -2.526502370834350586e+00 2.726026535034179688e+00 2.756666421890258789e+00 9.042965769767761230e-01 -4.360890388488769531e+00 3.513459205627441406e+00
-6.845291256904602051e-01 7.489355802536010742e-01 2.831897258758544922e+00 6.441030502319335938e-01 3.913063764572143555e+00 2.216716051101684570e+00 1.199973583221435547e+00 -3.405033349990844727e+00 2.359114646911621094e+00 -4.445434570312500000e+00 9.673636555671691895e-01 -4.545469582080841064e-01 2.991641521453857422e+00 1.503308892250061035e+00 -1.068407297134399414e+00 -5.454470157623291016e+00 -2.349075794219970703e+00 -2.709926366806030273e+00 -1.982355237007141113e+00 -4.907183170318603516e+00
-5.661869525909423828e+00 -2.280427694320678711e+00 -3.924902200698852539e+00 3.863967180252075195e+00 1.824625134468078613e+00 -1.554795026779174805e+00 -1.662927031517028809e+00 -1.670768111944198608e-01 -9.607577323913574219e-01 -4.735559821128845215e-01 -3.409426450729370117e+00 -1.704920172691345215e+00 2.421422004699707031e+00 -7.323719263076782227e-01 -2.943069696426391602e+00 -2.799143314361572266e+00 2.064552068710327148e+00 -1.730196237564086914e+00 4.040342807769775391e+00 -3.532095909118652344e+00
8.669489026069641113e-01 3.953297138214111328e-01 -6.803019642829895020e-01 2.925918102264404297e+00 2.641628265380859375e+00 -2.190177917480468750e+00 1.755525231361389160e+00 -3.466966867446899414e+00 -1.074033737182617188e+00 3.930451631546020508e+00 -5.602735042572021484e+00 -1.611531257629394531e+00 -4.808184206485748291e-01 5.746485233306884766e+00 4.398087501525878906e+00 1.421023488044738770e+00 -2.759032249450683594e-01 -3.158109664916992188e+00 8.966095447540283203e-01 -3.285006761550903320e+00
5.419947147369384766e+00 8.905659317970275879e-01 1.238427162170410156e+00 4.940994381904602051e-01 3.360681295394897461e+00 4.728470146656036377e-01 -1.941395878791809082e+00 3.342263936996459961e+00 8.253242373466491699e-01 4.284944534301757812e-01 3.168961763381958008e+00 -4.550382137298583984e+00 1.294228076934814453e+00 -5.996757745742797852e-01 -2.857488393783569336e+00 -7.932948470115661621e-01 -7.668716311454772949e-01 7.103722095489501953e-01 -2.838084101676940918e-01 -2.198918581008911133e+00
-7.033356428146362305e-01 1.939614772796630859e+00 2.681819677352905273e+00 -4.336565971374511719e+00 -3.534757375717163086e+00 2.276869297027587891e+00 -3.832438230514526367e+00 -6.308706998825073242e-01 2.607392705976963043e-02 -4.623507022857666016e+00 -1.543526053428649902e+00 -1.746949195861816406e+00 1.945118546485900879e+00 5.764348506927490234e-01 2.836698532104492188e+00 4.194022655487060547e+00 1.756178736686706543e+00 3.110199213027954102e+00 -7.562013268470764160e-01 8.258026242256164551e-01
5.028656125068664551e-01 -3.509940505027770996e-01 -5.333553552627563477e-01 -1.304587244987487793e+00 -3.519342899322509766e+00 2.890238285064697266e+00 -1.830376744270324707e+00 3.343329191207885742e+00 -2.709634780883789062e+00 4.342099189758300781e+00 4.751219272613525391e+00 3.966317653656005859e+00 -1.176876544952392578e+00 -8.255907148122787476e-02 -5.917085409164428711e-01 -9.857485294342041016e-01 4.096432209014892578e+00 2.733341455459594727e-01 -2.003019094467163086e+00 2.076274156570434570e+00
1.050296187400817871e+00 6.297873854637145996e-01 1.944529056549072266e+00 -1.672817617654800415e-01 3.470641374588012695e+00 2.701556921005249023e+00 2.403430491685867310e-01 1.963273882865905762e-01 1.860732674598693848e+00 4.153795242309570312e+00 2.413496017456054688e+00 4.168522357940673828e+00 1.084605097770690918e+00 1.618095755577087402e+00 3.549452781677246094e+00 8.854809999465942383e-01 1.192903161048889160e+00 1.063174962997436523e+00 5.381321907043457031e-02 3.243154764175415039e+00
-5.310468196868896484e+00 5.100114822387695312e+00 -1.918534159660339355e+00 6.871408224105834961e-01 5.365585803985595703e+00 1.050669193267822266e+00 1.601832389831542969e+00 -1.609624385833740234e+00 3.342859745025634766e+00 -4.991550743579864502e-01 2.329946041107177734e+00 4.605978488922119141e+00 -3.345957279205322266e+00 3.474407434463500977e+00 -1.106981515884399414e+00 -5.350990772247314453e+00 1.618317484855651855e+00 -3.951493978500366211e+00 1.006328821182250977e+00 4.004558920860290527e-01
2.056354731321334839e-01 -7.612996101379394531e-01 -3.406803607940673828e-01 -2.742409229278564453e+00 3.345655441284179688e+00 3.179531812667846680e+00 -1.111225485801696777e+00 -1.181709051132202148e+00 3.218012809753417969e+00 2.076925039291381836e+00 -2.809265375137329102e+00 2.583259820938110352e+00 1.183363914489746094e+00 7.990753054618835449e-01 2.250051021575927734e+00 1.449698090553283691e+00 3.518911600112915039e+00 -1.374114155769348145e+00 4.077806949615478516e+00 5.236807346343994141e+00
1.306690573692321777e+00 -2.730065107345581055e+00 1.245806336402893066e+00 5.089350223541259766e+00 2.466627120971679688e+00 3.085834503173828125e+00 -3.224989652633666992e+00 1.450245618820190430e+00 4.424215793609619141e+00 4.519857406616210938e+00 -3.560263156890869141e+00 -4.905844211578369141e+00 2.587635993957519531e+00 -2.847250223159790039e+00 1.818609833717346191e+00 4.410577118396759033e-01 -1.734157681465148926e+00 1.414944827556610107e-01 8.790143579244613647e-02 3.524310111999511719e+00
-2.138712167739868164e+00 6.734967827796936035e-01 2.754615068435668945e+00 -2.455586433410644531e+00 -5.410460233688354492e-01 1.430742144584655762e+00 -7.588474154472351074e-01 1.727784752845764160e+00 -2.960606515407562256e-01 2.243448734283447266e+00 -5.029553890228271484e+00 -1.941506743431091309e+00 2.370951890945434570e+00 -1.665508985519409180e+00 3.406026363372802734e+00 1.245956540107727051e+00 -1.295650243759155273e+00 1.249507904052734375e+00 9.727542400360107422e-01 -2.012350320816040039e+00
-3.433301448822021484e+00 1.810786247253417969e+00 2.885236263275146484e+00 7.968134880065917969e-01 -1.387630224227905273e+00 2.371335983276367188e+00 2.239799976348876953e+00 2.568530321121215820e+00 6.279003024101257324e-01 2.295289039611816406e+00 -1.227220147848129272e-01 1.093159198760986328e+00 -2.505600929260253906e+00 -2.347746044397354126e-01 3.092375397682189941e-01 -2.892565250396728516e+00 2.443698406219482422e+00 5.818152800202369690e-02 5.818681240081787109e+00 1.762815833091735840e+00
-2.738325595855712891e+00 2.805444240570068359e+00 -3.717948794364929199e-01 -1.588793873786926270e+00 1.122223854064941406e+00 -2.048672884702682495e-01 -2.400978840887546539e-02 -4.243333816528320312e+00 -4.407591819763183594e+00 2.596787214279174805e+00 1.137964963912963867e+00 9.590248465538024902e-01 2.250347137451171875e+00 3.585079908370971680e+00 3.116067886352539062e+00 -3.393261671066284180e+00 -5.525597929954528809e-01 3.040245532989501953e+00 1.522356867790222168e+00 2.102981090545654297e+00
-5.914705395698547363e-01 4.322678565979003906e+00 -4.341907024383544922e+00 -2.269998788833618164e+00 -2.425563573837280273e+00 5.422721505165100098e-01 -2.081476688385009766e+00 -1.040398478507995605e+00 1.080427289009094238e+00 2.725405454635620117e+00 -1.020168423652648926e+00 -1.937817096710205078e+00 1.428810715675354004e+00 -2.525207042694091797e+00 -1.278879284858703613e+00 1.102048158645629883e+00 -1.910694092512130737e-01 -3.028935194015502930e+00 -8.454962968826293945e-01 4.111165046691894531e+00
-7.037909626960754395e-01 -3.432569503784179688e+00 1.125229239463806152e+00 -5.514150261878967285e-01 -9.561486840248107910e-01 2.695075511932373047e+00 -1.805037140846252441e+00 3.377433419227600098e-01 4.548474550247192383e-01 2.299611568450927734e+00 2.900458335876464844e+00 2.365318298339843750e+00 -3.318734884262084961e+00 5.218604803085327148e-01 8.787523508071899414e-01 2.705028533935546875e+00 -2.219218730926513672e+00 -4.094174861907958984e+00 3.381578624248504639e-01 -3.078502178192138672e+00
-1.664148807525634766e+00 2.487343788146972656e+00 -3.594330549240112305e+00 -3.486432552337646484e+00 8.925316929817199707e-01 3.116072177886962891e+00 3.858150243759155273e-01 -2.591674804687500000e+00 -1.351447701454162598e+00 -1.425613284111022949e+00 2.108288556337356567e-01 2.066957950592041016e+00 3.395061731338500977e+00 1.878598690032958984e+00 1.918933868408203125e+00 -4.221033573150634766e+00 2.759139060974121094e+00 -2.736897230148315430e+00 -1.295052647590637207e+00 1.213986158370971680e+00
-2.026048898696899414e+00 -2.012223482131958008e+00 -1.869094133377075195e+00 -1.625249028205871582e+00 1.022037982940673828e+00 -1.800463438034057617e+00 -3.767132043838500977e+00 3.214515924453735352e+00 1.364529490470886230e+00 -5.907957077026367188e+00 1.814795851707458496e+00 2.134390354156494141e+00 7.520444989204406738e-01 -9.498946666717529297e-01 -1.185498982667922974e-01 2.183588981628417969e+00 -2.425404071807861328e+00 4.595364034175872803e-01 1.947944641113281250e+00 2.070414304733276367e+00
-3.168516159057617188e+00 -3.373359441757202148e+00 -3.556500673294067383e+00 3.294897675514221191e-01 5.753757357597351074e-01 -4.361132979393005371e-01 1.405231714248657227e+00 -3.862038850784301758e+00 -1.684227705001831055e+00 2.406806468963623047e+00 9.401159286499023438e-01 4.101321101188659668e-01 -1.457244157791137695e+00 -4.205518364906311035e-01 9.965638518333435059e-01 -3.999806642532348633e+00 5.870430469512939453e-01 1.089811474084854126e-01 8.203211426734924316e-01 3.056666851043701172e+00
4.696918964385986328e+00 1.744350552558898926e+00 -7.885510325431823730e-01 -4.643887996673583984e+00 3.642038583755493164e+00 -1.142173647880554199e+00 3.124949693679809570e+00 -2.272156238555908203e+00 4.637382984161376953e+00 -3.309226632118225098e-01 2.593502521514892578e+00 -4.054639816284179688e+00 -1.166644096374511719e+00 3.613216876983642578e-01 -3.525204658508300781e-01 -5.359344482421875000e+00 2.428086698055267334e-01 3.278441905975341797e+00 -2.681526899337768555e+00 2.668710947036743164e+00
3.052319526672363281e+00 -1.220119357109069824e+00 2.880125761032104492e+00 2.029302716255187988e-02 -1.336885809898376465e+00 -2.171667098999023438e+00 1.246358394622802734e+00 2.952727377414703369e-01 2.823661804199218750e+00 -5.382493019104003906e+00 -4.896413803100585938e+00 4.600309371948242188e+00 4.215700149536132812e+00 -8.554492592811584473e-01 1.286484837532043457e+00 6.389634609222412109e-01 -2.515020847320556641e+00 -9.944161772727966309e-01 -2.781151831150054932e-01 -3.131554126739501953e+00
-1.368027687072753906e+00 1.262435913085937500e+00 3.512804985046386719e+00 4.593139171600341797e+00 2.444222927093505859e+00 4.045261383056640625e+00 6.037088036537170410e-01 -4.328485012054443359e+00 1.630247354507446289e+00 2.127055883407592773e+00 -1.147361874580383301e+00 4.011108398437500000e+00 -2.360681295394897461e+00 1.127363801002502441e+00 -1.942695677280426025e-01 -1.008243680000305176e+00 7.578215599060058594e-01 2.234481096267700195e+00 -1.572488069534301758e+00 -1.572229504585266113e+00
7.734146714210510254e-02 4.009713172912597656e+00 -9.169957041740417480e-01 -1.207371592521667480e+00 2.606373071670532227e+00 1.100438833236694336e+00 1.318831443786621094e+00 1.194823145866394043e+00 -4.007131099700927734e+00 4.996325969696044922e+00 6.312800198793411255e-02 1.748042941093444824e+00 -2.298604726791381836e+00 8.175374865531921387e-01 -2.247075557708740234e+00 2.189993143081665039e+00 4.017243385314941406e+00 -2.325726032257080078e+00 5.425982952117919922e+00 2.905252218246459961e+00
-6.690126657485961914e-02 4.551418781280517578e+00 -5.106443881988525391e+00 -1.052559018135070801e+00 -2.831745147705078125e+00 2.308247983455657959e-01 -3.091139316558837891e+00 1.407837271690368652e+00 1.045545101165771484e+00 4.595310211181640625e+00 -2.855406284332275391e+00 4.517453908920288086e-01 1.963809728622436523e+00 -4.639451026916503906e+00 2.367157489061355591e-01 -1.816737174987792969e+00 6.632394194602966309e-01 -2.261955738067626953e+00 -1.406826257705688477e+00 3.421102285385131836e+00
-7.241557240486145020e-01 1.725009083747863770e+00 -6.933035850524902344e-01 -1.077474236488342285e+00 -1.652048230171203613e+00 4.173846915364265442e-02 -2.855120599269866943e-01 -2.873599767684936523e+00 -1.310177564620971680e+00 2.912553310394287109e+00 -3.273233175277709961e+00 -8.450592160224914551e-01 -2.766848087310791016e+00 -1.691010236740112305e+00 -2.236855745315551758e+00 -2.708395242691040039e+00 1.819816231727600098e+00 1.530068159103393555e+00 -9.135113358497619629e-01 -4.141284942626953125e+00
-7.209987640380859375e-01 1.375089049339294434e+00 3.410389423370361328e+00 -7.705789208412170410e-01 2.567048549652099609e+00 3.075507640838623047e+00 -1.807164549827575684e+00 -4.451908767223358154e-01 -2.169131755828857422e+00 3.111377954483032227e+00 -1.194475054740905762e+00 -4.345262527465820312e+00 2.543018579483032227e+00 -9.958574175834655762e-01 -2.307569026947021484e+00 4.527903795242309570e-01 5.478333473205566406e+00 -9.620682150125503540e-02 -2.718947529792785645e-01 3.409927129745483398e+00
-3.776625156402587891e+00 -1.908155322074890137e+00 9.342566728591918945e-01 -2.448571205139160156e+00 3.132063150405883789e+00 -6.163169741630554199e-01 3.061368942260742188e+00 7.686726450920104980e-01 7.991102933883666992e-01 -1.389965295791625977e+00 -2.280351161956787109e+00 -2.221818923950195312e+00 -8.464475870132446289e-01 1.940788269042968750e+00 -1.033664822578430176e+00 -1.051162958145141602e+00 1.855291843414306641e+00 -4.234557628631591797e+00 -5.025094985961914062e+00 1.139159798622131348e+00
1.145090579986572266e+00 -3.126580953598022461e+00 1.312841773033142090e-01 -4.186228275299072266e+00 1.729143023490905762e+00 3.019853115081787109e+00 5.268058553338050842e-02 2.651177644729614258e+00 1.697591304779052734e+00 2.983054876327514648e+00 1.532330960035324097e-01 -3.696169376373291016e+00 -2.455804347991943359e-01 4.737035632133483887e-01 -6.496770977973937988e-01 -2.685240507125854492e-01 -3.031977891921997070e+00 -2.855103254318237305e+00 -2.645757675170898438e+00 2.094304800033569336e+00
-1.019355535507202148e+00 6.879830360412597656e-01 -9.577163457870483398e-01 1.147830009460449219e+00 -7.591358423233032227e-01 5.630063533782958984e+00 4.452872276306152344e+00 1.975826144218444824e+00 -3.585386753082275391e+00 1.308660626411437988e+00 -2.067545175552368164e+00 -2.294568061828613281e+00 1.544226408004760742e+00 1.183495521545410156e+00 -3.840006113052368164e+00 -3.012445688247680664e+00 3.823389053344726562e+00 2.822551965713500977e+00 -3.532141447067260742e+00 1.435137867927551270e+00
2.634856700897216797e+00 -2.534874342381954193e-02 5.464340448379516602e-01 -1.670920014381408691e+00 2.452747106552124023e+00 6.861606836318969727e-01 -3.770536422729492188e+00 -3.537636518478393555e+00 8.796584606170654297e-01 2.578432559967041016e+00 -1.638349533081054688e+00 1.806622982025146484e+00 4.195814132690429688e+00 -2.994462728500366211e+00 1.944534182548522949e+00 -2.596249818801879883e+00 -4.730888843536376953e+00 4.970182418823242188e+00 -2.184789180755615234e+00 -2.539165019989013672e+00
-1.113923311233520508e+00 4.262716472148895264e-01 3.085535526275634766e+00 1.152450799942016602e+00 -2.971565961837768555e+00 1.552914261817932129e+00 7.066281437873840332e-01 -6.390067100524902344e+00 -2.074318647384643555e+00 2.139988183975219727e+00 2.931613624095916748e-01 -3.017318010330200195e+00 2.811269283294677734e+00 -5.691782832145690918e-01 8.378274440765380859e-01 -3.293270349502563477e+00 -3.172156333923339844e+00 -1.281968206167221069e-01 -3.270413160324096680e+00 -2.270640581846237183e-01
-1.215186238288879395e+00 8.223500847816467285e-01 5.819208621978759766e+00 4.650549888610839844e+00 4.984133541584014893e-01 3.729758262634277344e-01 -9.237838387489318848e-01 2.549801588058471680e+00 8.653122186660766602e-01 3.086137771606445312e+00 -2.729270935058593750e+00 1.664309144020080566e+00 -8.071630597114562988e-01 -5.615857124328613281e+00 -4.741354465484619141e+00 1.311764359474182129e+00 4.296165704727172852e-01 1.368872880935668945e+00 6.182602792978286743e-02 1.394491314888000488e+00
8.742677569389343262e-01 -3.252555131912231445e+00 2.749770164489746094e+00 5.664734840393066406e+00 3.856167554855346680e+00 4.891263484954833984e+00 -1.709914207458496094e-01 -4.627017974853515625e+00 -1.083952784538269043e+00 -2.150877475738525391e+00 2.771413087844848633e+00 -5.319744586944580078e+00 2.674424946308135986e-01 5.566921830177307129e-01 5.063570499420166016e+00 -2.660362958908081055e+00 -1.177435874938964844e+00 2.388658523559570312e-01 9.950241446495056152e-01 3.517953872680664062e+00
3.720178604125976562e+00 -1.841930150985717773e+00 -2.005608320236206055e+00 3.311357259750366211e+00 -5.523311614990234375e+00 -1.497921586036682129e+00 3.189323902130126953e+00 -4.162892699241638184e-01 3.226200938224792480e-01 -2.663273334503173828e+00 1.706691980361938477e+00 1.156209558248519897e-01 2.437836170196533203e+00 2.345482826232910156e+00 -4.796036720275878906e+00 1.033180713653564453e+00 3.859011232852935791e-01 -3.546705245971679688e+00 3.202963352203369141e+00 2.504251718521118164e+00
3.817180693149566650e-01 -1.355374574661254883e+00 1.820406317710876465e+00 3.912600278854370117e+00 1.345312595367431641e+00 5.220843791961669922e+00 -6.390157938003540039e-01 3.946854472160339355e-01 9.134829044342041016e-02 1.682383418083190918e-01 6.460427641868591309e-01 1.476232290267944336e+00 1.760645747184753418e+00 -3.952880620956420898e+00 4.738464355468750000e+00 -8.068075776100158691e-01 3.121603965759277344e+00 -1.970795750617980957e+00 1.485913515090942383e+00 1.221603751182556152e+00
-2.697166681289672852e+00 5.416100025177001953e-01 1.459563970565795898e+00 2.521740913391113281e+00 -2.364615440368652344e+00 3.601919174194335938e+00 -9.308506250381469727e-01 1.942586064338684082e+00 -2.017326593399047852e+00 -2.928576946258544922e+00 2.919598519802093506e-01 -1.342215061187744141e+00 -3.985020637512207031e+00 4.402199745178222656e+00 2.543547391891479492e+00 -3.333103179931640625e+00 -3.361218452453613281e+00 -3.407137468457221985e-02 2.574795961380004883e+00 -4.125747084617614746e-02
-1.687378287315368652e+00 -5.586737394332885742e-01 2.868475914001464844e-01 -3.025143861770629883e+00 -1.492049694061279297e+00 -2.770638227462768555e+00 -5.128482818603515625e+00 -3.640726566314697266e+00 1.836910098791122437e-01 2.361882925033569336e+00 5.575506687164306641e+00 -3.243785381317138672e+00 -2.391049623489379883e+00 2.380991220474243164e+00 3.382749557495117188e-01 -6.254350185394287109e+00 1.178180694580078125e+00 6.935878396034240723e-01 1.000228881835937500e+00 4.590282440185546875e+00
-8.270832896232604980e-02 -4.014087915420532227e-01 -2.229410409927368164e+00 -5.892519950866699219e-01 4.844803810119628906e+00 6.045083999633789062e+00 -4.410061359405517578e+00 2.390933275222778320e+00 1.273033738136291504e+00 -1.767275214195251465e+00 -6.857398152351379395e-01 -4.320968985557556152e-01 2.506961822509765625e+00 -3.199658632278442383e+00 3.417510986328125000e+00 -1.698158740997314453e+00 -1.352843880653381348e+00 -4.461268424987792969e+00 -4.932074069976806641e+00 -2.953564405441284180e+00
-3.097165226936340332e-01 1.868091940879821777e+00 2.955640316009521484e+00 -1.414165973663330078e+00 -1.822023540735244751e-01 1.958633542060852051e+00 6.200826764106750488e-01 -2.764083623886108398e+00 1.928159236907958984e+00 -5.512455463409423828e+00 -1.586979985237121582e+00 -1.347693085670471191e+00 -2.854143619537353516e+00 -7.872051596641540527e-01 3.274609327316284180e+00 -1.309587121009826660e+00 -5.199512958526611328e+00 -1.476549625396728516e+00 9.177890419960021973e-01 -4.871321201324462891e+00
-3.519444227218627930e+00 -1.064450383186340332e+00 2.244861364364624023e+00 3.000099658966064453e+00 1.798408389091491699e+00 2.402956724166870117e+00 3.124731779098510742e+00 -4.034664630889892578e+00 2.627190351486206055e+00 1.535802483558654785e+00 2.904440641403198242e+00 -2.273517370223999023e+00 3.826122283935546875e-01 1.208721637725830078e+00 -3.842621147632598877e-01 1.691842228174209595e-01 -1.193746447563171387e+00 1.896193981170654297e+00 4.414079666137695312e+00 4.257709026336669922e+00
-5.344991683959960938e+00 -1.735481023788452148e+00 2.014206647872924805e+00 3.338425636291503906e+00 4.389523029327392578e+00 1.824980378150939941e+00 1.642941236495971680e-01 -1.594558596611022949e+00 -1.871960401535034180e+00 2.807063579559326172e+00 3.266643285751342773e+00 5.383015275001525879e-01 -1.930730223655700684e+00 -6.076579093933105469e-01 -4.571290969848632812e+00 -4.596745967864990234e+00 -4.317290782928466797e-01 1.380278229713439941e+00 1.707665324211120605e-01 1.858075976371765137e+00
2.602785825729370117e+00 1.083603858947753906e+00 -4.491796195507049561e-01 -1.499458670616149902e+00 9.778436422348022461e-01 1.667328715324401855e+00 -4.663910388946533203e+00 3.183511495590209961e+00 3.000955104827880859e+00 -2.023698329925537109e+00 4.935385227203369141e+00 -1.669201254844665527e+00 9.162293672561645508e-01 5.090414047241210938e+00 -3.173364400863647461e+00 3.332145452499389648e+00 -4.245674133300781250e+00 3.549154758453369141e+00 2.816549301147460938e+00 -1.096886754035949707e+00
3.794934034347534180e+00 -3.749332666397094727e+00 -9.478087723255157471e-02 2.224197864532470703e+00 -4.156681537628173828e+00 3.191005468368530273e+00 -5.452160239219665527e-01 3.330402374267578125e+00 3.186879873275756836e+00 1.925623178482055664e+00 2.253556251525878906e+00 -1.417319476604461670e-01 4.998435020446777344e+00 -3.818233489990234375e+00 2.044383764266967773e+00 1.746294617652893066e+00 -4.142916679382324219e+00 -1.770563483238220215e+00 -5.286864280700683594e+00 5.740587234497070312e+00
5.312360763549804688e+00 3.531083345413208008e+00 -3.234769344329833984e+00 -1.857150435447692871e+00 -2.541078567504882812e+00 -5.008721351623535156e-01 2.784377336502075195e+00 -2.089321374893188477e+00 -2.745510816574096680e+00 -9.519048333168029785e-01 1.418683528900146484e+00 -1.042670011520385742e+00 -4.036948204040527344e+00 -4.847538948059082031e+00 -4.440107345581054688e+00 -1.689148187637329102e+00 -2.118454128503799438e-01 8.177780359983444214e-02 -3.074580669403076172e+00 -8.825032114982604980e-01
-3.122153759002685547e+00 6.181030273437500000e-01 1.504264712333679199e+00 2.798952817916870117e+00 -3.892309188842773438e+00 -2.688351154327392578e+00 -1.517589330673217773e+00 1.318250656127929688e+00 -2.044233560562133789e+00 -8.134666681289672852e-01 1.170888900756835938e+00 -7.990540266036987305e-01 -4.971119165420532227e-01 1.651957035064697266e+00 -2.202772140502929688e+00 5.208360552787780762e-01 3.089609622955322266e+00 -1.294543147087097168e+00 2.596668243408203125e+00 1.952810883522033691e-01
7.031455039978027344e-01 -1.178857088088989258e+00 1.328820109367370605e+00 1.801611661911010742e+00 7.352035045623779297e-01 1.289374679327011108e-01 -2.196382284164428711e+00 4.479075431823730469e+00 1.108868241310119629e+00 4.765969514846801758e-02 -1.647981762886047363e+00 -2.507019996643066406e+00 1.582807540893554688e+00 -2.988156862556934357e-02 -1.831935882568359375e+00 -3.580395281314849854e-01 4.139930725097656250e+00 2.042218685150146484e+00 4.107620194554328918e-02 -2.774146556854248047e+00
2.204812526702880859e+00 -2.389955818653106689e-01 -1.960358142852783203e+00 -1.765523433685302734e+00 -1.331767559051513672e+00 -4.270093441009521484e+00 -3.596325397491455078e+00 -2.145330458879470825e-01 -5.614607810974121094e+00 4.060765266418457031e+00 3.584260344505310059e-01 -3.330067634582519531e+00 2.549118995666503906e-01 3.126075744628906250e+00 2.057582378387451172e+00 -3.963890075683593750e+00 1.890554189682006836e+00 3.014048337936401367e+00 -1.135435700416564941e+00 1.394350767135620117e+00
-1.420118451118469238e+00 4.520081356167793274e-02 -3.474647283554077148e+00 1.835579872131347656e+00 3.279951572418212891e+00 -5.219048500061035156e+00 1.626414656639099121e+00 1.438832163810729980e+00 3.563878297805786133e+00 -5.144593238830566406e+00 2.413505792617797852e+00 -8.620374798774719238e-01 1.350718498229980469e+00 1.731369137763977051e+00 -1.598657250404357910e+00 3.628543853759765625e+00 1.670076370239257812e+00 -4.568663984537124634e-02 2.244602203369140625e+00 1.140673756599426270e+00
1.236449599266052246e+00 -2.230187416076660156e+00 -8.506832718849182129e-01 -1.085831403732299805e+00 -5.958138704299926758e-01 3.029595851898193359e+00 1.692581057548522949e+00 -5.248000025749206543e-01 -2.180524349212646484e+00 4.228549480438232422e+00 2.070511579513549805e+00 -1.536557555198669434e+00 1.472157835960388184e+00 -1.509817600250244141e+00 -2.922679662704467773e+00 -5.849809646606445312e+00 -3.916608095169067383e+00 6.505039334297180176e-02 2.912013530731201172e+00 -1.795676231384277344e+00
2.858350038528442383e+00 -3.252407550811767578e+00 -1.181730747222900391e+00 5.690501689910888672e+00 9.771407246589660645e-01 8.607800602912902832e-01 1.637866973876953125e+00 -1.709845542907714844e+00 3.563994646072387695e+00 2.858757019042968750e+00 9.318552017211914062e-01 -1.141275405883789062e+00 -2.761494219303131104e-01 3.822972297668457031e+00 5.279125571250915527e-01 -1.927375316619873047e+00 1.313231825828552246e+00 -2.196992158889770508e+00 1.024790287017822266e+00 6.269679546356201172e+00
-1.869169473648071289e+00 2.212212562561035156e+00 -6.545361131429672241e-02 2.793524026870727539e+00 3.751955509185791016e+00 3.014196157455444336e+00 2.121059894561767578e+00 6.005048274993896484e+00 -1.250056862831115723e+00 -1.778980851173400879e+00 2.404961735010147095e-01 3.841115236282348633e+00 -2.122566461563110352e+00 -1.248544454574584961e+00 -1.457058906555175781e+00 -2.248599290847778320e+00 2.573271512985229492e+00 -2.720220088958740234e+00 2.309007167816162109e+00 3.744857072830200195e+00
-1.173137664794921875e+00 8.101763129234313965e-01 2.331622362136840820e+00 -9.595134258270263672e-01 6.427515745162963867e-01 3.545326471328735352e+00 3.379416942596435547e+00 -1.736060976982116699e+00 -1.350865483283996582e+00 -5.449255943298339844e+00 -7.796222567558288574e-01 8.254710435867309570e-01 5.447979643940925598e-02 -1.950849533081054688e+00 -5.794925689697265625e+00 3.521371185779571533e-01 4.737082958221435547e+00 -1.933438330888748169e-01 3.767431497573852539e+00 4.952610969543457031e+00
1.485948443412780762e+00 5.111913681030273438e-01 -3.901725113391876221e-01 5.741976261138916016e+00 4.796235561370849609e+00 -2.760742664337158203e+00 -5.493903756141662598e-01 -1.442862629890441895e+00 2.034586966037750244e-01 -2.398380041122436523e+00 2.009171962738037109e+00 -1.475007653236389160e+00 -3.887910842895507812e+00 -5.512880086898803711e-01 1.367037415504455566e+00 -4.039832592010498047e+00 -2.459995597600936890e-01 -7.188988327980041504e-01 -3.137302398681640625e+00 -5.545833587646484375e+00
-3.841333866119384766e+00 2.617598056793212891e+00 1.919363975524902344e+00 1.022452473640441895e+00 1.850493401288986206e-01 -5.300961136817932129e-01 -2.362265348434448242e+00 1.857094764709472656e+00 1.716794013977050781e+00 1.745183110237121582e+00 1.779928445816040039e+00 -8.975415825843811035e-01 -2.031748294830322266e+00 -4.620448112487792969e+00 2.724354505538940430e+00 8.363899588584899902e-01 -2.383757352828979492e+00 -3.345752000808715820e+00 -1.633555054664611816e+00 1.480394840240478516e+00
