-2.173137664794921875e+00 -3.927947521209716797e+00 -5.954165935516357422e+00 -5.804383277893066406e+00 2.613281965255737305e+00 7.547279834747314453e+00 1.635229706764221191e+00 2.987818002700805664e+00 -4.197328567504882812e+00 -3.480813980102539062e+00 -2.839498281478881836e+00 1.198213195800781250e+01 -2.361257076263427734e+00 7.555006980895996094e+00 6.803363800048828125e+00 1.472325229644775391e+01 -1.920698642730712891e+00 -2.111539125442504883e+00 -8.275665283203125000e+00 -3.849569082260131836e+00
5.130297183990478516e+00 -3.054075479507446289e+00 2.917413473129272461e+00 1.273079204559326172e+01 2.502524375915527344e+01 -1.045444488525390625e+00 -1.277755618095397949e+00 -2.327982783317565918e-01 2.182945966720581055e+00 7.413333892822265625e+00 -2.468767404556274414e+00 -1.817625641822814941e+00 1.084126472473144531e+01 9.308297038078308105e-01 4.660645961761474609e+00 -1.766579866409301758e+00 -1.877945065498352051e-01 3.010610103607177734e+00 2.999684333801269531e+00 -7.410366535186767578e+00
-4.485581398010253906e+00 -6.818854808807373047e-01 -2.239389896392822266e+00 3.136389553546905518e-01 9.743405342102050781e+00 -1.847740769386291504e+00 -1.505990028381347656e+00 -2.256653785705566406e+00 -2.386664628982543945e+00 -6.733165979385375977e-01 -3.251471042633056641e+00 -4.368066310882568359e+00 -4.517173171043395996e-01 8.006464242935180664e-01 -2.802028954029083252e-01 9.896197319030761719e-01 1.837592244148254395e+00 7.661212682723999023e-01 1.044867396354675293e+00 1.556414961814880371e+00
-6.452177524566650391e+00 -7.131692409515380859e+00 -7.149103641510009766e+00 -4.175193786621093750e+00 -2.664000272750854492e+00 5.287843227386474609e+00 1.054990291595458984e+00 -1.122243165969848633e+00 -1.338539958000183105e+00 -3.674927711486816406e+00 2.633761882781982422e+00 -2.342889308929443359e+00 -4.344120502471923828e+00 -4.720275402069091797e+00 1.285876631736755371e+00 1.196137309074401855e+00 6.032557487487792969e-01 3.060637712478637695e+00 5.705802440643310547e+00 -1.894227027893066406e+00
5.483351945877075195e-01 2.768304824829101562e+00 -6.319635868072509766e+00 -2.737013816833496094e+00 1.033886671066284180e+00 -4.528523921966552734e+00 3.635198354721069336e+00 4.246056556701660156e+00 5.615227222442626953e+00 5.655270099639892578e+00 2.021325111389160156e+00 5.138954162597656250e+00 -6.845068454742431641e+00 5.903643965721130371e-01 -1.501846909523010254e+00 5.353570938110351562e+00 -1.318665218353271484e+01 7.192481517791748047e+00 1.003878021240234375e+01 1.529564142227172852e+00
-7.200332641601562500e+00 6.305080413818359375e+00 1.834797263145446777e+00 6.715436458587646484e+00 -5.061478614807128906e+00 1.131921529769897461e+00 5.883543014526367188e+00 4.144318580627441406e+00 1.400804042816162109e+01 1.808252334594726562e+00 1.346073150634765625e+01 -1.637194275856018066e+00 -3.657742261886596680e+00 3.904540538787841797e+00 6.718106269836425781e+00 8.261998176574707031e+00 -1.174837350845336914e+00 -1.045877265930175781e+01 1.084418678283691406e+01 -8.382004737854003906e+00
1.776603507995605469e+01 1.304017066955566406e+00 8.321739196777343750e+00 -7.006280899047851562e+00 -4.738094329833984375e+00 5.770117282867431641e+00 4.868949413299560547e+00 -1.090243625640869141e+01 2.795524835586547852e+00 5.836858272552490234e+00 2.932193994522094727e+00 5.348968029022216797e+00 8.072901725769042969e+00 1.650662612915039062e+01 -2.332840919494628906e+00 -6.314910888671875000e+00 6.506315708160400391e+00 -3.221781969070434570e+00 1.295380115509033203e+01 -7.256383419036865234e+00
2.861675500869750977e+00 9.022108316421508789e-01 -3.754831254482269287e-01 4.194107532501220703e+00 1.724590301513671875e+00 9.377103805541992188e+00 2.437810659408569336e+00 -8.789368629455566406e+00 2.145544052124023438e+00 -5.214144229888916016e+00 8.224575042724609375e+00 9.928126335144042969e-01 -1.796053528785705566e+00 1.899060821533203125e+01 -4.951211929321289062e+00 2.305115461349487305e+00 2.337647438049316406e+00 1.185877919197082520e+00 4.402723789215087891e+00 3.072296619415283203e+00
-7.258568763732910156e+00 -5.109680891036987305e-01 -8.243092298507690430e-01 -7.773251056671142578e+00 -1.538303613662719727e+00 1.011524581909179688e+01 4.156054973602294922e+00 -1.170595741271972656e+01 -7.244287967681884766e+00 9.807966351509094238e-01 8.559245109558105469e+00 -5.560484409332275391e+00 1.879410028457641602e+00 4.552370071411132812e+00 2.650501012802124023e+00 1.081407737731933594e+01 -3.847098827362060547e+00 -3.431547880172729492e+00 -1.484131145477294922e+01 3.985452651977539062e+00
8.082030296325683594e+00 -1.545928287506103516e+01 -4.901896953582763672e+00 1.102110385894775391e+01 8.887620925903320312e+00 -4.578347682952880859e+00 7.832846641540527344e+00 -1.368158817291259766e+00 -1.997187018394470215e+00 4.179072856903076172e+00 1.046640396118164062e+01 5.681308746337890625e+00 -1.995163083076477051e+00 -1.496467876434326172e+01 2.665531158447265625e+00 3.928246498107910156e+00 -5.276725769042968750e+00 -4.536383450031280518e-01 4.397282600402832031e+00 -2.893610239028930664e+00
-3.338043689727783203e+00 -2.850257873535156250e+00 -1.697921156883239746e+00 6.089814901351928711e-01 7.597025394439697266e+00 -4.648796021938323975e-01 -5.848589420318603516e+00 -3.564721107482910156e+00 -5.687730312347412109e+00 5.946307182312011719e-01 -2.281117677688598633e+00 -3.644665718078613281e+00 -6.133339881896972656e+00 2.948733329772949219e+00 -2.162276744842529297e+00 3.373866081237792969e+00 -8.957889080047607422e-01 -3.778281450271606445e+00 -5.424913406372070312e+00 -1.116461992263793945e+00
-7.783589363098144531e-01 -2.045863628387451172e+00 -4.642242908477783203e+00 -5.872190475463867188e+00 2.477027654647827148e+00 3.681219577789306641e+00 -2.864507913589477539e+00 4.312625408172607422e+00 1.705299496650695801e+00 5.959488868713378906e+00 -2.210479527711868286e-01 -6.815515041351318359e+00 -1.066020131111145020e+00 2.860718488693237305e+00 -2.100363492965698242e+00 -3.786323070526123047e+00 -4.204356670379638672e+00 -1.123859062790870667e-01 1.162282228469848633e+00 -4.054313659667968750e+00
-5.347626209259033203e+00 -3.062183380126953125e+00 -1.263410949707031250e+01 -1.713928699493408203e+00 -2.359192848205566406e+00 1.436867952346801758e+00 6.674625873565673828e-01 -2.982764720916748047e+00 -5.195494741201400757e-02 3.649874210357666016e+00 3.955186128616333008e+00 1.584452837705612183e-01 1.671077370643615723e+00 -2.180087566375732422e-01 3.258598566055297852e+00 -1.318061709403991699e+00 2.545426130294799805e+00 7.520897388458251953e-01 9.053437232971191406e+00 1.734424948692321777e+00
-2.690396308898925781e+00 -6.945602893829345703e+00 -1.145990085601806641e+01 6.092879295349121094e+00 -1.525070905685424805e+00 -5.344833850860595703e+00 5.815359115600585938e+00 -2.434692144393920898e+00 -4.391729354858398438e+00 3.361979722976684570e+00 3.036105871200561523e+00 1.545387268066406250e+00 -4.112744331359863281e+00 1.519452214241027832e+00 3.565921068191528320e+00 2.124945640563964844e+00 7.589599132537841797e+00 6.108058094978332520e-01 1.187127876281738281e+01 -3.058946132659912109e+00
2.835987567901611328e+00 2.057294368743896484e+00 -1.835198521614074707e+00 -3.973945379257202148e+00 -4.702604770660400391e+00 -1.205480957031250000e+01 -8.888585090637207031e+00 -9.685877799987792969e+00 -2.137626409530639648e+00 -1.977284431457519531e+01 7.620524764060974121e-01 4.113337039947509766e+00 1.108536338806152344e+01 1.984566926956176758e+00 -5.534648418426513672e+00 -3.892771244049072266e+00 -1.282904529571533203e+01 -4.892811775207519531e+00 1.128550815582275391e+01 -1.717587852478027344e+01
-8.109509468078613281e+00 5.692271709442138672e+00 9.422773361206054688e+00 -1.592821502685546875e+01 -6.076729774475097656e+00 -2.404059410095214844e+00 -1.688497185707092285e+00 -6.641496717929840088e-02 3.070509433746337891e+00 -8.264765739440917969e+00 -5.173115134239196777e-01 -1.036562442779541016e+00 -1.061048698425292969e+01 3.619472980499267578e+00 6.844945907592773438e+00 8.031072616577148438e+00 5.145072340965270996e-01 2.395429134368896484e+00 -1.184959292411804199e+00 8.406223297119140625e+00
-1.488253474235534668e+00 6.768982887268066406e+00 1.048326492309570312e+00 5.570653438568115234e+00 -5.272464752197265625e+00 1.707033276557922363e+00 5.848299026489257812e+00 8.556086540222167969e+00 2.035042762756347656e+00 -8.042952537536621094e+00 1.049476027488708496e+00 2.085869312286376953e+00 7.241868495941162109e+00 1.629993247985839844e+01 5.058202743530273438e+00 5.934277057647705078e+00 4.870651066303253174e-01 -1.198297142982482910e+00 -1.431308388710021973e-01 2.361943721771240234e+00
2.839970588684082031e+00 -7.252392768859863281e+00 9.390749931335449219e+00 1.021391391754150391e+01 -7.874076366424560547e+00 -7.700913429260253906e+00 -2.844704627990722656e+00 8.418573379516601562e+00 1.145951938629150391e+01 2.024708271026611328e+00 3.176728188991546631e-01 7.034372806549072266e+00 -8.021292686462402344e+00 -8.580958366394042969e+00 5.283473491668701172e+00 4.365374088287353516e+00 1.648118400573730469e+01 3.231461286544799805e+00 -4.303627490997314453e+00 -9.742100715637207031e+00
-6.052971363067626953e+00 -1.446367859840393066e+00 2.464114129543304443e-01 -1.476518988609313965e+00 1.712600827217102051e+00 -6.161460280418395996e-02 -2.834577798843383789e+00 -4.730989933013916016e+00 -8.101737022399902344e+00 3.186441957950592041e-01 -3.622586250305175781e+00 -2.502891540527343750e+00 -3.966977596282958984e+00 1.988103985786437988e+00 -5.763792991638183594e+00 1.811312675476074219e+00 -2.918715000152587891e+00 -3.409279584884643555e+00 -7.028411388397216797e+00 -3.710213422775268555e+00
-9.593328475952148438e+00 -3.745815277099609375e+00 -2.221454143524169922e+00 -5.770937919616699219e+00 5.397942543029785156e+00 -5.107801556587219238e-01 -5.563761234283447266e+00 9.785521775484085083e-02 -3.479512214660644531e+00 2.163584232330322266e+00 -2.035140991210937500e+00 7.332392334938049316e-01 -2.407752513885498047e+00 -4.086985111236572266e+00 -1.267472934722900391e+01 2.148862600326538086e+00 -1.699153423309326172e+00 3.202201724052429199e-01 9.392644762992858887e-01 -7.884222984313964844e+00
-3.662559509277343750e+00 1.337484240531921387e+00 -7.667590141296386719e+00 -3.435712337493896484e+00 2.592096567153930664e+00 -3.249421834945678711e+00 4.378578186035156250e+00 2.929779052734375000e+00 -5.238463401794433594e+00 1.122135996818542480e+00 -5.733790397644042969e+00 -6.336722850799560547e+00 1.201967477798461914e+00 -1.570391952991485596e-01 1.314722776412963867e+00 -1.823752641677856445e+00 -6.532794475555419922e+00 -2.720818042755126953e+00 -2.053904294967651367e+00 2.607968568801879883e+00
3.229237556457519531e+00 -2.660424947738647461e+00 -8.283389091491699219e+00 3.937557458877563477e+00 -4.216526508331298828e+00 -7.538128376007080078e+00 5.772197246551513672e-01 -2.096585512161254883e+00 1.687994226813316345e-02 -2.125836133956909180e+00 1.745951175689697266e-01 -3.653156042098999023e+00 -6.084311962127685547e+00 -4.638918399810791016e+00 -8.180248260498046875e+00 2.667330026626586914e+00 -1.021133327484130859e+01 2.862175464630126953e+00 -4.387103080749511719e+00 2.505001783370971680e+00
4.577936649322509766e+00 -6.180953979492187500e+00 -7.500202178955078125e+00 -9.977285861968994141e-01 -7.873318791389465332e-01 -9.702437400817871094e+00 -3.056572973728179932e-01 -8.475472927093505859e-01 3.971820592880249023e+00 -2.900884866714477539e+00 -6.118411540985107422e+00 -1.094660186767578125e+01 -3.667314052581787109e+00 3.232645034790039062e+00 -6.995965003967285156e+00 3.436340332031250000e+00 -2.161830186843872070e+00 3.627121686935424805e+00 -1.787340193986892700e-01 -1.180308833718299866e-01
7.626199245452880859e+00 -8.103904724121093750e+00 -1.081949615478515625e+01 -4.695642471313476562e+00 -4.036783218383789062e+00 -5.630604267120361328e+00 1.817409276962280273e+00 2.069982290267944336e+00 5.028195381164550781e+00 -8.230837062001228333e-03 -3.898652791976928711e+00 -6.895664691925048828e+00 -3.343188166618347168e-01 2.420899391174316406e+00 -5.687562942504882812e+00 3.150894165039062500e+00 -1.939981102943420410e+00 8.153359413146972656e+00 -4.714777946472167969e+00 -1.444851994514465332e+00
-4.204518198966979980e-01 -3.720812320709228516e+00 -8.143797874450683594e+00 1.004693627357482910e+00 9.244388341903686523e-01 3.848639011383056641e+00 3.958804607391357422e+00 4.864439010620117188e+00 8.152639389038085938e+00 -1.356333255767822266e+00 -7.923039913177490234e+00 -2.348128557205200195e+00 2.844148278236389160e-01 2.506069421768188477e+00 -1.028965950012207031e+00 -5.315398693084716797e+00 -2.309472262859344482e-01 2.722365856170654297e+00 -4.244594097137451172e+00 -8.105897903442382812e+00
5.606512427330017090e-01 6.218532085418701172e+00 -1.210484313964843750e+01 -1.315320372581481934e+00 3.036281585693359375e+00 -7.618830204010009766e-01 -6.555293798446655273e-01 -2.084643602371215820e+00 1.600519299507141113e+00 -1.098272323608398438e+00 -4.763581752777099609e+00 1.984190791845321655e-01 6.564396858215332031e+00 6.222865581512451172e-01 1.676719546318054199e+00 1.070432186126708984e+00 4.707497596740722656e+00 6.650934696197509766e+00 -1.153846979141235352e+00 -9.836190938949584961e-01
1.418161392211914062e+00 7.163811206817626953e+00 -1.036515617370605469e+01 2.567893981933593750e+00 -2.702892303466796875e+00 3.152051866054534912e-01 -2.377570629119873047e+00 -2.917876958847045898e+00 1.335409283638000488e+00 6.775811672210693359e+00 2.999757528305053711e+00 2.838933467864990234e+00 5.378845691680908203e+00 -2.894350767135620117e+00 7.958046197891235352e-01 2.197018623352050781e+00 -8.097944855690002441e-01 2.280353784561157227e+00 -5.099925994873046875e+00 -5.705410242080688477e-01
8.454294204711914062e+00 -1.205357685685157776e-01 -7.448223590850830078e+00 -4.773950099945068359e+00 -3.997796535491943359e+00 3.141604065895080566e-01 -4.178490161895751953e+00 2.436589956283569336e+00 5.374379158020019531e+00 3.085990428924560547e+00 -1.218198776245117188e+00 2.140456676483154297e+00 3.669579029083251953e+00 -1.908750295639038086e+00 1.282184600830078125e+00 3.365813970565795898e+00 -9.813671112060546875e-01 -1.363985061645507812e+00 -5.037846088409423828e+00 -1.835980653762817383e+00
3.615024089813232422e+00 -5.984937667846679688e+00 -4.367050170898437500e+00 -3.867719173431396484e+00 -3.185866355895996094e+00 -1.056399345397949219e+00 -6.400792598724365234e+00 1.407997965812683105e+00 -9.973001480102539062e-01 2.245726823806762695e+00 -3.116743803024291992e+00 -3.125723361968994141e+00 4.513318538665771484e+00 4.867303371429443359e+00 2.816838741302490234e+00 2.313016951084136963e-01 3.242368936538696289e+00 1.393303632736206055e+00 -6.036589145660400391e-01 -3.097753524780273438e-01
-2.881027698516845703e+00 -6.282917022705078125e+00 -6.837640285491943359e+00 -7.066708803176879883e-01 -1.983996272087097168e+00 3.464655876159667969e+00 -4.580865383148193359e+00 1.673260450363159180e+00 -1.060765862464904785e+00 -2.992139339447021484e+00 -4.946486949920654297e+00 -8.320813775062561035e-01 3.288465738296508789e-01 2.525825262069702148e+00 -1.596460103988647461e+00 -4.137825012207031250e+00 2.001595020294189453e+00 5.804460644721984863e-01 5.234741210937500000e+00 2.505308866500854492e+00
-2.845753729343414307e-01 -3.240593671798706055e+00 -9.766024589538574219e+00 -4.416173696517944336e-01 -2.241599798202514648e+00 -3.191761672496795654e-01 -4.364161491394042969e+00 4.816202640533447266e+00 -5.801653265953063965e-01 3.456154584884643555e+00 3.051733493804931641e+00 5.783318281173706055e-01 -3.761321067810058594e+00 2.536488294601440430e+00 1.996784061193466187e-01 -4.711863517761230469e+00 -2.792861700057983398e+00 -1.235467672348022461e+00 8.580901145935058594e+00 1.272871017456054688e+00
-2.849909305572509766e+00 -8.462802886962890625e+00 -1.182276535034179688e+01 6.876519203186035156e+00 -2.933761596679687500e+00 -5.262363433837890625e+00 3.858244895935058594e+00 -3.120799779891967773e+00 -4.330975532531738281e+00 2.275585412979125977e+00 1.635741710662841797e+00 1.615886449813842773e+00 -5.247340679168701172e+00 4.973380640149116516e-02 4.405195236206054688e+00 3.729147911071777344e+00 6.824319362640380859e+00 -1.965389609336853027e+00 1.125221061706542969e+01 -2.691286563873291016e+00
3.148938894271850586e+00 5.217645645141601562e+00 -1.105389595031738281e+00 -1.252001285552978516e+00 -2.789648771286010742e+00 -7.138766765594482422e+00 3.855837583541870117e+00 -2.659154891967773438e+00 5.377725124359130859e+00 1.171742343902587891e+01 -8.708599090576171875e+00 4.618360996246337891e+00 -8.086462974548339844e+00 3.400834798812866211e+00 -1.363454627990722656e+01 4.346745491027832031e+00 1.701909446716308594e+01 -1.200430965423583984e+01 -8.811790943145751953e-01 9.876623153686523438e+00
-3.212418079376220703e+00 3.789789378643035889e-01 -9.904878616333007812e+00 5.675256252288818359e+00 1.499632239341735840e+00 -1.373325634002685547e+01 1.371099948883056641e+00 3.118822097778320312e+00 1.664981007575988770e+00 -1.410521221160888672e+01 1.410533237457275391e+01 5.647647857666015625e+00 -4.013832211494445801e-01 8.590274810791015625e+00 3.668216228485107422e+00 -4.592700958251953125e+00 6.305281162261962891e+00 8.770071983337402344e+00 -1.096454143524169922e+01 -2.379495143890380859e+00
-2.029146194458007812e+00 5.214894771575927734e+00 3.332780838012695312e+00 -5.056842803955078125e+00 -1.124489232897758484e-01 -3.609313488006591797e+00 5.315384387969970703e+00 2.303743362426757812e+00 -6.381506443023681641e+00 -2.341199159622192383e+00 1.149676799774169922e+00 1.024023151397705078e+01 4.245980262756347656e+00 6.515559196472167969e+00 2.215768098831176758e+00 3.798877447843551636e-02 8.739313483238220215e-01 -1.569951176643371582e+00 -5.843138694763183594e-01 4.913323402404785156e+00
-4.097162783145904541e-01 1.919229269027709961e+00 -1.750436019897460938e+01 -5.405281066894531250e+00 3.998134732246398926e-01 9.697699546813964844e+00 -3.486893177032470703e+00 -5.407076835632324219e+00 9.236998558044433594e+00 4.999638080596923828e+00 2.915558815002441406e+00 -6.367629051208496094e+00 -9.929240942001342773e-01 1.324220275878906250e+01 2.835720777511596680e+00 1.738744926452636719e+01 -9.739790916442871094e+00 -7.729025363922119141e+00 -3.083755493164062500e+00 3.286134719848632812e+00
-6.944104671478271484e+00 -1.596587538719177246e+00 1.615491271018981934e+00 -1.393288016319274902e+00 -1.042060256004333496e+00 -1.070390939712524414e+00 -2.671765565872192383e+00 -3.803207397460937500e+00 -9.626292228698730469e+00 5.924180746078491211e-01 -4.285479068756103516e+00 -4.642688035964965820e-01 -3.402217149734497070e+00 2.508505344390869141e+00 -7.045083522796630859e+00 8.050296902656555176e-01 -3.796294927597045898e+00 -3.818794250488281250e+00 -7.824544906616210938e+00 -3.030919075012207031e+00
-9.448223114013671875e+00 -2.987878561019897461e+00 -2.460913181304931641e+00 -4.275955200195312500e+00 1.019474315643310547e+01 -1.141335010528564453e+00 -2.099762201309204102e+00 -2.165843486785888672e+00 -4.333446979522705078e+00 1.106111168861389160e+00 -2.763251304626464844e+00 -2.240272015333175659e-01 -7.788981914520263672e+00 -4.094551563262939453e+00 -1.178978061676025391e+01 4.301215112209320068e-01 -3.254590511322021484e+00 3.432406485080718994e-01 1.694674938917160034e-01 -8.799548149108886719e+00
-4.360812664031982422e+00 9.063307642936706543e-01 -8.032795906066894531e+00 -3.263407468795776367e+00 2.660058021545410156e+00 -3.833468198776245117e+00 2.590363740921020508e+00 4.527085781097412109e+00 -3.289500951766967773e+00 1.370086550712585449e+00 -5.812103271484375000e+00 -5.852833271026611328e+00 1.236342787742614746e+00 6.454822421073913574e-02 -1.191461086273193359e-01 -9.965336322784423828e-01 -5.900118350982666016e+00 -3.484217405319213867e+00 -2.212232112884521484e+00 2.358206272125244141e+00
-5.926898002624511719e+00 -1.498647689819335938e+00 -1.043782806396484375e+01 9.405718445777893066e-01 -1.695687890052795410e+00 -2.267129182815551758e+00 8.601632118225097656e+00 -1.130916848778724670e-01 1.369247913360595703e+00 -1.207674884796142578e+01 -1.201169776916503906e+01 -3.236608505249023438e+00 1.368445992469787598e+00 -4.129907608032226562e+00 -1.776675224304199219e+00 -4.582684993743896484e+00 -1.932569861412048340e+00 2.585738182067871094e+00 -6.242900371551513672e+00 2.142278850078582764e-01
-6.663784980773925781e-01 -2.700890779495239258e+00 -9.329923629760742188e+00 1.986753940582275391e+00 -6.280352592468261719e+00 -8.031217575073242188e+00 2.562203407287597656e+00 -2.397339344024658203e+00 5.008103847503662109e-01 -3.233458042144775391e+00 -6.128163337707519531e+00 -6.616696357727050781e+00 -3.353628873825073242e+00 -7.230701446533203125e-01 -7.440779685974121094e+00 4.125432968139648438e-01 -2.605296134948730469e+00 3.050762176513671875e+00 -5.107970714569091797e+00 -1.944960117340087891e+00
-4.191628456115722656e+00 7.685384750366210938e+00 -5.787796497344970703e+00 -9.266195297241210938e+00 -5.174493312835693359e+00 -1.104389476776123047e+01 -3.413596630096435547e+00 1.329271078109741211e+00 3.475912809371948242e+00 -3.223752081394195557e-01 -6.696125268936157227e-01 -6.659502029418945312e+00 -1.212835025787353516e+01 1.605767250061035156e+00 -6.336235404014587402e-01 6.145129680633544922e+00 -8.524793624877929688e+00 1.482135963439941406e+01 -5.402989387512207031e+00 -7.395597934722900391e+00
1.852357625961303711e+00 1.026964569091796875e+01 -2.574056148529052734e+00 -2.847323894500732422e+00 -3.312119245529174805e-01 -1.289925289154052734e+01 -4.154524326324462891e+00 5.994585990905761719e+00 4.773471355438232422e+00 2.870986223220825195e+00 -3.406856060028076172e+00 -1.882676720619201660e+00 -9.957630157470703125e+00 1.775638341903686523e+00 -4.643386840820312500e+00 1.110679244995117188e+01 -1.416528415679931641e+01 1.373748588562011719e+01 -4.252545356750488281e+00 -5.555041790008544922e+00
5.495116710662841797e+00 9.871626853942871094e+00 -1.227339267730712891e+01 5.843575000762939453e+00 2.318114042282104492e+00 1.578008770942687988e+00 -5.646006107330322266e+00 9.920407295227050781e+00 3.618208885192871094e+00 5.840144634246826172e+00 3.452165126800537109e+00 5.727697849273681641e+00 1.065109252929687500e+00 2.560563385486602783e-01 -3.926584720611572266e+00 -5.358923912048339844e+00 -3.694372892379760742e+00 2.167180299758911133e+00 -6.783349514007568359e+00 -5.244386196136474609e+00
1.199814605712890625e+01 6.103777885437011719e+00 4.351624965667724609e+00 -6.646553039550781250e+00 6.602014064788818359e+00 4.485713481903076172e+00 -9.810166358947753906e+00 2.931672096252441406e+00 1.184542179107666016e+01 -3.603647470474243164e+00 -7.864433526992797852e-01 3.268390417098999023e+00 2.713492155075073242e+00 -6.779899597167968750e+00 3.019232749938964844e-01 3.973036050796508789e+00 -4.928214550018310547e+00 -7.545447945594787598e-01 -5.194507598876953125e+00 -1.212680101394653320e+00
-2.396211147308349609e+00 -9.036669731140136719e-01 -5.968225955963134766e+00 -1.585656285285949707e+00 -5.651859283447265625e+00 6.027503013610839844e+00 -6.129683971405029297e+00 1.874723434448242188e+00 1.527176499366760254e+00 2.687859058380126953e+00 -6.133376598358154297e+00 2.705771207809448242e+00 2.119746208190917969e-01 -5.597125291824340820e-01 1.081870794296264648e+00 -6.686975479125976562e+00 8.979120254516601562e-01 1.947034239768981934e+00 -4.184159278869628906e+00 -3.891666889190673828e+00
4.002844333648681641e+00 -5.187956809997558594e+00 -3.914899110794067383e+00 -3.212425112724304199e-01 1.776848912239074707e+00 1.651204466819763184e+00 -4.494380474090576172e+00 6.721835136413574219e-01 -1.633523941040039062e+00 1.255604386329650879e+00 -2.756852626800537109e+00 -1.591272711753845215e+00 5.621432065963745117e-01 3.225765705108642578e+00 3.406729996204376221e-01 -6.866642236709594727e-01 2.855000257492065430e+00 -1.150280237197875977e+00 -1.880697458982467651e-01 2.803708553314208984e+00
1.781908988952636719e+00 -7.129640102386474609e+00 -4.287716865539550781e+00 -2.614308297634124756e-01 -5.697111129760742188e+00 3.813038587570190430e+00 -6.581389427185058594e+00 5.895214557647705078e+00 -2.509351015090942383e+00 1.798909664154052734e+00 -2.467948198318481445e+00 -3.881682634353637695e+00 1.939639806747436523e+00 3.742770433425903320e+00 -5.375845432281494141e+00 -2.406089067459106445e+00 -1.277429103851318359e+00 -2.644387632608413696e-02 1.320583343505859375e+00 -4.228847503662109375e+00
-4.399832248687744141e+00 -2.222417593002319336e+00 -4.770721435546875000e+00 2.450546979904174805e+00 -4.376894950866699219e+00 -3.541724443435668945e+00 -1.101888656616210938e+01 1.247525572776794434e+00 -3.750959634780883789e+00 -2.820698022842407227e+00 2.174566507339477539e+00 1.653646707534790039e+00 3.400598287582397461e+00 2.610979080200195312e+00 3.707456111907958984e+00 -5.859588623046875000e+00 -6.557587623596191406e+00 -4.177945137023925781e+00 8.433491706848144531e+00 2.740864515304565430e+00
2.013681888580322266e+00 -7.838951110839843750e+00 -9.385166168212890625e+00 2.925916433334350586e+00 -3.960911750793457031e+00 -6.183525085449218750e+00 -6.493448734283447266e+00 -3.918798208236694336e+00 -2.756975889205932617e+00 1.765086889266967773e+00 2.670375585556030273e+00 3.744777679443359375e+00 -2.564590692520141602e+00 3.046155214309692383e+00 7.170804500579833984e+00 -3.622387409210205078e+00 -4.053912639617919922e+00 -8.181175231933593750e+00 8.248231887817382812e+00 3.684281110763549805e+00
-2.041561603546142578e+00 -3.196550130844116211e+00 -9.688599586486816406e+00 -7.665879130363464355e-01 -5.524580955505371094e+00 -4.963332176208496094e+00 1.299748778343200684e+00 -1.594794464111328125e+01 1.439414119720458984e+01 1.300041866302490234e+01 -1.129023551940917969e+01 6.369595050811767578e+00 -5.885259151458740234e+00 4.527615070343017578e+00 6.035946369171142578e+00 -3.282455682754516602e+00 -2.913424670696258545e-01 -2.881889581680297852e+00 -3.071842432022094727e+00 -1.298048138618469238e+00
1.043084144592285156e+01 9.106820106506347656e+00 -5.508556365966796875e+00 1.695800018310546875e+01 -4.835624694824218750e+00 2.029116249084472656e+01 -8.179311752319335938e-01 -2.076488018035888672e+00 -6.989701271057128906e+00 -3.383019939064979553e-02 -1.638811492919921875e+01 1.190530538558959961e+00 2.459261178970336914e+00 -9.391129016876220703e-01 1.578843593597412109e+00 1.108542442321777344e+01 -2.034898519515991211e+00 5.953546524047851562e+00 5.399846553802490234e+00 -1.325806331634521484e+01
8.740856170654296875e+00 -1.746999382972717285e+00 1.917608827352523804e-01 -9.480701446533203125e+00 4.366777241230010986e-01 -9.952707886695861816e-01 8.984817504882812500e+00 6.297174453735351562e+00 -6.671797275543212891e+00 -4.530246257781982422e+00 4.150856494903564453e+00 1.060593414306640625e+01 2.196208238601684570e+00 5.845502376556396484e+00 5.792336910963058472e-02 3.080425739288330078e+00 1.340972423553466797e+00 -8.736759424209594727e-01 1.598649024963378906e+00 8.652607917785644531e+00
-8.410349845886230469e+00 3.858245611190795898e+00 -8.637594580650329590e-01 -1.093780708312988281e+01 2.912092208862304688e+01 2.474161911010742188e+01 7.192531108856201172e+00 3.785930395126342773e+00 1.153784847259521484e+01 1.797056961059570312e+01 -1.244324088096618652e+00 1.010991668701171875e+01 1.238584327697753906e+01 1.033862209320068359e+01 -2.735472679138183594e+01 8.692617416381835938e+00 -1.673941802978515625e+01 -2.118294525146484375e+01 -3.875164747238159180e+00 9.520095825195312500e+00
-7.632392406463623047e+00 3.327453732490539551e-01 1.505289673805236816e+00 -2.575765371322631836e+00 -1.434791088104248047e+00 -8.212094902992248535e-01 -1.714745521545410156e+00 -3.253311872482299805e+00 -1.004916286468505859e+01 4.961017370223999023e-01 -3.380973577499389648e+00 1.962577342987060547e+00 -4.496466159820556641e+00 1.514557480812072754e+00 -8.406953811645507812e+00 -1.173913121223449707e+00 -4.533102512359619141e+00 -1.910598158836364746e+00 -7.703165054321289062e+00 -3.248999595642089844e+00
-9.044863700866699219e+00 -5.127728462219238281e+00 -5.321379899978637695e-01 1.627372860908508301e+00 9.961178779602050781e+00 -5.562631607055664062e+00 -5.486394882202148438e+00 -4.398654460906982422e+00 -2.737787485122680664e+00 -1.800485610961914062e+00 -2.734494209289550781e+00 -3.034222364425659180e+00 4.445337057113647461e-01 6.396691501140594482e-02 -1.081444740295410156e+01 -4.226724803447723389e-02 -3.339170455932617188e+00 -3.701256036758422852e+00 -6.682160854339599609e+00 -1.269968897104263306e-01
-3.888441324234008789e+00 1.305001258850097656e+00 -7.686407566070556641e+00 -2.224134206771850586e+00 3.115553379058837891e+00 -3.464164972305297852e+00 2.324180364608764648e+00 4.816090106964111328e+00 -4.201287269592285156e+00 1.700963616371154785e+00 -5.119877815246582031e+00 -6.495762825012207031e+00 8.254330754280090332e-01 6.362384557723999023e-01 -4.564056694507598877e-01 -1.733868002891540527e+00 -6.383705139160156250e+00 -2.676554679870605469e+00 -3.620181560516357422e+00 2.160439014434814453e+00
-3.109657764434814453e+00 4.287388026714324951e-01 -7.770233631134033203e+00 -2.191040039062500000e+00 1.977762818336486816e+00 -3.758284807205200195e+00 3.221223831176757812e+00 4.832887649536132812e+00 -3.829418659210205078e+00 1.689947247505187988e+00 -5.513507843017578125e+00 -6.340385913848876953e+00 8.300264924764633179e-02 9.642802476882934570e-01 -7.850171923637390137e-01 -2.933860063552856445e+00 -6.121054649353027344e+00 -2.235438585281372070e+00 -2.978752374649047852e+00 2.516132354736328125e+00
-4.098163604736328125e+00 7.576530575752258301e-01 -7.713720321655273438e+00 -2.707432985305786133e+00 2.104566812515258789e+00 -2.950197458267211914e+00 2.447914838790893555e+00 4.240807533264160156e+00 -4.147575855255126953e+00 1.937541961669921875e+00 -5.429296016693115234e+00 -7.348241806030273438e+00 5.483122467994689941e-01 3.702130913734436035e-01 -5.023366808891296387e-01 -2.200595140457153320e+00 -5.613627433776855469e+00 -2.369178056716918945e+00 -2.926146984100341797e+00 2.439207077026367188e+00
-4.085746288299560547e+00 1.435668706893920898e+00 -7.383946418762207031e+00 -2.431096076965332031e+00 2.222508907318115234e+00 -3.506841897964477539e+00 2.602236270904541016e+00 4.593312263488769531e+00 -3.633651733398437500e+00 1.927749991416931152e+00 -5.106703758239746094e+00 -6.334742069244384766e+00 3.508576154708862305e-01 6.245521903038024902e-01 -1.311448216438293457e+00 -2.633580207824707031e+00 -5.450632572174072266e+00 -1.970319271087646484e+00 -2.469769239425659180e+00 2.021692752838134766e+00
-6.502291679382324219e+00 -6.137942790985107422e+00 -2.274976015090942383e+00 3.295321702957153320e+00 3.941479444503784180e+00 -2.921171426773071289e+00 7.433429956436157227e-01 -1.766730189323425293e+00 3.087201833724975586e+00 3.606057882308959961e+00 -3.490622758865356445e+00 -7.756335258483886719e+00 1.612902879714965820e+00 2.765709757804870605e-01 -5.586365222930908203e+00 -2.946227550506591797e+00 -6.001934051513671875e+00 -1.340676188468933105e+00 -7.287527084350585938e+00 -7.327792644500732422e+00
-4.507103919982910156e+00 7.914507389068603516e-01 -7.260825157165527344e+00 -2.296009063720703125e+00 2.060924768447875977e+00 -2.820134162902832031e+00 2.249475240707397461e+00 4.735295772552490234e+00 -3.478512525558471680e+00 1.861714482307434082e+00 -5.574562549591064453e+00 -6.875503540039062500e+00 7.943241596221923828e-01 8.080635070800781250e-01 -1.282383441925048828e+00 -2.035794019699096680e+00 -5.942650794982910156e+00 -2.206970453262329102e+00 -2.509707212448120117e+00 2.528286695480346680e+00
-6.932739257812500000e+00 -3.122074842453002930e+00 -5.226563453674316406e+00 -3.127538681030273438e+00 7.961621284484863281e+00 -3.966149568557739258e+00 -1.463598847389221191e+00 6.553652763366699219e+00 -3.717716932296752930e+00 -1.113021254539489746e+00 -5.539755821228027344e+00 -2.458534479141235352e+00 7.052676379680633545e-02 -8.425688147544860840e-01 -3.084043502807617188e+00 -4.115017414093017578e+00 7.290654778480529785e-01 2.854163348674774170e-01 -4.471230506896972656e+00 -3.352491855621337891e-01
-3.585432529449462891e+00 8.308748602867126465e-01 -6.898104190826416016e+00 -3.437314987182617188e+00 2.876916170120239258e+00 -3.381366014480590820e+00 2.767093658447265625e+00 4.757585048675537109e+00 -3.703164339065551758e+00 1.844352126121520996e+00 -5.761192798614501953e+00 -5.844127655029296875e+00 1.472896575927734375e+00 6.382055282592773438e-01 1.836359053850173950e-01 -1.997589468955993652e+00 -6.389977455139160156e+00 -3.100733518600463867e+00 -3.675942420959472656e+00 1.735187053680419922e+00
-3.624474525451660156e+00 7.436903715133666992e-01 -7.146189212799072266e+00 -2.766543149948120117e+00 2.440909385681152344e+00 -3.563145160675048828e+00 2.350365161895751953e+00 4.730641841888427734e+00 -3.641495227813720703e+00 2.234311580657958984e+00 -5.893001556396484375e+00 -7.017498970031738281e+00 8.570268750190734863e-01 7.128825783729553223e-01 -8.996930718421936035e-01 -1.986992120742797852e+00 -6.521044731140136719e+00 -2.709225416183471680e+00 -3.496560573577880859e+00 2.778989791870117188e+00
-4.002478122711181641e+00 5.646586418151855469e-01 -7.236819267272949219e+00 -2.838393926620483398e+00 1.539239764213562012e+00 -3.139042854309082031e+00 2.263399600982666016e+00 4.854904651641845703e+00 -3.944755315780639648e+00 2.013494968414306641e+00 -5.158328533172607422e+00 -7.160350322723388672e+00 6.056734919548034668e-01 3.408979475498199463e-01 -1.481149315834045410e+00 -2.137111186981201172e+00 -6.263735771179199219e+00 -2.637314319610595703e+00 -2.822310209274291992e+00 2.385011672973632812e+00
-3.977922916412353516e+00 8.710372447967529297e-01 -7.659917354583740234e+00 -2.763417005538940430e+00 2.391213178634643555e+00 -2.713226556777954102e+00 2.975716114044189453e+00 4.102688789367675781e+00 -3.691784143447875977e+00 1.386245012283325195e+00 -5.402175903320312500e+00 -6.590708255767822266e+00 7.111309170722961426e-01 4.444263875484466553e-01 -3.135927915573120117e-01 -2.180180788040161133e+00 -6.053775787353515625e+00 -2.999517202377319336e+00 -2.698880195617675781e+00 2.398121833801269531e+00
-3.062656164169311523e+00 1.202016949653625488e+00 -7.540508747100830078e+00 -2.511386632919311523e+00 2.418705701828002930e+00 -3.061251401901245117e+00 2.428502082824707031e+00 4.153077602386474609e+00 -3.873207807540893555e+00 1.050012111663818359e+00 -5.720596313476562500e+00 -7.190161705017089844e+00 8.461112976074218750e-01 9.730436801910400391e-01 -5.648706853389739990e-02 -1.958099603652954102e+00 -6.052186965942382812e+00 -2.621684312820434570e+00 -2.988171815872192383e+00 1.792493104934692383e+00
-4.356825351715087891e+00 8.761414289474487305e-01 -7.455401420593261719e+00 -3.693939924240112305e+00 2.567532777786254883e+00 -3.014170646667480469e+00 2.160355329513549805e+00 5.564454555511474609e+00 -3.007051706314086914e+00 1.199415326118469238e+00 -5.696052551269531250e+00 -6.396887302398681641e+00 8.343967199325561523e-01 3.646350204944610596e-01 -1.555310487747192383e+00 -2.552378892898559570e+00 -5.192211627960205078e+00 -2.108654975891113281e+00 -1.393262147903442383e+00 1.863132596015930176e+00
-6.304718017578125000e+00 -9.484274387359619141e-01 -5.836517333984375000e+00 -2.841691255569458008e+00 -7.190554738044738770e-01 -1.731863021850585938e+00 1.180788636207580566e+00 5.627947807312011719e+00 -6.951171875000000000e+00 2.107197999954223633e+00 -3.730729103088378906e+00 -7.599822998046875000e+00 -1.134279727935791016e+00 1.682333052158355713e-01 -3.152546405792236328e+00 -4.337750434875488281e+00 -3.472067594528198242e+00 1.260237693786621094e+00 -3.238569498062133789e+00 1.168256282806396484e+00
-3.944823741912841797e+00 6.351233720779418945e-01 -8.393745422363281250e+00 -2.010618448257446289e+00 3.820271492004394531e+00 -2.687259912490844727e+00 2.056864500045776367e+00 4.026432991027832031e+00 -4.013502597808837891e+00 1.124757051467895508e+00 -5.254757404327392578e+00 -6.747402667999267578e+00 1.670237660408020020e+00 1.612907201051712036e-01 3.728253841400146484e-01 -1.503322005271911621e+00 -4.840280532836914062e+00 -2.549346923828125000e+00 -2.627890586853027344e+00 2.444036483764648438e+00
1.356532454490661621e+00 -2.332191944122314453e+00 -6.348841190338134766e+00 4.275211811065673828e+00 -5.466494560241699219e+00 -7.554560184478759766e+00 1.328689604997634888e-01 -3.137186050415039062e+00 3.189600229263305664e+00 -1.029644250869750977e+00 -5.710157155990600586e-01 -1.274845123291015625e+00 -2.212145566940307617e+00 -6.353225231170654297e+00 -7.658264160156250000e+00 9.979778528213500977e-01 -1.497460842132568359e+01 2.078543007373809814e-01 -7.273135185241699219e+00 2.843040466308593750e+00
-2.488640546798706055e+00 -4.647295475006103516e+00 -7.835236072540283203e+00 4.886167868971824646e-02 -9.005045890808105469e+00 -9.002907752990722656e+00 -7.043007761240005493e-02 -7.600226879119873047e+00 4.088091373443603516e+00 -5.360390663146972656e+00 -3.601718187332153320e+00 -6.074716567993164062e+00 -1.714184284210205078e+00 -3.217150449752807617e+00 -9.549536705017089844e+00 -4.770075529813766479e-02 -9.157615661621093750e+00 5.289806365966796875e+00 -7.293095588684082031e+00 1.691080451011657715e+00
1.412526130676269531e+00 1.090280151367187500e+01 -1.342251682281494141e+01 -8.560983657836914062e+00 -2.882006466388702393e-01 -9.999859809875488281e+00 6.568785309791564941e-01 5.078613281250000000e+00 -1.841377168893814087e-01 -5.357342362403869629e-01 1.940330982208251953e+00 -1.084708881378173828e+01 -1.016082954406738281e+01 5.304863929748535156e+00 -3.348983764648437500e+00 5.309847354888916016e+00 -5.488781929016113281e+00 1.319830417633056641e+01 -2.010860681533813477e+00 -5.881137847900390625e+00
7.034460544586181641e+00 -3.146844625473022461e+00 -1.202257919311523438e+01 -9.380369186401367188e+00 -1.544973373413085938e+01 -5.753439903259277344e+00 1.124378919601440430e+00 -3.518640518188476562e+00 5.230889320373535156e+00 8.486174941062927246e-01 -1.661074042320251465e+00 -8.230469703674316406e+00 -8.445672035217285156e+00 2.560111522674560547e+00 5.338799357414245605e-01 1.401843643188476562e+01 -1.386206436157226562e+01 1.389522933959960938e+01 -1.822765707969665527e+00 5.089815855026245117e-01
5.274193286895751953e+00 1.648646926879882812e+01 -1.451234626770019531e+01 6.023138046264648438e+00 2.098308324813842773e+00 7.191539287567138672e+00 -4.149233818054199219e+00 9.274497032165527344e+00 5.373306870460510254e-01 7.029276847839355469e+00 -1.380446314811706543e+00 3.438096046447753906e+00 3.206144809722900391e+00 -3.801210522651672363e-01 -5.025868415832519531e+00 -6.873793005943298340e-01 -2.799399614334106445e+00 3.685273885726928711e+00 -3.919440507888793945e+00 -4.506098479032516479e-02
6.378121852874755859e+00 2.008244514465332031e+01 -1.046456623077392578e+01 6.307588100433349609e+00 -2.468077898025512695e+00 6.739694595336914062e+00 -3.895095109939575195e+00 2.502488851547241211e+00 -1.885106801986694336e+00 6.541131019592285156e+00 4.129385948181152344e+00 2.920413017272949219e+00 -1.807401418685913086e+00 -7.670208454132080078e+00 -3.728431224822998047e+00 -2.677151441574096680e+00 -1.027408361434936523e+00 -5.562308788299560547e+00 -3.569539785385131836e+00 1.797336816787719727e+00
-2.674343585968017578e+00 1.028169727325439453e+01 -1.370109438896179199e+00 -2.667820930480957031e+00 6.460418105125427246e-01 1.317616844177246094e+01 -5.563312053680419922e+00 6.239396095275878906e+00 3.284470081329345703e+00 4.712555408477783203e+00 -5.591571331024169922e+00 2.588361263275146484e+00 2.166911363601684570e+00 -5.573541641235351562e+00 -9.506566524505615234e-01 2.874541282653808594e+00 2.293425083160400391e+00 3.620271205902099609e+00 1.699860930442810059e+00 -2.825313210487365723e-01
7.851209163665771484e+00 7.967965126037597656e+00 -1.972426056861877441e+00 6.050951480865478516e+00 3.614893674850463867e+00 5.445936203002929688e+00 -4.766247749328613281e+00 2.961859703063964844e+00 -4.604319095611572266e+00 -3.215963840484619141e+00 -2.848818540573120117e+00 1.391207128763198853e-01 -5.995553493499755859e+00 -6.672763824462890625e-01 1.637132883071899414e+00 -4.694407463073730469e+00 2.749897003173828125e+00 -9.436446189880371094e+00 1.519695401191711426e+00 2.874388933181762695e+00
-2.412260293960571289e+00 -6.158795833587646484e+00 3.002072811126708984e+00 2.861407995223999023e+00 5.451021671295166016e+00 -3.888742685317993164e+00 -8.432767868041992188e+00 9.073563575744628906e+00 -3.982378721237182617e+00 5.850902557373046875e+00 -5.153589248657226562e+00 7.319173812866210938e+00 -5.958612561225891113e-01 1.667048263549804688e+01 7.689533233642578125e-01 5.609572410583496094e+00 -7.014250755310058594e+00 4.695219516754150391e+00 -7.730265259742736816e-01 8.060822486877441406e+00
-1.167612433433532715e+00 3.830141425132751465e-01 -1.346927881240844727e-01 2.600990056991577148e+00 -4.806056499481201172e+00 -1.252651929855346680e+00 -1.113269329071044922e+01 4.868066787719726562e+00 -1.019691181182861328e+01 -1.675537943840026855e+00 1.852371454238891602e+00 -2.872800588607788086e+00 -1.128780364990234375e+00 5.175462245941162109e+00 5.371940612792968750e+00 -1.264726668596267700e-01 -1.700978875160217285e+00 -1.907445073127746582e+00 3.122388362884521484e+00 6.294193267822265625e-01
4.583551406860351562e+00 -4.753912448883056641e+00 -7.402077674865722656e+00 1.674625515937805176e+00 -7.608034610748291016e-01 -2.512605190277099609e+00 -1.159735679626464844e+01 -1.664165973663330078e+00 -8.649837493896484375e+00 1.474941015243530273e+00 3.179813623428344727e+00 -4.515259265899658203e+00 -6.132495999336242676e-01 5.771836280822753906e+00 7.910788059234619141e+00 -1.574405789375305176e+00 -2.177893161773681641e+00 1.241618752479553223e+00 9.632640838623046875e+00 -4.105987071990966797e+00
1.349910020828247070e+00 -3.437741518020629883e+00 -2.531363725662231445e+00 6.015849590301513672e+00 4.607973098754882812e+00 -4.105518817901611328e+00 3.194017112255096436e-01 -5.198492527008056641e+00 1.872380375862121582e+00 1.234490203857421875e+01 -1.485821342468261719e+01 1.292100620269775391e+01 2.836819410324096680e+00 1.053620529174804688e+01 5.051501274108886719e+00 5.383306980133056641e+00 -4.919062137603759766e+00 1.087156200408935547e+01 7.631048202514648438e+00 9.527975082397460938e+00
3.515386104583740234e+00 -7.376064300537109375e+00 2.653843402862548828e+00 1.016144847869873047e+01 -1.031965923309326172e+01 -3.908753156661987305e+00 1.046351432800292969e+01 1.061751079559326172e+01 1.056334018707275391e+01 1.190910625457763672e+01 -1.024747276306152344e+01 1.191855049133300781e+01 -6.182027816772460938e+00 -1.197490692138671875e+01 6.759641647338867188e+00 -2.118817329406738281e+01 -7.096237659454345703e+00 -1.063529586791992188e+01 7.217889308929443359e+00 -1.026396179199218750e+01
-1.384419918060302734e+00 3.796422779560089111e-01 -8.216108679771423340e-01 7.869120836257934570e-01 -3.540958464145660400e-01 6.747349500656127930e-01 -1.754836678504943848e+00 -7.401888370513916016e-01 -5.943181037902832031e+00 1.596817731857299805e+00 -3.211686372756958008e+00 -3.126971721649169922e+00 3.284197449684143066e-01 7.350609302520751953e-01 1.576019167900085449e+00 3.014072656631469727e+00 2.793136119842529297e+00 -1.234064340591430664e+00 -2.457446098327636719e+00 7.329389452934265137e-01
-1.132286787033081055e+00 -8.373540043830871582e-01 3.317772597074508667e-02 -2.665504813194274902e-01 -2.969372510910034180e+00 2.299167156219482422e+00 1.067450881004333496e+00 1.021544933319091797e+00 -3.528767585754394531e+00 -1.975862979888916016e+00 -2.209757804870605469e+00 1.778357505798339844e+00 2.283585786819458008e+00 2.902825832366943359e+00 -3.422618284821510315e-02 1.522497892379760742e+00 2.794393062591552734e+00 -3.265381813049316406e+00 2.503798961639404297e+00 1.300213575363159180e+00
1.451412677764892578e+00 -1.716588973999023438e+00 1.722615838050842285e+00 -1.357951521873474121e+00 -2.319034934043884277e-01 -2.808506727218627930e+00 4.320152759552001953e+00 -1.789507269859313965e+00 4.091139793395996094e+00 2.821124076843261719e+00 1.622727870941162109e+00 1.957298398017883301e+00 -2.315373897552490234e+00 -5.805276036262512207e-01 2.860860109329223633e+00 -9.901834130287170410e-01 1.916199684143066406e+00 -3.318890571594238281e+00 3.775031805038452148e+00 -6.775009036064147949e-01
-3.595627069473266602e+00 -2.110399484634399414e+00 -1.798997759819030762e+00 -5.455760359764099121e-01 4.614972472190856934e-01 -2.625390768051147461e+00 -1.108604431152343750e+00 -4.043012619018554688e+00 -6.248221874237060547e+00 2.861495971679687500e+00 -4.293324947357177734e+00 -2.519873142242431641e+00 -7.476724982261657715e-01 6.425266742706298828e+00 6.255289077758789062e+00 -9.509494781494140625e+00 -1.787199258804321289e+00 1.327949166297912598e+00 3.474702537059783936e-01 -1.093021750450134277e+00
-1.152924442291259766e+01 -1.128156304359436035e+00 -9.653336524963378906e+00 -2.448536157608032227e+00 -3.615882396697998047e+00 4.961927890777587891e+00 5.412296295166015625e+00 -9.631435394287109375e+00 -3.925462007522583008e+00 2.582340478897094727e+00 -8.342083692550659180e-01 -3.053080797195434570e+00 4.318304538726806641e+00 9.758811950683593750e+00 -6.919482707977294922e+00 2.511706352233886719e+00 -1.101310253143310547e+01 -1.227887272834777832e+00 -5.710862159729003906e+00 3.698618412017822266e-01
-6.062440872192382812e+00 -2.571879148483276367e+00 -8.576684951782226562e+00 2.563727617263793945e+00 -1.183225810527801514e-01 -6.818389892578125000e+00 -2.385273575782775879e-01 6.797613143920898438e+00 -5.513952732086181641e+00 4.695523262023925781e+00 2.717778205871582031e+00 -5.822975158691406250e+00 5.384337902069091797e-01 -4.205196380615234375e+00 -8.763250350952148438e+00 3.595854997634887695e+00 -8.128599166870117188e+00 -1.497348904609680176e+00 -4.831200599670410156e+00 6.875573992729187012e-01
-1.799295783042907715e+00 7.422591447830200195e-01 -6.487599372863769531e+00 -1.299460411071777344e+00 4.722583770751953125e+00 -9.634962081909179688e+00 -1.060850334167480469e+01 1.624882817268371582e+00 -2.275928974151611328e+00 3.264146327972412109e+00 -2.050571441650390625e+00 -1.395146083831787109e+01 -1.210290336608886719e+01 2.537236452102661133e+00 -9.924945831298828125e+00 -1.725944995880126953e+00 -3.307992696762084961e+00 2.466336965560913086e+00 -1.777320027351379395e+00 -2.276037216186523438e+00
-1.160151100158691406e+01 -6.072805404663085938e+00 -1.421504878997802734e+01 -5.486467361450195312e+00 2.896454334259033203e+00 -1.388299655914306641e+01 -9.427109360694885254e-01 2.411383390426635742e+00 -3.218468904495239258e+00 3.679147005081176758e+00 -2.832259178161621094e+00 -3.337112903594970703e+00 7.541274547576904297e+00 2.146924018859863281e+00 -2.950963020324707031e+00 2.327311754226684570e+00 -4.336159825325012207e-01 7.122963428497314453e+00 -3.863566875457763672e+00 -1.816815495491027832e+00
-5.264857292175292969e+00 -3.930782794952392578e+00 -1.071320343017578125e+01 -4.144286155700683594e+00 5.688329227268695831e-03 -9.876331329345703125e+00 -7.223460078239440918e-01 2.151050567626953125e+00 -3.199519395828247070e+00 -1.242629051208496094e+00 -4.755463123321533203e+00 -1.247681140899658203e+01 2.410961866378784180e+00 3.112115621566772461e+00 -1.651152014732360840e+00 5.176213979721069336e-01 -2.677101373672485352e+00 2.748809099197387695e+00 -2.353790521621704102e+00 -3.279588699340820312e+00
-5.623265266418457031e+00 7.257996559143066406e+00 -4.254670143127441406e+00 -4.894517898559570312e+00 1.209484934806823730e+00 -5.960661411285400391e+00 -6.569499373435974121e-01 5.850656032562255859e+00 1.500025153160095215e+00 5.245966434478759766e+00 -7.167336463928222656e+00 -4.975905895233154297e+00 -2.220600366592407227e+00 1.728753566741943359e+00 -6.083647251129150391e+00 -3.662799596786499023e+00 -7.098696708679199219e+00 7.850211620330810547e+00 -1.528730273246765137e+00 2.826638936996459961e+00
