3.082630634307861328e-01 -4.808106422424316406e+00 -9.348626136779785156e-01 4.184079170227050781e+00 1.910785913467407227e+00 2.105856895446777344e+00 -3.424877882003784180e+00 2.108211755752563477e+00 -3.514028072357177734e+00 -3.702357292175292969e+00 3.179817914962768555e+00 3.089631557464599609e+00 3.384155035018920898e+00 -3.666712522506713867e+00 3.785751342773437500e+00 3.673303604125976562e+00 -2.509432077407836914e+00 -9.422128796577453613e-01 1.440694928169250488e-01 5.308270454406738281e+00
-1.192265629768371582e+00 4.346150398254394531e+00 -3.452827930450439453e-01 3.686266243457794189e-01 2.579889059066772461e+00 4.489028155803680420e-01 -3.931130409240722656e+00 2.677981853485107422e-01 -3.219805717468261719e+00 4.042467176914215088e-01 1.499086499214172363e+00 -1.170419692993164062e+00 -3.191081523895263672e+00 1.496491432189941406e-01 1.875932931900024414e+00 2.262296915054321289e+00 -2.122452497482299805e+00 1.457551479339599609e+00 -4.021047115325927734e+00 1.863064408302307129e+00
-1.413533210754394531e+00 -1.110394358634948730e+00 -7.217859029769897461e-01 -2.346457719802856445e+00 -2.522432565689086914e+00 1.742165446281433105e+00 -1.293399572372436523e+00 2.655159711837768555e+00 2.668547153472900391e+00 1.914129257202148438e+00 3.796342015266418457e-02 4.208355426788330078e+00 2.039756059646606445e+00 2.481080532073974609e+00 -2.266172170639038086e+00 -2.147119760513305664e+00 -4.774806022644042969e+00 3.350466489791870117e+00 -4.035688877105712891e+00 2.916883230209350586e+00
1.718848466873168945e+00 -2.438200473785400391e+00 4.424488544464111328e+00 -3.732230901718139648e+00 -5.664736747741699219e+00 -3.714241266250610352e+00 -3.406451225280761719e+00 -1.360277891159057617e+00 -2.560118913650512695e+00 -9.079618453979492188e-01 1.816443681716918945e+00 2.647251129150390625e+00 1.733986854553222656e+00 2.419696807861328125e+00 -1.484939932823181152e+00 1.336739420890808105e+00 3.451925277709960938e+00 2.310150146484375000e+00 1.152055740356445312e+00 -4.756498932838439941e-01
5.515446662902832031e-01 -9.719139933586120605e-01 -8.864014744758605957e-01 1.812874078750610352e+00 3.091420888900756836e+00 1.660265684127807617e+00 1.313509535975754261e-03 -1.718531131744384766e+00 -2.164102077484130859e+00 -1.719377994537353516e+00 -4.174352169036865234e+00 1.492477059364318848e+00 -2.847817420959472656e+00 2.361535549163818359e+00 2.239408731460571289e+00 -3.159145355224609375e+00 -1.789265632629394531e+00 2.812969923019409180e+00 -1.129966378211975098e+00 5.084308147430419922e+00
1.952010035514831543e+00 -6.761299371719360352e-01 6.084091663360595703e+00 2.466601371765136719e+00 7.001765251159667969e+00 -1.389446973800659180e+00 3.222295343875885010e-01 -7.993049025535583496e-01 1.653238773345947266e+00 2.204543828964233398e+00 -2.600670754909515381e-01 -1.328324437141418457e+00 1.007197618484497070e+00 -1.469464540481567383e+00 8.678162097930908203e-01 4.603034496307373047e+00 -3.109517574310302734e+00 4.030189037322998047e+00 2.940299510955810547e+00 -5.303444862365722656e-01
-5.522096157073974609e+00 4.684143364429473877e-01 2.144023418426513672e+00 -3.436583995819091797e+00 -1.942831158638000488e+00 1.759183764457702637e+00 1.432433485984802246e+00 -1.601930499076843262e+00 2.967843532562255859e+00 -4.763661384582519531e+00 4.893257617950439453e+00 -2.386225163936614990e-01 -2.900020599365234375e+00 -2.988775968551635742e+00 2.215578079223632812e+00 2.819899320602416992e+00 -4.573058605194091797e+00 -5.732276290655136108e-02 -4.780863285064697266e+00 6.714591979980468750e-01
-2.051004409790039062e+00 5.856669425964355469e+00 8.055434376001358032e-02 -9.932859987020492554e-02 -4.142343521118164062e+00 3.775948286056518555e+00 4.523344516754150391e+00 -1.327978968620300293e+00 4.177099704742431641e+00 2.507992982864379883e+00 2.710600137710571289e+00 2.422299146652221680e+00 1.958560943603515625e+00 -3.981675386428833008e+00 5.024619102478027344e+00 -1.792408823966979980e+00 3.004152536392211914e+00 -2.349747419357299805e+00 -2.665441274642944336e+00 3.061929464340209961e+00
1.534366250038146973e+00 -3.328325271606445312e+00 -3.026829719543457031e+00 3.344964027404785156e+00 6.694732189178466797e+00 -4.008008480072021484e+00 -3.403158426284790039e+00 -1.225445151329040527e+00 1.475051522254943848e+00 1.947661876678466797e+00 -1.538997769355773926e+00 2.434171676635742188e+00 2.301839351654052734e+00 -4.951728820800781250e+00 4.334238529205322266e+00 -4.974276542663574219e+00 -1.797048687934875488e+00 -2.008775949478149414e+00 -2.189382314682006836e+00 8.470865488052368164e-01
3.567760467529296875e+00 2.367900609970092773e+00 -4.477004051208496094e+00 2.014999866485595703e+00 -4.950789451599121094e+00 -4.886027574539184570e-01 -1.076799482107162476e-01 1.090603709220886230e+00 1.406624913215637207e+00 5.394958972930908203e+00 -1.683162450790405273e+00 4.235080242156982422e+00 -1.296800673007965088e-01 8.560570478439331055e-01 -7.771704792976379395e-01 8.266916871070861816e-01 -1.425315499305725098e+00 1.264229655265808105e+00 3.655529260635375977e+00 -5.696344852447509766e+00
-1.830793499946594238e+00 3.303547382354736328e+00 3.268885135650634766e+00 -1.149242639541625977e+00 8.530182838439941406e-01 -1.136683106422424316e+00 -2.169883251190185547e+00 -5.510016679763793945e-01 8.134524822235107422e-01 1.069901108741760254e+00 6.516219139099121094e+00 -2.695135772228240967e-01 5.442772507667541504e-01 -3.140004873275756836e+00 2.918873071670532227e+00 1.361908435821533203e+00 2.164923399686813354e-01 1.774645209312438965e+00 2.199909210205078125e+00 4.216204643249511719e+00
1.016489148139953613e+00 4.181714534759521484e+00 1.429384946823120117e-01 -2.129014492034912109e+00 -4.675643920898437500e+00 3.478101730346679688e+00 -7.152189612388610840e-01 -1.133313536643981934e+00 5.031032085418701172e+00 -2.293156385421752930e+00 -1.560438275337219238e-01 -4.727746486663818359e+00 1.463525176048278809e+00 -4.155592918395996094e+00 1.092532277107238770e+00 -1.802729249000549316e+00 6.920897960662841797e-01 1.661016702651977539e+00 4.340635299682617188e+00 -1.097666859626770020e+00
2.629841327667236328e+00 1.846555590629577637e+00 4.369381815195083618e-02 4.014691829681396484e+00 -2.128961563110351562e+00 3.175821900367736816e-01 -2.382579147815704346e-01 1.096821188926696777e+00 -1.146860361099243164e+00 -3.390362977981567383e+00 -3.089874982833862305e+00 -4.367063939571380615e-01 -5.176383972167968750e+00 -3.613891124725341797e+00 2.602992773056030273e+00 -2.530013561248779297e+00 4.248807430267333984e+00 1.358957886695861816e-01 -3.981428146362304688e+00 -2.179970026016235352e+00
2.335043191909790039e+00 -2.654005527496337891e+00 2.571714878082275391e+00 2.229684591293334961e+00 4.834575176239013672e+00 2.321473360061645508e+00 1.742303609848022461e+00 -2.283678531646728516e+00 -7.848752140998840332e-01 -1.405446887016296387e+00 -2.243002176284790039e+00 4.534284114837646484e+00 -5.466359853744506836e-01 3.362625360488891602e+00 1.565433621406555176e+00 -1.427889227867126465e+00 1.787939906120300293e+00 4.233352184295654297e+00 -9.249315261840820312e-01 -6.554530262947082520e-01
1.228310704231262207e+00 2.322971343994140625e+00 1.946890261024236679e-03 1.574471831321716309e+00 -3.254591703414916992e+00 -1.379424333572387695e+00 -3.224094212055206299e-01 3.334779500961303711e+00 -2.048945426940917969e+00 -2.777621746063232422e+00 -5.729822516441345215e-01 4.331227302551269531e+00 -4.613205909729003906e+00 1.772746920585632324e+00 2.114311307668685913e-01 -3.307082653045654297e+00 -2.031994104385375977e+00 -1.587260663509368896e-01 1.519787788391113281e+00 3.430140733718872070e+00
3.412732481956481934e-01 -2.479068279266357422e+00 2.785956621170043945e+00 1.624296158552169800e-01 -3.560810685157775879e-01 -2.584611892700195312e+00 1.721121549606323242e+00 -1.439882874488830566e+00 -5.130620002746582031e+00 2.290428400039672852e+00 -6.859033703804016113e-01 6.421116590499877930e-01 2.352120161056518555e+00 5.673374176025390625e+00 -6.099420785903930664e-01 -2.069444417953491211e+00 -9.213654398918151855e-01 -5.972520112991333008e-01 3.542476177215576172e+00 -1.498194217681884766e+00
4.087365150451660156e+00 6.574927568435668945e-01 2.001940488815307617e+00 -2.451921939849853516e+00 -3.744953632354736328e+00 -1.528938055038452148e+00 2.446069002151489258e+00 -1.259889304637908936e-01 2.719603776931762695e+00 2.442452192306518555e+00 -2.004520893096923828e+00 3.932045221328735352e+00 -4.896905899047851562e+00 -5.525000572204589844e+00 3.444581329822540283e-01 -5.986043453216552734e+00 -4.165086746215820312e+00 2.116370439529418945e+00 -6.730410456657409668e-01 -2.855206489562988281e+00
-1.363168120384216309e+00 -6.426020264625549316e-01 1.621960282325744629e+00 -3.244196176528930664e+00 -1.696656823158264160e+00 3.049131155014038086e+00 1.615089178085327148e-01 -3.637222945690155029e-01 -1.885373711585998535e+00 -4.725134372711181641e+00 -3.809772968292236328e+00 -1.513076305389404297e+00 2.649770736694335938e+00 -7.577305287122726440e-02 3.326173782348632812e+00 -3.240189313888549805e+00 3.666460990905761719e+00 -1.245874166488647461e+00 3.299209117889404297e+00 1.846207857131958008e+00
-3.441187143325805664e-01 2.235916852951049805e+00 4.485871493816375732e-01 2.364790439605712891e+00 -1.768580675125122070e+00 -2.229765653610229492e+00 -2.247322559356689453e+00 2.576247453689575195e+00 2.884285449981689453e+00 -3.520642220973968506e-01 4.748800277709960938e+00 2.810836553573608398e+00 6.341031193733215332e-01 -2.166897058486938477e+00 4.151267528533935547e+00 1.343812227249145508e+00 -1.795385360717773438e+00 -1.044161438941955566e+00 -1.167659237980842590e-01 6.544260382652282715e-01
5.176955461502075195e-01 -9.797238707542419434e-01 2.389736175537109375e+00 -5.358664393424987793e-01 -1.715598344802856445e+00 1.176373243331909180e+00 -1.757430315017700195e+00 -4.141674518585205078e+00 -4.799189567565917969e-01 4.420978546142578125e+00 -3.255102872848510742e+00 -3.657044172286987305e-01 -1.105234980583190918e+00 1.920032620429992676e+00 1.141767024993896484e+00 -2.444440841674804688e+00 3.881368875503540039e+00 2.033719778060913086e+00 3.861883401870727539e+00 4.594309806823730469e+00
-8.419606685638427734e-01 4.201658725738525391e+00 6.837865114212036133e-01 1.254367113113403320e+00 -3.045840859413146973e-01 3.403979539871215820e+00 -3.785819053649902344e+00 1.698372364044189453e+00 -2.064357995986938477e+00 -3.289025127887725830e-01 2.707714557647705078e+00 -9.494218230247497559e-01 -3.674027919769287109e+00 -1.771206617355346680e+00 2.608200311660766602e+00 2.143100023269653320e+00 -2.444304227828979492e+00 2.011229515075683594e+00 8.591060042381286621e-01 2.127653360366821289e+00
-1.464020609855651855e+00 4.086430549621582031e+00 -4.394225597381591797e+00 -2.295077323913574219e+00 1.680495381355285645e+00 2.796411514282226562e+00 3.012945890426635742e+00 2.461717605590820312e+00 -3.763764619827270508e+00 -3.277784824371337891e+00 1.711280345916748047e+00 2.232291698455810547e+00 2.945649862289428711e+00 4.759703159332275391e+00 -1.344093799591064453e+00 -1.325032711029052734e+00 9.640982151031494141e-01 1.064976930618286133e+00 1.368278384208679199e+00 -9.862265735864639282e-02
-5.701714515686035156e+00 2.135234594345092773e+00 -4.766001701354980469e-01 -3.778626918792724609e-01 3.786787509918212891e+00 3.986923694610595703e+00 1.457902312278747559e+00 2.327531814575195312e+00 2.118390798568725586e+00 -1.192141890525817871e+00 -6.138228997588157654e-02 4.059453010559082031e+00 1.309699535369873047e+00 -1.421964406967163086e+00 3.579251050949096680e+00 1.559719741344451904e-01 -1.904341578483581543e+00 2.888288795948028564e-01 1.896119832992553711e+00 -5.218598842620849609e-01
1.925634026527404785e+00 4.240472018718719482e-01 3.423230886459350586e+00 -3.256692409515380859e+00 2.471328675746917725e-01 -3.734733819961547852e+00 -2.174805641174316406e+00 2.256688028573989868e-01 2.106435775756835938e+00 -4.370880126953125000e+00 1.871991753578186035e-01 -3.358686447143554688e+00 3.971803903579711914e+00 -3.713235139846801758e+00 -1.402921676635742188e+00 3.508607149124145508e+00 -1.380862712860107422e+00 -3.532603979110717773e-01 -2.454268932342529297e+00 1.718840360641479492e+00
-3.288931131362915039e+00 7.087598443031311035e-01 3.713524937629699707e-01 -2.001138448715209961e+00 -3.105227708816528320e+00 1.534477710723876953e+00 2.022801399230957031e+00 1.704242944717407227e+00 1.608275622129440308e-01 -5.782045364379882812e+00 1.133152008056640625e+00 8.402649760246276855e-01 2.222472906112670898e+00 -1.592597365379333496e+00 -3.192427754402160645e-01 2.607567906379699707e-01 5.382637381553649902e-01 -5.698135495185852051e-01 -1.824948310852050781e+00 -4.856275558471679688e+00
-1.183340907096862793e+00 1.228357911109924316e+00 -2.217010974884033203e+00 1.863847255706787109e+00 3.654254674911499023e+00 2.852368831634521484e+00 -2.401206344366073608e-01 -2.031341552734375000e+00 1.867226004600524902e+00 -8.236930966377258301e-01 1.253426074981689453e+00 -9.946580529212951660e-01 -1.688644289970397949e-01 3.913780689239501953e+00 5.094023704528808594e+00 1.519344091415405273e+00 -7.013521194458007812e-01 -8.854389786720275879e-01 -2.584141969680786133e+00 -1.994911432266235352e+00
3.558268308639526367e+00 -3.255296468734741211e+00 -1.380699515342712402e+00 -4.101891994476318359e+00 1.031163930892944336e+00 -1.197629928588867188e+00 -2.025901079177856445e+00 2.104135274887084961e+00 -9.841449260711669922e-01 -1.258568525314331055e+00 -7.154690027236938477e-01 1.107780456542968750e+00 2.644056558609008789e+00 2.324890613555908203e+00 1.905853629112243652e+00 4.259038865566253662e-01 -6.966946125030517578e-01 1.323019266128540039e+00 -2.186719655990600586e+00 -4.861297607421875000e+00
-3.972154378890991211e+00 1.707475662231445312e+00 -1.632776379585266113e+00 4.368864536285400391e+00 -4.482478141784667969e+00 2.568218708038330078e+00 -3.080850601196289062e+00 3.213184356689453125e+00 -3.173886775970458984e+00 2.222810745239257812e+00 2.543418407440185547e+00 4.561695098876953125e+00 -1.287754058837890625e+00 2.057122707366943359e+00 1.763998627662658691e+00 1.673047542572021484e+00 2.321473121643066406e+00 -7.033713459968566895e-01 -4.421056270599365234e+00 -3.390655517578125000e-01
-4.691082954406738281e+00 -1.404307603836059570e+00 -2.562395334243774414e+00 3.181427717208862305e+00 -7.147360444068908691e-01 1.274778008460998535e+00 2.930174112319946289e+00 -1.512124061584472656e+00 -1.459063768386840820e+00 5.362511634826660156e+00 -4.700161814689636230e-01 -8.177634477615356445e-01 -3.058446407318115234e+00 1.046513795852661133e+00 1.534386515617370605e+00 1.538677215576171875e+00 8.321877717971801758e-01 2.924979686737060547e+00 -3.551556468009948730e-01 1.407580375671386719e+00
1.439973711967468262e+00 1.605788946151733398e+00 1.274595379829406738e+00 -2.158403396606445312e+00 4.888718605041503906e+00 2.952377319335937500e+00 -2.010782003402709961e+00 -3.220583915710449219e+00 1.770640015602111816e+00 3.427673280239105225e-01 8.070504069328308105e-01 2.013070821762084961e+00 -1.042140498757362366e-01 2.786607503890991211e+00 1.651258468627929688e+00 2.289775371551513672e+00 2.730566501617431641e+00 8.547472357749938965e-01 5.419409751892089844e+00 -5.009495735168457031e+00
-5.717164874076843262e-01 2.043679475784301758e+00 4.478420019149780273e-01 2.438308000564575195e+00 3.151882648468017578e+00 -1.225569725036621094e+00 3.147562265396118164e+00 3.475781917572021484e+00 -4.650458812713623047e+00 2.147022485733032227e+00 3.212081193923950195e-01 1.885119795799255371e+00 -2.453210353851318359e+00 -1.368561148643493652e+00 -1.188157439231872559e+00 -2.931570053100585938e+00 1.535209417343139648e+00 3.679756447672843933e-02 -9.038074016571044922e-01 -8.843595385551452637e-01
-3.457619428634643555e+00 -1.457613825798034668e+00 -2.766874313354492188e+00 1.675378978252410889e-01 3.435206413269042969e+00 8.991017341613769531e-01 2.693552732467651367e+00 1.221209764480590820e+00 -4.484103918075561523e-01 -1.315001130104064941e+00 1.493587732315063477e+00 5.543308734893798828e+00 -1.545589923858642578e+00 3.907879829406738281e+00 -1.608146131038665771e-01 3.994127810001373291e-01 2.569824457168579102e+00 -9.561808109283447266e-01 4.100707173347473145e-01 2.037985801696777344e+00
-1.487227916717529297e+00 -9.405403137207031250e-01 6.136162281036376953e+00 -4.483603835105895996e-01 8.136263489723205566e-02 3.447214126586914062e+00 7.330306768417358398e-01 4.927572250366210938e+00 -1.747116446495056152e-01 -3.294219970703125000e+00 -9.506189823150634766e-01 -1.058060526847839355e+00 -1.038209423422813416e-01 -1.875430464744567871e+00 5.153434872627258301e-01 3.628280639648437500e+00 -1.263297319412231445e+00 -2.640322208404541016e+00 -2.483536005020141602e+00 7.291584014892578125e-01
-6.169055938720703125e+00 -6.576962471008300781e-01 -4.724230170249938965e-01 4.878849506378173828e+00 3.079736709594726562e+00 6.226840615272521973e-01 -1.478520512580871582e+00 2.515403747558593750e+00 3.688810110092163086e+00 3.883644819259643555e+00 -3.629028081893920898e+00 -2.520149230957031250e+00 2.879023790359497070e+00 -3.578481376171112061e-01 -2.773142337799072266e+00 -1.832581281661987305e+00 -4.367837011814117432e-01 3.328679084777832031e+00 -2.633489370346069336e+00 -6.097650527954101562e-01
-1.997615933418273926e+00 1.603678703308105469e+00 1.999054670333862305e+00 -4.758419036865234375e+00 -9.725331664085388184e-01 2.391287803649902344e+00 -1.356251597404479980e+00 -1.044827938079833984e+00 -1.650046259164810181e-01 1.246254801750183105e+00 -3.626128196716308594e+00 -1.353145956993103027e+00 5.463963747024536133e-01 -3.581913232803344727e+00 2.138851881027221680e-01 1.686415910720825195e+00 3.130124568939208984e+00 -5.019613265991210938e+00 1.890792250633239746e+00 2.005568027496337891e+00
-5.531446456909179688e+00 -1.147858977317810059e+00 3.884031772613525391e-01 -9.550555348396301270e-01 1.433310389518737793e+00 -5.878611564636230469e+00 -2.499002218246459961e+00 -3.148881673812866211e+00 2.894566535949707031e+00 2.568122386932373047e+00 3.460510492324829102e+00 -4.257245540618896484e+00 -4.537712574005126953e+00 2.162179231643676758e+00 5.923309326171875000e-01 4.893976211547851562e+00 2.299206495285034180e+00 1.543449640274047852e+00 9.118724465370178223e-01 4.254874229431152344e+00
2.519562244415283203e+00 3.716308116912841797e+00 1.801165044307708740e-01 -2.905597209930419922e+00 -4.044384956359863281e-01 -5.134286880493164062e-01 -2.171814203262329102e+00 3.021408915519714355e-01 -2.152023792266845703e+00 -1.560102581977844238e+00 -1.447246670722961426e-01 2.287493467330932617e+00 2.034431844949722290e-01 2.353678494691848755e-01 2.242613315582275391e+00 -2.807435691356658936e-01 1.122759342193603516e+00 -4.118836402893066406e+00 5.228966847062110901e-02 1.181214332580566406e+00
1.489113688468933105e+00 6.898249387741088867e-01 6.420744061470031738e-01 1.203860521316528320e+00 1.058429956436157227e+00 4.266017913818359375e+00 -2.112665653228759766e+00 1.654423475265502930e+00 1.188449934124946594e-01 -2.435086727142333984e+00 1.396954655647277832e+00 -1.732557415962219238e+00 4.986432075500488281e+00 3.175388574600219727e+00 -1.218407869338989258e+00 -3.668399333953857422e+00 1.955594301223754883e+00 -8.622663617134094238e-01 -8.214511871337890625e-01 1.479010581970214844e+00
7.196817398071289062e-01 3.583291530609130859e+00 1.588489294052124023e+00 1.458158135414123535e+00 1.902631521224975586e+00 1.585845053195953369e-01 1.293819069862365723e+00 1.752236843109130859e+00 -7.613717913627624512e-01 -4.085717678070068359e+00 -5.285095572471618652e-01 -4.573331356048583984e+00 -7.955498099327087402e-01 -8.368836045265197754e-01 -6.498752832412719727e-01 3.225347757339477539e+00 2.367846012115478516e+00 -2.803987741470336914e+00 -2.513493299484252930e-01 3.924000978469848633e+00
1.627314567565917969e+00 4.495456695556640625e+00 2.945827484130859375e+00 2.918347120285034180e-01 3.989110887050628662e-01 3.243223428726196289e+00 -3.629159331321716309e-01 1.018414974212646484e+00 -2.727524280548095703e+00 -5.153614997863769531e+00 -1.917685985565185547e+00 1.362521290779113770e+00 3.189680814743041992e+00 3.906998634338378906e+00 4.866153717041015625e+00 2.395020127296447754e-01 -2.302008867263793945e+00 2.576359272003173828e+00 6.083515286445617676e-01 -2.400695323944091797e+00
-7.373034358024597168e-01 7.401741743087768555e-01 4.084626197814941406e+00 -5.927310585975646973e-01 1.403447473421692848e-03 1.075251340866088867e+00 -3.208514213562011719e+00 -9.582139253616333008e-01 4.147336006164550781e+00 -4.576969623565673828e+00 3.892801761627197266e+00 1.991484761238098145e+00 -4.592585563659667969e+00 -2.123954147100448608e-01 4.567717202007770538e-03 -1.549394726753234863e+00 -3.530946969985961914e+00 -2.278603315353393555e+00 2.063899517059326172e+00 -2.466235399246215820e+00
2.113448619842529297e+00 1.246396064758300781e+00 3.145088195800781250e+00 2.489630699157714844e+00 3.690549612045288086e+00 2.474711656570434570e+00 -1.454798698425292969e+00 1.552079431712627411e-02 -6.242193281650543213e-02 -1.461318254470825195e+00 -1.008638739585876465e+00 9.221940040588378906e-01 -1.534646987915039062e+00 2.999290704727172852e+00 3.024099111557006836e+00 -3.930556535720825195e+00 -2.463923692703247070e+00 3.159058332443237305e+00 1.886500954627990723e+00 1.653984069824218750e+00
2.312875986099243164e+00 -4.561650753021240234e-01 9.952482581138610840e-01 3.982661724090576172e+00 3.165837764739990234e+00 1.404486179351806641e+00 -2.244343280792236328e+00 1.822463274002075195e-01 -3.722083330154418945e+00 -2.027284145355224609e+00 -6.501246690750122070e-01 -1.671965122222900391e-01 3.190201520919799805e+00 3.700129985809326172e+00 3.415798768401145935e-02 -4.058748722076416016e+00 3.404877901077270508e+00 4.175996303558349609e+00 5.139511585235595703e+00 -4.659066796302795410e-01
-1.944720983505249023e+00 -1.389958143234252930e+00 2.371144771575927734e+00 2.968637272715568542e-02 -4.193050861358642578e+00 1.999905347824096680e+00 -1.425234436988830566e+00 -1.773943543434143066e+00 2.085364460945129395e-01 -2.192973613739013672e+00 -3.437655448913574219e+00 -6.616599559783935547e-01 -4.377755641937255859e+00 -2.463785409927368164e+00 1.991105914115905762e+00 3.420041084289550781e+00 -3.755254507064819336e+00 6.501921176910400391e+00 -2.900395631790161133e+00 2.405119895935058594e+00
7.382778525352478027e-01 5.017602920532226562e+00 -2.790220499038696289e+00 -3.075915575027465820e-01 2.735035181045532227e+00 1.755376577377319336e+00 6.344640254974365234e-01 -7.924849390983581543e-01 -5.373807549476623535e-01 2.091206073760986328e+00 1.404581308364868164e+00 7.036150693893432617e-01 -3.665223121643066406e+00 5.329748153686523438e+00 4.101313591003417969e+00 -1.334291458129882812e+00 -1.798555135726928711e+00 4.034822463989257812e+00 1.665914058685302734e+00 -1.628207921981811523e+00
-2.604283809661865234e+00 3.659841299057006836e+00 1.462902426719665527e+00 -2.780217409133911133e+00 -5.135512351989746094e-01 5.483138561248779297e+00 -1.962644577026367188e+00 -2.434790849685668945e+00 3.504460811614990234e+00 2.592295646667480469e+00 5.815432667732238770e-01 -2.732715845108032227e+00 -1.585055351257324219e+00 1.205195784568786621e+00 -3.065172910690307617e+00 -4.951829612255096436e-01 1.806229233741760254e+00 -1.096067428588867188e+00 -3.388544321060180664e+00 2.959038019180297852e+00
-1.083430290222167969e+00 -1.639125496149063110e-01 -9.984880685806274414e-01 -1.080802083015441895e-01 -3.557363510131835938e+00 -1.829313874244689941e+00 9.556115269660949707e-01 2.177497386932373047e+00 2.310465574264526367e+00 -9.566996097564697266e-01 -1.367869615554809570e+00 -2.699572801589965820e+00 -3.246504783630371094e+00 -2.775836706161499023e+00 -3.014341592788696289e+00 -2.409052610397338867e+00 4.582823514938354492e-01 1.520236492156982422e+00 5.368805527687072754e-01 -4.475936591625213623e-01
3.098249137401580811e-01 -2.327501624822616577e-01 -8.097712397575378418e-01 4.634725093841552734e+00 3.339307308197021484e+00 -3.382586240768432617e+00 -2.696111202239990234e+00 2.867708206176757812e+00 -1.994551301002502441e+00 -1.887397885322570801e+00 -6.787138581275939941e-01 -2.947051048278808594e+00 -2.172654628753662109e+00 2.842642068862915039e+00 -1.476282119750976562e+00 -1.827873945236206055e+00 -1.329108178615570068e-01 2.536329329013824463e-01 -4.407328605651855469e+00 2.752643108367919922e+00
1.717915944755077362e-02 -4.022692203521728516e+00 -1.648028254508972168e+00 -2.124513387680053711e+00 -2.349687337875366211e+00 2.793246269226074219e+00 1.153509765863418579e-01 4.400903701782226562e+00 -2.834478378295898438e+00 -4.613272547721862793e-01 2.803569793701171875e+00 -4.486196935176849365e-01 -8.675662428140640259e-02 -5.204613208770751953e+00 -1.923581480979919434e+00 1.730843663215637207e+00 7.521749734878540039e-01 1.785218358039855957e+00 -2.163313031196594238e-01 1.063705205917358398e+00
1.349056243896484375e+00 -3.360265731811523438e+00 3.220111131668090820e-01 -5.052126884460449219e+00 5.123875737190246582e-01 2.153236389160156250e+00 -2.461087852716445923e-01 4.585588455200195312e+00 -2.282302856445312500e+00 -1.671533823013305664e+00 3.969738483428955078e+00 -3.140921831130981445e+00 -1.836955904960632324e+00 -3.465632200241088867e+00 3.120629489421844482e-01 1.104894757270812988e+00 -6.269581615924835205e-02 -2.016331434249877930e+00 2.356729269027709961e+00 -3.270088434219360352e-01
1.741171002388000488e+00 -3.730722665786743164e-01 1.584830999374389648e+00 -3.974112868309020996e-01 -5.119982719421386719e+00 3.114844799041748047e+00 -2.265632390975952148e+00 -3.493826627731323242e+00 -7.116056233644485474e-02 1.030390501022338867e+00 -5.127609252929687500e+00 -3.717434644699096680e+00 -5.340648174285888672e+00 3.159293889999389648e+00 3.656832933425903320e+00 -9.167960882186889648e-01 3.370249986648559570e+00 -3.828509092330932617e+00 -2.905654191970825195e+00 2.505168616771697998e-01
-4.167222499847412109e+00 -2.361340761184692383e+00 1.436696887016296387e+00 -4.875350892543792725e-01 -5.188130587339401245e-02 4.067922592163085938e+00 1.681307435035705566e+00 1.169677615165710449e+00 2.668328046798706055e+00 1.373724102973937988e+00 -6.666514873504638672e-01 2.569350004196166992e+00 2.860010266304016113e-01 1.822552084922790527e+00 -2.012248039245605469e+00 2.224402666091918945e+00 -2.953912913799285889e-01 -5.889920711517333984e+00 2.379291653633117676e-01 1.161652207374572754e-01
1.782653212547302246e+00 -1.189736008644104004e+00 -4.541807174682617188e+00 1.403956055641174316e+00 -1.793467879295349121e+00 -2.066525936126708984e+00 3.056774854660034180e+00 -3.380781888961791992e+00 -2.679165363311767578e+00 -8.709783554077148438e-01 -4.518856048583984375e+00 -7.497956752777099609e-01 4.340759277343750000e+00 -1.313741326332092285e+00 3.855317533016204834e-01 3.117321491241455078e+00 1.871898770332336426e-02 -3.737071990966796875e+00 -4.043338298797607422e+00 2.621883153915405273e-01
-3.581726074218750000e+00 5.901683568954467773e-01 -4.859347820281982422e+00 -9.597231149673461914e-01 -1.218008756637573242e+00 -9.093904495239257812e-02 -8.772177994251251221e-02 1.462787508964538574e+00 8.934962153434753418e-01 -3.864562988281250000e+00 -3.028946638107299805e+00 -5.834207057952880859e+00 -1.867056965827941895e+00 -4.710570335388183594e+00 4.380569458007812500e+00 -5.458881855010986328e+00 4.591897428035736084e-01 2.338172435760498047e+00 -9.488772153854370117e-01 -3.233088016510009766e+00
2.000613927841186523e+00 3.255359172821044922e+00 -3.360951423645019531e+00 -2.326845645904541016e+00 -1.014214277267456055e+00 -2.155762195587158203e+00 2.157566785812377930e+00 -6.918463706970214844e-01 -1.348732590675354004e+00 7.935693264007568359e-01 -3.262304782867431641e+00 -2.868284463882446289e+00 2.546433448791503906e+00 -7.359145283699035645e-01 -8.919225335121154785e-01 -3.482503652572631836e+00 1.343614935874938965e+00 1.006332874298095703e+00 5.831250548362731934e-02 2.310869455337524414e+00
1.342687249183654785e+00 -2.259626626968383789e+00 1.048361420631408691e+00 -3.468569040298461914e+00 -9.111188054084777832e-01 2.840686321258544922e+00 -4.309995174407958984e+00 1.314417719841003418e+00 1.681047797203063965e+00 -1.107045054435729980e+00 3.957739472389221191e-01 -3.364901542663574219e-01 -3.171972334384918213e-01 1.100543260574340820e+00 1.388868808746337891e+00 -4.067518234252929688e+00 2.981009960174560547e+00 -1.058452248573303223e+00 1.356724023818969727e+00 -4.356593489646911621e-01
1.565657734870910645e+00 1.948542356491088867e+00 -1.983618378639221191e+00 -3.236719667911529541e-01 -1.421681642532348633e+00 3.154822826385498047e+00 -3.848606646060943604e-01 2.843439579010009766e-01 -7.464450597763061523e-01 2.193890571594238281e+00 -4.622385025024414062e+00 7.620744705200195312e-01 -2.289947271347045898e+00 3.911808729171752930e+00 3.783629894256591797e+00 -2.647979855537414551e-01 3.168041110038757324e-01 3.396747112274169922e+00 2.902080535888671875e+00 5.556203126907348633e-01
-3.130860805511474609e+00 3.529456138610839844e+00 1.930074095726013184e+00 -2.993368148803710938e+00 -5.066255331039428711e-01 -4.579442977905273438e+00 2.513816118240356445e+00 6.218860149383544922e-01 5.416631698608398438e-01 4.014003276824951172e-01 -4.671927094459533691e-01 -3.427881956100463867e+00 -2.032615184783935547e+00 -3.675060033798217773e+00 -3.441058397293090820e+00 8.102339506149291992e-01 2.068237811326980591e-01 -4.153519630432128906e+00 1.711109757423400879e+00 -4.858402907848358154e-01
-1.953571081161499023e+00 -2.525627136230468750e+00 -3.214529275894165039e+00 3.415578365325927734e+00 -1.816326826810836792e-01 -6.300187110900878906e-01 -1.504833579063415527e+00 4.354874134063720703e+00 -7.716821432113647461e-01 2.357042312622070312e+00 1.936362624168395996e+00 1.332437515258789062e+00 2.169547557830810547e+00 3.591724157333374023e+00 -2.041970968246459961e+00 3.542678594589233398e+00 4.925515651702880859e-01 5.412125587463378906e+00 2.135563850402832031e+00 4.334723472595214844e+00
3.156792879104614258e+00 1.205527186393737793e+00 -1.852641820907592773e+00 -9.147959202527999878e-02 1.173398494720458984e+00 1.744169116020202637e+00 2.589408397674560547e+00 -1.846711516380310059e+00 2.311281204223632812e+00 9.162034392356872559e-01 -1.871731758117675781e+00 -2.064370632171630859e+00 -1.755711555480957031e+00 -3.081703782081604004e-01 -1.278877139091491699e+00 -2.502417325973510742e+00 1.968443036079406738e+00 -4.421534538269042969e-01 2.550672590732574463e-01 -1.735419511795043945e+00
-8.476927876472473145e-03 -1.225532412528991699e+00 -2.917982816696166992e+00 1.786039829254150391e+00 2.160460710525512695e+00 4.215764522552490234e+00 2.643905878067016602e+00 1.936989426612854004e+00 5.229579284787178040e-02 1.751501560211181641e+00 2.049858808517456055e+00 4.272122383117675781e+00 3.337005615234375000e+00 -6.244502663612365723e-01 3.708217442035675049e-01 -1.956645846366882324e+00 -2.222730398178100586e+00 2.402097225189208984e+00 3.525541543960571289e+00 -6.931915879249572754e-02
2.685973405838012695e+00 2.174525022506713867e+00 1.908555388450622559e+00 3.453432321548461914e+00 -2.615564107894897461e+00 6.694269925355911255e-02 1.705341935157775879e+00 2.122635364532470703e+00 2.269897758960723877e-01 1.611137151718139648e+00 -4.528699874877929688e+00 3.629422187805175781e+00 6.683172583580017090e-01 -2.558331251144409180e+00 -1.364752411842346191e+00 3.833976507186889648e+00 2.769007444381713867e+00 3.889081478118896484e+00 -1.898444056510925293e+00 2.466676235198974609e+00
2.658617734909057617e+00 -4.867816925048828125e+00 -3.480980634689331055e+00 -6.680046319961547852e-01 -2.004672050476074219e+00 2.797092437744140625e+00 -1.221160814166069031e-01 -1.382218241691589355e+00 1.800197243690490723e+00 -1.295803189277648926e+00 -2.157390303909778595e-02 -5.649337291717529297e+00 2.817982196807861328e+00 3.360012531280517578e+00 8.197733759880065918e-01 -1.503275394439697266e+00 1.108747348189353943e-01 1.094568967819213867e+00 -6.331458091735839844e-01 -2.325336456298828125e+00
-9.897107481956481934e-01 1.595464199781417847e-01 1.158016204833984375e+00 1.964625000953674316e+00 1.621971011161804199e+00 1.802085041999816895e+00 -1.162497401237487793e+00 2.996571779251098633e+00 -8.500514179468154907e-02 -2.078383117914199829e-01 7.987709045410156250e-01 -6.254578828811645508e-01 6.242627501487731934e-01 1.193091988563537598e+00 -3.020470380783081055e+00 -2.638982534408569336e+00 -2.455391645431518555e+00 9.082731008529663086e-01 -2.074985742568969727e+00 -1.496497631072998047e+00
2.528031766414642334e-01 3.955055236816406250e+00 -3.503508806228637695e+00 -8.439258337020874023e-01 -4.516687989234924316e-01 -1.662378072738647461e+00 6.857290267944335938e-01 1.865907192230224609e+00 -2.592351436614990234e-01 -2.149587392807006836e+00 -2.693747282028198242e+00 -3.472488880157470703e+00 -1.406166553497314453e+00 -2.029751777648925781e+00 -1.565158605575561523e+00 2.483547687530517578e+00 2.072169065475463867e+00 -4.399178981781005859e+00 -6.564575433731079102e-01 1.432178974151611328e+00
2.873923480510711670e-01 -2.595980882644653320e+00 -4.289914369583129883e-01 4.686712265014648438e+00 -2.357392311096191406e+00 1.441286802291870117e+00 2.584780931472778320e+00 -4.800693392753601074e-01 -1.112497210502624512e+00 3.314426243305206299e-01 1.066420078277587891e+00 -1.939150333404541016e+00 7.447357773780822754e-01 2.044922113418579102e+00 2.217907905578613281e+00 3.788196325302124023e+00 -3.217115700244903564e-01 4.033393383026123047e+00 2.247967720031738281e+00 4.783533215522766113e-01
-4.343701362609863281e+00 -1.131907224655151367e+00 7.125774621963500977e-01 3.639735281467437744e-01 -9.583775997161865234e-01 -4.194116592407226562e+00 2.250944077968597412e-01 2.172668218612670898e+00 1.449373602867126465e+00 1.490815162658691406e+00 2.363836288452148438e+00 2.487397491931915283e-01 1.891704678535461426e+00 2.559471607208251953e+00 -1.486073732376098633e+00 1.151597142219543457e+00 -2.167098820209503174e-01 -6.598801016807556152e-01 2.000794172286987305e+00 -4.686926901340484619e-01
-3.127574920654296875e+00 7.834576964378356934e-01 -2.350705862045288086e+00 4.025204181671142578e-01 1.457621097564697266e+00 -1.961279988288879395e+00 4.278302192687988281e+00 -5.839282870292663574e-01 -8.184651285409927368e-02 2.656749248504638672e+00 1.534382104873657227e+00 1.029163956642150879e+00 -2.185252159833908081e-01 1.369773864746093750e+00 -9.837229847908020020e-01 -6.667031645774841309e-01 1.015064343810081482e-01 9.494833946228027344e-01 -3.739794194698333740e-01 -2.135824203491210938e+00
-1.499018192291259766e+00 7.160072326660156250e-01 -9.861240386962890625e-01 3.536750078201293945e+00 -1.259749293327331543e+00 8.926448225975036621e-01 6.734610348939895630e-02 1.641668200492858887e+00 -1.336068987846374512e+00 -1.571359515190124512e+00 -1.355783820152282715e+00 -2.504211902618408203e+00 2.430837392807006836e+00 -1.043851256370544434e+00 -2.174853563308715820e+00 7.771829515695571899e-02 -3.877453565597534180e+00 -5.737386271357536316e-02 -1.369306683540344238e+00 2.712869882583618164e+00
2.422565072774887085e-01 -2.727020263671875000e+00 -2.980400562286376953e+00 -1.589163422584533691e+00 -1.260054230690002441e+00 -1.291991114616394043e+00 6.245560646057128906e-01 1.472828686237335205e-01 -1.824293136596679688e+00 -3.863201618194580078e+00 2.569215536117553711e+00 1.113845944404602051e+00 3.598753690719604492e+00 1.727552533149719238e+00 -4.587716579437255859e+00 1.805259108543395996e+00 6.480147838592529297e-01 -1.587701797485351562e+00 -4.818655490875244141e+00 8.827332854270935059e-01
-2.922378540039062500e+00 -4.963372945785522461e-01 1.925959229469299316e+00 1.584011197090148926e+00 2.053278684616088867e+00 2.099349975585937500e+00 -2.862654328346252441e-01 4.634450435638427734e+00 2.793245077133178711e+00 -4.155015468597412109e+00 -8.144401311874389648e-01 -3.389609158039093018e-01 1.298504114151000977e+00 1.026727199554443359e+00 -4.066877365112304688e+00 -4.160115718841552734e+00 -8.356022238731384277e-01 -3.019890308380126953e+00 -2.625828981399536133e+00 -2.576977729797363281e+00
1.978191614151000977e+00 2.065956830978393555e+00 4.735001027584075928e-01 -2.776776552200317383e-01 -1.928616762161254883e+00 -8.859244585037231445e-01 -1.377597928047180176e+00 2.997174024581909180e+00 2.420295476913452148e-01 2.153946876525878906e+00 -2.005745649337768555e+00 -4.822214603424072266e+00 -8.325702697038650513e-02 1.958144783973693848e+00 2.888591051101684570e+00 1.541173338890075684e+00 -1.764560937881469727e+00 -7.251089215278625488e-01 -4.819917380809783936e-01 7.329943776130676270e-01
-3.738031148910522461e+00 -1.271284818649291992e+00 -3.029881477355957031e+00 1.596637964248657227e+00 -1.742058515548706055e+00 3.773064315319061279e-01 1.026165127754211426e+00 1.221513032913208008e+00 -1.091751977801322937e-01 -2.707458496093750000e+00 -1.035094380378723145e+00 2.861204862594604492e+00 -2.594432592391967773e+00 1.944846391677856445e+00 2.843555212020874023e+00 1.080363988876342773e+00 1.932850718498229980e+00 2.827547550201416016e+00 5.128783226013183594e+00 5.124669075012207031e-01
-2.575124502182006836e+00 1.737066626548767090e+00 3.329774856567382812e+00 -2.038732051849365234e+00 2.624580621719360352e+00 1.389448523521423340e+00 -2.085348844528198242e+00 3.106665134429931641e+00 -8.113833069801330566e-01 -2.488483190536499023e+00 -2.789975643157958984e+00 2.817166969180107117e-02 -1.216337561607360840e+00 2.382497072219848633e+00 1.497343897819519043e+00 -5.573301315307617188e+00 1.720869541168212891e+00 1.512047290802001953e+00 4.072481632232666016e+00 3.765731096267700195e+00
-5.548584461212158203e-01 -3.620037555694580078e+00 -8.431752324104309082e-01 1.210263013839721680e+00 -2.901515722274780273e+00 2.464356899261474609e+00 -1.493510007858276367e+00 3.794636130332946777e-01 5.006716251373291016e+00 -1.859846949577331543e+00 6.389291286468505859e+00 -1.790814757347106934e+00 -7.673277258872985840e-01 1.393342316150665283e-01 -1.055407404899597168e+00 7.304661870002746582e-01 5.444303154945373535e-01 -2.379957884550094604e-01 5.960680246353149414e-01 -1.811844229698181152e+00
-2.548622846603393555e+00 -5.002872943878173828e+00 -4.139499187469482422e+00 5.880333900451660156e+00 3.065184116363525391e+00 -2.046124786138534546e-01 4.646953105926513672e+00 -3.880841255187988281e+00 3.985946178436279297e-01 -3.926736593246459961e+00 4.173085212707519531e+00 -4.550385475158691406e+00 2.038659811019897461e+00 1.555030465126037598e+00 -1.715692996978759766e+00 5.297094583511352539e-01 -2.361213684082031250e+00 4.395060062408447266e+00 -5.915096759796142578e+00 2.272835969924926758e+00
-4.122853755950927734e+00 -1.872774720191955566e+00 -6.807307720184326172e+00 3.263319969177246094e+00 -1.210601925849914551e+00 2.952480792999267578e+00 5.804596424102783203e+00 2.156915187835693359e+00 4.099137306213378906e+00 2.295545339584350586e+00 1.662972569465637207e+00 1.231170535087585449e+00 3.196259260177612305e+00 3.718757867813110352e+00 -2.360412836074829102e+00 -2.737617254257202148e+00 8.555393815040588379e-01 5.528730869293212891e+00 -2.297248601913452148e+00 -1.332309842109680176e+00
7.371057271957397461e-01 -3.035492181777954102e+00 4.462035000324249268e-01 -3.937174797058105469e+00 -6.879822611808776855e-01 -1.917129635810852051e+00 2.684308528900146484e+00 -4.896127283573150635e-01 -1.583812236785888672e+00 5.562160015106201172e-01 -1.621696352958679199e+00 6.711039543151855469e-01 -3.549194574356079102e+00 -2.709154605865478516e+00 -4.769730091094970703e+00 6.943804025650024414e-01 1.291852712631225586e+00 -3.558629035949707031e+00 1.444644689559936523e+00 -2.906897068023681641e+00
-4.135065674781799316e-01 -1.220604658126831055e+00 1.955485224723815918e+00 2.690343141555786133e+00 4.701393246650695801e-01 -4.759513854980468750e+00 1.840213060379028320e+00 -9.776527285575866699e-01 -1.679883301258087158e-01 5.234351634979248047e+00 8.620933890342712402e-01 1.181137323379516602e+00 5.931047797203063965e-01 5.192283630371093750e+00 2.411553710699081421e-01 -1.483080983161926270e+00 4.599846839904785156e+00 4.118406295776367188e+00 1.941412210464477539e+00 -5.777808427810668945e-01
-1.276465415954589844e+00 1.905137896537780762e+00 1.110852241516113281e+00 -2.623744964599609375e+00 4.149346426129341125e-02 5.426856279373168945e-01 2.842119455337524414e+00 -1.022903800010681152e+00 1.733403921127319336e+00 -8.992532491683959961e-01 1.139747723937034607e-01 -5.275759696960449219e+00 6.923415064811706543e-01 -3.983906507492065430e+00 -2.061935424804687500e+00 -1.656081378459930420e-01 3.875161170959472656e+00 -9.983066916465759277e-01 7.055348157882690430e-01 -8.807505667209625244e-02
2.211910039186477661e-01 4.038278579711914062e+00 -5.585206747055053711e-01 2.009971380233764648e+00 -3.857130050659179688e+00 -1.931603193283081055e+00 1.767119407653808594e+00 -2.435825824737548828e+00 -2.025214910507202148e+00 3.186839818954467773e+00 9.520059227943420410e-01 -9.481635093688964844e-01 -4.938690960407257080e-01 -4.845656871795654297e+00 2.456863880157470703e+00 -1.792725563049316406e+00 -1.597845673561096191e+00 -2.819353342056274414e+00 6.182629466056823730e-01 2.372065544128417969e+00
2.321282386779785156e+00 -6.278144121170043945e-01 -3.486008882522583008e+00 1.230236738920211792e-01 2.672723054885864258e+00 -4.651712894439697266e+00 -1.457112729549407959e-01 1.851733446121215820e+00 3.677904307842254639e-01 -1.119330525398254395e+00 1.420706987380981445e+00 -3.505238533020019531e+00 -1.728206396102905273e+00 1.115577340126037598e+00 -8.924175053834915161e-02 9.641154408454895020e-01 3.519926071166992188e+00 -1.513136327266693115e-01 4.033100128173828125e+00 -5.127865314483642578e+00
5.268770217895507812e+00 2.453670501708984375e+00 -1.319175601005554199e+00 2.435508489608764648e+00 2.170698344707489014e-01 -4.706105709075927734e+00 1.513413041830062866e-01 -1.297565221786499023e+00 -1.680947065353393555e+00 -3.175000905990600586e+00 1.224884748458862305e+00 7.025574445724487305e-01 2.337082922458648682e-01 1.484795659780502319e-01 1.269778847694396973e+00 -2.535179615020751953e+00 1.592363715171813965e+00 1.303935527801513672e+00 1.189895153045654297e+00 -2.167072772979736328e+00
-4.192717552185058594e+00 -1.040388822555541992e+00 1.477028369903564453e+00 -7.293729186058044434e-01 -2.178538799285888672e+00 7.189986109733581543e-01 3.552735447883605957e-01 -2.104283809661865234e+00 5.132007122039794922e+00 9.477874636650085449e-01 -7.352714538574218750e-01 1.070705413818359375e+00 -2.317758798599243164e+00 -3.315603971481323242e+00 -4.732067108154296875e+00 -9.394497275352478027e-01 -4.045578479766845703e+00 8.473814725875854492e-01 5.260859012603759766e+00 1.924002170562744141e+00
1.228599064052104950e-02 -1.691867589950561523e+00 3.123601913452148438e+00 -3.658051967620849609e+00 -8.714435100555419922e-01 -1.554516434669494629e+00 -3.349135637283325195e+00 1.831796050071716309e+00 -9.135806560516357422e-01 -4.391334533691406250e+00 -6.720417737960815430e-01 -8.384594321250915527e-01 -4.308319091796875000e+00 2.041298627853393555e+00 1.829191207885742188e+00 4.198384284973144531e+00 -2.370838403701782227e+00 1.595383405685424805e+00 1.850540637969970703e+00 2.167297601699829102e+00
5.626330971717834473e-01 1.915124773979187012e+00 1.381503045558929443e-01 -4.178973674774169922e+00 8.891639113426208496e-01 -2.745161354541778564e-01 -3.843878030776977539e+00 2.485929250717163086e+00 1.807573735713958740e-01 3.624476194381713867e+00 2.628458023071289062e+00 7.466643303632736206e-02 -3.569267988204956055e-01 -1.494757533073425293e+00 1.849526405334472656e+00 4.882646560668945312e+00 1.083120554685592651e-01 -8.555346727371215820e-01 1.237715005874633789e+00 4.830092430114746094e+00
-2.997311115264892578e+00 1.369876742362976074e+00 1.470583081245422363e+00 1.284599781036376953e+00 -3.961458206176757812e+00 -3.084257841110229492e+00 8.783819675445556641e-01 -4.963154315948486328e+00 -3.072551250457763672e+00 -8.340831995010375977e-01 2.873296499252319336e+00 -3.482933521270751953e+00 -2.670716047286987305e+00 5.997015535831451416e-02 -2.957804441452026367e+00 3.784303665161132812e+00 -2.592771768569946289e+00 -3.298639774322509766e+00 -5.738640308380126953e+00 -2.240593194961547852e+00
-2.190494298934936523e+00 -8.780598640441894531e-02 9.171143174171447754e-01 6.013629436492919922e-01 3.761326313018798828e+00 -2.889082908630371094e+00 -1.723002195358276367e-01 -8.454433679580688477e-01 -1.643155366182327271e-01 3.053692340850830078e+00 1.280222177505493164e+00 -2.226052522659301758e+00 -2.974394798278808594e+00 -3.959527909755706787e-01 -1.469945788383483887e+00 7.334951758384704590e-01 1.496656179428100586e+00 -3.171559572219848633e+00 8.614216446876525879e-01 3.999817848205566406e+00
-9.396012127399444580e-02 -1.760993361473083496e+00 -6.530827879905700684e-01 2.242348194122314453e+00 3.872665882110595703e+00 1.127702236175537109e+00 3.209456205368041992e-01 3.511055231094360352e+00 -1.115316867828369141e+00 -2.792943954467773438e+00 3.334834814071655273e+00 -5.193525552749633789e-01 -8.264905214309692383e-01 -2.747740030288696289e+00 1.548872828483581543e+00 2.393636465072631836e+00 3.472925901412963867e+00 -2.272378444671630859e+00 1.254438400268554688e+00 8.123611211776733398e-01
-5.660238742828369141e+00 -3.607309103012084961e+00 2.001287221908569336e+00 1.475253939628601074e+00 1.328854918479919434e+00 -5.376415252685546875e-01 2.203032016754150391e+00 -4.092640876770019531e+00 4.167401313781738281e+00 -2.260891199111938477e+00 3.951539754867553711e+00 7.214343547821044922e-01 -1.833202093839645386e-01 -9.587134718894958496e-01 -6.856717467308044434e-01 2.964330673217773438e+00 -5.145726203918457031e+00 -1.772443175315856934e+00 3.309585809707641602e+00 -1.532415300607681274e-02
5.174217224121093750e+00 -1.520129442214965820e+00 -6.336705386638641357e-02 2.191119194030761719e+00 -3.365091562271118164e+00 5.249508380889892578e+00 1.043542385101318359e+00 -3.099423646926879883e+00 -2.115422487258911133e+00 6.280056238174438477e-01 3.395285844802856445e+00 2.921714544296264648e+00 -3.774200379848480225e-01 3.349417686462402344e+00 1.949356317520141602e+00 -2.960531473159790039e+00 -2.519736289978027344e+00 -1.221341013908386230e+00 -4.286473393440246582e-01 -2.302627086639404297e+00
1.146236538887023926e+00 -5.360899925231933594e+00 -5.492071628570556641e+00 4.252191543579101562e+00 -3.915805578231811523e+00 -3.410031795501708984e+00 1.979881882667541504e+00 5.254725456237792969e+00 1.298450946807861328e+00 -3.863168954849243164e+00 -3.489272832870483398e+00 -2.212539196014404297e+00 -5.922456979751586914e-01 3.120658159255981445e+00 4.593462467193603516e+00 3.173171043395996094e+00 -4.063745737075805664e-01 1.328580021858215332e+00 2.020562648773193359e+00 -3.666630268096923828e+00
-1.837256550788879395e+00 -2.851891994476318359e+00 -1.519508838653564453e+00 -1.903859823942184448e-01 -1.027438163757324219e+00 -5.317409038543701172e+00 -2.527322530746459961e+00 6.515809297561645508e-01 2.805401086807250977e+00 3.305512905120849609e+00 -4.933083534240722656e+00 -1.133156180381774902e+00 -3.847647428512573242e+00 5.542429924011230469e+00 2.942474603652954102e+00 3.689314126968383789e+00 -2.670704841613769531e+00 1.012640833854675293e+00 5.276240706443786621e-01 5.165013074874877930e-01
1.408019959926605225e-01 -8.016737103462219238e-01 1.200925350189208984e+00 9.695409983396530151e-02 -2.979974269866943359e+00 1.100954413414001465e+00 -3.565521001815795898e+00 2.768457651138305664e+00 3.053267002105712891e+00 3.883457183837890625e+00 -5.013927459716796875e+00 -3.207269668579101562e+00 -1.167718410491943359e+00 2.238771438598632812e+00 -1.566907048225402832e+00 6.893168091773986816e-01 -5.693773925304412842e-02 3.074862003326416016e+00 1.142909884452819824e+00 -3.837103366851806641e+00
