2.608479738235473633e+00 -2.793191432952880859e+00 -4.319022655487060547e+00 4.305384159088134766e-01 -2.450246095657348633e+00 -2.225334793329238892e-01 -4.669080734252929688e+00 4.598807334899902344e+00 -2.825553655624389648e+00 -8.394888043403625488e-01 -1.614470720291137695e+00 -4.582808911800384521e-01 1.802513241767883301e+00 3.013564109802246094e+00 -1.151624441146850586e+00 -4.159028053283691406e+00 2.287105083465576172e+00 -9.731367230415344238e-01 1.258145332336425781e+00 1.637109637260437012e+00
2.852466821670532227e+00 -1.725384235382080078e+00 -5.063779354095458984e+00 -1.897909760475158691e+00 -2.375280380249023438e+00 1.853362560272216797e+00 2.583727359771728516e+00 -3.972303867340087891e+00 -2.607262432575225830e-01 3.114375114440917969e+00 -2.809832811355590820e+00 5.835439264774322510e-02 4.158692836761474609e+00 -3.492939710617065430e+00 -3.912164688110351562e+00 6.119155883789062500e-01 3.269182205200195312e+00 -4.464767456054687500e+00 1.555463194847106934e+00 -2.990201234817504883e+00
1.162793755531311035e+00 -1.239475607872009277e-01 2.153430461883544922e+00 -1.852906942367553711e+00 -1.938289284706115723e+00 -6.364809349179267883e-03 1.559796094894409180e+00 3.628796339035034180e+00 3.444850683212280273e+00 2.630818367004394531e+00 -3.977081298828125000e+00 -1.975242495536804199e+00 -3.880771100521087646e-01 1.333008289337158203e+00 1.890158176422119141e+00 -3.761257410049438477e+00 -7.410120964050292969e-01 -2.635834217071533203e+00 2.388294696807861328e+00 -2.592529058456420898e+00
5.522155761718750000e+00 1.237983331084251404e-01 5.741128325462341309e-01 4.100116729736328125e+00 -1.282325029373168945e+00 -2.102799415588378906e+00 1.905769705772399902e+00 3.349374771118164062e+00 1.983811736106872559e+00 3.979203462600708008e+00 -4.451757431030273438e+00 -8.519902825355529785e-01 -1.378092646598815918e+00 6.152117252349853516e-02 1.482557415962219238e+00 3.271609783172607422e+00 3.973274946212768555e+00 7.201762795448303223e-01 1.716832160949707031e+00 -1.940768837928771973e+00
3.747712850570678711e+00 -1.365810632705688477e+00 1.093893766403198242e+00 2.233493566513061523e+00 2.101183176040649414e+00 2.876907348632812500e+00 3.700317442417144775e-01 3.739691734313964844e+00 3.098830699920654297e+00 6.572167873382568359e-01 8.594293594360351562e-01 -2.648351192474365234e+00 -6.788715124130249023e-01 -3.814819335937500000e+00 4.740463495254516602e-01 -1.671865940093994141e+00 8.309097886085510254e-01 6.679335832595825195e-01 1.225556015968322754e+00 -1.148102581501007080e-01
-1.297663688659667969e+00 -5.933941006660461426e-01 -1.628737092018127441e+00 -1.458492159843444824e+00 1.565467864274978638e-01 -3.361314535140991211e+00 1.214568734169006348e+00 3.523206233978271484e+00 1.175729274749755859e+00 1.323535919189453125e+00 5.274524211883544922e+00 -4.641984105110168457e-01 9.205760955810546875e-01 1.564631164073944092e-01 3.049529552459716797e+00 6.324118375778198242e-01 -1.318261146545410156e+00 -2.296023368835449219e+00 1.339361965656280518e-01 5.248067855834960938e+00
2.336494922637939453e-01 3.092908143997192383e+00 3.827245712280273438e+00 -1.223074316978454590e+00 1.009118199348449707e+00 1.145510911941528320e+00 4.103749752044677734e+00 -8.399942517280578613e-01 -1.326579928398132324e+00 1.125969961285591125e-01 3.306321382522583008e+00 5.853497609496116638e-02 -8.703194856643676758e-01 4.733986854553222656e+00 -1.634049057960510254e+00 -1.713914394378662109e+00 1.507574558258056641e+00 3.047331333160400391e+00 -3.553481817245483398e+00 2.580960512161254883e+00
2.060565471649169922e+00 -5.759462833404541016e+00 -3.858359575271606445e+00 -3.687709569931030273e+00 1.935277342796325684e+00 3.277015089988708496e-01 -6.373524188995361328e+00 -1.794142246246337891e+00 -5.729691505432128906e+00 4.806366920471191406e+00 -6.988191008567810059e-01 -1.011908520013093948e-03 5.991958379745483398e-01 -3.771450281143188477e+00 1.007838129997253418e+00 -5.044735431671142578e+00 1.734008193016052246e+00 -2.731890916824340820e+00 3.945366859436035156e+00 -2.995385885238647461e+00
-2.918838560581207275e-01 -3.532733321189880371e-01 4.682075500488281250e+00 2.145996093750000000e+00 2.805743932723999023e+00 -6.034320592880249023e-01 -2.153883218765258789e+00 -2.071103751659393311e-01 -6.149830222129821777e-01 -3.408831059932708740e-01 -3.875698328018188477e+00 -6.848981976509094238e-01 4.551679134368896484e+00 1.801830291748046875e+00 -2.675459623336791992e+00 2.567017078399658203e+00 -1.779327511787414551e+00 -1.885013103485107422e+00 -4.026655673980712891e+00 -3.792244493961334229e-01
4.853531360626220703e+00 1.067129850387573242e+00 -3.565710544586181641e+00 3.900039672851562500e+00 2.325191020965576172e+00 -2.053745269775390625e+00 -2.157757997512817383e+00 -3.659196138381958008e+00 -2.745517730712890625e+00 3.145226955413818359e+00 -4.372242391109466553e-01 3.803822278976440430e+00 4.794250965118408203e+00 -6.825962662696838379e-02 -1.244112253189086914e+00 1.741916537284851074e+00 -2.268470227718353271e-01 4.218523979187011719e+00 -3.052812516689300537e-01 -4.637591361999511719e+00
1.435914397239685059e+00 4.765583574771881104e-01 -1.108079433441162109e+00 1.908460021018981934e+00 -3.130737841129302979e-01 -1.505024313926696777e+00 4.987181186676025391e+00 -1.132678166031837463e-01 -2.903330802917480469e+00 2.147506237030029297e+00 9.068937897682189941e-01 3.049174070358276367e+00 -1.576751112937927246e+00 -7.986816763877868652e-01 6.180160045623779297e-01 -1.866508603096008301e+00 -1.479026556015014648e+00 2.046426057815551758e+00 3.882571220397949219e+00 -5.945153832435607910e-01
-6.170134544372558594e-01 3.721578836441040039e+00 8.654393553733825684e-01 1.735908389091491699e+00 1.972960233688354492e+00 1.495777368545532227e+00 1.116611957550048828e+00 3.386581182479858398e+00 -1.441325545310974121e+00 -6.745809316635131836e-01 3.005531549453735352e+00 4.855169057846069336e-01 3.252653121948242188e+00 -6.272425651550292969e-01 1.630018591880798340e+00 4.326819419860839844e+00 3.577496290206909180e+00 2.221426963806152344e+00 1.493198156356811523e+00 4.974489808082580566e-01
1.349489331245422363e+00 8.321332335472106934e-01 -2.359674930572509766e+00 1.884171724319458008e+00 -3.922918558120727539e+00 -2.069237232208251953e+00 -1.584784746170043945e+00 5.394637107849121094e+00 -1.242997407913208008e+00 4.135266780853271484e+00 2.701071202754974365e-01 -1.493065118789672852e+00 2.318571805953979492e+00 -6.885205507278442383e-01 1.682769536972045898e+00 1.281241536140441895e+00 3.946047425270080566e-01 -7.204581499099731445e-01 1.048720717430114746e+00 1.773787856101989746e+00
2.562355101108551025e-01 5.668062567710876465e-01 -2.677098512649536133e+00 3.013506889343261719e+00 -4.985500812530517578e+00 2.233805418014526367e+00 1.488866806030273438e-01 -4.558258056640625000e-01 -1.587257385253906250e+00 4.426224708557128906e+00 2.758991479873657227e+00 1.122852325439453125e+00 3.539852619171142578e+00 2.757704973220825195e+00 2.202688932418823242e+00 -2.118696421384811401e-01 -5.200548171997070312e+00 -2.270162582397460938e+00 3.284420371055603027e-01 -4.668895304203033447e-01
1.944819331169128418e+00 5.587738513946533203e+00 1.963425517082214355e+00 5.417866706848144531e+00 1.164499402046203613e+00 4.282046318054199219e+00 1.400413870811462402e+00 -4.328763008117675781e+00 -7.294849753379821777e-01 -6.969549655914306641e-01 -3.195282697677612305e+00 2.011278152465820312e+00 -7.569034099578857422e-01 -2.966853380203247070e+00 3.940359354019165039e+00 -3.592503547668457031e+00 -4.050328731536865234e+00 3.714863538742065430e+00 -4.045083999633789062e+00 1.607868313789367676e+00
1.214679852128028870e-01 -9.449313879013061523e-01 3.298018217086791992e+00 -2.188980340957641602e+00 -2.100652933120727539e+00 -1.433073639869689941e+00 2.353926658630371094e+00 -1.911012530326843262e+00 2.964718580245971680e+00 4.555497467517852783e-01 1.163810253143310547e+00 1.002745747566223145e+00 6.514900326728820801e-01 1.836655974388122559e+00 2.899470090866088867e+00 -4.662947654724121094e+00 1.119451761245727539e+00 2.481129318475723267e-01 1.212780714035034180e+00 1.372476816177368164e+00
-8.537772297859191895e-01 4.820087254047393799e-01 3.196819305419921875e+00 -2.138296127319335938e+00 2.717316389083862305e+00 -1.732526302337646484e+00 2.574007987976074219e+00 7.022763490676879883e-01 -1.889093399047851562e+00 -4.658309459686279297e+00 -5.097308635711669922e+00 2.458612203598022461e+00 -6.603195667266845703e-01 -3.688117504119873047e+00 8.570249080657958984e-01 7.440015673637390137e-01 3.686895847320556641e+00 -6.234382152557373047e+00 -2.461354017257690430e+00 3.593258142471313477e+00
1.004426240921020508e+00 2.394164562225341797e+00 -5.053859233856201172e+00 -2.104698896408081055e+00 -9.826537966728210449e-01 2.658146381378173828e+00 -9.536226987838745117e-01 -5.385964870452880859e+00 -8.261479735374450684e-01 -1.335286736488342285e+00 2.091618627309799194e-01 3.472576141357421875e+00 -5.187535285949707031e-01 6.246716976165771484e-01 1.152090072631835938e+00 -1.958423137664794922e+00 2.745022773742675781e+00 3.411188840866088867e+00 1.097856521606445312e+00 -6.687325835227966309e-01
1.412187099456787109e+00 3.740673303604125977e+00 4.233730733394622803e-01 1.785520672798156738e+00 1.804408878087997437e-01 -1.577515840530395508e+00 -2.101530551910400391e+00 4.981573104858398438e+00 -8.599557876586914062e-01 1.691046714782714844e+00 3.684286832809448242e+00 9.700385332107543945e-01 -7.977925986051559448e-02 1.708483099937438965e+00 -1.061173439025878906e+00 1.448511004447937012e+00 2.589083194732666016e+00 2.175259113311767578e+00 -2.957591056823730469e+00 -1.059907674789428711e+00
5.980434417724609375e-01 -3.760878562927246094e+00 -2.747970581054687500e+00 2.824807643890380859e+00 1.839103221893310547e+00 9.917868375778198242e-01 -5.321784973144531250e+00 2.886705398559570312e+00 3.214692831039428711e+00 -4.256979942321777344e+00 1.084812641143798828e+00 2.912557125091552734e+00 3.148841261863708496e-01 2.946674346923828125e+00 -1.378299355506896973e+00 -1.072280526161193848e+00 -2.811144113540649414e+00 -2.553796052932739258e+00 1.128997564315795898e+00 -1.667263269424438477e+00
-1.849678397178649902e+00 -5.678862705826759338e-02 9.953804612159729004e-01 -3.443910837173461914e+00 -2.029781341552734375e+00 -2.201883077621459961e+00 -2.239049971103668213e-01 3.794729471206665039e+00 7.596352100372314453e-01 8.320012092590332031e-01 -3.659316539764404297e+00 -3.367769002914428711e+00 5.106701254844665527e-01 -7.276900410652160645e-01 1.280749917030334473e+00 -5.217163562774658203e-01 2.159121751785278320e+00 1.581214785575866699e+00 -1.714450359344482422e+00 1.871300101280212402e+00
5.996139049530029297e+00 -4.024153709411621094e+00 1.773923873901367188e+00 3.633176803588867188e+00 -2.841452360153198242e+00 4.614820480346679688e+00 3.348508596420288086e+00 9.245839715003967285e-01 -5.494751334190368652e-01 1.603356003761291504e+00 -4.274980545043945312e+00 1.867296099662780762e+00 -1.914166927337646484e+00 -3.985331058502197266e+00 1.893036007881164551e+00 -3.807784795761108398e+00 -1.484090328216552734e+00 -4.951803386211395264e-01 1.852546453475952148e+00 2.955929279327392578e+00
1.848878860473632812e+00 9.797331094741821289e-01 -1.434427142143249512e+00 -1.938585996627807617e+00 3.696192026138305664e+00 1.111331343650817871e+00 -1.214244127273559570e+00 3.250077247619628906e+00 -1.679542779922485352e+00 8.274933695793151855e-01 -2.076342821121215820e+00 -4.526918888092041016e+00 5.955691337585449219e+00 2.096706867218017578e+00 4.523518085479736328e+00 4.742421507835388184e-01 -4.087297916412353516e+00 -2.213444948196411133e+00 4.710966348648071289e-01 -4.779895782470703125e+00
-1.945572733879089355e+00 -7.848052382469177246e-01 4.396898746490478516e-01 2.139939785003662109e+00 -5.493280410766601562e+00 -3.440295457839965820e+00 1.021934151649475098e+00 -3.310656547546386719e+00 4.458121657371520996e-01 -2.346233367919921875e+00 -4.344234943389892578e+00 3.627989053726196289e+00 1.107612252235412598e+00 -2.341644048690795898e+00 7.471311092376708984e-01 -4.877708435058593750e+00 3.823269903659820557e-01 -1.232888698577880859e+00 4.512111663818359375e+00 -2.198416948318481445e+00
-3.252666950225830078e+00 2.709399938583374023e+00 2.454624414443969727e+00 3.790834188461303711e+00 -3.378982543945312500e+00 6.676142662763595581e-02 3.085948705673217773e+00 4.241185635328292847e-02 3.323700189590454102e+00 2.577975988388061523e+00 2.528924465179443359e+00 2.524764537811279297e+00 -1.676491260528564453e+00 3.262104094028472900e-01 1.258299231529235840e+00 -6.239870190620422363e-01 2.463059902191162109e+00 -6.331974864006042480e-01 7.710121273994445801e-01 1.650822520256042480e+00
7.140828967094421387e-01 -4.278332233428955078e+00 3.833421945571899414e+00 -2.247278451919555664e+00 1.261438488960266113e+00 1.279922008514404297e+00 -5.827422738075256348e-01 -2.907016992568969727e+00 -1.368075132369995117e+00 7.342321276664733887e-01 -1.723590493202209473e+00 -7.297437787055969238e-01 1.195127964019775391e+00 4.989425659179687500e+00 -3.045788764953613281e+00 -2.685622572898864746e-01 1.548333287239074707e+00 1.914601325988769531e+00 -2.719608843326568604e-01 -2.286002397537231445e+00
6.287126541137695312e-01 -2.854779005050659180e+00 2.022783279418945312e+00 -1.252732396125793457e+00 -2.129276752471923828e+00 3.300421953201293945e+00 -1.266173720359802246e+00 -3.592581748962402344e+00 -2.645897150039672852e+00 -5.696565151214599609e+00 -3.781204938888549805e+00 -2.011746317148208618e-01 2.319017887115478516e+00 3.268805027008056641e+00 2.897395610809326172e+00 9.866641759872436523e-01 3.952066659927368164e+00 2.596245288848876953e+00 9.370827674865722656e-01 -1.413751363754272461e+00
-4.313885211944580078e+00 -5.196461677551269531e+00 -8.513284325599670410e-01 -6.253970265388488770e-01 -1.915549874305725098e+00 -2.394276618957519531e+00 -4.924103736877441406e+00 -2.693524360656738281e+00 3.341881275177001953e+00 2.281249016523361206e-01 4.242858290672302246e-01 -2.110797643661499023e+00 4.035863876342773438e+00 -1.935767769813537598e+00 3.350495576858520508e+00 1.145028710365295410e+00 5.086830139160156250e+00 -1.305683135986328125e+00 -1.953423023223876953e+00 -2.406284570693969727e+00
1.440030187368392944e-01 -6.153720021247863770e-01 -2.895993292331695557e-01 3.951138496398925781e+00 -4.047389507293701172e+00 -1.516487956047058105e+00 -4.283605098724365234e+00 -1.030704975128173828e+00 1.315317869186401367e+00 7.351935505867004395e-01 2.403309822082519531e+00 -1.305008888244628906e+00 -3.307335853576660156e+00 -7.845312952995300293e-01 4.117482185363769531e+00 -3.061997652053833008e+00 2.085055828094482422e+00 1.107285976409912109e+00 1.532951951026916504e+00 -4.943748950958251953e+00
-2.498463153839111328e+00 9.792686104774475098e-01 1.486079931259155273e+00 -7.042180746793746948e-02 1.212051630020141602e+00 1.639213562011718750e+00 3.143684387207031250e+00 1.516427993774414062e+00 -2.033097505569458008e+00 -2.595348119735717773e+00 1.495375633239746094e+00 2.820715427398681641e+00 5.008801937103271484e+00 -1.661460757255554199e+00 -1.336042642593383789e+00 5.227990150451660156e+00 -1.979472041130065918e+00 -5.969408512115478516e+00 4.591261863708496094e+00 4.367234230041503906e+00
7.013536095619201660e-01 -1.464298367500305176e+00 -1.271570846438407898e-02 -4.634245395660400391e+00 -4.871738910675048828e+00 -3.577783346176147461e+00 -3.724149227142333984e+00 1.978553771972656250e+00 3.889007091522216797e+00 -6.065923571586608887e-01 -4.587062299251556396e-01 1.579042971134185791e-01 1.475807547569274902e+00 -3.405609607696533203e+00 4.784897327423095703e+00 -7.563229203224182129e-01 5.516406536102294922e+00 2.534198999404907227e+00 2.766855001449584961e+00 -4.318003177642822266e+00
3.282224178314208984e+00 -2.152691841125488281e+00 -2.950983047485351562e+00 -1.392602086067199707e+00 2.309355258941650391e+00 1.531142234802246094e+00 2.158594131469726562e+00 3.363682031631469727e+00 3.434641838073730469e+00 2.502798557281494141e+00 1.106298089027404785e+00 -4.938498973846435547e+00 7.328883558511734009e-02 -3.392899274826049805e+00 -2.830961704254150391e+00 1.317747592926025391e+00 1.406132459640502930e+00 -3.429114446043968201e-02 -9.596588611602783203e-01 -2.462329626083374023e+00
-2.065658807754516602e+00 -4.494615554809570312e+00 3.173184096813201904e-01 -1.638792872428894043e+00 2.206937074661254883e+00 1.703554034233093262e+00 3.260056734085083008e+00 -2.538279294967651367e+00 2.039719581604003906e+00 7.000230550765991211e-01 5.359953880310058594e+00 1.179518342018127441e+00 -6.954143047332763672e-01 -2.909686267375946045e-01 1.548721432685852051e+00 -9.958637952804565430e-01 8.073685765266418457e-01 2.580278158187866211e+00 4.164350032806396484e+00 1.574297070503234863e+00
-1.946395635604858398e+00 -2.834922790527343750e+00 -1.475101351737976074e+00 3.055830717086791992e+00 -1.542784094810485840e+00 1.211781740188598633e+00 1.270653247833251953e+00 3.977458477020263672e+00 -2.295324087142944336e+00 -5.662947893142700195e-01 -1.200972199440002441e+00 1.715157985687255859e+00 1.185047984123229980e+00 3.155706644058227539e+00 1.086238622665405273e+00 4.258728504180908203e+00 -2.125768423080444336e+00 -2.130304336547851562e+00 -1.164694949984550476e-01 -2.367602348327636719e+00
-5.411471843719482422e+00 5.483937263488769531e-01 4.748616218566894531e-01 -3.797310352325439453e+00 5.804499626159667969e+00 -1.017905995249748230e-01 2.022760152816772461e+00 -8.704150319099426270e-01 9.763275384902954102e-01 2.196650743484497070e+00 -3.007754564285278320e+00 3.587161540985107422e+00 -3.608475923538208008e+00 1.648406744003295898e+00 -2.511388778686523438e+00 4.249902248382568359e+00 4.581003487110137939e-01 -1.903475046157836914e+00 4.035168647766113281e+00 5.656254291534423828e+00
2.792981386184692383e+00 3.734226942062377930e+00 1.050132632255554199e+00 3.203063964843750000e+00 -3.509321451187133789e+00 -2.913648366928100586e+00 -2.995186805725097656e+00 3.561002969741821289e+00 -4.521697998046875000e+00 -3.463588476181030273e+00 1.010164380073547363e+00 3.101215124130249023e+00 2.285522460937500000e+00 3.426344871520996094e+00 -1.843935728073120117e+00 -2.317830562591552734e+00 6.182714700698852539e-01 -4.099630117416381836e-01 1.116817116737365723e+00 -6.149457097053527832e-01
-2.688209533691406250e+00 -2.422842741012573242e+00 1.639614105224609375e+00 -8.827129602432250977e-01 2.841216802597045898e+00 -1.913308382034301758e+00 1.363306879997253418e+00 6.609955430030822754e-01 -1.572777867317199707e+00 2.581493556499481201e-01 6.581386327743530273e-01 4.202405452728271484e+00 -4.321962356567382812e+00 2.759138822555541992e+00 -6.862515211105346680e-01 2.294358491897583008e+00 2.600664377212524414e+00 1.740504503250122070e+00 1.672887802124023438e+00 -4.195740699768066406e+00
3.088408231735229492e+00 6.430217027664184570e-01 1.236404061317443848e+00 -3.557783365249633789e+00 -1.185628652572631836e+00 6.063583493232727051e-01 -6.248832345008850098e-01 -9.028322696685791016e-01 -3.113777637481689453e+00 5.455568313598632812e+00 1.183045983314514160e+00 2.669257164001464844e+00 -3.001259088516235352e+00 1.704017370939254761e-01 2.071502447128295898e+00 -7.542282342910766602e-01 7.178268432617187500e-01 4.630143165588378906e+00 2.538944005966186523e+00 -2.339066505432128906e+00
6.108016371726989746e-01 -1.172842621803283691e+00 2.193541765213012695e+00 -1.455152392387390137e+00 -5.013434410095214844e+00 -1.248833537101745605e+00 -2.992538452148437500e+00 -1.281242251396179199e+00 1.760034799575805664e+00 8.311613798141479492e-01 -2.750601530075073242e+00 1.514243245124816895e+00 -4.439209461212158203e+00 -7.808192968368530273e-01 -3.760663568973541260e-01 -7.314158678054809570e-01 9.790774583816528320e-01 2.300010681152343750e+00 2.434136867523193359e+00 -8.756037950515747070e-01
9.626528620719909668e-01 2.492538928985595703e+00 4.298060238361358643e-01 3.796594142913818359e+00 -4.547684192657470703e+00 3.969553947448730469e+00 -4.424909114837646484e+00 -7.512993216514587402e-01 2.943331897258758545e-01 -2.202874422073364258e+00 3.837636858224868774e-02 8.366908878087997437e-02 -2.128860712051391602e+00 8.967604637145996094e-01 1.624428629875183105e+00 -3.296200275421142578e+00 2.570630908012390137e-01 3.200419664382934570e+00 -2.555892467498779297e+00 -1.205084443092346191e+00
9.874061942100524902e-01 1.159448981285095215e+00 3.456034362316131592e-01 1.847653985023498535e+00 -5.524890899658203125e+00 3.637330532073974609e-01 9.017151594161987305e-01 2.936749696731567383e+00 -2.432604074478149414e+00 1.030285120010375977e+00 3.567623853683471680e+00 1.088738441467285156e+00 -7.788765430450439453e-01 3.409356251358985901e-02 3.464548349380493164e+00 6.345613002777099609e-01 -1.021338105201721191e+00 2.290273666381835938e+00 -6.800290346145629883e-01 -3.376458287239074707e-01
-7.846105843782424927e-02 2.300684928894042969e+00 6.364079713821411133e-01 4.272095203399658203e+00 5.148062109947204590e-01 8.155463337898254395e-01 -2.056774377822875977e+00 3.781440973281860352e+00 -1.370402693748474121e+00 -4.332065582275390625e-02 1.970611929893493652e+00 -5.027466297149658203e+00 3.756020069122314453e-01 -2.487463474273681641e+00 6.213700294494628906e+00 3.131500959396362305e+00 -1.256217002868652344e+00 1.357331991195678711e+00 -6.569091081619262695e-01 -5.483744144439697266e+00
8.703702092170715332e-01 1.307392001152038574e+00 1.445159077644348145e+00 -1.815573722124099731e-01 -2.132811307907104492e+00 -2.036910533905029297e+00 -1.773970246315002441e+00 -6.680200099945068359e-01 4.518030643463134766e+00 -2.944316625595092773e+00 7.172899246215820312e-01 -6.711400747299194336e-01 2.653377294540405273e+00 1.612637281417846680e+00 4.450595378875732422e+00 2.949633002281188965e-01 2.968432903289794922e+00 -3.833967924118041992e+00 1.902474284172058105e+00 -2.944962024688720703e+00
3.086872100830078125e-01 -2.745322942733764648e+00 -5.115977764129638672e+00 -2.181932210922241211e+00 -3.541790246963500977e+00 2.546313762664794922e+00 -4.020125865936279297e-01 -3.583838701248168945e+00 2.342319250106811523e+00 1.394796967506408691e-01 -3.812064409255981445e+00 9.813989698886871338e-02 -3.514297246932983398e+00 1.323189735412597656e-01 -1.038783907890319824e+00 -4.140537738800048828e+00 -4.705586135387420654e-01 -5.513155460357666016e+00 -1.126291751861572266e+00 -3.914137125015258789e+00
-2.700191497802734375e+00 -4.461316585540771484e+00 2.185063362121582031e+00 2.336507558822631836e+00 -5.123272895812988281e+00 2.489257574081420898e+00 8.515717387199401855e-01 2.211985588073730469e+00 1.199509501457214355e+00 -1.543094158172607422e+00 5.265706062316894531e+00 3.508210182189941406e+00 1.463305592536926270e+00 -1.660023927688598633e+00 -1.233611941337585449e+00 -2.372285366058349609e+00 -1.785893142223358154e-01 -2.241284608840942383e+00 2.036290884017944336e+00 -1.700595617294311523e+00
3.463630437850952148e+00 -1.757479429244995117e+00 9.437651634216308594e-01 -3.334277391433715820e+00 -2.788630247116088867e+00 -2.129724323749542236e-01 1.693481326103210449e+00 2.365045070648193359e+00 -7.795261144638061523e-01 -4.562800884246826172e+00 1.648804187774658203e+00 5.185151576995849609e+00 -9.107562899589538574e-01 -8.780587911605834961e-01 1.863452434539794922e+00 -1.610818624496459961e+00 -2.914149045944213867e+00 2.285389423370361328e+00 4.398348927497863770e-01 3.925091981887817383e+00
-3.104400932788848877e-01 5.791652202606201172e-01 7.108402848243713379e-01 -5.377659797668457031e+00 3.311388254165649414e+00 3.069309473037719727e+00 -6.213601827621459961e-01 1.171655416488647461e+00 -9.940142035484313965e-01 -1.268090128898620605e+00 -1.364019036293029785e+00 8.044032752513885498e-02 2.288430213928222656e+00 -9.219313263893127441e-01 -1.438991874456405640e-01 -2.897390842437744141e+00 2.666208982467651367e+00 1.802577018737792969e+00 -2.449518203735351562e+00 -1.420904636383056641e+00
2.662904262542724609e-01 1.968306303024291992e+00 4.927501201629638672e+00 7.125865817070007324e-01 -7.569299936294555664e-01 2.069260120391845703e+00 -9.284702539443969727e-01 -2.819775342941284180e+00 -3.926883697509765625e+00 -3.866682291030883789e+00 2.186727285385131836e+00 1.177399516105651855e+00 -1.936570286750793457e+00 -1.474700450897216797e+00 -1.332969069480895996e+00 -1.431715488433837891e+00 1.899877429008483887e+00 -2.949781179428100586e+00 7.004809975624084473e-01 -1.569080829620361328e+00
-3.725008726119995117e+00 2.329196929931640625e+00 4.452815532684326172e+00 -1.602805256843566895e-01 -9.143696427345275879e-01 3.839798688888549805e+00 2.813423156738281250e+00 2.101344347000122070e+00 -1.707090497016906738e+00 3.505144119262695312e-01 1.193223118782043457e+00 -9.032036662101745605e-01 -7.505099177360534668e-01 3.751654326915740967e-01 2.780506134033203125e+00 -1.756544709205627441e-01 -2.121137619018554688e+00 -3.052596092224121094e+00 3.642895460128784180e+00 1.089733362197875977e+00
2.345597982406616211e+00 5.607637390494346619e-02 -7.532796263694763184e-01 -5.471239089965820312e-01 -3.382047414779663086e+00 2.748433589935302734e+00 1.505360126495361328e+00 -2.460398226976394653e-01 -1.705905675888061523e+00 2.066553115844726562e+00 -4.199924468994140625e+00 1.560567021369934082e+00 2.363908290863037109e+00 -1.245920062065124512e-01 1.873893260955810547e+00 4.728668332099914551e-01 -4.639896869659423828e+00 -3.307806968688964844e+00 4.563820838928222656e+00 4.980197906494140625e+00
1.629126071929931641e+00 -9.861831068992614746e-01 1.774161815643310547e+00 -2.605748176574707031e+00 -7.636643052101135254e-01 -3.862972021102905273e+00 3.139837503433227539e+00 1.676096558570861816e+00 4.832497596740722656e+00 2.422771930694580078e+00 -2.182581186294555664e+00 1.870059609413146973e+00 3.234175682067871094e+00 -2.587923765182495117e+00 -1.578474640846252441e+00 -2.772689104080200195e+00 2.315160512924194336e+00 -3.303957939147949219e+00 -3.181737184524536133e+00 1.186540484428405762e+00
1.717360973358154297e+00 4.069741725921630859e+00 -1.208733081817626953e+00 -1.783394366502761841e-01 -1.726788401603698730e+00 1.354598850011825562e-01 -1.447230815887451172e+00 -1.469640433788299561e-01 -6.589453816413879395e-01 -1.507545948028564453e+00 -1.105710864067077637e+00 -5.581137180328369141e+00 1.616038441658020020e+00 2.776482105255126953e-01 -1.943882703781127930e+00 -1.596074819564819336e+00 3.500570952892303467e-01 -1.409914791584014893e-01 -9.190396666526794434e-01 -2.458862781524658203e+00
2.013936519622802734e+00 9.873185157775878906e-01 -2.657935142517089844e+00 -9.714953899383544922e-01 3.372449636459350586e+00 -5.062762260437011719e+00 4.899102210998535156e+00 -2.946972131729125977e+00 -1.099616289138793945e+00 2.331356525421142578e+00 -1.784540891647338867e+00 -5.976896733045578003e-02 -3.509027004241943359e+00 -5.520781040191650391e+00 -4.900253117084503174e-01 -2.126975297927856445e+00 -1.171187877655029297e+00 2.262809038162231445e+00 -6.625603437423706055e-01 -4.718815326690673828e+00
2.792311191558837891e+00 6.397649049758911133e-01 5.045821666717529297e+00 -2.768196165561676025e-01 -2.055512666702270508e+00 3.636515855789184570e+00 1.162799119949340820e+00 -2.909181118011474609e+00 -4.914227426052093506e-01 -1.160327315330505371e+00 -3.567322492599487305e-01 1.209547668695449829e-01 2.998822927474975586e-01 -4.695496559143066406e+00 3.185683012008666992e+00 -3.027677536010742188e-02 1.724343657493591309e+00 4.019806385040283203e+00 -2.122710466384887695e+00 3.249139547348022461e+00
4.142211079597473145e-01 -6.665421724319458008e-01 4.277506828308105469e+00 1.546474814414978027e+00 2.174187421798706055e+00 5.784020200371742249e-02 5.278269290924072266e+00 5.558841228485107422e+00 1.314434885978698730e+00 6.140601038932800293e-01 -3.570209980010986328e+00 -1.001955419778823853e-01 1.777934670448303223e+00 -2.620166063308715820e+00 -1.018356204032897949e+00 2.048846006393432617e+00 -2.710317611694335938e+00 -6.197737455368041992e-01 -2.272024601697921753e-01 -2.087607860565185547e+00
-1.843831539154052734e+00 -1.847086548805236816e+00 -2.393299341201782227e+00 -1.823060035705566406e+00 4.161137580871582031e+00 -2.408208608627319336e+00 1.703687667846679688e+00 1.210925817489624023e+00 8.116990327835083008e-01 1.390927910804748535e+00 2.434971094131469727e+00 9.406767785549163818e-03 3.070533037185668945e+00 -4.238011837005615234e+00 4.173472881317138672e+00 4.020989894866943359e+00 -7.044382095336914062e-01 -9.698331356048583984e-01 -2.848643779754638672e+00 -2.904446721076965332e-01
1.449596285820007324e+00 -2.156442165374755859e+00 -2.974735498428344727e+00 4.852678775787353516e+00 2.421974182128906250e+00 -1.655812263488769531e-01 2.425594180822372437e-01 -2.202880382537841797e+00 -1.608765244483947754e+00 5.437456965446472168e-01 8.518287539482116699e-01 1.099882602691650391e+00 2.434124708175659180e+00 6.663045287132263184e-01 7.490848898887634277e-01 1.254243016242980957e+00 3.541264533996582031e+00 -3.505040407180786133e+00 3.797749280929565430e+00 -2.104816026985645294e-02
-2.265275955200195312e+00 2.983185768127441406e+00 1.699740648269653320e+00 -1.656574249267578125e+00 -1.009904026985168457e+00 9.155042171478271484e-01 -6.382515430450439453e-01 4.724104702472686768e-01 3.927356243133544922e+00 -1.859711289405822754e+00 -7.565407752990722656e-01 3.194149017333984375e+00 -4.222566485404968262e-01 -1.124115109443664551e+00 -1.151844620704650879e+00 1.458002924919128418e+00 4.077650606632232666e-01 -5.235357761383056641e+00 4.215685367584228516e+00 1.918679594993591309e+00
8.754501938819885254e-01 3.631823539733886719e+00 8.419985771179199219e-01 -2.326126098632812500e-01 -3.013983488082885742e+00 1.109708026051521301e-01 -8.003679513931274414e-01 -3.181041002273559570e+00 -6.622500419616699219e-01 2.145817518234252930e+00 -1.450034976005554199e+00 1.461943745613098145e+00 2.023634195327758789e+00 -6.374108195304870605e-01 -5.803418159484863281e-01 -3.132894277572631836e+00 -4.167933762073516846e-01 2.102626323699951172e+00 -9.603320956230163574e-01 3.208622217178344727e+00
1.499306857585906982e-01 -2.565205812454223633e+00 2.082854032516479492e+00 3.862421274185180664e+00 -9.704939126968383789e-01 -2.313364744186401367e+00 8.903861045837402344e-01 -3.342277050018310547e+00 4.759658873081207275e-01 3.157171607017517090e-02 1.905786037445068359e+00 9.617889523506164551e-01 2.464526176452636719e+00 4.237406253814697266e+00 4.536665916442871094e+00 1.572052240371704102e+00 -7.192772626876831055e-02 4.615710258483886719e+00 -1.083808779716491699e+00 -2.074306249618530273e+00
4.458723545074462891e+00 1.111869215965270996e+00 -3.106159448623657227e+00 -4.341172985732555389e-03 -2.604580521583557129e-01 -1.990167737007141113e+00 -6.034641861915588379e-01 -4.284146428108215332e-01 1.947321414947509766e+00 -2.159226417541503906e+00 3.455003976821899414e+00 -1.377082347869873047e+00 -7.804381251335144043e-01 2.939162254333496094e+00 -1.329979300498962402e-01 -8.895748257637023926e-01 -3.402307271957397461e+00 -7.697549462318420410e-01 2.015415906906127930e+00 -2.809679269790649414e+00
-1.743766292929649353e-02 8.765809237957000732e-02 2.422990322113037109e+00 2.881692647933959961e+00 4.635650157928466797e+00 2.023211479187011719e+00 -5.059376955032348633e-01 -5.472520828247070312e+00 -3.098477363586425781e+00 1.714128494262695312e+00 2.260314226150512695e+00 -1.433819890022277832e+00 2.954326629638671875e+00 -2.666115045547485352e+00 7.788968682289123535e-01 1.195924758911132812e+00 1.291727185249328613e+00 2.141564130783081055e+00 -1.271561384201049805e+00 -9.622446298599243164e-01
3.009783744812011719e+00 -4.559417724609375000e+00 3.454650163650512695e+00 -2.380349159240722656e+00 1.950674176216125488e+00 3.403746366500854492e+00 -1.225047782063484192e-01 -4.541063308715820312e+00 1.745821356773376465e+00 -1.264724612236022949e+00 4.609362125396728516e+00 -1.934471607208251953e+00 8.558812737464904785e-01 -3.581624984741210938e+00 3.960107266902923584e-01 -2.918987512588500977e+00 -3.011323809623718262e-01 2.854505062103271484e+00 -2.221751451492309570e+00 -4.993919849395751953e+00
-4.210680484771728516e+00 5.978356003761291504e-01 -4.762342453002929688e+00 -4.752604484558105469e+00 -2.313395500183105469e+00 1.220493540167808533e-01 -1.795243501663208008e+00 -4.716335296630859375e+00 -7.294412255287170410e-01 -1.917811274528503418e+00 -1.113159775733947754e+00 -2.794239282608032227e+00 5.916689634323120117e-01 -2.036332130432128906e+00 -5.007558345794677734e+00 4.447770595550537109e+00 3.580853641033172607e-01 -1.004424452781677246e+00 2.683471441268920898e+00 -1.042692065238952637e+00
2.827320337295532227e+00 -2.609643220901489258e+00 5.520121574401855469e+00 7.152833938598632812e-01 -1.251255512237548828e+00 2.961343526840209961e+00 -9.296178221702575684e-01 -2.564241170883178711e+00 3.416632175445556641e+00 -1.394957065582275391e+00 -2.565631151199340820e+00 -3.688621044158935547e+00 8.724575638771057129e-01 -4.339375972747802734e+00 -2.116839647293090820e+00 2.718309402465820312e+00 -4.535521864891052246e-01 -1.010334849357604980e+00 3.757654190063476562e+00 -3.158268034458160400e-01
-2.973556518554687500e+00 2.273932456970214844e+00 -1.167487978935241699e+00 2.117421150207519531e+00 -2.537203550338745117e+00 -2.134802103042602539e+00 2.544229745864868164e+00 3.403442382812500000e+00 2.173217833042144775e-01 -6.909664869308471680e-01 2.783059835433959961e+00 7.112799286842346191e-01 -2.745602369308471680e+00 -4.003552436828613281e+00 -3.111993372440338135e-01 -4.951751232147216797e+00 -2.204618692398071289e+00 1.220056891441345215e+00 4.733771383762359619e-01 -1.858054280281066895e+00
4.631528854370117188e+00 5.601744055747985840e-01 9.819762110710144043e-01 3.696040630340576172e+00 8.569601774215698242e-01 -4.293870925903320312e+00 -3.408168852329254150e-01 7.842957973480224609e-02 2.783444404602050781e+00 -1.174186021089553833e-01 -1.931798219680786133e+00 -4.831807315349578857e-01 -9.131811261177062988e-01 -2.890118122100830078e+00 -1.204846620559692383e+00 2.626296691596508026e-02 -3.662730380892753601e-02 3.621500968933105469e+00 -4.267123222351074219e+00 -9.568729400634765625e-01
-2.723219394683837891e+00 7.370223999023437500e-01 2.019546508789062500e+00 5.615770220756530762e-01 1.257672786712646484e+00 7.476950287818908691e-01 -2.893727064132690430e+00 -2.201976776123046875e+00 -4.949975490570068359e+00 3.842918157577514648e+00 -3.693208217620849609e+00 7.754037380218505859e-01 5.667234063148498535e-01 -1.168104171752929688e+00 -3.396045684814453125e+00 -2.133876562118530273e+00 -2.356813430786132812e+00 2.231373310089111328e+00 -2.088910579681396484e+00 3.702734231948852539e+00
2.161400794982910156e+00 -2.323763370513916016e+00 -2.208997011184692383e+00 2.013556241989135742e+00 1.432791352272033691e+00 -2.415274828672409058e-01 1.238240208476781845e-02 1.528659939765930176e+00 2.720518589019775391e+00 -1.920529365539550781e+00 4.555817127227783203e+00 -9.084122180938720703e-01 -4.478477954864501953e+00 -1.923084616661071777e+00 5.192572116851806641e+00 -4.178835868835449219e+00 -2.258253097534179688e+00 1.757494807243347168e-01 4.587231576442718506e-01 -4.031043529510498047e+00
2.857807874679565430e+00 1.264679580926895142e-01 7.604709863662719727e-01 -1.343170762062072754e+00 -8.045472502708435059e-01 3.948126792907714844e+00 2.316218614578247070e+00 4.714719772338867188e+00 1.963538169860839844e+00 1.421619653701782227e+00 -1.563060879707336426e+00 -2.531486034393310547e+00 3.030945062637329102e+00 -8.419225364923477173e-02 -1.850870847702026367e+00 -3.996595382690429688e+00 -5.194364190101623535e-01 -2.918542385101318359e+00 9.553819298744201660e-01 2.564980268478393555e+00
2.407855987548828125e+00 2.324523925781250000e+00 -6.213732957839965820e-01 4.500739574432373047e+00 4.745768606662750244e-01 4.694081842899322510e-01 2.369424819946289062e+00 -5.322172164916992188e+00 -6.545333266258239746e-01 -2.731525421142578125e+00 1.185938477516174316e+00 2.587152957916259766e+00 1.277385652065277100e-02 -2.162107467651367188e+00 2.202893018722534180e+00 -4.067887067794799805e-01 2.338382244110107422e+00 1.700422167778015137e-01 -1.243957877159118652e+00 4.123854637145996094e+00
-3.920793294906616211e+00 -1.295447349548339844e+00 5.587992072105407715e-01 1.480900645256042480e+00 -4.725365161895751953e+00 7.641004920005798340e-01 4.027838230133056641e+00 1.033993721008300781e+00 -7.741603851318359375e-01 5.518826484680175781e+00 -2.443392992019653320e+00 3.273025274276733398e+00 5.812615752220153809e-01 -2.502685546875000000e+00 1.777156472206115723e+00 -1.881949543952941895e+00 -2.505834102630615234e+00 5.291344642639160156e+00 -1.762956500053405762e+00 -3.311511754989624023e+00
4.301270484924316406e+00 -3.236438751220703125e+00 -1.611485123634338379e+00 -1.247362494468688965e+00 2.605797529220581055e+00 2.122440814971923828e+00 6.333205699920654297e-01 -3.385688781738281250e+00 -3.854558706283569336e+00 -1.426518410444259644e-01 -5.622656822204589844e+00 1.271319985389709473e+00 -3.393460750579833984e+00 1.765740513801574707e+00 5.549372196197509766e+00 3.390358686447143555e+00 -1.151546478271484375e+00 2.708849906921386719e-01 9.108972549438476562e-01 2.969558238983154297e-01
-4.006865024566650391e+00 3.805884122848510742e+00 1.680800557136535645e+00 -5.495269775390625000e+00 -1.967792153358459473e+00 3.142147541046142578e+00 4.198129177093505859e+00 6.263816833496093750e+00 1.486737728118896484e+00 4.218586444854736328e+00 1.537645697593688965e+00 4.349877834320068359e-01 1.571821808815002441e+00 -9.817690253257751465e-01 2.025043249130249023e+00 -4.257804393768310547e+00 -1.897805333137512207e-01 -9.859066009521484375e-01 -3.941447138786315918e-01 1.571849346160888672e+00
1.247780561447143555e+00 6.926293969154357910e-01 1.521560072898864746e+00 -3.791208744049072266e+00 -7.358145117759704590e-01 4.643202304840087891e+00 -1.669190883636474609e+00 -3.823287963867187500e+00 -1.420416831970214844e+00 4.198972225189208984e+00 -9.117974638938903809e-01 -2.424459934234619141e+00 2.616817712783813477e+00 3.130617439746856689e-01 2.944732904434204102e+00 -1.721576094627380371e+00 -3.567686557769775391e+00 -1.982182145118713379e+00 3.300186693668365479e-01 3.972832202911376953e+00
-1.737257838249206543e+00 5.566207885742187500e+00 -1.731035232543945312e+00 1.289610862731933594e+00 5.225283622741699219e+00 -6.700523495674133301e-01 2.040835142135620117e+00 3.827892780303955078e+00 1.820361614227294922e+00 6.186659932136535645e-01 8.897292017936706543e-01 1.834686636924743652e+00 -1.689327001571655273e+00 -5.599640011787414551e-01 2.502706460654735565e-02 2.626803636550903320e+00 -3.538108348846435547e+00 -3.021670818328857422e+00 -1.125980854034423828e+00 -2.976809978485107422e+00
-1.457589745521545410e+00 3.129965782165527344e+00 -3.662521839141845703e+00 -2.822856903076171875e+00 -1.814126610755920410e+00 4.192750453948974609e-01 7.319820523262023926e-01 4.519194066524505615e-01 4.707918167114257812e+00 -1.256769537925720215e+00 4.066499233245849609e+00 4.431539058685302734e+00 -1.697278022766113281e+00 -4.806753635406494141e+00 -4.994079589843750000e+00 2.337270975112915039e+00 3.077833890914916992e+00 8.609670996665954590e-01 3.457537412643432617e+00 2.451298713684082031e+00
1.096307039260864258e+00 1.238201022148132324e+00 -5.446648120880126953e+00 -1.815106868743896484e+00 -6.494199037551879883e-01 1.651929974555969238e+00 2.777586221694946289e+00 -1.822467684745788574e+00 -5.474524021148681641e+00 2.141732454299926758e+00 1.046756029129028320e+00 -4.338771700859069824e-01 -2.293463945388793945e+00 -1.993372082710266113e+00 -1.345499277114868164e+00 -1.797969937324523926e+00 2.088739156723022461e+00 -2.242799520492553711e+00 -3.577224969863891602e+00 -2.361451625823974609e+00
6.779462564736604691e-03 -4.738865375518798828e+00 1.137376427650451660e+00 -6.771239042282104492e-01 -3.780722618103027344e-02 -4.069142341613769531e+00 -2.428574323654174805e+00 -3.317837953567504883e+00 -1.522544026374816895e+00 4.486541271209716797e+00 -1.530916452407836914e+00 -4.803415298461914062e+00 1.130233239382505417e-02 -3.929664134979248047e+00 1.157488748431205750e-01 -1.541190743446350098e+00 -3.190446376800537109e+00 -2.346353292465209961e+00 -8.916920423507690430e-01 1.669619202613830566e+00
-1.239473074674606323e-01 -1.601688504219055176e+00 -2.378898620605468750e+00 -1.623497009277343750e+00 5.250806331634521484e+00 -2.434426307678222656e+00 -2.269075632095336914e+00 2.801049947738647461e+00 -8.377835154533386230e-01 2.223774194717407227e+00 -2.152236461639404297e+00 -1.691264748573303223e+00 2.648339271545410156e+00 3.868683278560638428e-01 2.856309652328491211e+00 -5.490728378295898438e+00 2.675296068191528320e+00 -2.078014612197875977e+00 -5.136945724487304688e+00 3.163826465606689453e+00
-4.985932707786560059e-01 1.891021013259887695e+00 3.635111093521118164e+00 -9.803782701492309570e-01 1.332238167524337769e-01 -2.733958244323730469e+00 -8.787019252777099609e-01 -1.563103795051574707e+00 -4.440301895141601562e+00 -2.640725612640380859e+00 1.617602854967117310e-01 -2.715747356414794922e+00 1.966343879699707031e+00 6.705713868141174316e-01 2.398719191551208496e-01 -1.473147273063659668e+00 -3.895479679107666016e+00 5.253030061721801758e-01 -3.942173957824707031e+00 -2.275337457656860352e+00
-4.189300537109375000e+00 -6.788513660430908203e-01 4.102247238159179688e+00 1.054646134376525879e+00 -1.616749405860900879e+00 -4.036658704280853271e-01 -7.316240668296813965e-01 -3.016499996185302734e+00 5.692248940467834473e-01 -1.785468459129333496e+00 8.370487689971923828e-01 1.809291720390319824e+00 -2.414616823196411133e+00 3.249022483825683594e+00 7.398860454559326172e-01 -2.675894498825073242e-01 3.402605950832366943e-01 -4.220291137695312500e+00 -1.142269134521484375e+00 4.169302463531494141e+00
-4.070754528045654297e+00 1.791854023933410645e+00 1.046596527099609375e+00 -2.365036725997924805e+00 -3.095350027084350586e+00 -1.555706501007080078e+00 -4.345911979675292969e+00 -2.364543437957763672e+00 -1.970427632331848145e+00 -4.621006250381469727e-01 -2.051294088363647461e+00 4.275126457214355469e+00 4.238227367401123047e+00 -2.382321596145629883e+00 6.426213979721069336e-01 -2.897752285003662109e+00 -9.530745744705200195e-01 1.318903565406799316e+00 -2.684146642684936523e+00 3.580996274948120117e+00
-1.257792234420776367e+00 -2.074546337127685547e+00 1.110911846160888672e+00 1.551753044128417969e+00 1.140984773635864258e+00 -1.489789843559265137e+00 2.768603086471557617e+00 -1.262491345405578613e+00 -3.189390659332275391e+00 -3.218329668045043945e+00 -2.348148584365844727e+00 4.829028606414794922e+00 -6.113797426223754883e-01 3.865074872970581055e+00 3.126270055770874023e+00 -2.302855491638183594e+00 2.327063083648681641e-01 1.401669383049011230e+00 5.012322902679443359e+00 -4.395880699157714844e+00
4.324077606201171875e+00 -2.149456262588500977e+00 3.024339437484741211e+00 -3.569505691528320312e+00 1.109265804290771484e+00 -1.292106747627258301e+00 2.141686677932739258e+00 4.318091392517089844e+00 1.865198165178298950e-01 2.662821769714355469e+00 -2.096712589263916016e+00 5.134346961975097656e+00 3.417853355407714844e+00 -1.332595109939575195e+00 -4.028834700584411621e-01 3.406384468078613281e+00 5.789335727691650391e+00 2.695736646652221680e+00 -1.608589410781860352e+00 1.745000123977661133e+00
1.316692352294921875e+00 -2.664302825927734375e+00 3.270580291748046875e+00 -8.561413288116455078e-01 -2.578478097915649414e+00 -2.983520507812500000e+00 -1.259783267974853516e+00 4.522073268890380859e+00 4.025670289993286133e-01 3.136034905910491943e-01 5.061709284782409668e-01 -3.967242717742919922e+00 -9.942563772201538086e-01 -5.309851169586181641e-01 -1.761070966720581055e+00 -2.337779045104980469e+00 2.103484630584716797e+00 3.387312412261962891e+00 1.095755815505981445e+00 1.235653877258300781e+00
-2.690540075302124023e+00 -4.675647735595703125e+00 -3.404426574707031250e+00 -1.235764861106872559e+00 -1.396487355232238770e-01 -2.758782386779785156e+00 1.950704574584960938e+00 -1.339332580566406250e+00 4.013303279876708984e+00 4.314643383026123047e+00 -1.717655897140502930e+00 1.593143701553344727e+00 4.355088233947753906e+00 4.164792060852050781e+00 1.325160503387451172e+00 -1.606735587120056152e-01 -1.762657999992370605e+00 4.256080150604248047e+00 1.010322093963623047e+00 1.046611554920673370e-02
5.475013852119445801e-01 -4.001105785369873047e+00 -1.478716850280761719e+00 -1.744524836540222168e+00 -6.272218227386474609e+00 1.372950792312622070e+00 2.275824785232543945e+00 -3.977686166763305664e-01 9.096056222915649414e-01 -8.915764093399047852e-01 2.793740510940551758e+00 -3.636370599269866943e-01 1.580622911453247070e+00 -3.805141687393188477e+00 -2.207548856735229492e+00 -3.492989301681518555e+00 -2.802255153656005859e+00 -8.798063397407531738e-01 1.590849876403808594e+00 3.599574327468872070e+00
2.419535398483276367e+00 1.781381845474243164e+00 -3.430830001831054688e+00 1.304704189300537109e+00 3.967220783233642578e-01 -5.675846934318542480e-01 4.807263851165771484e+00 4.392893314361572266e+00 6.542028486728668213e-02 2.239689826965332031e+00 1.034669756889343262e+00 -1.812524199485778809e+00 2.802519202232360840e-01 -5.141377449035644531e-01 -1.057842373847961426e+00 -1.277032256126403809e+00 9.751676917076110840e-01 -5.095640182495117188e+00 1.501025557518005371e+00 -2.251577377319335938e+00
1.891874670982360840e+00 -2.019600152969360352e+00 -1.758701682090759277e+00 3.438104987144470215e-01 9.962332248687744141e-01 -3.792401790618896484e+00 2.508682012557983398e+00 -9.222238063812255859e-01 6.470935046672821045e-02 4.222094058990478516e+00 1.750880181789398193e-01 1.478881359100341797e+00 2.200051784515380859e+00 3.839043855667114258e+00 4.537956118583679199e-01 -2.024561405181884766e+00 -1.118486404418945312e+00 -1.102411508560180664e+00 -3.101093530654907227e+00 -1.955392122268676758e+00
-3.217044830322265625e+00 -1.723440170288085938e+00 2.187539815902709961e+00 1.265316963195800781e+00 9.763097167015075684e-01 -4.702345132827758789e-01 2.999484777450561523e+00 1.675347447395324707e+00 2.449170112609863281e+00 3.534222602844238281e+00 2.628093719482421875e+00 -5.229693055152893066e-01 -5.099924087524414062e+00 2.022011280059814453e+00 1.386587977409362793e+00 -3.314549684524536133e+00 1.153283834457397461e+00 1.882351994514465332e+00 1.577641487121582031e+00 -3.320876121520996094e+00
1.862499237060546875e+00 -1.301308035850524902e+00 -1.616383194923400879e+00 -2.883393049240112305e+00 1.047121167182922363e+00 4.176613330841064453e+00 2.888578176498413086e+00 -9.366642236709594727e-01 4.590737819671630859e+00 -6.466950774192810059e-01 -4.036843776702880859e+00 3.725171566009521484e+00 4.556354522705078125e+00 -4.031305789947509766e+00 1.675807476043701172e+00 2.242412567138671875e+00 4.435095787048339844e+00 -4.630383491516113281e+00 -2.262611627578735352e+00 2.634879350662231445e+00
2.032107114791870117e+00 2.498640298843383789e+00 8.815222382545471191e-01 1.157853007316589355e+00 -9.401307106018066406e-01 4.976108968257904053e-01 -5.948932647705078125e+00 3.769905090332031250e+00 -2.376214742660522461e+00 -3.540883779525756836e+00 -7.260057330131530762e-01 -2.651587009429931641e+00 -5.795302391052246094e-01 3.369540452957153320e+00 5.674364089965820312e+00 -4.432487189769744873e-01 -1.388536810874938965e+00 -2.606119155883789062e+00 -2.995445966720581055e+00 4.005623340606689453e+00
1.612402200698852539e+00 4.142019450664520264e-01 1.173598170280456543e+00 -4.991967201232910156e+00 -5.429646465927362442e-03 1.341143608093261719e+00 3.427281856536865234e+00 -3.727326095104217529e-01 5.915362238883972168e-01 -4.530010223388671875e-01 2.342103868722915649e-01 3.953387737274169922e+00 2.030806303024291992e+00 -3.064701557159423828e+00 6.018710732460021973e-01 -3.977022409439086914e+00 -2.436617374420166016e+00 -1.208927989006042480e+00 1.077800393104553223e+00 -3.465204000473022461e+00
