-2.692002296447753906e+00 1.066572427749633789e+00 4.613094806671142578e+00 6.637127399444580078e-01 -1.383961677551269531e+00 -2.001910507678985596e-01 5.153521060943603516e+00 -6.402862071990966797e+00 -5.787875652313232422e+00 4.459644556045532227e-01 5.154772281646728516e+00 5.323431968688964844e+00 -5.745431900024414062e+00 -3.382630586624145508e+00 -1.404267311096191406e+00 1.361968159675598145e+00 -8.039820939302444458e-02 -9.340960979461669922e-01 -3.912566661834716797e+00 4.172693729400634766e+00
-7.259242534637451172e-01 1.115330934524536133e+00 1.040522575378417969e+00 5.248386383056640625e+00 -2.396926879882812500e+00 -3.198239803314208984e+00 -4.152040481567382812e+00 -5.326690673828125000e-01 -3.497800350189208984e+00 1.686309099197387695e+00 7.162152290344238281e+00 2.463971376419067383e+00 -5.824858188629150391e+00 5.168989181518554688e+00 3.214604377746582031e+00 -2.013709545135498047e+00 -4.988282322883605957e-01 -3.514793813228607178e-01 1.666969656944274902e-01 -3.870808124542236328e+00
1.011571139097213745e-01 2.472773343324661255e-01 -2.577907323837280273e+00 4.784274578094482422e+00 -8.859445452690124512e-01 -2.919518947601318359e-01 2.014385938644409180e+00 -1.735203981399536133e+00 -9.429324865341186523e-01 2.383194446563720703e+00 -1.032292604446411133e+00 3.612758815288543701e-01 8.604376316070556641e-01 -2.293234586715698242e+00 -3.083924949169158936e-01 -7.706990838050842285e-01 3.396864652633666992e+00 3.046852588653564453e+00 -2.341759204864501953e+00 -1.857181549072265625e+00
7.810017466545104980e-01 2.466771841049194336e+00 -7.157888412475585938e-01 7.720451951026916504e-01 1.048856854438781738e+00 2.890506982803344727e+00 -5.580567717552185059e-01 8.886581063270568848e-01 5.601761817932128906e+00 -2.724362134933471680e+00 -1.165810346603393555e+00 1.288880109786987305e+00 5.022885799407958984e-01 3.064033031463623047e+00 -1.239841222763061523e+00 -3.354521393775939941e-01 -1.365602850914001465e+00 4.568989753723144531e+00 5.847434997558593750e-01 1.389075517654418945e+00
-1.110412120819091797e+00 -1.373060822486877441e+00 -4.478966236114501953e+00 -3.913476228713989258e+00 -1.044440746307373047e+00 -3.467445135116577148e+00 -5.278830528259277344e-01 -3.012137889862060547e+00 -3.925515413284301758e+00 2.716703653335571289e+00 -2.164174318313598633e+00 1.832204908132553101e-01 3.586535930633544922e+00 -1.289092183113098145e+00 7.767975330352783203e-01 -3.606541633605957031e+00 1.502971053123474121e+00 -2.894372463226318359e+00 -1.142507940530776978e-01 -2.645843267440795898e+00
-7.604391574859619141e-01 -5.252419412136077881e-02 1.420979738235473633e+00 -4.722595214843750000e-01 5.487071514129638672e+00 -1.488432526588439941e+00 -3.718269586563110352e+00 3.145513057708740234e+00 -2.781958878040313721e-01 -4.739645481109619141e+00 3.266855716705322266e+00 3.125451803207397461e+00 2.385959625244140625e+00 7.512112855911254883e-01 -1.829636931419372559e+00 -2.544980287551879883e+00 -7.677722573280334473e-01 4.150448799133300781e+00 -3.529954433441162109e+00 -6.210387229919433594e+00
2.127984762191772461e+00 -4.553899765014648438e+00 3.700491905212402344e+00 8.146400451660156250e+00 -5.973488807678222656e+00 -3.275973081588745117e+00 -5.342067241668701172e+00 -2.450714237056672573e-04 -1.052544340491294861e-01 1.019878268241882324e+00 -8.405714035034179688e+00 6.003190040588378906e+00 -7.029282301664352417e-02 6.155608654022216797e+00 2.316777944564819336e+00 1.632784754037857056e-01 2.626034021377563477e+00 -3.119666337966918945e+00 -5.346078276634216309e-01 3.502094268798828125e+00
1.049539923667907715e+00 2.424861192703247070e+00 -7.092044353485107422e+00 -4.694433212280273438e+00 -3.222289800643920898e+00 -3.368609666824340820e+00 4.939473569393157959e-01 5.477286815643310547e+00 1.429035961627960205e-01 4.714615643024444580e-01 -3.086557149887084961e+00 8.390977859497070312e+00 -1.339321255683898926e+00 9.048833847045898438e-01 2.341050386428833008e+00 -3.245795369148254395e-01 -5.358743071556091309e-01 6.912191867828369141e+00 3.759715795516967773e+00 1.685853004455566406e+00
-2.806093215942382812e+00 -2.245555162429809570e+00 6.836979389190673828e+00 -1.247953295707702637e+00 -2.411950349807739258e+00 3.213156938552856445e+00 2.639410495758056641e+00 -5.489840984344482422e+00 -2.367087125778198242e+00 -3.674457788467407227e+00 -4.720998287200927734e+00 3.081202745437622070e+00 -2.176592350006103516e+00 4.815757751464843750e+00 -4.714723587036132812e+00 1.706668853759765625e+00 3.836141824722290039e+00 5.190507411956787109e+00 -7.668142914772033691e-01 3.383231163024902344e+00
2.371541738510131836e+00 -9.447237253189086914e-01 -3.610397338867187500e+00 3.915626764297485352e+00 4.224057674407958984e+00 -2.355017423629760742e+00 -2.921013116836547852e+00 -1.594499349594116211e+00 6.037855148315429688e+00 -3.861772537231445312e+00 -2.371404170989990234e-01 5.485001564025878906e+00 -6.045325994491577148e-01 -2.336823463439941406e+00 -2.936160564422607422e+00 -8.285396099090576172e-01 5.847278237342834473e-01 4.367874622344970703e+00 8.697578310966491699e-01 -4.946495056152343750e+00
5.406608104705810547e+00 5.350224971771240234e+00 1.706400394439697266e+00 -3.001768350601196289e+00 5.359429717063903809e-01 -1.875944495201110840e+00 -3.813432931900024414e+00 -7.243774533271789551e-01 9.576413631439208984e-01 3.027336597442626953e-01 3.606149911880493164e+00 -1.199025586247444153e-01 -1.750404119491577148e+00 -6.224544644355773926e-01 -3.377720415592193604e-01 2.744889497756958008e+00 1.278901219367980957e+00 -1.193182349205017090e+00 -1.996683835983276367e+00 -5.016902089118957520e-01
7.638540863990783691e-01 -1.714595556259155273e+00 1.906227469444274902e+00 9.096279144287109375e-01 -8.635984063148498535e-01 -9.097976684570312500e-01 -1.271782636642456055e+00 -1.053111180663108826e-01 8.151028752326965332e-01 -4.423264414072036743e-02 -1.532110691070556641e+00 3.995463550090789795e-01 -3.647777557373046875e+00 -3.055322170257568359e+00 5.473745465278625488e-01 -2.243356943130493164e+00 -4.150584220886230469e+00 2.464800775051116943e-01 -5.920726299285888672e+00 -8.189359903335571289e-01
-1.744711875915527344e+00 -1.985564470291137695e+00 -2.745453834533691406e+00 -1.221806049346923828e+00 2.240265846252441406e+00 2.523112535476684570e+00 -8.133721947669982910e-01 2.953039646148681641e+00 -2.319479465484619141e+00 -4.702522277832031250e+00 -3.213675320148468018e-01 1.883999228477478027e+00 3.644821405410766602e+00 -3.845265388488769531e+00 4.935722053050994873e-01 -2.159662246704101562e+00 3.194591283798217773e+00 -3.952623903751373291e-01 -1.103722214698791504e+00 -8.680412769317626953e-01
-4.069367885589599609e+00 -1.806876540184020996e+00 -1.044822216033935547e+00 -8.230423927307128906e-02 -1.783503532409667969e+00 -5.010470390319824219e+00 2.103312969207763672e+00 -3.652846574783325195e+00 2.632352352142333984e+00 2.094348907470703125e+00 2.693717181682586670e-02 -1.224887847900390625e+00 8.558904528617858887e-01 -5.409218788146972656e+00 1.229514122009277344e+00 -1.702031731605529785e+00 -2.051735520362854004e-01 -2.242507934570312500e+00 2.926464319229125977e+00 -2.128297805786132812e+00
3.719915390014648438e+00 -3.850965738296508789e+00 2.780110359191894531e+00 4.600480496883392334e-01 -1.660002827644348145e+00 -2.061433792114257812e+00 6.871263980865478516e+00 -1.420396327972412109e+00 2.544542253017425537e-01 -3.538142919540405273e+00 3.268991470336914062e+00 -7.360529303550720215e-01 3.889060735702514648e+00 -7.720746397972106934e-01 2.982700109481811523e+00 -4.986535072326660156e+00 -7.670114636421203613e-01 5.202272891998291016e+00 4.036290645599365234e+00 -1.693823933601379395e+00
4.954891204833984375e+00 -3.553623199462890625e+00 -3.876746892929077148e+00 1.905033946037292480e+00 4.450798034667968750e+00 -1.730760335922241211e+00 3.633267879486083984e+00 -1.796103954315185547e+00 -1.754139184951782227e+00 -5.344960689544677734e-01 -3.554990530014038086e+00 2.044498205184936523e+00 -4.860806941986083984e+00 8.391384780406951904e-02 -4.009062767028808594e+00 3.107019901275634766e+00 -8.695329427719116211e-01 -4.243314266204833984e+00 4.689551889896392822e-01 -1.719257235527038574e+00
2.450884342193603516e+00 1.770029187202453613e+00 -7.972304821014404297e-01 6.161612272262573242e-01 2.019252061843872070e+00 1.419469952583312988e+00 -4.637659549713134766e+00 4.990132451057434082e-01 -3.325050354003906250e+00 -2.216405630111694336e+00 6.866361141204833984e+00 2.093091487884521484e+00 -6.624305248260498047e+00 -4.957551002502441406e+00 -6.483919143676757812e+00 -1.435857295989990234e+00 2.243636846542358398e+00 9.860357046127319336e-01 5.558680534362792969e+00 -3.276706457138061523e+00
-2.608192682266235352e+00 -9.521598815917968750e+00 -5.385142803192138672e+00 3.586465597152709961e+00 -1.042192840576171875e+01 3.866930246353149414e+00 4.809321463108062744e-02 6.567987918853759766e+00 5.678007602691650391e+00 3.753464221954345703e-01 5.557558536529541016e-01 1.869456171989440918e+00 8.657435774803161621e-01 2.089025974273681641e+00 -8.705902099609375000e-01 2.708148241043090820e+00 -2.781951904296875000e+00 1.607914209365844727e+00 -4.864736557006835938e+00 1.339080452919006348e+00
-9.078159332275390625e-01 -3.070671081542968750e+00 8.027915954589843750e-01 -3.523580789566040039e+00 -1.728072166442871094e+00 8.900161981582641602e-01 -3.927700757980346680e+00 -6.284309178590774536e-02 3.219865322113037109e+00 2.479351997375488281e+00 2.161170244216918945e+00 3.143038272857666016e+00 -4.169628322124481201e-01 3.338378667831420898e-01 -2.761778235435485840e-01 -6.330627202987670898e-01 4.484755516052246094e+00 7.854501008987426758e-01 -5.165745615959167480e-01 4.670831203460693359e+00
-1.533325791358947754e+00 1.611764430999755859e+00 -1.653835177421569824e+00 1.475006103515625000e+00 -6.987949609756469727e-01 3.180666446685791016e+00 -6.532115340232849121e-01 -1.189807057380676270e+00 4.370969235897064209e-01 3.103532552719116211e+00 -4.171588718891143799e-01 2.947383642196655273e+00 5.379564762115478516e-01 -4.120312929153442383e-01 1.737658381462097168e-01 -5.893444538116455078e+00 -2.142250061035156250e+00 1.305988550186157227e+00 -4.107594013214111328e+00 1.870160937309265137e+00
2.904652655124664307e-01 -3.879874944686889648e-01 4.334883987903594971e-01 -1.200882792472839355e+00 -2.812035799026489258e+00 1.986164331436157227e+00 -4.094118773937225342e-01 -1.446925640106201172e+00 1.714461922645568848e+00 2.807417631149291992e+00 -5.309761762619018555e-01 -2.171873331069946289e+00 8.792833983898162842e-02 -1.059458732604980469e+00 2.598153352737426758e+00 -6.619162559509277344e-01 -6.104562878608703613e-01 4.506648480892181396e-01 2.799969434738159180e+00 -4.172066152095794678e-01
3.854717731475830078e+00 -3.476200401782989502e-01 6.777871847152709961e-01 -2.688388347625732422e+00 -4.540993213653564453e+00 3.160942316055297852e+00 7.421857118606567383e-01 -3.250551939010620117e+00 -1.034943461418151855e-01 2.083757162094116211e+00 1.538663357496261597e-01 -7.189170718193054199e-01 1.742024183273315430e+00 3.914705276489257812e+00 1.810359001159667969e+00 1.530106663703918457e+00 2.254246473312377930e-01 -1.386840224266052246e+00 -2.941120862960815430e-01 -2.454938888549804688e+00
-4.667815268039703369e-01 -1.522994875907897949e+00 3.577131748199462891e+00 -4.216187477111816406e+00 1.028726220130920410e+00 6.433198451995849609e-01 -7.336730360984802246e-01 -8.482163548469543457e-01 -1.611926198005676270e+00 -1.493714302778244019e-01 -5.794076323509216309e-01 -1.175025224685668945e+00 1.394564032554626465e+00 -1.188802123069763184e+00 1.730209946632385254e+00 4.200364589691162109e+00 1.418949961662292480e+00 3.985752105712890625e+00 -7.641623020172119141e-01 -2.743067026138305664e+00
6.789811849594116211e-01 -3.458010196685791016e+00 3.622657775878906250e+00 -1.349063515663146973e+00 1.778547883033752441e+00 1.118416428565979004e+00 -1.182139396667480469e+00 1.704345345497131348e+00 -2.935564041137695312e+00 3.231536149978637695e+00 -3.556502103805541992e+00 2.479841947555541992e+00 1.884775400161743164e+00 -4.608784198760986328e+00 -8.616887331008911133e-01 6.484210491180419922e-01 -1.788209676742553711e+00 1.352961063385009766e+00 3.265037059783935547e+00 1.196743249893188477e-01
-1.762135326862335205e-01 4.350277483463287354e-01 7.396540045738220215e-02 -1.677204370498657227e+00 -1.867919921875000000e+00 1.683906435966491699e+00 5.129244327545166016e-01 -1.148358821868896484e+00 -2.745199680328369141e+00 -1.082123160362243652e+00 -1.354308009147644043e+00 -3.028222560882568359e+00 4.991305768489837646e-01 -2.107148170471191406e+00 1.394525170326232910e+00 1.048819899559020996e+00 -1.061977982521057129e+00 1.370226383209228516e+00 1.175962328910827637e+00 4.425009489059448242e-01
-1.851325154304504395e+00 -2.918894290924072266e+00 1.724272608757019043e+00 -1.120004534721374512e+00 -1.283704638481140137e+00 2.504920959472656250e+00 -4.962060928344726562e+00 -6.211359426379203796e-02 -2.321803092956542969e+00 -6.297422647476196289e-01 1.060297369956970215e+00 2.226428508758544922e+00 -1.208230018615722656e+00 -2.252538681030273438e+00 -1.011300444602966309e+00 5.150061607360839844e+00 -3.074974775314331055e+00 3.678202033042907715e-01 3.208415269851684570e+00 1.711906194686889648e-01
-1.204468250274658203e+00 8.090867847204208374e-02 3.734875202178955078e+00 -4.818683862686157227e-01 -1.693435668945312500e+00 -3.550951778888702393e-01 4.071472883224487305e-01 -1.574408859014511108e-01 -7.695767283439636230e-01 -2.350385904312133789e+00 3.726826190948486328e+00 -2.451879501342773438e+00 -6.601661443710327148e-01 3.898278176784515381e-01 1.646482944488525391e+00 2.142142772674560547e+00 -2.111279249191284180e+00 2.094834566116333008e+00 -1.839848905801773071e-01 -2.795608043670654297e+00
-3.351638555526733398e+00 1.573121309280395508e+00 7.233570218086242676e-01 -7.899876832962036133e-01 -2.174713462591171265e-01 -1.806481480598449707e+00 2.241792678833007812e+00 1.248758673667907715e+00 -4.592042446136474609e+00 1.899051547050476074e+00 -5.919107794761657715e-01 9.494633078575134277e-01 2.025012969970703125e+00 3.673001289367675781e+00 3.001282453536987305e+00 9.487270116806030273e-01 -1.543543338775634766e+00 -4.881272792816162109e+00 1.722289025783538818e-01 -3.407420873641967773e+00
1.671290993690490723e+00 5.883862376213073730e-01 2.615972757339477539e+00 1.530736684799194336e+00 1.124792456626892090e+00 2.035601377487182617e+00 2.306096315383911133e+00 2.692777872085571289e+00 -2.614057540893554688e+00 6.765608191490173340e-01 1.859372854232788086e+00 9.040127396583557129e-01 1.694455981254577637e+00 1.425077199935913086e+00 -5.076277256011962891e-01 -3.204397916793823242e+00 5.672721266746520996e-01 -2.663227915763854980e-01 -1.209407567977905273e+00 1.149001866579055786e-01
1.190969944000244141e+00 -2.990593671798706055e+00 1.053184390068054199e+00 2.016204118728637695e+00 6.850628256797790527e-01 6.305185556411743164e-01 1.313601016998291016e+00 -1.433295607566833496e+00 -4.719688296318054199e-01 1.806331276893615723e-01 -2.247499227523803711e+00 -2.292814731597900391e+00 -3.402554035186767578e+00 -1.833755970001220703e+00 6.939839720726013184e-01 4.688353061676025391e+00 9.253165721893310547e-01 2.858789205551147461e+00 -2.532393693923950195e+00 -1.467649698257446289e+00
1.496910333633422852e+00 -3.119185209274291992e+00 1.140722036361694336e+00 -2.466121435165405273e+00 4.018643796443939209e-01 -2.295727014541625977e+00 3.572223186492919922e-01 3.011315345764160156e+00 -2.619838714599609375e+00 -2.089345455169677734e+00 -1.698924899101257324e+00 -2.626765251159667969e+00 1.261370658874511719e+00 -2.936360836029052734e+00 -1.749113202095031738e+00 1.893217325210571289e+00 -7.439959049224853516e-01 -1.481193602085113525e-01 -1.514144062995910645e+00 -2.522822618484497070e-01
2.171463727951049805e+00 -1.619951248168945312e+00 -3.072607278823852539e+00 9.684093594551086426e-01 -2.677073717117309570e+00 9.331822395324707031e-01 5.354299545288085938e+00 4.211120128631591797e+00 2.495800517499446869e-02 4.510790824890136719e+00 9.207180142402648926e-01 8.399004340171813965e-01 4.478820800781250000e+00 6.888070106506347656e-01 -6.206987380981445312e+00 2.010310411453247070e+00 -2.881441354751586914e+00 1.187605131417512894e-02 -4.638695240020751953e+00 1.874174714088439941e+00
-1.590065240859985352e+00 -7.196708321571350098e-01 -3.507433414459228516e+00 5.241301536560058594e+00 3.118968248367309570e+00 -4.098680019378662109e+00 3.711589097976684570e+00 -2.797733545303344727e+00 -6.154217720031738281e-01 -4.381819248199462891e+00 2.193752765655517578e+00 -2.202675104141235352e+00 6.025764346122741699e-01 2.829970121383666992e+00 -4.557125091552734375e+00 6.156468868255615234e+00 1.036546111106872559e+00 2.945892810821533203e+00 2.978854179382324219e+00 -2.953028917312622070e+00
-3.426694631576538086e+00 -3.272425174713134766e+00 2.370463848114013672e+00 -4.852220535278320312e+00 -5.677663326263427734e+00 -5.723009109497070312e+00 2.552673339843750000e+00 3.518790960311889648e+00 5.576718330383300781e+00 7.088078260421752930e-01 6.135758399963378906e+00 3.412153720855712891e+00 -3.719340801239013672e+00 6.325922012329101562e+00 -1.187767311930656433e-01 -3.380085229873657227e+00 -2.404180318117141724e-01 -1.446505427360534668e+00 -4.568123340606689453e+00 4.079373836517333984e+00
7.725821971893310547e+00 6.967680454254150391e-01 -6.821748256683349609e+00 1.156952753663063049e-01 -4.701487541198730469e+00 4.674003720283508301e-01 -7.443143129348754883e-01 3.322101593017578125e+00 -2.958584785461425781e+00 -3.514633327722549438e-02 2.478767633438110352e+00 -2.383914232254028320e+00 -2.766104459762573242e+00 -3.743918180465698242e+00 -4.636717319488525391e+00 -1.186605811119079590e+00 1.381968379020690918e+00 -3.744966685771942139e-01 2.513427287340164185e-02 -1.694430470466613770e+00
4.996703624725341797e+00 1.153851318359375000e+01 -2.350470066070556641e+00 -1.105716228485107422e+00 -6.363356113433837891e+00 1.873891115188598633e+00 -2.941865444183349609e+00 -1.004685020446777344e+01 4.741674900054931641e+00 6.019733905792236328e+00 -1.735262036323547363e+00 4.804883956909179688e+00 -1.322292685508728027e+00 -7.868229389190673828e+00 3.103230953216552734e+00 2.329880475997924805e+00 4.960337162017822266e+00 5.275253295898437500e+00 9.387244224548339844e+00 6.784900665283203125e+00
4.856485843658447266e+00 4.552139759063720703e+00 1.750490784645080566e+00 -1.242867827415466309e+00 1.517706513404846191e+00 -3.157762765884399414e+00 -3.746829509735107422e+00 1.350249499082565308e-01 -1.822941780090332031e+00 3.224687099456787109e+00 1.925398468971252441e+00 2.124446630477905273e+00 2.164297580718994141e+00 -3.767065048217773438e+00 5.353767871856689453e-01 1.329957723617553711e+00 4.686723232269287109e+00 1.254521012306213379e+00 8.165650069713592529e-02 -6.276866197586059570e-01
-4.772778034210205078e+00 1.408625006675720215e+00 2.960475683212280273e+00 2.317464113235473633e+00 -7.208541035652160645e-01 7.950474619865417480e-01 -2.836283445358276367e+00 1.392939567565917969e+00 3.599573612213134766e+00 1.669415593147277832e+00 2.491162300109863281e+00 1.840230345726013184e+00 4.108675420284271240e-01 -3.549553155899047852e-01 2.984205722808837891e+00 -1.444349765777587891e+00 -1.577948406338691711e-02 4.945489883422851562e+00 -1.885653853416442871e+00 1.249728724360466003e-01
9.326849579811096191e-01 -1.617506623268127441e+00 -4.389538466930389404e-01 -5.157284140586853027e-01 -1.497249364852905273e+00 3.474819898605346680e+00 -8.285080790519714355e-01 -1.158571600914001465e+00 -1.185820698738098145e-01 3.326712369918823242e+00 1.730827242136001587e-01 -1.354924917221069336e+00 1.368157267570495605e+00 2.251519113779067993e-01 2.334243774414062500e+00 -2.805313766002655029e-01 3.340470492839813232e-01 -1.814400851726531982e-01 2.369257450103759766e+00 3.071295022964477539e+00
1.959602713584899902e+00 5.212554335594177246e-02 -1.385461568832397461e+00 -2.265807628631591797e+00 4.145233154296875000e+00 -5.502945780754089355e-01 -4.817378044128417969e+00 -5.333132743835449219e-01 -4.108363151550292969e+00 1.225468873977661133e+00 -3.427412748336791992e+00 8.291326761245727539e-01 3.451991081237792969e+00 -2.294093370437622070e+00 2.779712200164794922e+00 -4.400778770446777344e+00 -5.078037738800048828e+00 -2.450632750988006592e-01 -2.064995527267456055e+00 1.599958062171936035e+00
2.792088747024536133e+00 5.859121084213256836e-01 -2.604796648025512695e+00 -1.272667050361633301e+00 -2.935269832611083984e+00 3.049629449844360352e+00 -3.032225370407104492e+00 -6.484543800354003906e+00 2.571957111358642578e-01 3.179511070251464844e+00 2.509111881256103516e+00 2.019303739070892334e-01 1.015860199928283691e+00 2.913014173507690430e+00 1.380110383033752441e+00 2.391265392303466797e+00 7.914520055055618286e-02 2.804937362670898438e+00 -4.564946174621582031e+00 -1.809706449508666992e+00
-1.867000222206115723e+00 1.530739545822143555e+00 3.376642942428588867e+00 -3.298282384872436523e+00 2.645778894424438477e+00 -9.421038031578063965e-01 5.480087995529174805e-01 -1.739122033119201660e+00 5.594732761383056641e+00 1.077749967575073242e+00 -5.516769886016845703e+00 3.010327339172363281e+00 2.518020629882812500e+00 -2.905190587043762207e-01 -2.358496665954589844e+00 -1.009447455406188965e+00 5.275006294250488281e-01 3.270040154457092285e-01 -1.849469780921936035e+00 -2.811218500137329102e+00
-2.575021088123321533e-01 -1.380955457687377930e+00 -1.405839920043945312e+00 -2.744603157043457031e+00 5.413747310638427734e+00 2.402462482452392578e+00 1.054227828979492188e+00 -1.145649671554565430e+00 -7.920017242431640625e-01 3.455818414688110352e+00 -6.064191818237304688e+00 -1.993695497512817383e+00 -1.383647918701171875e+00 -5.509355068206787109e-01 -1.354154348373413086e+00 -1.295363664627075195e+00 3.029907226562500000e+00 5.735439062118530273e-01 8.841332197189331055e-01 -1.675954580307006836e+00
-3.213825941085815430e+00 3.920852422714233398e+00 -2.970323264598846436e-01 3.073789358139038086e+00 -4.547066688537597656e+00 6.810069084167480469e+00 5.217119693756103516e+00 -3.026432752609252930e+00 2.026006460189819336e+00 3.780587762594223022e-02 2.241922855377197266e+00 1.739882230758666992e+00 1.181053638458251953e+00 -6.785931587219238281e-01 1.705573797225952148e+00 -7.816145420074462891e-01 2.058585643768310547e+00 -1.740804314613342285e+00 3.522370159626007080e-01 -1.380917191505432129e+00
-3.934697628021240234e+00 5.522462368011474609e+00 5.604630112648010254e-01 4.463031768798828125e+00 -3.081252813339233398e+00 -8.118799328804016113e-02 -2.022216320037841797e+00 3.062647819519042969e+00 -5.474695682525634766e+00 2.591892957687377930e+00 -1.310676455497741699e+00 -2.051938056945800781e+00 -1.252294063568115234e+00 7.373052239418029785e-01 7.893010377883911133e-01 3.338893353939056396e-01 -2.538949489593505859e+00 1.843178272247314453e+00 1.393904805183410645e+00 -1.655942201614379883e+00
-2.593067586421966553e-01 -7.081364989280700684e-01 1.638477563858032227e+00 -2.384261131286621094e+00 -4.888100147247314453e+00 -1.748311519622802734e-01 7.876007556915283203e-01 -2.411575078964233398e+00 9.852065443992614746e-01 -7.087863922119140625e+00 -9.703263640403747559e-01 -1.661528468132019043e+00 3.915691614151000977e+00 -4.647540152072906494e-01 -3.451378345489501953e+00 -6.107346415519714355e-01 -1.037763237953186035e+00 8.199163079261779785e-01 -6.138028502464294434e-01 3.515237808227539062e+00
3.376335144042968750e+00 1.893968462944030762e+00 2.288635969161987305e+00 4.026442393660545349e-02 1.120748594403266907e-01 7.731437087059020996e-01 1.545762419700622559e+00 1.983505964279174805e+00 -1.389266252517700195e+00 -5.228286385536193848e-01 -1.086864352226257324e+00 -7.393802404403686523e-01 -2.225543737411499023e+00 9.683357477188110352e-01 6.984881758689880371e-01 -2.298731803894042969e+00 -3.178502917289733887e-01 -1.853826761245727539e+00 -2.193790674209594727e+00 1.036491617560386658e-01
7.067905664443969727e-01 -2.754202783107757568e-01 -3.036233663558959961e+00 -7.388538122177124023e-01 -1.854960203170776367e+00 1.092396378517150879e+00 1.871478676795959473e+00 2.298339605331420898e+00 1.125890254974365234e+00 -3.177467823028564453e+00 -1.382854104042053223e+00 -1.437158823013305664e+00 -3.771340131759643555e+00 -3.689720392227172852e+00 4.650997638702392578e+00 2.076233863830566406e+00 -8.018400073051452637e-01 2.838107049465179443e-01 -2.497799634933471680e+00 -2.015104770660400391e+00
4.905422776937484741e-02 -6.257096529006958008e-01 -3.574903011322021484e+00 -1.422035098075866699e+00 4.217592716217041016e+00 -1.413423866033554077e-01 3.169332742691040039e+00 5.681017637252807617e-01 2.320718169212341309e-01 -2.859629154205322266e+00 7.257583737373352051e-02 -1.195002555847167969e+00 2.805086612701416016e+00 -1.278833895921707153e-01 -2.306171357631683350e-01 6.683291912078857422e+00 -1.012629389762878418e+00 -3.329604268074035645e-01 -1.684395194053649902e+00 4.422283172607421875e+00
2.517122745513916016e+00 -2.502549067139625549e-02 -4.225787639617919922e+00 3.361249268054962158e-01 -3.958340883255004883e+00 9.093030095100402832e-01 4.244052171707153320e-01 1.221510529518127441e+00 -1.870490074157714844e+00 -1.089558482170104980e+00 1.965791344642639160e+00 8.328362107276916504e-01 3.640016555786132812e+00 4.450651645660400391e+00 -1.571397900581359863e+00 1.744520902633666992e+00 -2.362713098526000977e+00 -4.986429691314697266e+00 -1.005316257476806641e+00 -5.488339066505432129e-01
7.560226917266845703e-01 1.657414317131042480e+00 -2.414009273052215576e-01 5.362079143524169922e+00 -3.991482019424438477e+00 -2.384736537933349609e-01 1.020380377769470215e+00 2.578539371490478516e+00 5.834797620773315430e-01 -5.441054821014404297e+00 2.499766826629638672e+00 3.437392473220825195e+00 4.465261459350585938e+00 1.409668087959289551e+00 2.433871664106845856e-02 4.140938818454742432e-01 -4.583529472351074219e+00 -2.783309459686279297e+00 1.122556567192077637e+00 -1.638674497604370117e+00
1.098659276962280273e+00 -2.618321776390075684e-01 6.557360172271728516e+00 2.035470008850097656e+00 -3.778672456741333008e+00 -9.015130996704101562e-01 6.337458610534667969e+00 7.192113876342773438e+00 9.411283731460571289e-01 5.137056827545166016e+00 1.584421753883361816e+00 5.544493675231933594e+00 1.910387754440307617e+00 -4.477879524230957031e+00 -1.902515888214111328e+00 2.089506864547729492e+00 -8.095316886901855469e-01 -3.061167716979980469e+00 2.206570863723754883e+00 7.235248088836669922e-01
6.363107562065124512e-01 3.958411931991577148e+00 2.568075180053710938e+00 -5.014314055442810059e-01 3.712946891784667969e+00 -2.972843885421752930e+00 2.463226318359375000e+00 -4.079138755798339844e+00 2.318379878997802734e+00 -3.024068772792816162e-01 5.587104320526123047e+00 5.994222164154052734e+00 -6.061381101608276367e-01 -7.143206000328063965e-01 -1.245395779609680176e+00 3.399440050125122070e+00 -3.420662879943847656e+00 -4.158383846282958984e+00 4.867960929870605469e+00 6.151499748229980469e+00
-8.885921239852905273e-01 3.617269992828369141e+00 4.094172954559326172e+00 -1.870043277740478516e+00 -1.934213161468505859e+00 6.892038881778717041e-02 1.594736695289611816e+00 -4.757336139678955078e+00 9.499536156654357910e-01 2.165481299161911011e-01 -3.649577856063842773e+00 9.335631370544433594e+00 4.099044322967529297e+00 -7.564023137092590332e-01 4.935741424560546875e+00 -8.741413116455078125e+00 -5.902679443359375000e+00 6.326622486114501953e+00 -9.396129846572875977e-01 3.947480678558349609e+00
7.031733512878417969e+00 1.470627307891845703e+00 1.732085943222045898e+00 -2.486455202102661133e+00 -2.088881015777587891e+00 -5.423111915588378906e+00 -6.111857414245605469e+00 -3.360659360885620117e+00 -1.805929541587829590e-01 2.225061893463134766e+00 3.849316120147705078e+00 -7.692236900329589844e-01 6.891497969627380371e-01 -3.245632886886596680e+00 1.179161548614501953e+00 1.645566821098327637e+00 4.434388279914855957e-01 3.018193244934082031e+00 5.403251171112060547e+00 1.086147069931030273e+00
7.720143795013427734e+00 2.024968385696411133e+00 1.523262858390808105e+00 9.075962305068969727e-01 2.867636442184448242e+00 2.304433822631835938e+00 8.794735074043273926e-01 -1.713856101036071777e+00 -1.612003445625305176e+00 -8.682154119014739990e-02 5.290087223052978516e+00 3.435094356536865234e+00 5.445647835731506348e-01 3.308946490287780762e-01 5.764543533325195312e+00 1.179627060890197754e+00 4.913164615631103516e+00 -3.725992679595947266e+00 3.293590307235717773e+00 -3.171005964279174805e+00
9.040405750274658203e-01 -2.094654083251953125e+00 -2.857470512390136719e+00 -2.623621463775634766e+00 2.128420591354370117e+00 1.846703410148620605e+00 -4.845973014831542969e+00 -1.388821482658386230e+00 -4.027019739151000977e-01 4.323567748069763184e-01 4.022790431976318359e+00 -2.037639141082763672e+00 9.353509545326232910e-01 9.976708889007568359e-01 3.705776453018188477e+00 -1.778033673763275146e-01 2.836443424224853516e+00 1.984663724899291992e+00 -2.307450532913208008e+00 5.263792991638183594e+00
-7.241836190223693848e-01 -3.268213510513305664e+00 1.161098852753639221e-01 -8.943116664886474609e-01 1.228929638862609863e+00 2.396338939666748047e+00 -2.183864355087280273e+00 1.428585767745971680e+00 2.342770844697952271e-01 3.187334537506103516e+00 -4.680358469486236572e-01 -7.911049723625183105e-01 1.494824886322021484e+00 -3.219299793243408203e+00 -3.988307416439056396e-01 -1.583629608154296875e+00 2.913597822189331055e+00 1.641090631484985352e+00 -2.323109865188598633e+00 6.125493526458740234e+00
-1.397528648376464844e+00 1.357812285423278809e+00 5.201122760772705078e-01 3.823587417602539062e+00 7.515375018119812012e-01 1.600443124771118164e+00 -2.636936664581298828e+00 4.006941020488739014e-01 2.247214794158935547e+00 3.406488895416259766e+00 2.333569526672363281e+00 1.153283715248107910e+00 1.803122639656066895e+00 -2.068223476409912109e+00 1.272723913192749023e+00 5.464963316917419434e-01 5.023285150527954102e-01 4.494308948516845703e+00 -3.043907880783081055e+00 2.057912588119506836e+00
9.274611473083496094e-01 -4.054231941699981689e-02 1.520913362503051758e+00 -7.996658086776733398e-01 -2.497014045715332031e+00 2.186448812484741211e+00 8.469061553478240967e-02 4.066572785377502441e-01 3.076085090637207031e+00 3.133307218551635742e+00 -1.580608487129211426e-01 -6.903162598609924316e-01 -8.734450340270996094e-01 -3.600239753723144531e+00 3.541567564010620117e+00 1.690615653991699219e+00 1.287223935127258301e+00 2.012833833694458008e+00 -4.096962451934814453e+00 2.447283267974853516e-01
-5.542568206787109375e+00 8.535870313644409180e-01 3.765044212341308594e+00 -1.667879372835159302e-01 -1.535586118698120117e+00 1.054868936538696289e+00 -4.654863834381103516e+00 -4.451998710632324219e+00 -1.013809800148010254e+00 -6.028474569320678711e-01 -4.964243471622467041e-01 3.418052911758422852e+00 4.648596286773681641e+00 -1.713034749031066895e+00 -9.232976436614990234e-01 -3.029036760330200195e+00 4.560364246368408203e+00 -5.524615049362182617e-01 -6.705943942070007324e-01 -2.166636943817138672e+00
-1.506727099418640137e+00 4.512699246406555176e-01 2.934839963912963867e+00 -2.427147865295410156e+00 1.263530731201171875e+00 -2.050074100494384766e+00 -1.557460665702819824e+00 1.974882245063781738e+00 4.560883939266204834e-01 9.606494903564453125e-01 4.130630195140838623e-01 -2.427491903305053711e+00 -3.248379230499267578e-01 -2.290255546569824219e+00 -1.745597600936889648e+00 -1.504672408103942871e+00 -6.541086733341217041e-02 2.479641437530517578e+00 -3.630241870880126953e+00 3.612989664077758789e+00
-3.620987415313720703e+00 6.335115432739257812e-01 1.187780380249023438e+00 8.139324933290481567e-02 -1.709283471107482910e+00 -8.083826899528503418e-01 -4.127850055694580078e+00 2.652315139770507812e+00 3.722515821456909180e+00 1.729963302612304688e+00 6.581491231918334961e-02 1.466329216957092285e+00 -2.492644548416137695e+00 -2.639457702636718750e+00 3.127902984619140625e+00 -2.077567815780639648e+00 8.586924672126770020e-01 -1.467363953590393066e+00 -4.414417743682861328e+00 1.424077272415161133e+00
-5.540240556001663208e-02 -1.872728705406188965e+00 -4.908952116966247559e-01 1.171124339103698730e+00 -1.646872401237487793e+00 4.472869873046875000e+00 -9.887151122093200684e-01 -1.232347488403320312e+00 7.856491804122924805e-01 2.107449293136596680e+00 2.489744186401367188e+00 -5.919884443283081055e-01 6.833716034889221191e-01 1.781986802816390991e-01 4.415260791778564453e+00 9.785395860671997070e-01 1.716760732233524323e-02 1.255897641181945801e+00 1.712093234062194824e+00 2.562106370925903320e+00
1.385973580181598663e-02 4.630579948425292969e-01 8.865115046501159668e-01 -1.711068391799926758e+00 -7.067638635635375977e-02 3.017007350921630859e+00 8.467281460762023926e-01 5.524736046791076660e-01 -1.551012992858886719e+00 1.014653444290161133e+00 -1.184189319610595703e+00 -1.344311833381652832e+00 1.717431545257568359e+00 -1.431969404220581055e+00 7.713221311569213867e-01 -2.731196880340576172e+00 7.307281494140625000e-01 1.124134063720703125e-01 1.322859644889831543e+00 3.660734653472900391e+00
7.803686857223510742e-01 -1.135445356369018555e+00 6.643127202987670898e-01 -1.419763803482055664e+00 -1.492588520050048828e+00 3.252226829528808594e+00 1.866125613451004028e-01 1.078278064727783203e+00 -2.095405817031860352e+00 8.799048662185668945e-01 -1.227596521377563477e+00 -7.832195758819580078e-01 2.452186822891235352e+00 -1.513277411460876465e+00 1.909249901771545410e+00 -1.873624920845031738e+00 3.808748006820678711e+00 -1.302455067634582520e+00 8.465135097503662109e-01 3.604530334472656250e+00
-1.443473339080810547e+00 -1.791984438896179199e+00 -1.295284032821655273e+00 -3.331466391682624817e-02 2.669647932052612305e+00 2.440428495407104492e+00 -3.363850116729736328e+00 -3.877993106842041016e+00 -9.390490651130676270e-01 3.932324647903442383e+00 2.538574934005737305e+00 3.835717737674713135e-01 2.382879018783569336e+00 2.254336833953857422e+00 1.884055972099304199e+00 -3.209115982055664062e+00 -1.236515164375305176e+00 1.878755807876586914e+00 1.421809673309326172e+00 2.408969640731811523e+00
-2.198635339736938477e-01 -8.813771009445190430e-01 1.475374221801757812e+00 -4.035913944244384766e+00 -1.974288225173950195e+00 1.191598773002624512e+00 -1.839269846677780151e-01 -1.995395421981811523e-01 -1.026702046394348145e+00 9.934151768684387207e-01 -8.210468888282775879e-01 -3.168303012847900391e+00 -6.802827864885330200e-02 -8.508774638175964355e-01 2.861721515655517578e+00 3.701030015945434570e-01 9.015669822692871094e-01 -1.007137775421142578e+00 1.626495718955993652e+00 1.800597310066223145e+00
-1.520275831222534180e+00 1.676830053329467773e+00 9.704915285110473633e-01 -2.379634857177734375e+00 -1.307146787643432617e+00 2.133646488189697266e+00 -3.051663160324096680e+00 -4.108627885580062866e-02 -6.980314254760742188e-01 -3.974033594131469727e+00 1.007398605346679688e+00 -2.437799453735351562e+00 -9.855634570121765137e-01 -2.336220264434814453e+00 3.885833740234375000e+00 -5.052738189697265625e-01 9.504107236862182617e-01 -7.557228207588195801e-01 1.491748094558715820e-01 3.657875299453735352e+00
-6.780819296836853027e-01 7.943516969680786133e-01 2.261476755142211914e+00 -1.082720875740051270e+00 2.033916711807250977e+00 4.827083587646484375e+00 -2.064251452684402466e-01 2.094891309738159180e+00 -3.972196578979492188e-01 4.083927631378173828e+00 1.718870520591735840e+00 -1.842968702316284180e+00 -6.278150081634521484e-01 3.612522840499877930e+00 -6.584637761116027832e-01 -9.891508221626281738e-01 -3.533539295196533203e+00 8.737736940383911133e-01 3.655197620391845703e+00 3.422489404678344727e+00
-3.693999767303466797e+00 7.730154395103454590e-01 1.314681053161621094e+00 -1.462475061416625977e+00 1.188435077667236328e+00 -3.557063639163970947e-01 -4.312427043914794922e+00 5.801513195037841797e-01 -4.059135317802429199e-01 -5.673842877149581909e-02 3.419032096862792969e-01 -9.012843370437622070e-01 6.666117310523986816e-01 -9.460935592651367188e-01 -1.969195008277893066e+00 -4.700341701507568359e+00 4.003306388854980469e+00 9.266027808189392090e-01 2.839628839865326881e-03 2.031181335449218750e+00
2.563010931015014648e+00 2.968949556350708008e+00 8.536246418952941895e-01 1.735755562782287598e+00 5.153658986091613770e-01 5.007849693298339844e+00 -2.869548797607421875e+00 -1.779586434364318848e+00 1.284935593605041504e+00 2.685382962226867676e-01 2.144142389297485352e+00 -5.507534146308898926e-01 -1.651948928833007812e+00 1.205414652824401855e+00 1.359999299049377441e+00 -9.756057858467102051e-01 -5.461812496185302734e+00 3.522950887680053711e+00 -1.816296577453613281e+00 -3.321268856525421143e-01
1.279677510261535645e+00 -2.249895095825195312e+00 4.845277309417724609e+00 -3.080573797225952148e+00 2.380584478378295898e+00 -2.326309204101562500e+00 4.350427687168121338e-01 -3.727108478546142578e+00 6.330783367156982422e+00 1.004563570022583008e+00 -3.881817340850830078e+00 -3.108031153678894043e-01 -1.457857489585876465e+00 -9.282194972038269043e-01 2.020552396774291992e+00 -7.588546872138977051e-01 -4.352543830871582031e+00 4.016335010528564453e+00 -2.393566220998764038e-01 -2.107625246047973633e+00
5.234109163284301758e-01 -4.058187603950500488e-01 1.408942461013793945e+00 -1.986926436424255371e+00 3.988779306411743164e+00 2.143472909927368164e+00 1.928345799446105957e+00 -2.910110473632812500e+00 1.412249684333801270e+00 4.233773708343505859e+00 -4.591011047363281250e+00 4.943638324737548828e+00 2.289727687835693359e+00 -3.934612989425659180e+00 4.191889464855194092e-01 -1.591167569160461426e+00 -3.469602108001708984e+00 2.765521049499511719e+00 -2.821893215179443359e+00 -3.371243476867675781e+00
2.674437046051025391e+00 4.594242572784423828e+00 1.464689850807189941e+00 5.939531326293945312e-01 4.247234344482421875e+00 -3.957113325595855713e-01 2.068956941366195679e-01 -3.320163011550903320e+00 5.418992042541503906e+00 -2.903509378433227539e+00 -5.510974407196044922e+00 3.622826576232910156e+00 5.454907417297363281e+00 -2.557763576507568359e+00 -1.543967008590698242e+00 -5.309566497802734375e+00 -4.616871356964111328e+00 -1.965155243873596191e+00 2.913130819797515869e-01 2.608719348907470703e+00
2.119630813598632812e+00 -4.621066570281982422e+00 3.272033631801605225e-01 -3.364861249923706055e+00 8.150277733802795410e-01 1.205392003059387207e+00 9.096141457557678223e-01 7.224026322364807129e-01 -2.580360651016235352e+00 -6.308114528656005859e+00 -1.558529734611511230e-01 -1.717276334762573242e+00 -1.222275376319885254e+00 -2.806672573089599609e+00 -3.589326858520507812e+00 -5.514789581298828125e+00 -3.513636589050292969e+00 3.224432229995727539e+00 -5.339180946350097656e+00 -4.884607315063476562e+00
-2.100433349609375000e+00 7.794829010963439941e-01 -3.954609155654907227e+00 -4.107032299041748047e+00 2.096471548080444336e+00 3.601180791854858398e+00 -6.792553663253784180e-01 -2.589430570602416992e+00 -9.419084787368774414e-01 -3.656953871250152588e-01 -2.694727182388305664e+00 -1.120406389236450195e+00 -8.171468377113342285e-01 -2.174598693847656250e+00 3.141054511070251465e-01 6.545174717903137207e-01 4.712913513183593750e+00 -3.946792125701904297e+00 -3.048702716827392578e+00 7.079132795333862305e-01
-1.206752419471740723e+00 1.154919862747192383e+00 -5.118296146392822266e+00 -2.659754514694213867e+00 -2.349880695343017578e+00 4.343504428863525391e+00 2.283641338348388672e+00 -5.708359718322753906e+00 4.829908311367034912e-01 -2.784428559243679047e-02 -1.342652082443237305e+00 8.778470158576965332e-01 5.997657775878906250e-01 3.838959336280822754e-01 -1.412679433822631836e+00 -2.664568461477756500e-02 -3.847337007522583008e+00 -4.347052097320556641e+00 -2.024507522583007812e+00 -2.441252470016479492e+00
-1.459099054336547852e+00 4.143507957458496094e+00 -2.720062732696533203e+00 2.191464900970458984e+00 3.242479085922241211e+00 -2.677108526229858398e+00 3.913805246353149414e+00 -3.089913129806518555e-01 2.050462722778320312e+00 -4.578876972198486328e+00 -6.781316399574279785e-01 -8.441109061241149902e-01 -2.104349613189697266e+00 -1.737503767013549805e+00 7.610765695571899414e-01 -1.011784911155700684e+00 -1.828960895538330078e+00 -3.614672422409057617e+00 6.054823994636535645e-01 3.042106032371520996e-01
8.479718565940856934e-01 1.829565644264221191e+00 3.499752879142761230e-01 2.474585056304931641e+00 1.677249550819396973e+00 -1.138922095298767090e+00 1.886809349060058594e+00 -1.558713436126708984e+00 -1.316587090492248535e+00 -5.491449356079101562e+00 -4.352250099182128906e+00 1.292699337005615234e+00 1.607738733291625977e+00 -1.785601496696472168e+00 1.708410501480102539e+00 -6.900568604469299316e-01 5.165851593017578125e+00 -3.938444554805755615e-01 -1.344202160835266113e+00 3.112921476364135742e+00
4.263606071472167969e+00 -1.155458211898803711e+00 -7.198672890663146973e-01 1.406477570533752441e+00 1.250135064125061035e+00 -2.814099311828613281e+00 1.717884659767150879e+00 1.997607827186584473e+00 5.668314099311828613e-01 1.025594353675842285e+00 -2.530264139175415039e+00 -1.853072166442871094e+00 -1.905351638793945312e+00 2.415152072906494141e+00 1.270158290863037109e-01 3.272268056869506836e+00 1.061217546463012695e+00 3.480235338211059570e+00 -4.064501285552978516e+00 2.979039430618286133e+00
4.846004009246826172e+00 1.183299049735069275e-01 -1.396879911422729492e+00 -4.318716526031494141e+00 9.700746536254882812e-01 3.133654356002807617e+00 -1.083265304565429688e+00 -4.521959125995635986e-01 3.030941009521484375e+00 -4.162982463836669922e+00 4.214170277118682861e-01 -1.671547889709472656e+00 -4.555237293243408203e+00 3.166441202163696289e+00 -8.308264017105102539e-01 -3.431003093719482422e+00 -4.935836791992187500e-02 -5.248622417449951172e+00 1.991872191429138184e+00 -2.741107463836669922e+00
2.747856080532073975e-02 -3.358893632888793945e+00 -4.429462432861328125e+00 -3.152776956558227539e+00 -4.462896823883056641e+00 1.400627791881561279e-01 -4.184923171997070312e+00 -2.349073648452758789e+00 2.983711004257202148e+00 2.278991937637329102e+00 2.988757610321044922e+00 4.949291706085205078e+00 4.658127427101135254e-01 -9.813593626022338867e-01 -6.030588626861572266e+00 6.337945938110351562e+00 1.463551163673400879e+00 2.020159922540187836e-02 -9.923485517501831055e-01 -3.997863769531250000e+00
-2.076159477233886719e+00 2.484458684921264648e+00 -4.216831207275390625e+00 8.960840225219726562e+00 3.029379606246948242e+00 -4.395453035831451416e-01 2.695510625839233398e+00 1.099095726013183594e+01 3.784053564071655273e+00 4.237881183624267578e+00 3.068505525588989258e+00 -9.424712657928466797e-01 3.423015832901000977e+00 -1.788100481033325195e+00 7.541969418525695801e-01 6.527607440948486328e-01 -1.295660376548767090e+00 -5.105336666107177734e+00 -2.383475065231323242e+00 5.262329578399658203e+00
-1.616289854049682617e+00 -3.782883167266845703e+00 5.123324990272521973e-01 -7.413991689682006836e-01 -1.602746248245239258e+00 4.873852729797363281e+00 -3.662180185317993164e+00 5.394098758697509766e+00 1.737829685211181641e+00 -1.518561840057373047e+00 3.903229832649230957e-01 9.896813631057739258e-01 1.645159244537353516e+00 1.324553728103637695e+00 -4.619111061096191406e+00 -7.811459302902221680e-01 5.072957515716552734e+00 1.291103482246398926e+00 -4.685867428779602051e-01 2.699784755706787109e+00
2.891489505767822266e+00 -3.570609092712402344e+00 1.542073249816894531e+00 -4.727191925048828125e+00 -9.415613412857055664e-01 6.152282357215881348e-01 4.450023472309112549e-01 -4.504221975803375244e-01 -4.067809581756591797e-01 -1.707383990287780762e-01 -4.279702186584472656e+00 -2.123380899429321289e+00 -5.257310867309570312e+00 2.613351345062255859e+00 4.122921466827392578e+00 3.700061798095703125e+00 -5.895258903503417969e+00 -8.945387601852416992e-01 -3.537606954574584961e+00 -1.649123907089233398e+00
-1.724766254425048828e+00 7.715290188789367676e-01 2.019160747528076172e+00 -4.467385292053222656e+00 -2.563899755477905273e+00 -3.912516117095947266e+00 6.204388141632080078e-01 -7.517729401588439941e-01 3.861460208892822266e+00 -2.927518844604492188e+00 1.394504666328430176e+00 3.235188007354736328e+00 -1.361246347427368164e+00 3.012324869632720947e-01 -5.374244973063468933e-02 8.709414005279541016e-01 3.338794469833374023e+00 1.635500192642211914e+00 2.407028913497924805e+00 1.738336086273193359e+00
5.156288623809814453e+00 -4.242941737174987793e-01 -5.067464351654052734e+00 4.640271663665771484e+00 -8.756890296936035156e-01 3.922790765762329102e+00 1.974978327751159668e+00 -8.354998588562011719e+00 9.204352498054504395e-01 -5.442099094390869141e+00 1.273623347282409668e+00 2.333952665328979492e+00 2.449226379394531250e+00 -2.503409624099731445e+00 1.401269197463989258e+00 -2.494960546493530273e+00 -2.789437770843505859e+00 -3.398393690586090088e-01 7.249838113784790039e-01 1.861106038093566895e+00
6.931136608123779297e+00 4.186038017272949219e+00 -3.724708557128906250e+00 -6.868328094482421875e+00 3.508636236190795898e+00 -9.834230542182922363e-01 -1.177059412002563477e+00 -2.330330133438110352e+00 -2.372648477554321289e+00 4.065425872802734375e+00 -2.220445156097412109e+00 -3.499772787094116211e+00 -4.348891258239746094e+00 5.804238796234130859e+00 -1.672788858413696289e+00 -1.042442023754119873e-01 -1.674365878105163574e+00 -3.131335496902465820e+00 4.695134162902832031e+00 2.908673286437988281e+00
-5.899216175079345703e+00 -1.557951807975769043e+00 -1.278441429138183594e+00 -3.121264874935150146e-01 8.263309597969055176e-01 5.764957070350646973e-01 -2.461624741554260254e-01 -8.879287242889404297e-01 3.312709331512451172e+00 6.079535961151123047e+00 1.454334378242492676e+00 2.414276361465454102e+00 -1.946951985359191895e+00 1.043064832687377930e+00 3.543532371520996094e+00 -3.730514287948608398e+00 4.338552474975585938e+00 5.249633789062500000e-01 -1.585629940032958984e+00 -3.125461578369140625e+00
4.177693367004394531e+00 -7.337630987167358398e-01 1.554484963417053223e+00 -8.265972137451171875e+00 -5.488761425018310547e+00 2.858513832092285156e+00 6.020523071289062500e+00 4.392990171909332275e-01 -8.277141451835632324e-01 -4.726290702819824219e-01 -7.187699317932128906e+00 -3.422927141189575195e+00 1.155205249786376953e+00 2.921781778335571289e+00 -4.762090682983398438e+00 -2.460409164428710938e+00 5.125710368156433105e-01 2.511991739273071289e+00 -1.825032949447631836e+00 -2.738237142562866211e+00
-2.775823831558227539e+00 2.968430995941162109e+00 3.314664125442504883e+00 -5.803236484527587891e+00 3.139529943466186523e+00 1.131812334060668945e+00 7.358081340789794922e-01 -1.218883872032165527e+00 4.136986255645751953e+00 2.031948566436767578e+00 -1.511866807937622070e+00 -2.034243822097778320e+00 3.320252597332000732e-01 1.421313405036926270e+00 1.597544550895690918e-01 -1.256377339363098145e+00 -3.022814035415649414e+00 6.309168338775634766e-01 4.436964035034179688e+00 2.481143951416015625e+00
6.992502212524414062e-01 2.927369832992553711e+00 2.318614959716796875e+00 -3.180303573608398438e+00 1.586606621742248535e+00 -1.361555695533752441e+00 -2.782568216323852539e+00 2.341035366058349609e+00 2.801431894302368164e+00 4.261059761047363281e+00 -5.045113563537597656e+00 2.480738162994384766e+00 1.792704105377197266e+00 -1.312937617301940918e+00 1.631633043289184570e+00 -4.553518772125244141e+00 3.627270936965942383e+00 -4.479437828063964844e+00 -9.736654758453369141e-01 -4.051783978939056396e-01
1.012503147125244141e+00 3.414113283157348633e+00 1.109494447708129883e+00 -3.317903757095336914e+00 -4.488716602325439453e+00 4.186270236968994141e+00 -3.372077941894531250e+00 -1.846609354019165039e+00 -2.377628721296787262e-02 -6.041765809059143066e-01 -1.256065845489501953e+00 -3.363966464996337891e+00 4.077137708663940430e-01 1.862348675727844238e+00 -4.397757053375244141e+00 -8.757797479629516602e-01 2.113739997148513794e-01 5.669665932655334473e-01 1.129300236701965332e+00 2.203635215759277344e+00
