5.911210536956787109e+00 3.251430988311767578e-01 -5.384237766265869141e+00 1.959298372268676758e+00 6.084226608276367188e+00 -6.248362541198730469e+00 5.875287577509880066e-03 1.548056364059448242e+00 -3.246287345886230469e+00 -3.227222919464111328e+00 7.990959882736206055e-01 -3.103507518768310547e+00 5.188496112823486328e+00 6.411210536956787109e+00 -1.374251246452331543e+00 1.206041812896728516e+00 -3.112537860870361328e+00 1.554984569549560547e+00 3.566350638866424561e-01 -2.425135374069213867e+00
6.259071826934814453e+00 1.490281820297241211e+00 4.832707881927490234e+00 -3.406944513320922852e+00 -1.450955986976623535e+00 -2.575325250625610352e+00 4.915883541107177734e+00 2.254724979400634766e+00 -5.052719593048095703e+00 3.646198987960815430e+00 -2.473689079284667969e+00 1.115238070487976074e+00 -4.322708606719970703e+00 2.307878255844116211e+00 -3.808776617050170898e+00 -1.320729970932006836e+00 -1.667857319116592407e-01 6.274818181991577148e-01 1.475571751594543457e+00 -2.330486059188842773e+00
-4.058311462402343750e+00 -8.776928782463073730e-01 1.498746991157531738e+00 1.893168210983276367e+00 9.260610342025756836e-01 -1.485138058662414551e+00 -1.690857172012329102e+00 2.181270360946655273e+00 -3.626605272293090820e+00 -2.612210035324096680e+00 2.882923603057861328e+00 1.773327827453613281e+00 3.112987875938415527e-01 -7.947487235069274902e-01 -2.425957679748535156e+00 -1.214393019676208496e+00 1.097952127456665039e+00 1.179936885833740234e+00 6.417438983917236328e-01 4.285592436790466309e-01
-4.619878292083740234e+00 5.449811220169067383e-01 1.110389471054077148e+00 1.029115676879882812e+00 8.333672285079956055e-01 2.202531099319458008e-01 1.147183060646057129e+00 -5.685714244842529297e+00 -2.947163283824920654e-01 8.327248692512512207e-01 1.029132127761840820e+00 -5.353767395019531250e+00 3.248335793614387512e-02 -3.668013811111450195e-01 -1.379431724548339844e+00 -1.434106469154357910e+00 -2.494342088699340820e+00 1.358690500259399414e+00 1.827690005302429199e+00 1.090253949165344238e+00
1.990388989448547363e+00 -8.749999403953552246e-01 -1.809676289558410645e+00 -3.102874040603637695e+00 4.127211570739746094e-01 -2.372887134552001953e+00 2.933326244354248047e+00 -5.168594121932983398e-01 4.550925731658935547e+00 -9.911602735519409180e-01 -2.682703256607055664e+00 -1.547346591949462891e+00 2.125232934951782227e+00 -3.308384895324707031e+00 3.839596271514892578e+00 -5.028604507446289062e+00 1.505240440368652344e+00 2.238619565963745117e+00 -3.504143476486206055e+00 -3.501814365386962891e+00
-2.807076692581176758e+00 6.964005827903747559e-01 -2.497765064239501953e+00 6.046636104583740234e+00 4.608589649200439453e+00 4.885948657989501953e+00 -2.685267329216003418e-01 -2.151715904474258423e-01 9.051055312156677246e-01 2.782505512237548828e+00 6.316070556640625000e+00 -3.232066869735717773e+00 -2.821748256683349609e+00 1.977094888687133789e+00 -2.949851453304290771e-01 6.547162055969238281e+00 -1.083718419075012207e+00 3.513532400131225586e+00 -1.617297083139419556e-01 4.815374374389648438e+00
-3.345951080322265625e+00 -5.676820278167724609e-01 -4.204849243164062500e+00 -7.981212735176086426e-01 2.960810422897338867e+00 -5.078593254089355469e+00 5.776991844177246094e+00 -1.316896677017211914e+00 2.705023527145385742e+00 -1.960764050483703613e+00 2.778251171112060547e+00 3.515693426132202148e+00 5.084387063980102539e-01 2.656340122222900391e+00 -3.016370296478271484e+00 -4.826328754425048828e+00 -8.825863897800445557e-02 -2.970835208892822266e+00 1.762276172637939453e+00 2.266676902770996094e+00
7.298101902008056641e+00 -4.873381614685058594e+00 -9.209218621253967285e-01 3.083200216293334961e+00 -3.470675945281982422e-01 2.111955165863037109e+00 1.324450492858886719e+00 -1.809875488281250000e+00 -5.720442295074462891e+00 -1.311793446540832520e+00 -1.759673476219177246e+00 4.541915655136108398e-01 6.705811619758605957e-02 -1.360294222831726074e+00 -2.346198797225952148e+00 -1.902129888534545898e+00 3.325623989105224609e+00 -8.423686027526855469e-01 -1.845863342285156250e+00 4.006999135017395020e-01
-6.416625380516052246e-01 7.063003182411193848e-01 -5.939081192016601562e+00 3.840882539749145508e+00 -1.367556452751159668e+00 5.571248531341552734e-01 1.682688474655151367e+00 -3.444743633270263672e+00 -4.127030670642852783e-01 8.098981380462646484e-01 2.117484569549560547e+00 1.073653221130371094e+00 -1.533746957778930664e+00 1.321243286132812500e+00 1.206419110298156738e+00 7.342157363891601562e+00 -1.356233596801757812e+00 2.588275671005249023e+00 4.176572322845458984e+00 1.553295731544494629e+00
6.528079509735107422e-01 7.381202697753906250e+00 -6.584653854370117188e-01 -3.156367063522338867e+00 -2.056830167770385742e+00 1.745504856109619141e+00 6.990199685096740723e-01 -2.394628524780273438e+00 1.068360447883605957e+00 -4.423722267150878906e+00 -2.621901333332061768e-01 -9.237064719200134277e-01 -3.054314851760864258e+00 -1.725902676582336426e+00 2.461272627115249634e-01 2.520792782306671143e-01 1.313545107841491699e+00 5.687386989593505859e-01 -4.737550735473632812e+00 4.045814037322998047e+00
2.300910472869873047e+00 -1.768671870231628418e+00 -2.168315798044204712e-01 -1.184055685997009277e+00 -9.414416551589965820e-01 -3.180585145950317383e+00 1.936364054679870605e+00 1.714314460754394531e+00 1.564992070198059082e+00 -1.649755835533142090e+00 -2.071125268936157227e+00 -1.073816061019897461e+00 3.509998559951782227e+00 1.839501380920410156e+00 4.968593716621398926e-01 -2.900766134262084961e+00 -2.139328241348266602e+00 -4.952811077237129211e-02 3.809900045394897461e+00 6.869708299636840820e-01
6.111176684498786926e-02 2.936400413513183594e+00 1.285153985023498535e+00 3.384114503860473633e-01 2.196233034133911133e+00 -1.379064440727233887e+00 -1.233510255813598633e+00 -2.991069316864013672e+00 1.774882674217224121e+00 -1.239588737487792969e+00 -6.260571479797363281e-01 -4.143059253692626953e+00 6.566184759140014648e-01 -2.055338382720947266e+00 -2.154703378677368164e+00 -4.459354400634765625e+00 -5.108211040496826172e+00 -4.200193583965301514e-01 2.607887983322143555e+00 -3.521358251571655273e+00
-4.307905197143554688e+00 1.184920221567153931e-01 4.729583561420440674e-01 4.362235069274902344e+00 -7.871829867362976074e-01 3.034046649932861328e+00 2.778382778167724609e+00 1.305086374282836914e+00 1.597220897674560547e+00 1.748963952064514160e+00 -2.363460302352905273e+00 3.390087604522705078e+00 1.647856235504150391e+00 3.861902236938476562e+00 -6.106152534484863281e-01 -1.715778827667236328e+00 -1.211454272270202637e+00 -4.237015247344970703e+00 -1.924363970756530762e+00 1.157595157623291016e+00
-2.426404953002929688e+00 9.181619882583618164e-01 -4.901422500610351562e+00 -1.938993036746978760e-01 -1.134960651397705078e+00 1.029427886009216309e+00 2.937765359878540039e+00 4.415667057037353516e-01 1.342792391777038574e+00 3.427645683288574219e+00 -1.878822207450866699e+00 -2.455696344375610352e+00 3.935484647750854492e+00 3.894658803939819336e+00 5.496108055114746094e+00 -7.521125674247741699e-01 1.895514369010925293e+00 4.333537578582763672e+00 -2.461801767349243164e+00 1.436165452003479004e+00
-2.728995323181152344e+00 2.689542531967163086e+00 -1.428215503692626953e+00 -6.087933063507080078e+00 -1.538701176643371582e+00 1.949207067489624023e+00 2.573834419250488281e+00 -1.710959196090698242e+00 -5.570895671844482422e+00 -3.414030075073242188e+00 -4.424314975738525391e+00 4.082174301147460938e+00 -1.971704959869384766e+00 6.456812381744384766e+00 -9.750513434410095215e-01 -1.797735214233398438e+00 5.378880977630615234e+00 3.123224496841430664e+00 4.820037364959716797e+00 -1.672256469726562500e+00
-1.256352186203002930e+00 2.128316164016723633e+00 1.621402144432067871e+00 2.039152145385742188e+00 -1.086217761039733887e+00 -2.669732332229614258e+00 -1.196310877799987793e+00 6.865371227264404297e+00 6.245102882385253906e+00 -8.852640986442565918e-01 -4.970372200012207031e+00 -9.587615728378295898e-01 5.597043037414550781e-01 9.679387807846069336e-01 -3.394789934158325195e+00 3.749014139175415039e+00 3.580807447433471680e+00 -5.357712507247924805e-01 -2.177181959152221680e+00 3.596055269241333008e+00
-2.814405679702758789e+00 -6.212188243865966797e+00 2.732970952987670898e+00 1.015248179435729980e+00 -2.194330692291259766e+00 -2.792476654052734375e+00 -2.373154163360595703e-01 4.334758281707763672e+00 -7.112215757369995117e-01 -2.075338840484619141e+00 -9.640521407127380371e-01 -2.140591859817504883e+00 -1.547625064849853516e+00 -1.698732852935791016e+00 -2.060855388641357422e+00 2.687252759933471680e+00 7.036703109741210938e+00 2.620794057846069336e+00 3.051407575607299805e+00 -3.610515356063842773e+00
7.653577923774719238e-01 6.354551911354064941e-01 -2.266999721527099609e+00 -1.092268228530883789e+00 -2.570288181304931641e+00 6.282395839691162109e+00 -7.017319202423095703e-01 9.640391469001770020e-01 9.306602478027343750e-01 1.490207791328430176e+00 1.006923913955688477e+00 1.807931065559387207e+00 -4.129743099212646484e+00 2.140679210424423218e-01 1.722806692123413086e+00 -1.556503653526306152e+00 1.454141974449157715e+00 -5.493932247161865234e+00 1.993815898895263672e+00 4.220830440521240234e+00
-3.257882833480834961e+00 -2.097352743148803711e+00 2.765228748321533203e+00 3.535060167312622070e+00 8.624534606933593750e-01 -1.973947882652282715e+00 3.302366495132446289e+00 1.703383445739746094e+00 2.263655662536621094e+00 -2.889214277267456055e+00 -8.666604161262512207e-01 -1.918622374534606934e+00 -7.785948514938354492e-01 1.051348924636840820e+00 -5.558007359504699707e-01 3.064165353775024414e+00 4.755487143993377686e-01 1.671425342559814453e+00 -1.120578289031982422e+00 -5.448302268981933594e+00
2.538961172103881836e+00 -2.680792212486267090e-01 2.672259807586669922e+00 1.968763351440429688e+00 1.515715599060058594e+00 3.429638445377349854e-01 -4.724697113037109375e+00 -1.445012331008911133e+00 -1.969404339790344238e+00 -1.319559931755065918e+00 -1.653073191642761230e+00 5.611437320709228516e+00 -8.198021054267883301e-01 -4.402898788452148438e+00 3.028550148010253906e+00 2.295783281326293945e+00 -2.324096679687500000e+00 5.107100009918212891e+00 1.740849465131759644e-01 9.210018068552017212e-02
6.487678885459899902e-01 -1.909918785095214844e+00 2.714897155761718750e+00 1.303343653678894043e+00 -1.362517476081848145e+00 -1.095417976379394531e+00 3.422769308090209961e-01 -1.644335746765136719e+00 2.867973089218139648e+00 -1.207862138748168945e+00 5.425181984901428223e-01 -9.421647787094116211e-01 6.794692277908325195e-01 3.068042039871215820e+00 2.033255815505981445e+00 1.229109525680541992e+00 6.781189441680908203e-01 4.235969543457031250e+00 -2.818989753723144531e+00 -1.471585512161254883e+00
-2.143129348754882812e+00 4.150206148624420166e-01 2.648061752319335938e+00 2.181689500808715820e+00 -4.515438675880432129e-01 1.830436825752258301e+00 -7.520298361778259277e-01 -3.427897214889526367e+00 -3.151960372924804688e-01 7.174460291862487793e-01 3.858061730861663818e-01 -5.377812385559082031e-01 -6.794624924659729004e-01 4.068370819091796875e+00 -1.792459636926651001e-01 -2.065885663032531738e-01 9.559383988380432129e-02 4.999320507049560547e+00 1.659495756030082703e-02 2.645853519439697266e+00
4.916589260101318359e-01 6.887655258178710938e-01 -5.621917247772216797e-01 -1.583152294158935547e+00 3.670489549636840820e+00 3.848302841186523438e+00 -1.364676833152770996e+00 1.363676190376281738e-01 -4.010104179382324219e+00 -1.943446755409240723e+00 -2.207502126693725586e+00 7.768647670745849609e-01 -1.616739749908447266e+00 3.558747768402099609e+00 -4.678397253155708313e-02 9.293172359466552734e-01 7.076222896575927734e-01 -1.049760341644287109e+00 -2.119971215724945068e-01 8.941345214843750000e-01
-1.398582458496093750e+00 5.904967784881591797e-01 -1.316709637641906738e+00 5.884287953376770020e-01 -2.249738216400146484e+00 -1.039316177368164062e+00 -8.965356945991516113e-01 1.777242779731750488e+00 -3.461420059204101562e+00 1.383349180221557617e+00 2.078468322753906250e+00 1.685402989387512207e+00 -3.799354314804077148e+00 5.859951019287109375e+00 -1.149780511856079102e+00 1.072724699974060059e+00 3.923957049846649170e-02 6.941186428070068359e+00 -8.378084301948547363e-01 -4.560674190521240234e+00
2.171440601348876953e+00 6.843397617340087891e-01 -1.349915385246276855e+00 -2.134444475173950195e+00 1.902862906455993652e+00 2.198801755905151367e+00 4.449400007724761963e-01 2.906603574752807617e+00 1.721714854240417480e+00 -4.254096448421478271e-01 -1.382209897041320801e+00 -1.549634695053100586e+00 -8.433863520622253418e-01 -2.248210906982421875e-01 1.287906050682067871e+00 1.265124082565307617e+00 1.766954779624938965e+00 -2.123388051986694336e+00 2.553733587265014648e+00 1.476295590400695801e+00
2.822324514389038086e+00 -1.385049581527709961e+00 -5.094361305236816406e-01 -1.337698340415954590e+00 6.121899604797363281e+00 6.315917372703552246e-01 3.444968163967132568e-01 -1.859327316284179688e+00 1.532359957695007324e+00 1.144701361656188965e+00 -2.651371657848358154e-01 2.118108510971069336e+00 -7.635813355445861816e-01 -2.918468713760375977e-01 2.998376131057739258e+00 1.178267240524291992e+00 -1.547928571701049805e+00 2.872909784317016602e+00 -1.599101722240447998e-01 3.219669342041015625e+00
8.804848790168762207e-01 6.769188046455383301e-01 8.079754710197448730e-01 -3.694228887557983398e+00 5.053925991058349609e+00 1.139813780784606934e+00 -7.965520024299621582e-01 -5.246646404266357422e-01 -4.698441624641418457e-01 -1.235562324523925781e+00 -3.202960193157196045e-01 -1.940378785133361816e+00 1.315813422203063965e+00 1.458601593971252441e+00 1.090311527252197266e+00 1.432926297187805176e+00 3.853505551815032959e-01 2.646619558334350586e+00 -7.854924201965332031e-01 2.744891881942749023e+00
4.526112079620361328e-01 -1.871175169944763184e+00 -5.797683000564575195e-01 -3.693641185760498047e+00 1.460514187812805176e+00 7.063639163970947266e-01 2.503875732421875000e+00 4.285587310791015625e+00 4.959991276264190674e-01 3.652206659317016602e-01 1.019893884658813477e+00 -1.074783563613891602e+00 2.926808834075927734e+00 -1.272820711135864258e+00 -8.291816115379333496e-01 -3.102961182594299316e-01 -3.583068370819091797e+00 -1.473322212696075439e-01 3.293662965297698975e-01 1.860068678855895996e+00
-1.321345329284667969e+00 1.307562470436096191e+00 -2.024635314941406250e+00 9.296611547470092773e-01 -2.249049186706542969e+00 -2.222018986940383911e-01 -1.014954805374145508e+00 6.426340579986572266e+00 -3.584598779678344727e+00 1.843629717826843262e+00 8.085100650787353516e-01 2.140276432037353516e+00 1.915330410003662109e+00 4.239490926265716553e-01 -1.440287470817565918e+00 -1.092295348644256592e-01 -1.244990155100822449e-01 1.041305661201477051e+00 1.508655905723571777e+00 -3.518244266510009766e+00
-1.429800152778625488e+00 4.236349463462829590e-01 -3.527172803878784180e+00 2.536493539810180664e+00 -3.912346601486206055e+00 3.764404773712158203e+00 2.226221323013305664e+00 2.023425102233886719e+00 -8.734189867973327637e-01 9.036777615547180176e-01 -8.671236634254455566e-01 -2.448335409164428711e+00 -3.552299499511718750e+00 -3.597350835800170898e+00 3.687475442886352539e+00 -1.456186652183532715e+00 4.258747100830078125e+00 -3.116148233413696289e+00 2.602100074291229248e-01 -2.944753170013427734e-01
2.117678880691528320e+00 1.316084980964660645e+00 9.277693182229995728e-02 -4.987841129302978516e+00 -1.225994229316711426e+00 4.219421863555908203e+00 2.561043977737426758e+00 -2.837327003479003906e+00 1.846767067909240723e-01 -1.659129619598388672e+00 1.693564653396606445e+00 -5.822687625885009766e+00 3.362081646919250488e-01 -2.895943164825439453e+00 1.603260874748229980e+00 1.505715131759643555e+00 -1.038081645965576172e+00 1.281897127628326416e-01 -1.832352727651596069e-01 3.330094575881958008e+00
8.813012242317199707e-01 1.210753321647644043e-01 -5.136080980300903320e-01 -1.808401465415954590e+00 -1.182972550392150879e+00 1.235044836997985840e+00 -2.645288944244384766e+00 -4.982984960079193115e-01 1.425196528434753418e+00 -2.299876213073730469e+00 -1.242912888526916504e+00 -2.462234906852245331e-02 2.717079877853393555e+00 -2.574927806854248047e-01 -5.279783010482788086e-01 -4.011204242706298828e+00 -5.696095943450927734e+00 -1.463428616523742676e+00 -7.340773940086364746e-01 9.766048789024353027e-01
-6.077748775482177734e+00 2.190002948045730591e-01 -3.561192274093627930e+00 7.565032243728637695e-01 -1.957223892211914062e+00 5.829464912414550781e+00 -2.144524812698364258e+00 -2.191303014755249023e+00 -2.419917345046997070e+00 -4.630364418029785156e+00 6.708804130554199219e+00 7.293196916580200195e-01 5.877342224121093750e+00 -3.666282415390014648e+00 -2.324473619461059570e+00 3.392476558685302734e+00 -4.442637443542480469e+00 7.150299847126007080e-02 -4.922306537628173828e+00 -2.360054254531860352e+00
3.187707901000976562e+00 -5.594960451126098633e-01 -2.649912357330322266e+00 1.474159479141235352e+00 -4.107428193092346191e-01 2.221377611160278320e+00 2.947081804275512695e+00 5.725265979766845703e+00 -1.527614712715148926e+00 1.781684279441833496e+00 2.462116777896881104e-01 4.408215522766113281e+00 -6.100492954254150391e+00 1.474154829978942871e+00 -3.608190774917602539e+00 -2.590158939361572266e+00 -3.511716604232788086e+00 6.135123729705810547e+00 4.321765601634979248e-01 7.981546521186828613e-01
-4.244048595428466797e+00 -1.531449913978576660e+00 -1.003520131111145020e+00 5.292572975158691406e-01 -1.530327439308166504e+00 2.024022489786148071e-01 -1.894331812858581543e+00 -5.912193059921264648e-01 9.589434862136840820e-01 4.330021858215332031e+00 -4.259652495384216309e-01 2.585659980773925781e+00 3.686316967010498047e+00 -1.127346396446228027e+00 -6.142850875854492188e+00 -1.838659524917602539e+00 -1.507068127393722534e-01 5.525889396667480469e+00 1.933885455131530762e+00 -1.304821372032165527e+00
3.168410539627075195e+00 -1.682340800762176514e-01 -3.425052642822265625e+00 2.690367221832275391e+00 -2.203463554382324219e+00 1.615828633308410645e+00 -3.368772566318511963e-01 1.690265655517578125e+00 8.802545666694641113e-01 -1.233432173728942871e+00 9.592559188604354858e-02 5.714566111564636230e-01 2.383500188589096069e-01 2.707505226135253906e+00 9.136194586753845215e-01 5.088385343551635742e-01 -2.182625770568847656e+00 1.474596187472343445e-02 -2.808787822723388672e+00 6.060634851455688477e-01
-1.512666821479797363e+00 -1.866029858589172363e+00 8.893549442291259766e-01 6.302657723426818848e-01 -6.554861068725585938e-01 2.584427118301391602e+00 4.056077003479003906e+00 -6.341674923896789551e-01 -5.194083690643310547e+00 4.017219543457031250e+00 -2.346103668212890625e+00 -1.644103765487670898e+00 3.075951337814331055e-01 -3.262966871261596680e+00 7.052564620971679688e-01 -2.716784000396728516e+00 6.257643699645996094e-01 2.671560049057006836e+00 1.336055040359497070e+00 1.576271295547485352e+00
3.361040949821472168e-01 2.499055624008178711e+00 1.125020742416381836e+00 1.735880851745605469e+00 -9.797924160957336426e-01 -1.475436091423034668e+00 -2.519208192825317383e+00 -3.154316917061805725e-03 -1.937083244323730469e+00 -5.285952091217041016e+00 9.569153189659118652e-01 9.064836502075195312e-01 -6.233178377151489258e-01 -9.004250168800354004e-01 2.105155944824218750e+00 6.465137004852294922e-01 -2.125100195407867432e-01 4.739875316619873047e+00 1.801189184188842773e+00 -2.552984952926635742e+00
1.000959873199462891e+00 -1.654844641685485840e+00 -1.445723414421081543e+00 9.733708202838897705e-02 2.161000967025756836e+00 4.621593654155731201e-01 -3.360850811004638672e+00 -6.252952814102172852e-01 -2.891124010086059570e+00 -1.927290201187133789e+00 -6.062237918376922607e-02 3.947942972183227539e+00 -2.478725910186767578e+00 -1.708400845527648926e+00 1.974667310714721680e+00 1.223833441734313965e+00 -1.602141857147216797e+00 -1.010460615158081055e+00 -3.532047986984252930e+00 -1.221378684043884277e+00
2.180727481842041016e+00 1.867923021316528320e+00 6.342175960540771484e+00 4.010174572467803955e-01 1.418275237083435059e+00 2.862416207790374756e-01 -1.847420096397399902e+00 -4.023978710174560547e-01 -4.142918623983860016e-03 -1.907718300819396973e+00 2.878503084182739258e+00 -1.385700821876525879e+00 2.189998924732208252e-01 -1.935043036937713623e-01 -4.682391881942749023e-01 1.109083294868469238e+00 -1.295922994613647461e+00 2.818419456481933594e+00 1.394622921943664551e+00 2.204845190048217773e+00
2.369472980499267578e+00 -1.438569664955139160e+00 -2.400457113981246948e-01 -1.451527714729309082e+00 -8.297771811485290527e-01 1.575723886489868164e+00 1.226204872131347656e+00 1.852926731109619141e+00 1.979082584381103516e+00 -2.147884845733642578e+00 -4.559614509344100952e-02 -2.092182397842407227e+00 -2.028076499700546265e-01 7.182971239089965820e-01 4.303881645202636719e+00 2.486875504255294800e-01 1.719685792922973633e+00 4.409953117370605469e+00 -1.281239032745361328e+00 6.282191872596740723e-01
4.466655731201171875e+00 2.251378536224365234e+00 1.296036124229431152e+00 -3.005163431167602539e+00 2.807362318038940430e+00 5.824591517448425293e-01 -3.702590167522430420e-01 1.012369275093078613e+00 -1.751863837242126465e+00 -1.337234377861022949e-01 -1.344025373458862305e+00 -4.828917980194091797e+00 -3.801475286483764648e+00 -7.433922886848449707e-01 7.636781930923461914e-01 -1.485114455223083496e+00 -1.596926450729370117e-01 1.109024405479431152e+00 -3.032009601593017578e+00 -6.293993592262268066e-01
-1.908362150192260742e+00 -1.343931913375854492e+00 -5.812799930572509766e+00 -1.177180290222167969e+00 1.539503693580627441e+00 -3.120292186737060547e+00 -2.229596138000488281e+00 -1.944490671157836914e+00 -3.076392650604248047e+00 3.998392105102539062e+00 -2.478568553924560547e+00 -1.312765121459960938e+00 -3.654591083526611328e+00 9.844468832015991211e-01 2.218383073806762695e+00 2.291682481765747070e+00 -2.273528099060058594e+00 -1.043768525123596191e+00 -7.273083925247192383e-01 -3.511527180671691895e-01
1.236965537071228027e+00 3.803627729415893555e+00 3.744008302688598633e+00 3.876869916915893555e+00 -7.344188094139099121e-01 -4.516924381256103516e+00 1.042273759841918945e+00 -5.394667625427246094e+00 6.053553819656372070e-01 1.097231626510620117e+00 2.311275720596313477e+00 4.973693370819091797e+00 2.381913900375366211e+00 4.070526599884033203e+00 -6.649090051651000977e-01 -4.377455711364746094e-01 2.550104856491088867e+00 -3.864112377166748047e+00 -3.077587842941284180e+00 2.035967350006103516e+00
6.846504211425781250e-01 1.279721736907958984e+00 3.666250228881835938e+00 -7.633886337280273438e-01 -1.756317168474197388e-01 -3.484638214111328125e+00 7.172422409057617188e-01 -3.956254243850708008e+00 6.775159239768981934e-01 2.368747711181640625e+00 4.557787895202636719e+00 -2.312196195125579834e-01 6.132291555404663086e-01 -8.601397275924682617e-01 -1.353937506675720215e+00 5.869549274444580078e+00 -3.769540786743164062e-02 4.411026954650878906e+00 -2.338182210922241211e+00 1.923922061920166016e+00
-8.891211450099945068e-02 2.544128417968750000e+00 2.960738658905029297e+00 -1.850762724876403809e+00 -2.878070354461669922e+00 -9.702391922473907471e-02 1.255297660827636719e+00 1.589769840240478516e+00 9.083701372146606445e-01 7.634836435317993164e-01 -1.325747847557067871e+00 4.822769641876220703e+00 -1.236022949218750000e+00 -4.823857307434082031e+00 -1.733121752738952637e+00 1.122272372245788574e+00 2.916190147399902344e+00 -2.028357028961181641e+00 5.108167648315429688e+00 3.378645181655883789e+00
-1.151565238833427429e-01 1.052015423774719238e-01 6.115769147872924805e-01 -1.553118586540222168e+00 2.865263700485229492e+00 -3.591939449310302734e+00 7.437722086906433105e-01 1.087972164154052734e+00 4.735258221626281738e-02 9.999043941497802734e-01 -8.201456665992736816e-01 -5.957052484154701233e-02 -2.705549001693725586e+00 3.346677303314208984e+00 3.669732213020324707e-01 -2.044099092483520508e+00 -1.367280840873718262e+00 -9.980947375297546387e-01 1.495846629142761230e+00 6.917892098426818848e-01
-2.155000448226928711e+00 7.831540703773498535e-01 -3.027408599853515625e+00 -5.524603128433227539e-01 -4.229231774806976318e-01 2.512169480323791504e-01 6.010716557502746582e-01 3.458977639675140381e-01 -4.259783744812011719e+00 -4.323594570159912109e-01 1.403927445411682129e+00 -4.937175750732421875e+00 -6.296509504318237305e-01 -3.351288080215454102e+00 3.043075323104858398e+00 3.783726692199707031e+00 1.090547323226928711e+00 4.366488754749298096e-01 9.222350120544433594e-01 5.276368856430053711e-01
1.203144192695617676e+00 1.164865851402282715e+00 -1.398720264434814453e+00 -3.880555629730224609e+00 -9.618744254112243652e-01 8.864586353302001953e-01 -2.856644868850708008e+00 3.679980933666229248e-01 -3.970009088516235352e+00 1.842853307723999023e+00 -2.267276048660278320e-01 -4.408181667327880859e+00 4.296551346778869629e-01 -1.685230851173400879e+00 1.131333351135253906e+00 -1.360637903213500977e+00 -7.896604537963867188e-01 7.712403535842895508e-01 5.042700290679931641e+00 4.613112926483154297e+00
3.746300935745239258e+00 4.062872529029846191e-01 -3.036028623580932617e+00 -1.060641646385192871e+00 -2.674621105194091797e+00 -4.101575374603271484e+00 -2.244506359100341797e+00 5.335564613342285156e-01 4.198172092437744141e+00 3.521258115768432617e+00 7.645987868309020996e-01 -2.124613761901855469e+00 -1.446017146110534668e+00 1.492627859115600586e+00 2.842146396636962891e+00 -2.486688852310180664e+00 -2.611361443996429443e-01 6.195490360260009766e-01 4.563525199890136719e+00 1.536402821540832520e+00
7.371359467506408691e-01 2.278225123882293701e-01 -8.757268786430358887e-01 -8.950907707214355469e+00 2.273332595825195312e+00 2.961991727352142334e-01 -2.675845324993133545e-01 8.094266653060913086e-01 -4.770575046539306641e+00 1.369953036308288574e+00 -5.246686339378356934e-01 -1.394471824169158936e-01 -1.143365725874900818e-01 8.549830317497253418e-01 -3.515507459640502930e+00 2.788309812545776367e+00 1.592951774597167969e+00 3.183819770812988281e+00 -1.038841485977172852e+00 -4.327422142028808594e+00
1.856082230806350708e-01 -3.587794542312622070e+00 -6.540463566780090332e-01 3.930440247058868408e-01 -1.520731925964355469e+00 -1.930197596549987793e+00 4.853835701942443848e-02 4.542854785919189453e+00 -1.747832417488098145e+00 1.521176457405090332e+00 3.556924343109130859e+00 6.219367384910583496e-01 -2.869617462158203125e+00 3.530762195587158203e+00 -2.434195727109909058e-01 -4.863529682159423828e+00 3.334313631057739258e-01 -3.744751453399658203e+00 -8.981981277465820312e-01 -6.871467828750610352e-02
-2.363078355789184570e+00 6.570193767547607422e-01 2.381919026374816895e-01 -1.091465353965759277e+00 6.786164641380310059e-01 -2.513741016387939453e+00 2.685574531555175781e+00 -1.209969878196716309e+00 3.901108741760253906e+00 -7.947459697723388672e+00 8.877254724502563477e-01 5.580635547637939453e+00 -5.443051457405090332e-01 2.343803405761718750e+00 -1.925225615501403809e+00 -3.648061454296112061e-01 9.488987922668457031e-01 -1.720867514610290527e+00 8.901080489158630371e-01 2.635237216949462891e+00
1.077771633863449097e-01 1.971524834632873535e+00 -4.740133762359619141e+00 -3.002299964427947998e-01 -1.356997370719909668e+00 -8.114128708839416504e-01 4.783754825592041016e+00 -9.778836965560913086e-01 -4.238005638122558594e+00 3.619194984436035156e+00 2.062246799468994141e-01 -2.069327354431152344e+00 -2.607163667678833008e+00 -6.087306499481201172e+00 1.557134628295898438e+00 1.677434563636779785e+00 1.570417046546936035e+00 2.854989290237426758e+00 5.496129393577575684e-01 -1.982656359672546387e+00
-3.204188942909240723e-01 -1.526095271110534668e+00 1.993054032325744629e+00 1.230012774467468262e+00 -2.503525316715240479e-01 9.245645999908447266e-02 5.814833641052246094e-01 -8.765134215354919434e-01 -4.711517333984375000e+00 2.041288852691650391e+00 -2.251469373703002930e+00 1.482538938522338867e+00 3.026659250259399414e+00 -3.311154842376708984e+00 1.097085922956466675e-01 1.282726764678955078e+00 -3.379606962203979492e+00 4.427591323852539062e+00 -2.232872009277343750e+00 1.939446330070495605e-01
-1.850371718406677246e+00 -3.586835861206054688e+00 1.009453415870666504e+00 -1.524808764457702637e+00 -2.500316381454467773e+00 1.185816526412963867e+00 4.228564724326133728e-02 4.173728466033935547e+00 1.656506061553955078e+00 -6.359814643859863281e+00 4.073190391063690186e-01 1.408708542585372925e-01 3.134065628051757812e+00 1.738483831286430359e-02 -2.697054147720336914e+00 -2.051669597625732422e+00 -8.082914948463439941e-01 1.707378149032592773e+00 4.753284931182861328e+00 -7.574793100357055664e-01
-1.206054210662841797e+00 2.640903949737548828e+00 1.098604798316955566e+00 3.988932609558105469e+00 -3.833536207675933838e-01 -2.778810858726501465e-01 -4.638429641723632812e+00 1.735285758972167969e+00 -1.997210979461669922e+00 -3.137060403823852539e+00 1.827930331230163574e+00 -5.503603816032409668e-01 -1.606110334396362305e+00 -2.593172311782836914e+00 2.237172424793243408e-01 9.274863600730895996e-01 -7.216283082962036133e-01 2.517048120498657227e+00 -2.244578599929809570e+00 -3.015957832336425781e+00
6.869749426841735840e-01 -2.182235240936279297e+00 -1.546128630638122559e+00 2.325419425964355469e+00 1.066007852554321289e+00 8.233326077461242676e-01 -3.975468158721923828e+00 2.488976955413818359e+00 -3.474197149276733398e+00 1.819184720516204834e-01 -1.617478370666503906e+00 2.156492948532104492e+00 4.250050783157348633e-01 -8.505235314369201660e-01 3.281382560729980469e+00 -1.196141615509986877e-01 -9.316018819808959961e-01 4.563466310501098633e-01 -2.240258932113647461e+00 -5.443938970565795898e-01
-3.782328367233276367e+00 -2.089905261993408203e+00 -2.213967561721801758e+00 2.268103837966918945e+00 3.184018373489379883e+00 3.186722844839096069e-02 -3.074691772460937500e+00 -3.092989206314086914e+00 -1.976136922836303711e+00 2.213759899139404297e+00 -1.589639186859130859e-01 3.633553504943847656e+00 9.569406509399414062e-01 1.356606602668762207e+00 -8.721566200256347656e-01 -5.411135196685791016e+00 -4.516242742538452148e-01 -1.039747238159179688e+00 9.598857164382934570e-01 2.010774374008178711e+00
1.651969194412231445e+00 -1.804656386375427246e+00 2.462166309356689453e+00 -1.090844988822937012e+00 6.490338444709777832e-01 4.516728878021240234e+00 1.892702937126159668e+00 -4.639503479003906250e+00 -1.642747759819030762e+00 -4.273036122322082520e-01 -9.771496057510375977e-01 2.131945937871932983e-01 -2.152788877487182617e+00 7.248324751853942871e-01 1.035129547119140625e+00 -2.213446617126464844e+00 -3.302918434143066406e+00 1.915086656808853149e-01 -1.421724677085876465e+00 -1.448906421661376953e+00
-1.484648942947387695e+00 5.244541168212890625e+00 -3.291749477386474609e+00 1.061425328254699707e+00 3.132014036178588867e+00 1.472048878669738770e+00 -4.977141022682189941e-01 -4.323719978332519531e+00 1.107883691787719727e+00 8.349645137786865234e-01 2.404190540313720703e+00 -2.969739913940429688e+00 1.784614086151123047e+00 1.230964541435241699e+00 6.195893138647079468e-02 1.608774781227111816e+00 -3.857063293457031250e+00 1.574120074510574341e-01 4.403606414794921875e+00 3.023503541946411133e+00
2.325640439987182617e+00 -3.264244794845581055e+00 3.182282924652099609e+00 1.178551793098449707e+00 5.923775434494018555e-01 2.652099132537841797e+00 9.552131295204162598e-01 6.600208878517150879e-01 4.238819122314453125e+00 -1.595775842666625977e+00 -2.424856901168823242e+00 2.788664102554321289e+00 1.838910222053527832e+00 7.732164859771728516e-01 1.827990412712097168e+00 2.482968568801879883e+00 -2.996068716049194336e+00 -8.801021575927734375e-01 -4.940717481076717377e-04 -1.122411191463470459e-01
-1.643294692039489746e+00 1.168279767036437988e+00 1.563540220260620117e+00 -2.673187494277954102e+00 5.312221050262451172e-01 -1.950689196586608887e+00 1.021413445472717285e+00 5.804684758186340332e-01 -6.463880538940429688e-01 -4.831819057464599609e+00 3.172667026519775391e+00 -4.240065574645996094e+00 -1.236020445823669434e+00 1.035840153694152832e+00 -2.506035268306732178e-01 4.567034244537353516e+00 -7.529469132423400879e-01 4.275912284851074219e+00 3.497842848300933838e-01 -1.897401064634323120e-01
1.061069488525390625e+00 -6.366621255874633789e-01 -1.729763031005859375e+00 8.591881990432739258e-01 1.813562819734215736e-03 3.453321456909179688e-01 -5.174225330352783203e+00 1.221225380897521973e+00 -1.474696040153503418e+00 1.470017194747924805e+00 -1.574676632881164551e+00 1.884150743484497070e+00 -2.891673743724822998e-01 -5.311608314514160156e-01 1.039177328348159790e-01 1.149685740470886230e+00 -3.341024219989776611e-01 -1.262154936790466309e+00 3.962354063987731934e-01 -1.837158441543579102e+00
8.900529742240905762e-01 -1.444200396537780762e+00 1.168826103210449219e+00 2.820807456970214844e+00 1.843597769737243652e+00 2.450374841690063477e+00 1.921538949012756348e+00 1.088344454765319824e+00 -1.815205812454223633e+00 1.482219845056533813e-01 -1.423232257366180420e-01 1.117636561393737793e+00 -3.698715209960937500e+00 -2.024836778640747070e+00 3.180357694625854492e+00 -3.042944669723510742e+00 -5.964006781578063965e-01 -2.518147230148315430e+00 -4.110183417797088623e-01 -1.831767439842224121e+00
-1.321721673011779785e+00 -2.446864366531372070e+00 2.867915391921997070e+00 -1.793441891670227051e+00 1.148777127265930176e+00 8.241514563560485840e-01 1.385018944740295410e+00 -2.012893438339233398e+00 -3.234516143798828125e+00 7.570214867591857910e-01 -2.287236928939819336e+00 2.990181446075439453e+00 2.391278982162475586e+00 2.969311237335205078e+00 1.845401763916015625e+00 -2.684101104736328125e+00 -3.727658465504646301e-02 -2.040787696838378906e+00 -2.173486471176147461e+00 -2.681215524673461914e+00
1.413598209619522095e-01 1.022661566734313965e+00 1.026855587959289551e+00 1.956387162208557129e+00 2.897912263870239258e+00 5.115947127342224121e-01 -3.047080993652343750e+00 1.867957353591918945e+00 8.178296089172363281e-01 -4.077849090099334717e-01 6.087429523468017578e-01 -1.578949809074401855e+00 -4.725546836853027344e+00 -3.492418766021728516e+00 -9.717434644699096680e-01 -1.534845381975173950e-01 -1.030409216880798340e+00 -1.895757317543029785e+00 2.838080406188964844e+00 -2.549668073654174805e+00
1.329731822013854980e+00 5.068567395210266113e-01 3.458689212799072266e+00 -2.778157472610473633e+00 -3.781886696815490723e-01 -4.784508943557739258e-01 1.389036059379577637e+00 -1.097227454185485840e+00 -1.027421832084655762e+00 -9.946765899658203125e-01 -8.950997591018676758e-01 -6.645824313163757324e-01 7.289090156555175781e-01 4.492772579193115234e+00 -1.574606060981750488e+00 2.366910457611083984e+00 -1.740050077438354492e+00 -1.845920801162719727e+00 -1.870674490928649902e+00 -2.438241958618164062e+00
2.715825140476226807e-01 -3.696876764297485352e-01 -6.533240079879760742e-01 2.745499610900878906e+00 4.641525745391845703e+00 -4.503195762634277344e+00 -3.922370672225952148e+00 2.859983682632446289e+00 -2.188190817832946777e-01 8.727961033582687378e-02 -2.231277942657470703e+00 2.849092006683349609e+00 8.178835511207580566e-01 -3.294373154640197754e-01 2.649290561676025391e+00 -2.421195983886718750e+00 -4.224918842315673828e+00 4.805074930191040039e-01 -2.228744268417358398e+00 -1.148733258247375488e+00
3.549124240875244141e+00 -2.162416458129882812e+00 -1.563193202018737793e+00 -4.626351356506347656e+00 2.825706958770751953e+00 -3.744551181793212891e+00 -1.671541094779968262e+00 -5.330919623374938965e-01 2.596729397773742676e-01 -1.350570023059844971e-01 -2.351391792297363281e+00 -2.453781127929687500e+00 2.176613733172416687e-02 3.665678262710571289e+00 2.274733304977416992e+00 3.881761550903320312e+00 -1.691391110420227051e+00 -4.792070865631103516e+00 4.761853218078613281e-01 5.057457685470581055e-01
-6.618080735206604004e-01 -5.201362371444702148e-01 1.563454985618591309e+00 6.509863734245300293e-01 -1.820902466773986816e+00 6.215805187821388245e-02 -4.452385306358337402e-01 -6.248100399971008301e-01 -1.509330153465270996e+00 7.189093232154846191e-01 -1.469162106513977051e-01 -1.287719249725341797e+00 -8.695922493934631348e-01 4.135473251342773438e+00 1.661228537559509277e+00 -8.606820702552795410e-01 2.235423564910888672e+00 1.893816113471984863e+00 2.868045091629028320e+00 -1.384059786796569824e+00
2.374887466430664062e+00 5.777790546417236328e-01 5.473003387451171875e+00 5.504337549209594727e-01 -2.858349382877349854e-01 -3.093142271041870117e+00 3.301921844482421875e+00 1.152713179588317871e+00 3.799081563949584961e+00 -2.970877885818481445e+00 4.004877805709838867e-01 -2.428057909011840820e+00 1.607493281364440918e+00 2.460421562194824219e+00 4.578794479370117188e+00 5.069410800933837891e-01 2.136580348014831543e-01 1.978576183319091797e+00 -3.185683965682983398e+00 6.198636889457702637e-01
2.760746002197265625e+00 -2.182098627090454102e+00 -4.349097251892089844e+00 1.990973114967346191e+00 -3.590313792228698730e-01 1.958876252174377441e+00 -3.620121002197265625e+00 1.924090027809143066e+00 4.697492599487304688e+00 -2.303760290145874023e+00 -2.831444263458251953e+00 4.221993088722229004e-01 -2.307592391967773438e+00 4.187757015228271484e+00 2.548276901245117188e+00 6.138375759124755859e+00 2.756669521331787109e+00 2.545555591583251953e+00 -2.814768075942993164e+00 -6.320835947990417480e-01
-9.207756519317626953e-01 7.166750431060791016e-01 4.692184925079345703e+00 -4.429697990417480469e+00 2.360030859708786011e-01 3.738569259643554688e+00 3.449924707412719727e+00 3.788817167282104492e+00 -2.166529417037963867e+00 -4.615145206451416016e+00 -2.945255279541015625e+00 -3.546040773391723633e+00 -1.126798033714294434e+00 -3.084256172180175781e+00 -5.133453011512756348e-01 -3.769610404968261719e+00 -1.115791678428649902e+00 3.165684700012207031e+00 -1.093303442001342773e+00 -4.675752222537994385e-01
-1.899221301078796387e+00 -5.129120349884033203e+00 9.319133758544921875e-01 2.097129106521606445e+00 3.363860845565795898e+00 -2.289826869964599609e+00 -4.506055355072021484e+00 1.210587024688720703e+00 5.592914298176765442e-02 4.087499678134918213e-01 -2.615741968154907227e+00 -2.581719636917114258e+00 -4.738894462585449219e+00 -1.422908663749694824e+00 1.710284113883972168e+00 -9.997990131378173828e-01 -2.288968801498413086e+00 -2.635303020477294922e+00 1.425953745841979980e+00 -6.660439372062683105e-01
2.307181835174560547e+00 5.136488914489746094e+00 -3.555650234222412109e+00 -2.428494691848754883e+00 5.770590782165527344e+00 -9.153093695640563965e-01 -1.712617635726928711e+00 -2.165150083601474762e-02 1.438446640968322754e-01 5.876622796058654785e-01 -1.517161965370178223e+00 -5.450831890106201172e+00 7.602527141571044922e-01 -2.785392761230468750e+00 3.772352218627929688e+00 3.229800224304199219e+00 3.952602863311767578e+00 1.377240270376205444e-01 -8.273702263832092285e-01 2.880057334899902344e+00
1.730021595954895020e+00 4.333415031433105469e+00 4.688173770904541016e+00 1.920710504055023193e-01 -7.686812877655029297e-01 -5.271380901336669922e+00 7.642033696174621582e-01 -6.086283683776855469e+00 4.827574491500854492e-01 3.478164911270141602e+00 -1.618676632642745972e-01 -1.758963346481323242e+00 2.347799539566040039e+00 2.390810966491699219e+00 -1.743622183799743652e+00 -8.880217075347900391e-01 5.322729945182800293e-01 -3.820527076721191406e+00 2.671839296817779541e-01 1.042938306927680969e-01
-1.037643909454345703e+00 1.322654247283935547e+00 2.171222448348999023e+00 -1.686840295791625977e+00 -1.177049949765205383e-01 2.154175996780395508e+00 5.521659851074218750e+00 -2.296672821044921875e+00 9.470784664154052734e-01 -2.133540153503417969e+00 9.487819671630859375e-01 -3.569377899169921875e+00 -2.231474399566650391e+00 2.270234584808349609e+00 1.126327514648437500e+00 1.090440869331359863e+00 -3.676932334899902344e+00 -4.574386119842529297e+00 -3.800773620605468750e-01 -1.505292892456054688e+00
-4.811222553253173828e+00 -3.299878358840942383e+00 4.000229835510253906e+00 8.815609216690063477e-01 5.944326400756835938e+00 -4.341878414154052734e+00 -1.545631289482116699e-01 4.552587866783142090e-01 -2.361984014511108398e+00 3.376709461212158203e+00 1.171311140060424805e+00 2.532573461532592773e+00 4.344508647918701172e+00 2.810949087142944336e+00 8.280959725379943848e-02 1.001055955886840820e+00 1.677108883857727051e+00 -1.220092549920082092e-01 6.012182831764221191e-01 3.181923151016235352e+00
-5.487248897552490234e+00 2.083167076110839844e+00 4.925918102264404297e+00 -1.297516465187072754e+00 3.402166128158569336e+00 -1.788479685783386230e+00 3.759381771087646484e+00 -3.650124788284301758e+00 -2.819659471511840820e+00 4.354748129844665527e-01 -5.862945079803466797e+00 -1.735469251871109009e-01 -4.380784034729003906e+00 2.638709068298339844e+00 -2.686306238174438477e+00 -3.284942626953125000e+00 1.007814049720764160e+00 2.664206176996231079e-02 -1.197750568389892578e+00 2.493808746337890625e+00
-2.452684164047241211e+00 1.638979315757751465e+00 4.048740863800048828e+00 2.749212503433227539e+00 1.785981535911560059e+00 -2.062418937683105469e+00 -1.853872418403625488e+00 -4.335163533687591553e-01 -1.091024279594421387e+00 7.417699098587036133e-01 -3.195451021194458008e+00 2.777897596359252930e+00 1.761878728866577148e+00 -2.401846200227737427e-01 -1.744838714599609375e+00 -3.522615671157836914e+00 -1.947312653064727783e-01 -1.480233967304229736e-01 1.129126906394958496e+00 2.194238424301147461e+00
-6.672094464302062988e-01 1.556198000907897949e+00 3.519786000251770020e-01 1.455059885978698730e+00 -1.171239614486694336e+00 2.721450328826904297e+00 6.702449917793273926e-02 -2.050332546234130859e+00 -2.794710636138916016e+00 -6.020721979439258575e-03 -2.115084886550903320e+00 -3.265957117080688477e+00 5.974547863006591797e+00 -4.915470123291015625e+00 5.300608634948730469e+00 2.585177898406982422e+00 1.364545226097106934e+00 -8.683673739433288574e-01 1.307695388793945312e+00 3.948686718940734863e-01
-9.698638319969177246e-01 1.746329516172409058e-01 1.046337366104125977e+00 -2.621562957763671875e+00 -9.418338537216186523e-01 -4.134653091430664062e+00 -8.092015981674194336e-01 8.166986703872680664e-01 -2.686167478561401367e+00 -1.074939489364624023e+00 1.646543502807617188e+00 -3.837889194488525391e+00 -7.358047962188720703e-01 8.189465403556823730e-01 -2.709766149520874023e+00 -3.610324144363403320e+00 -3.171238183975219727e+00 -1.006052851676940918e+00 2.442757487297058105e-01 3.025909662246704102e+00
-3.080032169818878174e-01 -3.347886323928833008e+00 -4.570509433746337891e+00 -3.607245206832885742e+00 2.277294397354125977e+00 -2.848686277866363525e-01 1.271457552909851074e+00 2.027123928070068359e+00 -3.170104980468750000e+00 1.346408605575561523e+00 6.817111968994140625e+00 -2.359715223312377930e+00 -4.134770393371582031e+00 -2.858449459075927734e+00 -8.013052344322204590e-01 1.238823056221008301e+00 -1.349677085876464844e+00 2.656255960464477539e+00 -4.615035533905029297e+00 -8.720165491104125977e-02
4.359301328659057617e-01 -2.402623295783996582e-01 1.455101221799850464e-01 -3.147517144680023193e-01 5.557040691375732422e+00 -1.785530745983123779e-01 -1.754798889160156250e+00 -3.451490163803100586e+00 9.144299626350402832e-01 -1.326862454414367676e+00 5.524136871099472046e-02 -1.625086069107055664e+00 2.351658344268798828e+00 4.252759456634521484e+00 -1.542728185653686523e+00 -2.345455408096313477e+00 4.873826980590820312e+00 -6.309709548950195312e-01 -5.418683290481567383e-01 -1.727006435394287109e+00
4.595117092132568359e+00 -2.496780872344970703e+00 2.824583053588867188e+00 -7.858511805534362793e-02 -2.287463545799255371e-01 -1.239581108093261719e+00 2.426198959350585938e+00 -2.089907646179199219e+00 3.061204910278320312e+00 -4.983019828796386719e+00 -2.605485677719116211e+00 -3.555043458938598633e+00 4.131033420562744141e+00 -2.720526218414306641e+00 -1.843317389488220215e+00 -6.938542723655700684e-01 3.675359487533569336e+00 2.668153643608093262e-01 -2.681423902511596680e+00 -1.944179296493530273e+00
2.728235244750976562e+00 4.378719329833984375e-01 2.007159233093261719e+00 2.445961236953735352e-01 2.003129959106445312e+00 1.073827981948852539e+00 -1.551652669906616211e+00 2.233551740646362305e+00 -4.211051464080810547e+00 -7.130800485610961914e-01 -3.416989803314208984e+00 -2.506697416305541992e+00 2.571655273437500000e+00 -1.616434693336486816e+00 4.867282390594482422e+00 2.926080226898193359e+00 -3.417647629976272583e-02 2.384047508239746094e+00 8.548161983489990234e-01 -2.489245831966400146e-01
3.551096916198730469e+00 4.630667686462402344e+00 -1.137588620185852051e+00 1.356499642133712769e-01 -2.214264392852783203e+00 -7.948495149612426758e-01 4.133948385715484619e-01 -1.766198515892028809e+00 4.087817668914794922e+00 -3.349679946899414062e+00 4.190238952636718750e+00 -7.659869194030761719e-01 2.914523839950561523e+00 -3.527993440628051758e+00 -3.924741983413696289e+00 3.224397420883178711e+00 -1.506410598754882812e+00 3.630989491939544678e-01 1.637627482414245605e-01 -2.774210929870605469e+00
5.152367115020751953e+00 -1.051164984703063965e+00 -2.687126874923706055e+00 -7.673543095588684082e-01 1.994271636009216309e+00 -7.030049562454223633e-01 -3.071151733398437500e+00 -2.791069984436035156e+00 -5.380851030349731445e-01 -3.342199325561523438e+00 2.433610200881958008e+00 -3.233638763427734375e+00 9.290232658386230469e-01 -1.264482378959655762e+00 3.007550239562988281e+00 -1.926675915718078613e+00 1.265324354171752930e+00 -3.974313497543334961e+00 5.296225473284721375e-02 1.892797589302062988e+00
-7.989701032638549805e-01 -2.789404392242431641e-01 -3.403006792068481445e+00 1.629138231277465820e+00 -1.671044945716857910e+00 1.589666008949279785e+00 -4.261757850646972656e+00 -1.546551883220672607e-01 1.948663115501403809e+00 -8.794345855712890625e-01 -1.976399123668670654e-01 -2.753273248672485352e+00 3.654952645301818848e-01 2.483009815216064453e+00 2.266335725784301758e+00 4.770109176635742188e+00 1.881323099136352539e+00 -1.213554859161376953e+00 -5.190052986145019531e-01 -5.350874423980712891e+00
-1.218662738800048828e+00 3.986189961433410645e-01 -1.434284001588821411e-01 4.140990734100341797e+00 -5.029940605163574219e-01 -9.745603799819946289e-01 -9.879141449928283691e-01 -4.940808773040771484e+00 -1.872335553169250488e+00 2.895825386047363281e+00 -8.670259714126586914e-01 -7.015610694885253906e+00 -3.372246265411376953e+00 -1.377316474914550781e+00 -2.323384955525398254e-02 1.488502144813537598e+00 -2.029970169067382812e+00 2.795615911483764648e+00 6.669381856918334961e-01 -1.482291579246520996e+00
1.459730744361877441e+00 2.349243879318237305e+00 2.371865987777709961e+00 -3.327891588211059570e+00 1.124121308326721191e+00 4.804590702056884766e+00 -4.548611164093017578e+00 -5.527946949005126953e-01 -4.912494182586669922e+00 -9.950346946716308594e-01 -4.582877635955810547e+00 7.439975738525390625e-01 1.523480653762817383e+00 2.653497695922851562e+00 4.528312012553215027e-02 1.265019774436950684e+00 -1.736000180244445801e+00 1.600147128105163574e+00 2.779767274856567383e+00 1.015862226486206055e+00
-1.976404666900634766e+00 1.938161969184875488e+00 -2.662295579910278320e+00 2.630101203918457031e+00 -1.620198011398315430e+00 2.972802817821502686e-01 -4.116449356079101562e+00 -3.374271392822265625e+00 5.572062015533447266e+00 -2.513962030410766602e+00 -2.463089942932128906e+00 -1.386639714241027832e+00 -3.760518074035644531e+00 -9.774941951036453247e-02 1.192594766616821289e+00 1.784930348396301270e+00 -8.202818036079406738e-01 2.954511880874633789e+00 1.680950045585632324e+00 -4.769099712371826172e+00
4.714287281036376953e+00 5.578864812850952148e-01 -3.292272806167602539e+00 -1.487274050712585449e+00 2.285629272460937500e+00 4.027222633361816406e+00 -6.684129685163497925e-02 1.696252942085266113e+00 3.182607173919677734e+00 -1.075111269950866699e+00 -4.466641545295715332e-01 1.898829579353332520e+00 3.928627371788024902e-01 -7.049380242824554443e-02 -1.643644332885742188e+00 -2.494708746671676636e-01 -6.136518120765686035e-01 -1.269573718309402466e-01 1.515626549720764160e+00 -1.295178771018981934e+00
