-8.995790481567382812e-01 1.510731339454650879e+00 -1.117808967828750610e-01 3.839197635650634766e+00 1.516850352287292480e+00 1.012661457061767578e+00 3.509668409824371338e-01 1.100884675979614258e+00 2.769927263259887695e+00 -1.130101457238197327e-01 -1.105588912963867188e+00 -2.371633499860763550e-01 -2.041840076446533203e+00 -2.468917846679687500e+00 -1.094594970345497131e-01 5.893942713737487793e-01 1.332189321517944336e+00 1.586069107055664062e+00 5.211506366729736328e+00 -2.395409494638442993e-01
1.243569254875183105e+00 -6.412251949310302734e+00 -8.412265777587890625e+00 4.040613174438476562e+00 -3.180377244949340820e+00 -5.352380275726318359e-01 3.637661457061767578e+00 -3.009416460990905762e-01 -5.485705375671386719e+00 6.093240737915039062e+00 5.762765407562255859e+00 -7.281409263610839844e+00 8.134242057800292969e+00 -4.432537078857421875e+00 4.202747821807861328e+00 -5.764324665069580078e-01 -5.732671618461608887e-01 -4.491591930389404297e+00 -6.499593257904052734e+00 8.225210189819335938e+00
1.388378500938415527e+00 1.139422178268432617e+00 -1.961716771125793457e+00 1.929835677146911621e+00 1.626012325286865234e+00 -1.383037447929382324e+00 1.502487301826477051e+00 -7.984937429428100586e-01 -2.152691967785358429e-02 -7.568500638008117676e-01 -1.565781384706497192e-01 6.060117483139038086e-01 1.780124306678771973e+00 -2.095753140747547150e-02 -1.038492202758789062e+00 1.607844591140747070e+00 -2.725619375705718994e-01 -5.014118552207946777e-01 -8.584743738174438477e-01 -4.615754783153533936e-01
-1.962043285369873047e+00 2.645808935165405273e+00 -1.274105787277221680e+00 -4.362944364547729492e-01 -7.163981199264526367e-01 1.744807004928588867e+00 -8.269202709197998047e-01 -3.906977921724319458e-02 3.594388067722320557e-01 2.751998424530029297e+00 -4.486547410488128662e-01 -1.975136101245880127e-01 -1.508880257606506348e+00 8.889006972312927246e-01 -1.218651905655860901e-01 7.127963751554489136e-02 -1.062907800078392029e-01 -1.012296915054321289e+00 -2.857879400253295898e+00 6.836587786674499512e-01
-2.210800349712371826e-01 -5.824994444847106934e-01 -1.670527100563049316e+00 -1.289101600646972656e+00 2.401570975780487061e-01 -1.237891316413879395e+00 -7.842929363250732422e-01 -2.205095291137695312e+00 2.183973230421543121e-02 1.187365651130676270e+00 4.366306304931640625e+00 -1.621716141700744629e+00 2.828958749771118164e+00 2.070282459259033203e+00 4.242760658264160156e+00 8.243995904922485352e-01 -4.107823371887207031e+00 -3.109184503555297852e+00 2.821192264556884766e+00 -2.446073055267333984e+00
-1.941058516502380371e+00 -2.841965913772583008e+00 2.163140058517456055e+00 2.646885633468627930e+00 -8.815542459487915039e-01 2.879706144332885742e+00 -9.327564388513565063e-02 -6.154456138610839844e-01 7.158939242362976074e-01 4.901906549930572510e-01 -3.341510057449340820e+00 -5.325951576232910156e-01 4.300033569335937500e+00 3.453938722610473633e+00 -1.945269346237182617e+00 1.835039377212524414e+00 -1.480488896369934082e+00 1.350543022155761719e+00 1.621069312095642090e+00 1.168014645576477051e+00
-5.339201092720031738e-01 -1.282570004463195801e+00 5.022721290588378906e+00 1.033630132675170898e+00 4.171792984008789062e+00 2.612801790237426758e+00 2.516969740390777588e-01 -2.866860628128051758e+00 -4.865934848785400391e+00 6.943396925926208496e-01 -2.142584323883056641e+00 -6.241199374198913574e-01 6.413152217864990234e+00 1.013714313507080078e+00 8.079724907875061035e-01 9.356223940849304199e-01 8.534465432167053223e-01 3.954982519149780273e+00 1.448291420936584473e+00 -1.079399943351745605e+00
-8.633694648742675781e-01 1.630909740924835205e-01 4.344294667243957520e-01 2.838640928268432617e+00 2.957610487937927246e-01 -1.552849449217319489e-02 1.765811085700988770e+00 1.459767818450927734e+00 -9.682432562112808228e-02 4.855646610260009766e+00 1.195139288902282715e+00 -6.101940944790840149e-02 -8.742029964923858643e-02 -1.131821751594543457e+00 -3.490691781044006348e-01 -1.578375220298767090e+00 -2.106353640556335449e-01 -9.970089793205261230e-01 -5.965571403503417969e-01 -8.640743494033813477e-01
-2.930158615112304688e+00 5.023017883300781250e+00 -2.029329299926757812e+00 -2.709089994430541992e+00 2.220265865325927734e+00 1.640002608299255371e+00 2.458903789520263672e+00 1.023648977279663086e+00 -1.773563861846923828e+00 1.396954894065856934e+00 4.821172237396240234e+00 -4.606178283691406250e+00 1.171849891543388367e-01 2.725140333175659180e+00 -5.065457820892333984e-01 -1.147843122482299805e+00 4.617672920227050781e+00 4.839826107025146484e+00 1.760368347167968750e+00 -1.701628446578979492e+00
4.165209084749221802e-02 -8.450029373168945312e+00 3.338895440101623535e-01 2.440383136272430420e-01 -5.083790302276611328e+00 -2.793050110340118408e-01 1.168995738029479980e+00 -3.985502243041992188e+00 3.220892906188964844e+00 -6.502378940582275391e+00 -7.739081859588623047e+00 -2.057233333587646484e+00 5.396204471588134766e+00 -1.860031843185424805e+00 -7.676197886466979980e-01 -9.416501522064208984e-01 -3.149512410163879395e-01 3.463172435760498047e+00 -2.172494649887084961e+00 -1.576936006546020508e+00
-9.738242030143737793e-01 -1.459656059741973877e-01 2.351517528295516968e-01 1.281924396753311157e-01 2.115348339080810547e+00 -2.116089820861816406e+00 7.170248031616210938e-01 1.135871931910514832e-01 -7.652897834777832031e-01 -1.154339388012886047e-01 -4.918373823165893555e-01 1.002750396728515625e+00 5.413357168436050415e-02 7.389574050903320312e-01 -1.920902848243713379e+00 4.796647727489471436e-01 -1.477043777704238892e-01 -6.553896665573120117e-01 5.664755702018737793e-01 -1.498323678970336914e+00
-1.010586023330688477e+00 6.127943396568298340e-01 -1.490994215011596680e+00 2.347993850708007812e-02 9.822725057601928711e-01 -1.117363348603248596e-01 1.372479438781738281e+00 1.645920872688293457e+00 1.348068714141845703e+00 -2.702613115310668945e+00 1.044273823499679565e-01 4.891458153724670410e-01 1.120136380195617676e+00 7.225450277328491211e-01 4.723133146762847900e-01 -1.049366474151611328e+00 -7.087451219558715820e-02 -2.143533229827880859e+00 1.073872819542884827e-01 -1.106779098510742188e+00
-8.296087384223937988e-01 2.614674903452396393e-02 5.335417017340660095e-02 -1.052636742591857910e+00 3.470486104488372803e-01 1.087584137916564941e+00 5.326878428459167480e-01 3.410439014434814453e+00 1.426644563674926758e+00 -1.689618527889251709e-01 2.135746330022811890e-01 -1.258996963500976562e+00 -2.199681520462036133e+00 -1.141033768653869629e+00 1.965110898017883301e+00 4.158107936382293701e-01 4.668819606304168701e-01 1.226941585540771484e+00 -2.164250850677490234e+00 1.376169800758361816e+00
1.296394228935241699e+00 -6.353115439414978027e-01 -2.943734645843505859e+00 -1.399014234542846680e+00 1.908833742141723633e+00 -1.457481622695922852e+00 -9.093894064426422119e-02 2.061607599258422852e+00 5.221835374832153320e-01 1.762873768806457520e+00 -8.137404918670654297e-01 2.888659238815307617e+00 -5.737909078598022461e-01 -1.375691533088684082e+00 4.361338138580322266e+00 -3.753578662872314453e-01 1.587121248245239258e+00 3.215670585632324219e-01 -8.483783006668090820e-01 -2.836872041225433350e-01
5.967905521392822266e+00 1.013184189796447754e+00 5.886254310607910156e-01 -4.546917438507080078e+00 -7.899498939514160156e-01 4.063039779663085938e+00 2.604122400283813477e+00 2.711728096008300781e+00 -3.210142612457275391e+00 -6.948463320732116699e-01 6.406291723251342773e-01 4.385001659393310547e+00 1.325345516204833984e+00 -2.045717954635620117e+00 -3.033536911010742188e+00 -1.951051801443099976e-01 -4.862950325012207031e+00 -3.276182889938354492e+00 -1.818994283676147461e+00 -2.269783735275268555e+00
-1.051700711250305176e+00 -4.237960875034332275e-01 -8.925234079360961914e-01 -2.317718744277954102e+00 -2.047569751739501953e+00 1.932450771331787109e+00 2.497866868972778320e+00 -1.792288184165954590e+00 -6.357315063476562500e+00 -2.894951581954956055e+00 -3.906212374567985535e-02 5.117176532745361328e+00 -2.293300867080688477e+00 1.668268680572509766e+00 -9.532544612884521484e-01 -1.888723134994506836e+00 -3.131328821182250977e-01 3.024468570947647095e-02 5.889935016632080078e+00 7.247447013854980469e+00
1.626809120178222656e+00 2.134796380996704102e+00 5.949695587158203125e+00 3.671342372894287109e+00 -1.002290844917297363e+00 -3.357769489288330078e+00 1.979387640953063965e+00 -3.604776620864868164e+00 1.022596836090087891e+00 5.462246417999267578e+00 4.931348860263824463e-01 4.769367694854736328e+00 1.149554848670959473e+00 1.750330209732055664e+00 1.984658598899841309e+00 -1.200806140899658203e+00 -2.206038951873779297e+00 2.496853590011596680e+00 -6.362867832183837891e+00 2.303853273391723633e+00
-7.854762077331542969e-01 1.548217773437500000e+00 8.792355656623840332e-01 -6.431859970092773438e+00 8.950323462486267090e-01 5.486730575561523438e+00 -5.381344318389892578e+00 1.258167505264282227e+00 -1.172431826591491699e+00 -1.147674679756164551e+00 -8.002382278442382812e+00 -1.208961606025695801e+00 3.140363216400146484e+00 5.277530193328857422e+00 -5.164771556854248047e+00 -6.165343761444091797e+00 5.690813541412353516e+00 -9.878112673759460449e-01 -1.223411917686462402e+00 3.852683544158935547e+00
-2.596915721893310547e+00 -6.368825435638427734e-01 2.924740016460418701e-01 -1.061102151870727539e+00 1.499430298805236816e+00 -2.391367197036743164e+00 9.593089222908020020e-01 1.040831208229064941e+00 -1.444370508193969727e+00 8.397657424211502075e-02 -4.502166509628295898e-01 1.800071746110916138e-01 -1.202429175376892090e+00 1.601960659027099609e+00 -1.622221350669860840e+00 -7.153006792068481445e-01 1.533528510481119156e-02 -4.680151045322418213e-01 2.276538610458374023e+00 -1.124828577041625977e+00
-1.467257440090179443e-01 -9.608007967472076416e-02 -8.976556658744812012e-01 -1.698459386825561523e+00 1.881029009819030762e+00 -1.264195799827575684e+00 2.155231952667236328e+00 2.541756391525268555e+00 -6.543504595756530762e-01 -1.279592961072921753e-01 -2.228260278701782227e+00 8.240510225296020508e-01 5.240939259529113770e-01 2.055849283933639526e-01 1.743972748517990112e-01 2.270983219146728516e+00 6.242471933364868164e-01 -1.163124918937683105e+00 1.188128948211669922e+00 5.403998494148254395e-01
-8.027461767196655273e-01 -8.484371304512023926e-01 -3.127247810363769531e+00 1.583122760057449341e-01 -9.109500050544738770e-01 -4.525411427021026611e-01 4.617961347103118896e-01 -1.612072587013244629e+00 9.812286496162414551e-02 -7.989061474800109863e-01 2.358159869909286499e-01 9.038596749305725098e-01 9.068089723587036133e-01 2.311150431632995605e-01 1.065531224012374878e-01 2.137457609176635742e+00 1.273053139448165894e-01 3.974218964576721191e-01 -6.365810632705688477e-01 -5.192595720291137695e-01
-1.245657444000244141e+00 -1.542435169219970703e+00 -1.971472501754760742e+00 -4.262698348611593246e-03 -1.306742310523986816e+00 -8.762131929397583008e-01 3.263537585735321045e-01 -3.263620138168334961e-01 -1.694159150123596191e+00 -1.488009214401245117e+00 1.657850503921508789e+00 1.399808824062347412e-01 6.173735857009887695e-01 -6.374856829643249512e-01 1.563268423080444336e+00 1.522202849388122559e+00 -4.638023674488067627e-02 2.545296192169189453e+00 -1.211684584617614746e+00 -1.050429046154022217e-01
-1.633441925048828125e+00 1.621818900108337402e+00 2.224638871848583221e-02 -9.194715023040771484e-01 -1.010673522949218750e+00 -3.201757431030273438e+00 -3.197938919067382812e+00 -1.766220107674598694e-02 -2.800108671188354492e+00 -3.636706829071044922e+00 -8.173137903213500977e-01 7.220591902732849121e-01 -1.119156718254089355e+00 -2.366685390472412109e+00 2.073480129241943359e+00 -3.936016082763671875e+00 1.899029016494750977e+00 -1.641033530235290527e+00 1.109683990478515625e+00 -8.751373291015625000e-01
1.211237549781799316e+00 -3.370895981788635254e-02 -2.611509323120117188e+00 -7.425125241279602051e-01 -1.755810260772705078e+00 -9.444565773010253906e-01 -7.656186223030090332e-01 3.590107262134552002e-01 -2.331850379705429077e-01 1.639480829238891602e+00 2.160734653472900391e+00 1.331805586814880371e+00 1.153928712010383606e-01 4.502067267894744873e-01 -5.521914456039667130e-03 5.412680506706237793e-01 -5.551734566688537598e-01 3.178093194961547852e+00 1.278452873229980469e+00 -1.117728948593139648e+00
2.561761379241943359e+00 -7.499104738235473633e-01 2.296233549714088440e-02 -6.901398301124572754e-02 -1.905552625656127930e+00 -1.175423502922058105e+00 2.467592358589172363e-01 4.223252236843109131e-01 -1.083403468132019043e+00 -1.870682716369628906e+00 1.208525657653808594e+00 -1.209271073341369629e+00 -4.616272747516632080e-01 -1.517452746629714966e-01 -9.954934716224670410e-01 9.261826872825622559e-01 1.388138383626937866e-01 8.422834277153015137e-01 1.676476359367370605e+00 -1.980148196220397949e+00
2.457015037536621094e+00 -1.730506539344787598e+00 2.327937632799148560e-01 5.660768747329711914e-01 4.465270936489105225e-01 1.846733331680297852e+00 5.309611558914184570e-01 1.393189787864685059e+00 1.391829967498779297e+00 -8.573946952819824219e-01 3.049195289611816406e+00 2.197950035333633423e-01 -2.193846926093101501e-02 6.209294795989990234e-01 1.352762341499328613e+00 1.326428055763244629e+00 -2.687683403491973877e-01 1.294400691986083984e+00 1.879213690757751465e+00 -2.046079486608505249e-01
9.818280339241027832e-01 -1.016639590263366699e+00 -3.346146047115325928e-01 -1.182371973991394043e+00 6.454653143882751465e-01 6.267111301422119141e-01 6.736262440681457520e-01 9.353772997856140137e-01 2.563378810882568359e+00 -3.044864535331726074e-01 2.629541635513305664e+00 3.670692443847656250e-01 5.586103796958923340e-01 3.417621254920959473e-01 9.031887054443359375e-01 1.213499456644058228e-01 4.785288572311401367e-01 9.053859114646911621e-01 9.126354455947875977e-01 1.015066169202327728e-02
2.567997574806213379e-01 -9.171976447105407715e-01 -5.774537920951843262e-01 -1.336673855781555176e+00 8.189926147460937500e-01 6.509963274002075195e-01 -3.791112601757049561e-01 -7.183704972267150879e-01 2.175684690475463867e+00 1.033537834882736206e-01 1.886002898216247559e+00 1.353957176208496094e+00 -5.696588158607482910e-01 -7.643167376518249512e-01 4.282749295234680176e-01 -5.303800106048583984e-01 1.926240444183349609e+00 2.307716608047485352e-01 -3.539971411228179932e-01 -2.499252259731292725e-01
4.245657622814178467e-01 -2.078504413366317749e-01 3.591714203357696533e-01 -3.158266782760620117e+00 8.833754062652587891e-02 -7.114100456237792969e-01 2.621115446090698242e+00 -9.130235910415649414e-01 2.577528238296508789e+00 1.521610260009765625e+00 -2.510685622692108154e-01 -3.805589377880096436e-01 -1.991792559623718262e+00 -1.877766400575637817e-01 4.819833040237426758e-01 2.456855326890945435e-01 -3.131328523159027100e-01 1.775591492652893066e+00 1.006382584571838379e+00 -3.029820742085576057e-03
2.081533432006835938e+00 -3.310291767120361328e-01 1.992756843566894531e+00 -2.817318916320800781e+00 -2.013926982879638672e+00 -2.192501306533813477e+00 8.321545124053955078e-01 -3.880066573619842529e-01 5.999467372894287109e-01 7.700163125991821289e-01 -7.737757563591003418e-01 7.003968954086303711e-01 -6.225266456604003906e-01 -1.618650794029235840e+00 -2.770109653472900391e+00 2.671711206436157227e+00 1.689625024795532227e+00 -3.574548363685607910e-01 7.609059214591979980e-01 -1.587155461311340332e+00
1.256520032882690430e+00 1.061574935913085938e+00 5.454755425453186035e-01 -1.148511528968811035e+00 2.388035297393798828e+00 -2.347662687301635742e+00 -1.368533968925476074e+00 2.683912813663482666e-01 8.570807576179504395e-01 1.792201101779937744e-01 -2.371193408966064453e+00 -3.276959955692291260e-01 -1.853546380996704102e+00 -1.222824454307556152e+00 1.181542396545410156e+00 -1.851075887680053711e+00 -1.218235731124877930e+00 2.066847324371337891e+00 -1.215792655944824219e+00 1.736923307180404663e-01
1.379918694496154785e+00 -1.959506750106811523e+00 9.549340605735778809e-01 3.268632650375366211e+00 -2.880732536315917969e+00 -2.455451339483261108e-01 -3.313174724578857422e+00 -2.702662348747253418e-01 8.544130921363830566e-01 3.283905684947967529e-01 3.064625501632690430e+00 2.003545522689819336e+00 -2.521309614181518555e+00 2.564013719558715820e+00 2.262387126684188843e-01 -1.308925867080688477e+00 1.520928978919982910e+00 -7.966656088829040527e-01 1.408525854349136353e-01 2.025504857301712036e-01
-3.878009617328643799e-01 7.707760483026504517e-02 1.853738903999328613e+00 -2.114590167999267578e+00 -1.617582321166992188e+00 2.646025180816650391e+00 9.218842387199401855e-01 -1.869119286537170410e+00 -2.644741773605346680e+00 2.347810745239257812e+00 -4.262046813964843750e+00 -2.722071647644042969e+00 -5.148190498352050781e+00 3.913363814353942871e-01 2.378410577774047852e+00 -3.087535500526428223e-01 -1.254183769226074219e+00 -1.822069048881530762e+00 -6.167865395545959473e-01 -3.972892761230468750e+00
-2.308276653289794922e+00 2.836668729782104492e+00 -4.868440628051757812e+00 2.621999263763427734e+00 3.282714366912841797e+00 1.669038653373718262e+00 -5.127209663391113281e+00 -3.310132980346679688e+00 -1.502037882804870605e+00 3.509787559509277344e+00 -1.733840823173522949e+00 -1.398438334465026855e+00 -1.445738434791564941e+00 -4.189302444458007812e+00 2.243612766265869141e+00 3.827186226844787598e-01 1.008686304092407227e+00 -5.803651213645935059e-01 6.295251250267028809e-01 3.250325679779052734e+00
1.419361948966979980e+00 1.823235034942626953e+00 3.518537521362304688e+00 -2.271115928888320923e-01 -2.250653877854347229e-02 1.455890059471130371e+00 1.308745503425598145e+00 -1.880210995674133301e+00 5.785991549491882324e-01 -2.506887435913085938e+00 4.401337146759033203e+00 -3.039525747299194336e+00 -3.850992023944854736e-01 -3.654546022415161133e+00 -4.660514354705810547e+00 1.638617277145385742e+00 -4.044286727905273438e+00 1.082657128572463989e-01 1.867209196090698242e+00 -2.497113704681396484e+00
-6.197373867034912109e+00 -3.177680969238281250e+00 -9.509846687316894531e+00 -2.034081459045410156e+00 2.298770904541015625e+00 1.030948352813720703e+01 -8.548157215118408203e-01 -1.004134273529052734e+01 -1.176739215850830078e+00 1.489527225494384766e+01 4.921980202198028564e-01 -1.139328956604003906e+00 1.344726800918579102e+00 2.169900417327880859e+00 4.903956890106201172e+00 -1.005692291259765625e+01 6.638989448547363281e+00 -3.301794290542602539e+00 5.147511363029479980e-01 -4.089031696319580078e+00
-2.421176910400390625e+00 -6.582987308502197266e-01 7.819509506225585938e-02 -8.588731884956359863e-01 1.443357110023498535e+00 -2.180929183959960938e+00 9.559415578842163086e-01 1.073906779289245605e+00 -1.378305435180664062e+00 1.199268922209739685e-01 -8.099474310874938965e-01 1.103766560554504395e-01 -7.911880612373352051e-01 1.526418805122375488e+00 -1.551151514053344727e+00 -5.912418961524963379e-01 4.547068104147911072e-02 -2.287846356630325317e-01 2.124178647994995117e+00 -1.278441905975341797e+00
-7.019361853599548340e-01 1.547186076641082764e-01 -2.242545604705810547e+00 2.812100946903228760e-01 1.906620979309082031e+00 -2.000232934951782227e+00 2.684109508991241455e-01 -1.172077059745788574e+00 -1.481289625167846680e+00 8.433814644813537598e-01 -5.439015030860900879e-01 2.574533939361572266e+00 -7.644234895706176758e-01 -2.662920951843261719e-01 -1.612520456314086914e+00 3.854873895645141602e+00 3.281692266464233398e-01 -2.243415832519531250e+00 -1.280030012130737305e+00 1.828847266733646393e-02
-5.714835524559020996e-01 -6.899715662002563477e-01 -1.678650259971618652e+00 6.900976300239562988e-01 -1.885624647140502930e+00 1.013115942478179932e-01 4.362956881523132324e-01 -5.163221955299377441e-01 -6.157341599464416504e-01 -2.145340681076049805e+00 8.841929435729980469e-01 4.905095696449279785e-01 9.268514513969421387e-01 2.148250341415405273e+00 -1.878168731927871704e-01 1.825149297714233398e+00 -4.440210461616516113e-01 3.020725548267364502e-01 -3.292233049869537354e-01 -9.855101704597473145e-01
2.761952877044677734e-01 -9.489442706108093262e-01 -5.314864158630371094e+00 5.753554701805114746e-01 -1.447190999984741211e+00 -6.350979804992675781e-01 6.993414163589477539e-01 -3.344499826431274414e+00 -1.431748986244201660e+00 -3.430728912353515625e-01 1.455219030380249023e+00 1.765895128250122070e+00 1.726380437612533569e-01 -2.548410892486572266e+00 8.607275485992431641e-01 1.125869989395141602e+00 8.627372384071350098e-01 3.197557926177978516e+00 -1.882843971252441406e+00 3.575165942311286926e-02
-2.386793613433837891e+00 2.156512498855590820e+00 -2.567442655563354492e+00 8.032516837120056152e-01 -3.660776376724243164e+00 -4.678743839263916016e+00 -2.421752929687500000e+00 2.548956155776977539e+00 -2.000972270965576172e+00 3.300126641988754272e-02 -1.297023534774780273e+00 -4.007612764835357666e-01 2.042037010192871094e+00 2.208583354949951172e+00 1.182065248489379883e+00 2.102483510971069336e+00 3.605422675609588623e-01 -3.937333822250366211e-01 2.082258224487304688e+00 -1.336210966110229492e+00
5.195913791656494141e+00 2.145397663116455078e+00 1.567969560623168945e+00 -1.267988920211791992e+00 -2.726081293076276779e-03 -3.303534746170043945e+00 -3.248437881469726562e+00 -3.496901273727416992e+00 -1.267614603042602539e+00 -5.048557519912719727e-01 -1.018615007400512695e+00 -3.582010030746459961e+00 -2.087791681289672852e+00 -2.589393615722656250e+00 -1.744434356689453125e+00 -3.800790786743164062e+00 -3.722766160964965820e+00 -1.907763928174972534e-01 2.619970560073852539e+00 1.979145884513854980e+00
2.444564819335937500e+00 4.847294092178344727e-01 5.962595343589782715e-01 2.481029510498046875e+00 3.736181259155273438e-01 1.321962952613830566e+00 -2.811477184295654297e+00 -3.049399375915527344e+00 1.431127429008483887e+00 5.471839308738708496e-01 2.924172878265380859e+00 5.363522529602050781e+00 -1.275393724441528320e+00 4.246208667755126953e+00 -3.112431049346923828e+00 2.375519990921020508e+00 -2.981396198272705078e+00 4.390783309936523438e+00 9.279412031173706055e-01 -4.020713806152343750e+00
-2.477706193923950195e+00 2.445015907287597656e+00 1.416072845458984375e+00 1.437657117843627930e+00 -1.392259716987609863e+00 -1.103914141654968262e+00 -4.084443569183349609e+00 -1.043185472488403320e+00 2.266367673873901367e-01 -1.572314500808715820e+00 4.772696018218994141e+00 2.290544986724853516e+00 -1.905387997627258301e+00 -6.768311262130737305e-01 -1.134772181510925293e+00 2.139957666397094727e+00 2.476115226745605469e+00 -3.018511772155761719e+00 -2.562916040420532227e+00 -2.081435203552246094e+00
1.043071269989013672e+00 8.167880773544311523e-01 1.644374847412109375e+00 -1.590324282646179199e+00 -1.059818625450134277e+00 2.202623128890991211e+00 -7.077145576477050781e-01 2.875011920928955078e+00 6.691832542419433594e-01 -1.367773056030273438e+00 -1.982442259788513184e+00 -1.807566642761230469e+00 3.076066255569458008e+00 -1.197640061378479004e+00 -5.737298965454101562e+00 -6.094170808792114258e-01 2.466524839401245117e+00 -3.441391587257385254e-01 -7.375954985618591309e-01 3.280986309051513672e+00
-1.183179393410682678e-01 5.481267571449279785e-01 -5.267573595046997070e-01 -1.037145614624023438e+00 -1.961060047149658203e+00 -1.610155224800109863e+00 6.021014451980590820e-01 -1.871649146080017090e+00 2.681088924407958984e+00 5.414683818817138672e-01 1.334671378135681152e+00 8.782072365283966064e-02 1.070304512977600098e-01 2.563442468643188477e+00 -2.121891021728515625e+00 5.063165426254272461e-01 1.212014198303222656e+00 -1.236854791641235352e+00 8.182969689369201660e-01 -9.294303059577941895e-01
-2.429123520851135254e-01 -1.348775744438171387e+00 -1.236371040344238281e+00 -7.670296430587768555e-01 -8.058649301528930664e-01 -1.319762706756591797e+00 1.276836633682250977e+00 1.051982045173645020e-01 -3.087483644485473633e-01 -6.951467366889119148e-05 9.460042119026184082e-01 -1.363270759582519531e+00 3.700108528137207031e-01 -8.279944062232971191e-01 -6.285834908485412598e-01 -4.907717406749725342e-01 1.268567323684692383e+00 -3.066239058971405029e-01 1.988096833229064941e-01 4.209812283515930176e-01
-1.943732500076293945e+00 -3.297533094882965088e-02 -7.088382840156555176e-01 -9.943173266947269440e-03 1.106874942779541016e+00 1.094784215092658997e-01 1.863658726215362549e-01 -1.785985708236694336e+00 1.541614890098571777e+00 -5.620769262313842773e-01 -6.989317625993862748e-05 -1.520813345909118652e+00 -2.016817092895507812e+00 7.968323230743408203e-01 -1.183415889739990234e+00 6.157432198524475098e-01 -1.393873572349548340e+00 -1.534070849418640137e+00 1.000375952571630478e-02 -2.585335254669189453e+00
8.384982347488403320e-01 -4.699908196926116943e-01 -1.243673086166381836e+00 1.114744171500205994e-01 4.034278869628906250e+00 -1.438956975936889648e+00 -3.341626167297363281e+00 1.133264541625976562e+00 -1.991747617721557617e+00 -8.182609677314758301e-01 8.219113945960998535e-01 -2.198147296905517578e+00 3.771316409111022949e-01 -1.818827509880065918e+00 -9.184658527374267578e-01 -2.508412837982177734e+00 -5.151680111885070801e-01 2.881008386611938477e+00 -4.047607898712158203e+00 1.199975728988647461e+00
-2.803486824035644531e+00 4.478392004966735840e-01 -9.856351613998413086e-01 -9.769978374242782593e-02 -4.054872691631317139e-01 2.221983671188354492e+00 1.770521283149719238e+00 -1.594872951507568359e+00 3.268172979354858398e+00 -5.534017458558082581e-02 -8.607225418090820312e-01 3.580305576324462891e-01 -2.572618484497070312e+00 -2.838482260704040527e-01 2.093924522399902344e+00 -6.025636196136474609e-01 -2.768109142780303955e-01 -2.195515632629394531e+00 -2.314570188522338867e+00 -9.343101382255554199e-01
2.779750347137451172e+00 1.664423346519470215e+00 1.374898433685302734e+00 1.307292580604553223e+00 1.128695607185363770e+00 1.328661441802978516e+00 4.571125984191894531e+00 -1.664216637611389160e+00 -2.124461412429809570e+00 -2.793991565704345703e+00 -1.327619433403015137e+00 -1.888976693153381348e+00 -2.699881792068481445e+00 3.123536109924316406e+00 2.594593048095703125e+00 7.092891931533813477e-01 1.521078228950500488e+00 -3.690920114517211914e+00 5.024537444114685059e-01 -3.508231639862060547e-01
-3.546669483184814453e+00 2.769141912460327148e+00 4.994479179382324219e+00 -1.137639045715332031e+00 -2.461784839630126953e+00 -1.386568099260330200e-01 -1.554399251937866211e+00 1.010962128639221191e+00 -1.864530295133590698e-01 6.249624490737915039e-01 -7.433750629425048828e-01 -1.159482240676879883e+00 6.720123767852783203e+00 -6.346293926239013672e+00 -1.153121829032897949e+00 6.281817555427551270e-01 -1.525197148323059082e+00 -3.793740272521972656e-01 4.157995283603668213e-01 2.204177618026733398e+00
-3.677048087120056152e-01 -1.973967790603637695e+00 2.684192895889282227e+00 -8.258789777755737305e-02 2.433412075042724609e+00 3.246223330497741699e-01 -1.741283655166625977e+00 -4.121535301208496094e+00 -1.127266407012939453e+00 -3.476352453231811523e+00 -7.475262880325317383e-01 2.439861536026000977e+00 3.172441005706787109e+00 -3.844650506973266602e+00 2.629914283752441406e+00 -3.154842376708984375e+00 1.569928526878356934e+00 -2.340773344039916992e-01 3.969541788101196289e+00 -1.980296492576599121e+00
-2.446070671081542969e+00 8.886335372924804688e+00 -3.850577592849731445e+00 8.906145095825195312e+00 1.946457982063293457e+00 2.077625274658203125e+00 -3.832102298736572266e+00 1.138160228729248047e+01 -8.520519256591796875e+00 3.571267127990722656e+00 1.296022319793701172e+01 -9.783688187599182129e-02 -1.186493396759033203e+01 4.385327816009521484e+00 5.407598018646240234e-01 7.117131233215332031e+00 5.948500156402587891e+00 -9.507791519165039062e+00 4.851545810699462891e+00 -5.644207477569580078e+00
-2.452746391296386719e+00 -6.263530254364013672e-01 2.295438647270202637e-01 -4.625919461250305176e-01 1.444804310798645020e+00 -2.374076843261718750e+00 1.030557751655578613e+00 1.027035951614379883e+00 -1.628444790840148926e+00 -1.043783873319625854e-02 -8.958145976066589355e-01 1.670086532831192017e-01 -1.135186433792114258e+00 1.723562121391296387e+00 -1.586191415786743164e+00 -6.333305835723876953e-01 1.865785941481590271e-02 -3.877415060997009277e-01 2.320962905883789062e+00 -1.286244392395019531e+00
-2.308314085006713867e+00 -1.104162454605102539e+00 -2.435805082321166992e+00 4.302236735820770264e-01 2.063194036483764648e+00 -1.350351810455322266e+00 -1.299884319305419922e-01 -1.743675112724304199e+00 -1.911667227745056152e+00 -6.193182468414306641e-01 1.290393471717834473e+00 3.010624885559082031e+00 -1.107208728790283203e+00 -7.161676287651062012e-01 -7.621746063232421875e-01 2.255574703216552734e+00 -1.755028367042541504e-01 -2.719307661056518555e+00 -6.540783643722534180e-01 3.726196587085723877e-01
-1.410782814025878906e+00 -4.546767100691795349e-02 -1.475516676902770996e+00 -9.347918629646301270e-01 -8.576874434947967529e-02 -4.578233063220977783e-01 6.512683629989624023e-01 -5.142421722412109375e-01 -7.230114936828613281e-02 -1.952841997146606445e+00 -4.959986209869384766e-01 1.279708266258239746e+00 6.755726933479309082e-01 7.978860139846801758e-01 1.038621887564659119e-01 1.964365720748901367e+00 -7.616788148880004883e-01 1.022963881492614746e+00 -5.449610948562622070e-01 -7.806547284126281738e-01
-1.673735260963439941e+00 -2.921327054500579834e-01 -1.589432477951049805e+00 -1.256730556488037109e+00 -1.709778159856796265e-01 -3.260692059993743896e-01 4.439061880111694336e-01 -3.841173350811004639e-01 3.027355484664440155e-02 -1.748602032661437988e+00 -5.862940549850463867e-01 1.578691005706787109e+00 6.196143031120300293e-01 6.896893978118896484e-01 -8.116785436868667603e-02 1.651397585868835449e+00 -5.882428288459777832e-01 8.899181485176086426e-01 -7.036841511726379395e-01 -8.659977912902832031e-01
-1.873978614807128906e+00 -3.357202112674713135e-01 -1.355702877044677734e+00 -1.175368189811706543e+00 -2.601268291473388672e-01 -4.067327976226806641e-01 4.427574574947357178e-01 -3.546417951583862305e-01 2.482454292476177216e-02 -1.685678482055664062e+00 -4.943448007106781006e-01 1.465103507041931152e+00 4.218856990337371826e-01 5.539250373840332031e-01 2.960240468382835388e-02 1.509766101837158203e+00 -6.525760293006896973e-01 9.778639674186706543e-01 -6.797174811363220215e-01 -8.993898034095764160e-01
-1.799418807029724121e+00 -3.416987657546997070e-01 -1.496358990669250488e+00 -1.244090080261230469e+00 -3.114117085933685303e-01 -2.622447907924652100e-01 5.956434011459350586e-01 -3.480039536952972412e-01 9.309436380863189697e-02 -1.499078631401062012e+00 -4.430732727050781250e-01 1.451761007308959961e+00 5.175454616546630859e-01 5.944694280624389648e-01 5.598312243819236755e-02 1.503709077835083008e+00 -6.812707781791687012e-01 9.440724849700927734e-01 -5.701505541801452637e-01 -8.797305226325988770e-01
1.992515087127685547e+00 -7.081845998764038086e-01 2.023026704788208008e+00 2.151586532592773438e+00 2.968152761459350586e+00 -3.013473987579345703e+00 -1.285258412361145020e+00 5.062674522399902344e+00 -2.399660795927047729e-01 -6.091223955154418945e-01 -9.963962435722351074e-01 2.453366041183471680e+00 7.592146992683410645e-01 2.243519544601440430e+00 5.336916446685791016e+00 -2.112845420837402344e+00 -5.078872680664062500e+00 -1.105378866195678711e+00 -3.828189134597778320e+00 2.682231664657592773e+00
-1.602550387382507324e+00 -2.212723493576049805e-01 -1.624728679656982422e+00 -1.344191789627075195e+00 -1.238676309585571289e-01 -3.205156624317169189e-01 7.713086009025573730e-01 -3.295177221298217773e-01 1.768504828214645386e-01 -1.573268055915832520e+00 -5.352245569229125977e-01 1.534227252006530762e+00 6.813743710517883301e-01 6.232575178146362305e-01 1.894741058349609375e-01 1.525087833404541016e+00 -5.683217644691467285e-01 9.240882992744445801e-01 -4.924614429473876953e-01 -8.273424506187438965e-01
-1.381429433822631836e+00 -1.676937341690063477e+00 -1.731539130210876465e+00 -1.598631024360656738e+00 6.148491501808166504e-01 -1.452176690101623535e+00 4.802955389022827148e-01 -1.042029976844787598e+00 -4.738726019859313965e-01 5.642572045326232910e-01 -5.663313865661621094e-01 1.438365459442138672e+00 -5.419055223464965820e-01 -7.389576435089111328e-01 -6.187637448310852051e-01 3.249505043029785156e+00 6.975080370903015137e-01 -1.171923637390136719e+00 -2.433310747146606445e-01 1.900745630264282227e-01
-1.677483916282653809e+00 -3.475714027881622314e-01 -1.619752883911132812e+00 -1.394788503646850586e+00 -2.613901495933532715e-01 -2.870322167873382568e-01 6.072663664817810059e-01 -2.387033700942993164e-01 1.965907067060470581e-01 -1.482390284538269043e+00 -6.566441059112548828e-01 1.441886663436889648e+00 7.908896207809448242e-01 5.935925841331481934e-01 1.661698818206787109e-01 1.580873012542724609e+00 -5.822265148162841797e-01 9.293706417083740234e-01 -4.969184398651123047e-01 -8.703863620758056641e-01
-1.811264395713806152e+00 -2.994139790534973145e-01 -1.544870495796203613e+00 -1.361027240753173828e+00 -2.709163427352905273e-01 -3.273825645446777344e-01 6.750521063804626465e-01 -2.396427839994430542e-01 6.634787470102310181e-02 -1.577417731285095215e+00 -4.781675636768341064e-01 1.504650592803955078e+00 7.368609905242919922e-01 5.933130979537963867e-01 2.260799556970596313e-01 1.400275111198425293e+00 -4.729860424995422363e-01 9.151254296302795410e-01 -6.844188570976257324e-01 -9.094287157058715820e-01
-1.879906654357910156e+00 -2.856541574001312256e-01 -1.614488840103149414e+00 -1.383170604705810547e+00 -2.009302973747253418e-01 -3.204870820045471191e-01 6.215320229530334473e-01 -3.968084454536437988e-01 1.609813272953033447e-01 -1.516878724098205566e+00 -5.635825395584106445e-01 1.641591787338256836e+00 5.824025273323059082e-01 5.779864788055419922e-01 4.356247931718826294e-02 1.406339526176452637e+00 -4.715637862682342529e-01 8.494701981544494629e-01 -5.572239160537719727e-01 -9.368973374366760254e-01
-1.776016473770141602e+00 -3.038397729396820068e-01 -1.592644453048706055e+00 -1.307531714439392090e+00 -2.472629845142364502e-01 -1.712062209844589233e-01 7.306725978851318359e-01 -2.300708591938018799e-01 2.495468407869338989e-01 -1.584543704986572266e+00 -6.596906781196594238e-01 1.588240861892700195e+00 6.610615849494934082e-01 7.345469594001770020e-01 2.275726944208145142e-01 1.388519883155822754e+00 -4.319358468055725098e-01 9.210415482521057129e-01 -5.919812917709350586e-01 -9.343086481094360352e-01
-1.830225586891174316e+00 -2.353045791387557983e-01 -1.560150504112243652e+00 -1.319027781486511230e+00 -2.861770689487457275e-01 -2.564565837383270264e-01 6.199364662170410156e-01 -2.683654725551605225e-01 1.234745532274246216e-01 -1.487659215927124023e+00 -6.020324230194091797e-01 1.679750204086303711e+00 6.193078160285949707e-01 5.713858008384704590e-01 2.601608335971832275e-01 1.428740739822387695e+00 -3.272708058357238770e-01 7.705044150352478027e-01 -5.115289092063903809e-01 -9.866233468055725098e-01
-1.820209622383117676e+00 -3.349634706974029541e-01 -1.588912725448608398e+00 -1.368277668952941895e+00 -2.215655893087387085e-01 -3.593146502971649170e-01 7.309775948524475098e-01 -7.340877503156661987e-02 1.354999989271163940e-01 -1.630624055862426758e+00 -6.707199811935424805e-01 1.567656993865966797e+00 6.616899967193603516e-01 6.633249521255493164e-01 2.233451157808303833e-01 1.099380850791931152e+00 -2.704134583473205566e-01 8.305141329765319824e-01 -4.978096783161163330e-01 -9.742984771728515625e-01
-2.196684837341308594e+00 -5.580055117607116699e-01 -1.518566727638244629e+00 -1.758013725280761719e+00 -6.601418554782867432e-02 -2.478395253419876099e-01 6.796675324440002441e-01 -2.435231059789657593e-01 1.527626663446426392e-01 -1.351700544357299805e+00 -4.762633144855499268e-01 1.536757588386535645e+00 4.326553940773010254e-01 3.275189697742462158e-01 3.782384097576141357e-01 9.725706577301025391e-01 -3.922848701477050781e-01 7.897303700447082520e-01 -5.357009768486022949e-01 -8.330160379409790039e-01
-1.974553346633911133e+00 -1.427927851676940918e+00 -1.536378860473632812e+00 -1.191634654998779297e+00 -7.250760793685913086e-01 4.472730159759521484e-01 3.180173337459564209e-01 9.767834544181823730e-01 1.206847786903381348e+00 -1.547329902648925781e+00 -7.565202116966247559e-01 1.458009004592895508e+00 4.841418862342834473e-01 1.407641172409057617e+00 -3.252711594104766846e-01 -2.583506107330322266e-01 -1.288406491279602051e+00 6.650610566139221191e-01 1.445676684379577637e-01 -6.630779504776000977e-01
-5.643527954816818237e-03 8.029198050498962402e-01 -3.308272957801818848e-01 -1.965950250625610352e+00 -3.464942932128906250e+00 3.107936382293701172e+00 4.585021734237670898e-02 -5.607303380966186523e-01 -4.152629673480987549e-01 3.844284117221832275e-01 4.008526206016540527e-01 -4.568609595298767090e-01 -2.050690889358520508e+00 2.707999467849731445e+00 -1.161126613616943359e+00 3.762368261814117432e-01 6.134345531463623047e-01 6.776826381683349609e-01 -2.365450143814086914e+00 3.943281173706054688e-01
-2.773103475570678711e+00 2.928187370300292969e+00 9.718261361122131348e-01 -3.294108152389526367e+00 1.609423398971557617e+00 -3.844032049179077148e+00 -3.598478317260742188e+00 -1.294542193412780762e+00 1.923374533653259277e-01 3.022015571594238281e+00 1.822770684957504272e-01 -1.885983705520629883e+00 -1.952274084091186523e+00 5.244862079620361328e+00 4.518649101257324219e+00 -7.842256426811218262e-01 -2.321387290954589844e+00 -4.630989730358123779e-01 2.215435028076171875e+00 8.368644714355468750e-01
-5.278943181037902832e-01 1.878423929214477539e+00 -1.091103315353393555e+00 1.051989793777465820e+00 -2.576939821243286133e+00 -4.502386599779129028e-02 -3.897540569305419922e+00 4.038361549377441406e+00 -2.397269487380981445e+00 1.936860680580139160e+00 8.658514618873596191e-01 2.736772537231445312e+00 4.402923583984375000e-01 2.631841659545898438e+00 1.047111392021179199e+00 3.822280406951904297e+00 1.446504712104797363e+00 -1.667535901069641113e+00 1.517789363861083984e+00 -1.492650747299194336e+00
1.075755000114440918e+00 8.458245396614074707e-01 2.363715171813964844e+00 -1.208459585905075073e-01 -4.000632166862487793e-01 -1.989852428436279297e+00 -5.136889219284057617e-01 2.497049808502197266e+00 -1.506032049655914307e-01 5.565961822867393494e-02 2.242644786834716797e+00 9.227827191352844238e-02 5.877323746681213379e-01 2.814443349838256836e+00 1.843376517295837402e+00 3.405888319015502930e+00 -1.007327914237976074e+00 2.984347820281982422e+00 2.238548517227172852e+00 -1.323913931846618652e+00
-1.686177015304565430e+00 -6.081878542900085449e-01 6.808554649353027344e+00 -1.397462010383605957e+00 9.152598679065704346e-02 -2.390379905700683594e-01 -3.899390220642089844e+00 1.726063132286071777e+00 1.682486891746520996e+00 6.582627296447753906e-01 -3.646924018859863281e+00 -5.678879618644714355e-01 -7.032677531242370605e-01 5.348188877105712891e-01 -5.137974739074707031e+00 1.855404302477836609e-02 2.849897146224975586e+00 -3.751131772994995117e+00 -3.642044067382812500e-01 2.045313835144042969e+00
-7.512698769569396973e-01 5.466859936714172363e-01 5.374451637268066406e+00 2.040606886148452759e-01 1.111521244049072266e+00 -9.678333401679992676e-01 -5.287122726440429688e-01 1.633549809455871582e+00 2.958342313766479492e+00 -3.962495565414428711e+00 2.705802679061889648e+00 6.193904280662536621e-01 2.275239527225494385e-01 8.259888887405395508e-01 5.503739714622497559e-01 1.464174538850784302e-01 9.923328757286071777e-01 2.472994178533554077e-01 2.123127877712249756e-01 -5.182336643338203430e-02
-2.144955873489379883e+00 -1.004645228385925293e+00 3.787951543927192688e-02 -2.086593627929687500e+00 1.601582527160644531e+00 -1.609474301338195801e+00 -2.467580080032348633e+00 -4.890370965003967285e-01 2.422340631484985352e+00 1.171243309974670410e+00 7.737789750099182129e-01 5.068389177322387695e-01 -1.855197787284851074e+00 -1.469271063804626465e+00 -1.612542390823364258e+00 5.575757026672363281e-01 1.937274932861328125e+00 -1.115808963775634766e+00 -8.820920586585998535e-01 7.333934307098388672e-01
-2.037347555160522461e+00 -7.769905328750610352e-01 2.001460075378417969e+00 -4.297550618648529053e-01 4.777610301971435547e+00 7.131801247596740723e-01 -2.313940525054931641e+00 -2.970383644104003906e+00 2.080639839172363281e+00 -1.410920739173889160e+00 3.849790617823600769e-02 -1.178087353706359863e+00 -2.450073003768920898e+00 -1.141456127166748047e+00 -1.304612159729003906e+00 -5.010685324668884277e-01 -1.457200884819030762e+00 -2.083573579788208008e+00 4.803463816642761230e-01 -6.633594036102294922e-01
-1.377650380134582520e+00 -1.497230052947998047e+00 4.317861080169677734e+00 -2.021088123321533203e+00 2.031330108642578125e+00 -2.497583627700805664e+00 1.311127185821533203e+00 -5.114498734474182129e-01 -3.846908807754516602e+00 1.015629529953002930e+00 6.626926660537719727e-01 -4.483348429203033447e-01 -3.376169681549072266e+00 6.747325882315635681e-03 -7.708756923675537109e-01 1.112462401390075684e+00 4.830564856529235840e-01 1.450916767120361328e+00 -3.034015178680419922e+00 3.052588939666748047e+00
1.881630301475524902e+00 1.394746065139770508e+00 1.507752418518066406e+00 2.163655757904052734e+00 6.015740633010864258e-01 7.490158081054687500e-01 1.154954195022583008e+00 2.371185779571533203e+00 -1.380684226751327515e-01 -3.157843112945556641e+00 -2.937472462654113770e-01 -2.148802042007446289e+00 1.694725602865219116e-01 6.012125611305236816e-01 -9.272150695323944092e-02 -1.073492288589477539e+00 -1.769800186157226562e+00 1.630786061286926270e+00 1.398921310901641846e-01 -1.302448987960815430e+00
1.365843176841735840e+00 2.230136841535568237e-01 6.136640310287475586e-01 4.680202960968017578e+00 7.289453744888305664e-01 1.837477684020996094e+00 -4.166150465607643127e-02 1.387229084968566895e+00 -8.179416060447692871e-01 -2.862503051757812500e+00 -2.988468110561370850e-01 -1.347945332527160645e+00 -2.692412137985229492e+00 2.289612740278244019e-01 -6.265119463205337524e-02 -1.439819812774658203e+00 -5.447329878807067871e-01 2.473691701889038086e+00 -1.199185371398925781e+00 6.267818063497543335e-02
-8.182929456233978271e-02 -1.222754359245300293e+00 3.464537382125854492e+00 1.916559100151062012e+00 7.822524309158325195e-01 -3.586728274822235107e-01 3.322200477123260498e-01 1.717195630073547363e+00 -9.366641044616699219e-01 -3.223105967044830322e-01 -1.124823093414306641e+00 -3.851571083068847656e+00 -4.770820617675781250e+00 1.196247696876525879e+00 8.579419255256652832e-01 7.104961872100830078e-01 -3.163642168045043945e+00 3.264641523361206055e+00 -1.387382864952087402e+00 2.045009851455688477e+00
-2.331470966339111328e+00 -2.974572896957397461e+00 -4.581876277923583984e+00 -9.773527145385742188e+00 5.123091340065002441e-01 -6.519459724426269531e+00 8.881822586059570312e+00 2.224710702896118164e+00 1.686569213867187500e+00 6.700559854507446289e-01 -6.562809467315673828e+00 -2.960078477859497070e+00 5.966201782226562500e+00 9.240391254425048828e-01 5.979248046875000000e+00 1.429269552230834961e+00 8.352361321449279785e-01 -3.203525066375732422e+00 -1.854089975357055664e+00 -1.322312355041503906e+00
4.280210971832275391e+00 -4.217910766601562500e+00 2.219480991363525391e+00 -1.949022173881530762e+00 -2.764941453933715820e+00 6.135957837104797363e-01 1.535186767578125000e+00 2.966618776321411133e+00 -1.891014099121093750e+00 3.021415233612060547e+00 -2.338589668273925781e+00 -1.465590357780456543e+00 2.295309305191040039e+00 8.860839605331420898e-01 -1.468148350715637207e+00 1.715674400329589844e+00 -3.010248899459838867e+00 -1.593628764152526855e+00 -1.386824607849121094e+00 -3.669026851654052734e+00
1.572754859924316406e+00 4.466001987457275391e+00 2.933147668838500977e+00 -2.238521814346313477e+00 -5.013656139373779297e+00 3.037872076034545898e+00 -2.247493982315063477e+00 -4.606575012207031250e+00 -4.431103169918060303e-01 2.738175868988037109e+00 3.516559600830078125e+00 4.948930740356445312e-01 2.892766237258911133e+00 -9.428091645240783691e-01 -4.786950588226318359e+00 1.250373840332031250e+00 2.498140573501586914e+00 4.659612655639648438e+00 3.739390611648559570e+00 4.962512493133544922e+00
-2.150795221328735352e+00 2.183912277221679688e+00 4.284354686737060547e+00 -1.791131258010864258e+00 3.096929550170898438e+00 2.007202148437500000e+00 -1.010111689567565918e+00 7.334788143634796143e-02 2.868672907352447510e-01 -1.364443898200988770e+00 2.677145600318908691e-01 -7.341754436492919922e-01 6.001212596893310547e-01 5.536392927169799805e-01 2.452725410461425781e+00 -3.946789026260375977e+00 2.162162959575653076e-01 -9.471951127052307129e-01 2.291681766510009766e+00 1.637486100196838379e+00
1.764608979225158691e+00 -1.111890220642089844e+01 -8.713005065917968750e+00 1.149746894836425781e+00 -5.563078880310058594e+00 5.984344482421875000e+00 -5.378374099731445312e+00 -7.116471529006958008e-01 -5.333229064941406250e+00 3.990506410598754883e+00 -9.518405914306640625e+00 -8.214063644409179688e+00 -7.010286331176757812e+00 1.662894725799560547e+00 6.733210086822509766e-01 -2.415087223052978516e+00 2.601469278335571289e+00 -1.051918888092041016e+01 -6.794513225555419922e+00 2.333388566970825195e+00
6.479396820068359375e-01 1.281374096870422363e+00 2.028671503067016602e+00 2.426385402679443359e+00 1.651068091392517090e+00 6.417574405670166016e+00 2.626299381256103516e+00 5.102545738220214844e+00 -1.193458795547485352e+00 2.095505475997924805e+00 1.758660674095153809e+00 1.766350865364074707e+00 -2.389099359512329102e+00 1.687817454338073730e+00 -2.829043865203857422e-01 1.583847284317016602e+00 -4.188696742057800293e-01 -3.746135950088500977e+00 3.104845881462097168e-01 -1.301279425621032715e+00
-2.956941604614257812e+00 -7.660327106714248657e-02 -2.773580253124237061e-01 -3.822057723999023438e+00 -4.373793601989746094e+00 3.817090094089508057e-01 7.845880389213562012e-01 1.413961648941040039e+00 9.612280726432800293e-01 -7.978813648223876953e-01 -5.419831871986389160e-01 -1.625053405761718750e+00 -6.189134120941162109e-01 2.624364614486694336e+00 -1.582711815834045410e+00 1.228238582611083984e+00 -3.423031330108642578e+00 3.006744623184204102e+00 -8.415551781654357910e-01 2.079706430435180664e+00
1.844080686569213867e+00 -4.487643718719482422e+00 -5.688126087188720703e-01 1.775522708892822266e+00 -1.841881871223449707e-01 -4.789682865142822266e+00 -8.155002444982528687e-02 -1.143994450569152832e+00 7.684954404830932617e-01 3.695520162582397461e+00 -1.316290378570556641e+00 -1.126617074012756348e+00 2.162046432495117188e+00 3.917581558227539062e+00 1.019440591335296631e-01 2.309256792068481445e+00 1.281310439109802246e+00 -1.743536472320556641e+00 1.612558841705322266e+00 -3.798676729202270508e+00
1.368084430694580078e+00 1.827306866645812988e+00 -2.589505195617675781e+00 -5.490137338638305664e-01 -1.577435255050659180e+00 -7.906056642532348633e-01 -1.796548843383789062e+00 -2.503065466880798340e-01 -6.447890400886535645e-01 6.638444662094116211e-01 -2.828322537243366241e-02 2.658919811248779297e+00 -1.258048534393310547e+00 1.524364590644836426e+00 -6.469196677207946777e-01 3.983650684356689453e+00 -2.203566074371337891e+00 3.475939035415649414e+00 1.850791096687316895e+00 -4.698380529880523682e-01
1.268752694129943848e+00 1.202037811279296875e+00 2.884053289890289307e-01 -1.134687900543212891e+00 -6.567623019218444824e-01 -7.991396784782409668e-01 7.716628909111022949e-01 -9.165309369564056396e-02 -1.067604422569274902e+00 -1.904415965080261230e+00 -1.116150021553039551e-01 1.279986739158630371e+00 -6.949528455734252930e-01 1.761392951011657715e+00 5.241641402244567871e-01 3.268865585327148438e+00 -2.107627987861633301e-01 3.792245388031005859e+00 1.349183917045593262e+00 -5.399684309959411621e-01
-1.406357645988464355e+00 -3.309889435768127441e-01 -5.023838281631469727e-01 -2.574891567230224609e+00 -8.653180301189422607e-02 -5.227568745613098145e-01 1.834413051605224609e+00 1.016699910163879395e+00 5.892671942710876465e-01 -1.319697022438049316e+00 -3.171268105506896973e-01 3.396298885345458984e-01 6.392028927803039551e-01 6.098883152008056641e-01 1.999861836433410645e+00 1.599018454551696777e+00 -1.108487844467163086e+00 1.427812218666076660e+00 -3.558908402919769287e-02 -1.866988837718963623e-01
