4.017416477203369141e+00
-6.800727844238281250e-01
4.839819371700286865e-01
-2.543453454971313477e+00
-1.159933730959892273e-01
-5.789774894714355469e+00
5.672258377075195312e+00
9.931213259696960449e-01
1.553429126739501953e+00
2.738241195678710938e+00
1.429943561553955078e+00
-2.063893795013427734e+00
1.678804755210876465e-01
-3.248129844665527344e+00
-7.098773479461669922e+00
8.732568621635437012e-01
2.843683242797851562e+00
5.611813068389892578e+00
5.777989029884338379e-01
2.282040119171142578e+00
-5.689581632614135742e-01
1.064787983894348145e+00
-5.472416400909423828e+00
-1.704229354858398438e+00
1.189859509468078613e+00
4.346417903900146484e+00
-1.888975381851196289e+00
1.076442241668701172e+00
-1.646900177001953125e+00
1.647163629531860352e+00
