-3.389844894409179688e-01
9.112876653671264648e-01
-1.763841807842254639e-01
-1.115883737802505493e-01
-2.949110865592956543e-01
-9.962176680564880371e-01
-3.715272843837738037e-01
4.514038264751434326e-01
-1.013729572296142578e+00
1.276394248008728027e+00
-2.326424837112426758e+00
-1.080812335014343262e+00
8.621749281883239746e-01
1.709292650222778320e+00
-1.004633545875549316e+00
-4.879394769668579102e-01
-1.584866404533386230e+00
-1.192753538489341736e-01
1.509814113378524780e-01
-5.064224004745483398e-01
1.675100773572921753e-01
-1.754055738449096680e+00
8.606446981430053711e-01
-1.049181580543518066e+00
-2.636912465095520020e-01
4.176754355430603027e-01
-4.536568224430084229e-01
-1.726898699998855591e-01
-1.123403429985046387e+00
1.436944842338562012e+00
-1.500548124313354492e+00
4.780009984970092773e-01
1.203806161880493164e+00
1.392481327056884766e+00
1.048405766487121582e+00
6.220223903656005859e-01
1.562388062477111816e+00
1.915778398513793945e+00
2.596684694290161133e+00
9.937998652458190918e-01
