-2.727490663528442383e+00
1.916934728622436523e+00
-2.305175304412841797e+00
3.305242776870727539e+00
-6.905863285064697266e-01
-4.145095869898796082e-02
9.405956268310546875e-01
-2.866345942020416260e-01
-5.876216888427734375e-01
1.380809664726257324e+00
-1.168996214866638184e+00
-8.163862824440002441e-01
1.696553349494934082e+00
2.339273452758789062e+00
-1.063134193420410156e+00
8.725183606147766113e-01
7.477596998214721680e-01
-1.374146580696105957e+00
8.717560768127441406e-01
7.041787505149841309e-01
-6.494559645652770996e-01
-3.190614938735961914e+00
-1.312144875526428223e+00
-3.262010216712951660e-01
1.821589112281799316e+00
1.786517500877380371e+00
-1.017017483711242676e+00
-1.565934658050537109e+00
1.840581774711608887e+00
5.508027225732803345e-02
-4.674569368362426758e-01
-3.314092457294464111e-01
-3.252248048782348633e+00
-5.839267373085021973e-01
-1.454175412654876709e-01
-7.858029603958129883e-01
6.040994524955749512e-01
-1.185692906379699707e+00
1.348504066467285156e+00
1.485367655754089355e+00
