-4.186796545982360840e-01
-1.276903629302978516e+00
-1.641382813453674316e+00
1.088672637939453125e+00
6.183974146842956543e-01
-3.802935481071472168e-01
2.435496568679809570e+00
1.035450816154479980e+00
-1.039099335670471191e+00
-2.946062326431274414e+00
2.931087493896484375e+00
1.829847544431686401e-01
-5.521576404571533203e-01
1.597954750061035156e+00
4.225308895111083984e-01
-2.360167980194091797e+00
-9.764668941497802734e-01
-1.055743217468261719e+00
-1.711137175559997559e+00
1.136597990989685059e+00
-4.629846215248107910e-01
6.511752605438232422e-01
1.578603744506835938e+00
3.916611969470977783e-01
-7.450008988380432129e-01
-3.634442389011383057e-01
1.741661429405212402e+00
-2.607305526733398438e+00
-9.452952742576599121e-01
8.906410336494445801e-01
-1.950737237930297852e+00
3.081246018409729004e-01
1.546359896659851074e+00
-1.212331295013427734e+00
1.904942750930786133e+00
7.524929046630859375e-01
-1.638865590095520020e+00
2.936431169509887695e-01
-1.522307634353637695e+00
-1.597084522247314453e+00
3.045298099517822266e+00
-1.572472810745239258e+00
-8.331878781318664551e-01
-7.453425526618957520e-01
1.634122490882873535e+00
-2.217675745487213135e-01
-9.012323021888732910e-01
1.398246645927429199e+00
7.179560661315917969e-01
-4.850540161132812500e-01
