9.903876781463623047e-01
-3.748562097549438477e+00
-1.982520699501037598e+00
-5.701652169227600098e-01
2.274118900299072266e+00
-4.188276767730712891e+00
-1.861173391342163086e+00
-7.446746826171875000e-01
9.422345161437988281e-01
-1.252579987049102783e-01
-7.280213832855224609e+00
9.437735080718994141e-01
-7.453648447990417480e-01
-4.230338096618652344e+00
-5.474716186523437500e+00
1.789316982030868530e-01
7.772090435028076172e-01
-1.532725572586059570e+00
1.779572963714599609e+00
3.066773414611816406e+00
-2.203585386276245117e+00
3.352528810501098633e+00
-1.397757172584533691e+00
9.475544095039367676e-01
-1.794887065887451172e+00
-1.773606896400451660e+00
5.025000572204589844e+00
-2.982567071914672852e+00
1.423825740814208984e+00
6.217407584190368652e-01
-7.296839237213134766e+00
-3.606521606445312500e+00
2.726720809936523438e+00
-6.093555927276611328e+00
-6.621530652046203613e-01
-1.385354876518249512e+00
1.725336074829101562e+00
2.925415039062500000e+00
-9.526667594909667969e-01
-2.890774488449096680e+00
1.512098908424377441e+00
5.686425685882568359e+00
-5.046771168708801270e-01
1.023046523332595825e-01
-2.819890081882476807e-01
3.765301704406738281e+00
-2.787229776382446289e+00
-3.116029739379882812e+00
-3.393070459365844727e+00
-2.703986763954162598e-01
-3.170347929000854492e+00
-3.862737894058227539e+00
-1.298981547355651855e+00
-5.793548107147216797e+00
1.957919836044311523e+00
2.584732472896575928e-01
-2.704428911209106445e+00
1.849787116050720215e+00
2.685091257095336914e+00
-5.324950814247131348e-01
