3.906632184982299805e+00
1.176890277862548828e+01
-1.205451202392578125e+01
-6.629289150238037109e+00
4.337739467620849609e+00
-8.345673561096191406e+00
9.913077354431152344e+00
-1.126214981079101562e+01
1.018413829803466797e+01
-1.045574665069580078e+01
1.184027194976806641e+00
6.370911121368408203e+00
-1.052382087707519531e+01
9.194562911987304688e+00
1.205776119232177734e+01
5.835990428924560547e+00
4.405915260314941406e+00
-1.404213786125183105e+00
1.420824050903320312e+01
-1.031178832054138184e+00
-7.240278720855712891e-01
5.338874816894531250e+00
-1.053324604034423828e+01
-5.674557209014892578e+00
-1.191612625122070312e+01
-3.162707328796386719e+00
-3.529112339019775391e+00
-1.344956874847412109e+01
6.884562492370605469e+00
6.511374473571777344e+00
-9.652873039245605469e+00
-5.473607063293457031e+00
1.130510520935058594e+01
-5.685408592224121094e+00
-7.139889717102050781e+00
6.467198371887207031e+00
2.486963748931884766e+00
4.430103302001953125e+00
-1.545751243829727173e-01
-9.091332435607910156e+00
7.083774089813232422e+00
1.120169639587402344e+01
1.702646136283874512e+00
-1.477782726287841797e+01
-9.077150344848632812e+00
-9.736560821533203125e+00
8.658383369445800781e+00
5.159229755401611328e+00
5.443455696105957031e+00
1.218526840209960938e+01
