-1.012201786041259766e+00
-8.940883636474609375e+00
3.525830507278442383e+00
-4.580269336700439453e+00
4.254023075103759766e+00
1.190555453300476074e+00
-2.119207382202148438e+00
3.321385383605957031e-02
-9.184007644653320312e+00
-4.135128557682037354e-01
-3.453014850616455078e+00
6.407402515411376953e+00
2.265903711318969727e+00
-4.282522678375244141e+00
-4.356602668762207031e+00
-3.033549308776855469e+00
1.055295705795288086e+00
7.985062599182128906e+00
3.914819359779357910e-01
5.124558448791503906e+00
-8.743851661682128906e+00
1.665790319442749023e+00
6.375970691442489624e-02
9.864622354507446289e-01
2.708861529827117920e-01
7.004563808441162109e-01
-4.120965480804443359e+00
-5.874188423156738281e+00
-2.396844625473022461e+00
5.639733076095581055e-01
-2.388519763946533203e+00
7.005265951156616211e-01
3.015220165252685547e+00
1.711804747581481934e+00
-4.157173633575439453e+00
-1.025109291076660156e+01
-6.838075637817382812e+00
1.749045372009277344e+00
-1.787207365036010742e+00
1.013962984085083008e+00
-8.346547126770019531e+00
-9.931562423706054688e+00
1.137714862823486328e+00
-5.511066436767578125e+00
2.654193878173828125e+00
6.003925800323486328e-01
-2.012995004653930664e+00
4.434942007064819336e-01
3.113476753234863281e+00
6.604351997375488281e-01
-6.478286743164062500e+00
-1.311898708343505859e+00
-2.121533632278442383e+00
-7.725125551223754883e-01
5.591458678245544434e-01
-5.030157566070556641e+00
-3.158237457275390625e+00
2.185075759887695312e+00
1.640678286552429199e+00
7.810287952423095703e+00
3.513668775558471680e+00
-2.315150499343872070e+00
1.296357750892639160e+00
-3.512991428375244141e+00
-9.109328389167785645e-01
-2.348191022872924805e+00
8.089928627014160156e-01
-1.212953448295593262e+00
-3.706982851028442383e+00
-1.820913553237915039e+00
3.584196329116821289e+00
-6.423732280731201172e+00
-6.420535087585449219e+00
2.468986436724662781e-02
1.153186321258544922e+00
-9.883947372436523438e+00
-2.713217496871948242e+00
-1.295174241065979004e+00
-3.179164886474609375e+00
-3.274493455886840820e+00
