-1.346540331840515137e+00
-2.725823640823364258e+00
-2.526224613189697266e+00
3.201390027999877930e+00
-5.973437428474426270e-01
1.468943834304809570e+00
7.572980523109436035e-01
7.116463780403137207e-02
-1.104783773422241211e+00
4.221044182777404785e-01
-1.082025885581970215e+00
-1.026554346084594727e+00
-1.653343439102172852e+00
-1.308995842933654785e+00
-6.745843887329101562e-01
-1.585748605430126190e-02
-1.052042841911315918e+00
-2.024003028869628906e+00
-2.838115215301513672e+00
9.367809295654296875e-01
-6.709712743759155273e-01
3.335024356842041016e+00
1.188714280724525452e-01
-2.292144536972045898e+00
2.875542938709259033e-01
1.039596438407897949e+00
5.011933390051126480e-03
2.573534488677978516e+00
-3.385626554489135742e+00
2.849367558956146240e-01
