1.613101243972778320e+00
1.087531852722167969e+01
5.789646625518798828e+00
2.834491491317749023e+00
-9.480263710021972656e+00
6.057806968688964844e+00
-1.030863094329833984e+01
-1.094945049285888672e+01
-1.566414070129394531e+01
1.701806664466857910e+00
-1.239297294616699219e+01
9.124588370323181152e-01
4.250046253204345703e+00
-4.285297393798828125e+00
-8.595589637756347656e+00
-4.659479141235351562e+00
1.969778060913085938e+01
-1.565942168235778809e-01
4.212575435638427734e+00
5.452239036560058594e+00
-1.825273513793945312e+00
3.996383190155029297e+00
-4.035987854003906250e+00
1.089300036430358887e+00
-1.669988441467285156e+01
7.737329006195068359e+00
1.316303443908691406e+01
-9.126839637756347656e+00
-2.352439403533935547e+00
-1.045100212097167969e+01
1.115188407897949219e+01
5.793334007263183594e+00
-7.166751861572265625e+00
2.934185862541198730e-01
5.642637610435485840e-01
1.851208305358886719e+01
2.021196746826171875e+01
1.102474308013916016e+01
9.556451439857482910e-01
1.781860351562500000e+01
-8.282565116882324219e+00
1.323904752731323242e+00
-6.369373798370361328e-01
-9.929274767637252808e-02
-1.941686391830444336e+00
-6.073714733123779297e+00
-6.434551715850830078e+00
9.927996635437011719e+00
-4.532641410827636719e+00
6.149895668029785156e+00
-3.477690458297729492e+00
2.226665258407592773e+00
-6.576952934265136719e+00
6.537265300750732422e+00
4.087634086608886719e+00
-5.817749537527561188e-03
-3.844596385955810547e+00
1.244591617584228516e+01
-7.683080434799194336e-01
2.063082456588745117e+00
1.477214431762695312e+01
6.714798927307128906e+00
1.361293888092041016e+01
-9.576210975646972656e+00
5.703676223754882812e+00
6.836533546447753906e+00
2.427497625350952148e+00
1.172733688354492188e+01
1.643350219726562500e+01
-1.757996827363967896e-01
7.905207633972167969e+00
-4.350279331207275391e+00
1.416017436981201172e+01
-8.061884880065917969e+00
-1.342450976371765137e+00
4.909389495849609375e+00
1.589921188354492188e+01
-3.029062032699584961e+00
5.397607326507568359e+00
6.520691871643066406e+00
