-5.196846723556518555e-01
-5.327510833740234375e-01
-8.301091790199279785e-01
-1.609802842140197754e+00
-2.190497398376464844e+00
-1.157802104949951172e+00
2.912461571395397186e-02
-2.327186584472656250e+00
1.259444117546081543e+00
-2.149177528917789459e-02
-1.214560985565185547e+00
1.266407072544097900e-01
-6.807571053504943848e-01
-1.165119886398315430e+00
-3.198315799236297607e-01
-1.661877870559692383e+00
-2.309452295303344727e+00
7.214706540107727051e-01
8.136838674545288086e-01
6.899988651275634766e-01
1.541127204895019531e+00
-1.168065592646598816e-01
6.044881939888000488e-01
-8.065757155418395996e-01
1.911119341850280762e+00
-1.422253996133804321e-01
7.078419327735900879e-01
-1.275089502334594727e+00
1.108317375183105469e+00
9.846755266189575195e-01
5.583151578903198242e-01
-6.951223611831665039e-01
-1.762763857841491699e-01
9.214009041897952557e-04
2.029342353343963623e-01
-4.071712195873260498e-01
-4.680204093456268311e-01
-3.145617246627807617e-01
-1.762678384780883789e+00
-5.494318604469299316e-01
