-7.588631510734558105e-01 -4.447061717510223389e-01
-5.963920950889587402e-01 1.662603914737701416e-01
-1.245918720960617065e-01 3.729961812496185303e-01
-4.998775422573089600e-01 4.713209271430969238e-01
-8.134515285491943359e-01 -1.446407675743103027e+00
2.025261223316192627e-01 -3.612388372421264648e-01
2.029263079166412354e-01 -3.676146864891052246e-01
-4.300689995288848877e-01 -1.102972626686096191e+00
-1.865219026803970337e-01 2.776815593242645264e-01
1.037996530532836914e+00 5.808179453015327454e-02
-3.427426218986511230e-01 1.717726439237594604e-01
1.293716073036193848e+00 4.344253540039062500e-01
5.079039931297302246e-01 8.849175572395324707e-01
-5.716075301170349121e-01 1.879798248410224915e-02
1.926663517951965332e-01 -5.950262546539306641e-01
-7.161582708358764648e-01 -1.296305179595947266e+00
-1.852752715349197388e-01 7.786180973052978516e-01
-2.049398608505725861e-03 -5.715267658233642578e-01
-1.234132051467895508e+00 -2.948985993862152100e-01
1.267402648925781250e+00 4.797357916831970215e-01
6.545655429363250732e-02 5.311377644538879395e-01
-4.130511283874511719e-01 3.287978172302246094e-01
9.912967681884765625e-01 2.154316604137420654e-01
5.706527829170227051e-01 1.771665692329406738e+00
9.533988237380981445e-01 4.496289193630218506e-01
6.702113151550292969e-01 -1.060078293085098267e-01
-3.409489989280700684e-01 -9.792979955673217773e-01
-2.776045203208923340e-01 -8.779546618461608887e-01
-9.833026528358459473e-01 -2.171806991100311279e-01
8.500410914421081543e-01 -5.069390535354614258e-01
