6.730987429618835449e-01 1.479490250349044800e-01
-1.886609792709350586e+00 -1.330102562904357910e+00
5.416574701666831970e-02 6.521677374839782715e-01
-4.617379307746887207e-01 1.294909864664077759e-01
-1.452800393104553223e+00 -8.870533108711242676e-01
4.523039460182189941e-01 -1.462765038013458252e-01
-3.856609165668487549e-01 1.990481764078140259e-01
6.578799486160278320e-01 7.798407226800918579e-02
1.510180532932281494e-02 5.975221991539001465e-01
-6.300436854362487793e-01 -5.935613065958023071e-03
4.503652155399322510e-01 -1.357090920209884644e-01
5.811891555786132812e-01 1.454681754112243652e+00
-2.097521275281906128e-01 -6.463770866394042969e-01
1.203052327036857605e-02 -8.273102045059204102e-01
9.554012417793273926e-01 1.073039770126342773e-01
9.163064956665039062e-01 2.190422266721725464e-01
-2.619527280330657959e-02 4.278039932250976562e-01
-1.932444274425506592e-01 -9.603555202484130859e-01
8.177419900894165039e-01 1.524859428405761719e+00
-1.750692427158355713e-01 -8.885239362716674805e-01
-6.309890747070312500e-01 4.587319120764732361e-02
-3.010018169879913330e-01 3.266064524650573730e-01
-1.168999671936035156e+00 -5.198566317558288574e-01
1.216274619102478027e+00 6.411767005920410156e-01
-8.164958953857421875e-01 -1.309001326560974121e+00
1.243572235107421875e+00 5.830855369567871094e-01
2.324593514204025269e-01 8.961467146873474121e-01
1.065271377563476562e+00 2.648221850395202637e-01
-3.544856607913970947e-01 3.507438302040100098e-01
-6.411671042442321777e-01 1.494064647704362869e-02
1.520541310310363770e+00 8.008163571357727051e-01
-5.248447656631469727e-01 1.369454562664031982e-01
-6.475493311882019043e-01 1.559001952409744263e-01
9.169624447822570801e-01 8.747063577175140381e-02
-8.763839006423950195e-01 -4.302641451358795166e-01
2.039868235588073730e-01 8.706427216529846191e-01
-9.721695184707641602e-01 -1.352775841951370239e-01
5.702187418937683105e-01 -3.589530289173126221e-01
-1.389702558517456055e+00 -6.953277587890625000e-01
-1.986597850918769836e-02 -7.537775039672851562e-01
-5.748376250267028809e-01 1.345479190349578857e-01
1.488111257553100586e+00 8.743628263473510742e-01
-4.855502247810363770e-01 2.283875942230224609e-01
-2.499282956123352051e-01 3.320016264915466309e-01
1.189225196838378906e+00 7.205992341041564941e-01
9.456321597099304199e-01 3.767219185829162598e-01
-8.220943808555603027e-01 -2.035265266895294189e-01
-8.596662431955337524e-02 -7.124184966087341309e-01
-3.780132830142974854e-01 6.951254606246948242e-02
5.531697869300842285e-01 1.497294187545776367e+00
-5.818567872047424316e-01 3.908364474773406982e-01
-2.837360501289367676e-01 3.327631056308746338e-01
2.499506026506423950e-01 -3.952383995056152344e-01
6.948328018188476562e-02 -6.427981853485107422e-01
1.298395842313766479e-01 6.806786060333251953e-01
3.751092255115509033e-01 -3.810649514198303223e-01
-1.180336549878120422e-01 -8.475760817527770996e-01
-5.655057430267333984e-01 -1.123565673828125000e+00
-1.434202551841735840e+00 3.963566198945045471e-02
7.619934529066085815e-02 -5.117310881614685059e-01
