7.566886544227600098e-01 3.175955712795257568e-01
-3.503319025039672852e-01 -7.583593726158142090e-01
2.551979720592498779e-01 7.692652940750122070e-01
-1.481389105319976807e-01 -4.307670891284942627e-01
9.465287327766418457e-01 3.961381316184997559e-01
7.114115357398986816e-02 -4.450002014636993408e-01
-1.916391253471374512e-01 3.120234906673431396e-01
-1.859519779682159424e-01 -5.705606341361999512e-01
1.109089612960815430e+00 7.259269356727600098e-01
5.136310122907161713e-03 4.790433049201965332e-01
1.176007032394409180e+00 7.038566470146179199e-01
1.252349376678466797e+00 8.240931034088134766e-01
1.069821834564208984e+00 2.494592666625976562e-01
6.818660497665405273e-01 1.550774216651916504e+00
-4.284779727458953857e-01 -7.714579701423645020e-01
-8.783607482910156250e-01 1.111907482147216797e+00
5.039169788360595703e-01 8.814708590507507324e-01
1.107564687728881836e+00 7.456653714179992676e-01
4.275059700012207031e-01 1.570765078067779541e-01
-2.644628286361694336e-01 -8.374072909355163574e-01
-4.394039809703826904e-01 1.436149626970291138e-01
-4.554227888584136963e-01 -9.638878703117370605e-02
-2.323729842901229858e-01 3.872444331645965576e-01
1.291458964347839355e+00 7.493935823440551758e-01
-8.794124126434326172e-01 -6.230275034904479980e-01
1.029944419860839844e+00 2.601860761642456055e-01
5.578349828720092773e-01 9.298925101757049561e-02
1.762375235557556152e-01 -4.412506818771362305e-01
-2.248437106609344482e-01 1.263045221567153931e-01
-1.839840561151504517e-01 -5.640951991081237793e-01
-3.839484155178070068e-01 1.365645229816436768e-01
4.568813741207122803e-01 -7.404291629791259766e-02
-3.424375057220458984e-01 1.201451569795608521e-01
-5.283250212669372559e-01 2.987335063517093658e-02
2.040311396121978760e-01 6.742362380027770996e-01
-1.039273962378501892e-01 -5.434328913688659668e-01
-3.180366754531860352e-01 2.597657591104507446e-02
3.586294874548912048e-02 -3.840018808841705322e-01
3.643304407596588135e-01 1.169728711247444153e-01
-5.298780202865600586e-01 -2.564243674278259277e-01
