4.263455867767333984e-01 -2.858494818210601807e-01
-1.148010849952697754e+00 -4.820006191730499268e-01
2.154563426971435547e+00 1.302461743354797363e+00
4.610101282596588135e-01 1.407944321632385254e+00
-1.029529809951782227e+00 -1.860332489013671875e-01
-6.357085704803466797e-01 7.114877924323081970e-03
2.483175843954086304e-01 -5.871912240982055664e-01
-1.041000366210937500e+00 -1.863828420639038086e+00
1.472525477409362793e+00 7.697425484657287598e-01
-9.394900500774383545e-02 4.691451191902160645e-01
-7.889644503593444824e-01 1.432525813579559326e-01
1.556825824081897736e-02 -5.134735107421875000e-01
3.340601623058319092e-01 1.019356727600097656e+00
1.404988527297973633e+00 6.841314435005187988e-01
9.959179908037185669e-02 -6.287679672241210938e-01
1.028780221939086914e+00 1.475068330764770508e-01
7.308292668312788010e-03 -8.408156633377075195e-01
-2.638004124164581299e-01 5.947785973548889160e-01
5.443582683801651001e-02 -6.699141263961791992e-01
1.924828588962554932e-01 -6.220659017562866211e-01
-3.505606055259704590e-01 4.686506390571594238e-01
-2.176323235034942627e-01 -9.299211502075195312e-01
7.555601000785827637e-01 1.606502175331115723e+00
6.724063158035278320e-01 -9.908585995435714722e-02
6.940919160842895508e-01 4.432346671819686890e-02
-1.221576780080795288e-01 -6.413621902465820312e-01
-4.460751712322235107e-01 -1.250623583793640137e+00
1.535545736551284790e-01 -4.932847023010253906e-01
6.656370759010314941e-01 -2.374276518821716309e-01
-1.754806786775588989e-01 -7.918116450309753418e-01
-7.690278887748718262e-01 4.466336071491241455e-01
8.657498359680175781e-01 2.086365222930908203e-01
-1.049483180046081543e+00 -2.967834472656250000e-01
-1.113635376095771790e-01 6.743907332420349121e-01
1.263704776763916016e+00 1.957157731056213379e+00
-2.704280316829681396e-01 4.119572937488555908e-01
-2.892052009701728821e-02 7.871484756469726562e-01
-3.864180743694305420e-01 3.437829613685607910e-01
5.640019178390502930e-01 -2.379179149866104126e-01
3.834098577499389648e-01 1.128398656845092773e+00
2.332100877538323402e-03 -7.111531496047973633e-01
-6.829823851585388184e-01 6.946859508752822876e-02
-4.738524854183197021e-01 -1.430576085112988949e-03
-2.232117354869842529e-01 5.790619850158691406e-01
1.112366437911987305e+00 4.032526612281799316e-01
-1.063433736562728882e-01 -6.733905076980590820e-01
-5.848150849342346191e-01 -1.634421586990356445e+00
5.385147929191589355e-01 1.467860579490661621e+00
4.078671336174011230e-01 -4.222437441349029541e-01
1.910293847322463989e-01 -5.210044384002685547e-01
