-3.579179048538208008e-01 -8.572219014167785645e-01
-3.548136651515960693e-01 1.297363042831420898e-01
-4.715800583362579346e-01 -1.306070759892463684e-02
4.352512955665588379e-02 -3.064843714237213135e-01
-9.181408882141113281e-01 -4.929615259170532227e-01
-3.111687600612640381e-01 -6.233493983745574951e-02
-9.243637919425964355e-01 -4.745312929153442383e-01
-1.466627269983291626e-01 2.132086008787155151e-01
-1.054602503776550293e+00 -1.423158884048461914e+00
1.160557508468627930e+00 6.270686984062194824e-01
-1.386336088180541992e-01 -3.335440158843994141e-01
-5.904958248138427734e-01 -9.728831052780151367e-01
-6.988652944564819336e-01 -3.832514286041259766e-01
5.605904459953308105e-01 1.020347476005554199e+00
9.322439432144165039e-01 5.670167803764343262e-01
9.651912450790405273e-01 5.506599545478820801e-01
3.583644628524780273e-01 -2.353846728801727295e-01
2.435629963874816895e-01 -2.450764477252960205e-01
-8.307875990867614746e-01 -4.216233789920806885e-01
7.032614201307296753e-02 -3.316407203674316406e-01
7.199754118919372559e-01 3.593874573707580566e-01
-3.488208055496215820e-01 -6.619160771369934082e-01
1.032237052917480469e+00 1.474609412252902985e-02
5.382698774337768555e-01 9.216545820236206055e-01
6.913507580757141113e-01 9.536538124084472656e-01
2.816399335861206055e-01 -8.517888933420181274e-02
4.177235364913940430e-01 -6.781109422445297241e-02
-1.645975559949874878e-01 2.308877408504486084e-01
3.224610537290573120e-02 -2.095819711685180664e-01
8.779752254486083984e-01 4.232204258441925049e-01
3.194658756256103516e-01 -1.947729289531707764e-02
-7.089460492134094238e-01 -1.830364614725112915e-01
4.201875627040863037e-01 7.857783436775207520e-01
-2.412649840116500854e-01 1.571004986763000488e-01
4.267089068889617920e-01 9.384731054306030273e-01
-3.268622159957885742e-01 8.172509819269180298e-02
-2.015834152698516846e-01 2.346396148204803467e-01
-8.532063961029052734e-01 -4.251598715782165527e-01
-1.642967909574508667e-01 1.893879622220993042e-01
-2.214232683181762695e-01 -6.678701639175415039e-01
