-3.472150564193725586e-01 7.898297160863876343e-02
-9.511772543191909790e-02 -4.878068864345550537e-01
3.769719973206520081e-02 5.311644077301025391e-01
-7.187696099281311035e-01 -9.580982923507690430e-01
-1.177657365798950195e+00 -1.707024574279785156e+00
-3.148491680622100830e-01 1.846771538257598877e-01
9.560613036155700684e-01 1.605005413293838501e-01
3.680232912302017212e-03 -3.992021679878234863e-01
9.541610479354858398e-01 4.965067505836486816e-01
-1.603932082653045654e-01 3.574568629264831543e-01
-3.851555287837982178e-01 -8.263115286827087402e-01
-1.630786657333374023e-01 3.562676012516021729e-01
1.205368041992187500e+00 1.683548092842102051e+00
5.394135415554046631e-02 5.553534030914306641e-01
-1.015481203794479370e-01 -6.091787815093994141e-01
1.881631255149841309e+00 1.388349413871765137e+00
7.983468174934387207e-01 3.046927750110626221e-01
1.130457967519760132e-01 8.535002470016479492e-01
-9.457480311393737793e-01 -1.490077137947082520e+00
8.572976291179656982e-02 4.738151133060455322e-01
4.976041615009307861e-01 1.051974177360534668e+00
-1.297780394554138184e+00 -8.284142017364501953e-01
3.638851940631866455e-01 7.662642002105712891e-01
2.059823572635650635e-01 6.335523128509521484e-01
6.687788963317871094e-01 1.347126066684722900e-01
-2.514827847480773926e-01 1.380578875541687012e-01
-3.873150646686553955e-01 -9.843907952308654785e-01
3.487240374088287354e-01 -1.682443171739578247e-01
-1.265431404113769531e+00 -7.212074398994445801e-01
-3.926979005336761475e-01 8.954305201768875122e-02
