-1.934575587511062622e-01 2.257782369852066040e-01
1.342469453811645508e-01 -3.931052088737487793e-01
3.074898123741149902e-01 8.732566833496093750e-01
1.419193744659423828e-01 5.599218010902404785e-01
-1.426869034767150879e-01 -6.490187048912048340e-01
-1.860637962818145752e-02 4.833391308784484863e-01
5.200532823801040649e-02 4.907038509845733643e-01
-5.632944703102111816e-01 1.570976525545120239e-01
-1.133255362510681152e+00 -1.645190238952636719e+00
2.831841707229614258e-01 7.919259667396545410e-01
1.875030845403671265e-01 6.440503001213073730e-01
-6.411688327789306641e-01 -1.472869068384170532e-01
1.384621858596801758e+00 8.651264905929565430e-01
-1.428637504577636719e+00 -8.728948235511779785e-01
6.100503727793693542e-02 -4.416496455669403076e-01
-5.379152297973632812e-01 -1.124100804328918457e+00
1.193235963582992554e-01 -4.020631909370422363e-01
3.635357618331909180e-01 -8.912146091461181641e-02
6.249248385429382324e-01 -4.642625898122787476e-02
-2.850090563297271729e-01 -8.088408112525939941e-01
-2.197183817625045776e-01 2.642356753349304199e-01
-2.065729498863220215e-01 2.484266757965087891e-01
9.296256303787231445e-02 6.173135638236999512e-01
6.982367634773254395e-01 1.222341418266296387e+00
-8.882953524589538574e-01 -1.518722653388977051e+00
3.575944602489471436e-01 -1.552764177322387695e-01
-4.062579870223999023e-01 -8.521024584770202637e-01
-3.496963381767272949e-01 -9.080623984336853027e-01
-1.133573412895202637e+00 -6.485000848770141602e-01
4.523109793663024902e-01 -2.183215320110321045e-01
3.199246227741241455e-01 -2.594535648822784424e-01
1.782140284776687622e-01 6.565685868263244629e-01
-3.826231360435485840e-01 2.246110588312149048e-01
8.656327426433563232e-02 4.954636693000793457e-01
-4.617985188961029053e-01 -9.742137789726257324e-01
2.019660780206322670e-03 4.250128269195556641e-01
-5.227724313735961914e-01 -8.383210748434066772e-02
-1.570100188255310059e+00 -1.100330352783203125e+00
5.539808869361877441e-01 9.868278503417968750e-01
1.471935033798217773e+00 9.857866764068603516e-01
