8.078993856906890869e-02 -5.745044350624084473e-01
-1.072163105010986328e+00 -1.691311001777648926e+00
-1.727121710777282715e+00 -7.846781611442565918e-01
1.080764174461364746e+00 4.866780638694763184e-01
2.531404197216033936e-01 -4.593810141086578369e-01
5.859120190143585205e-02 7.926327586174011230e-01
5.441535115242004395e-01 -3.622504696249961853e-02
1.329760432243347168e+00 4.490658044815063477e-01
-9.844362735748291016e-02 7.728812098503112793e-01
-5.505242347717285156e-01 -1.383284926414489746e+00
-6.258759498596191406e-01 -1.362519025802612305e+00
7.150244116783142090e-01 -2.976794168353080750e-02
1.108526945114135742e+00 2.408853173255920410e-01
-1.161428928375244141e+00 -4.142707884311676025e-01
-1.428394436836242676e+00 -7.613682150840759277e-01
1.386690855026245117e+00 7.281420230865478516e-01
-4.177615046501159668e-01 -1.055295467376708984e+00
-3.680806756019592285e-01 5.637456774711608887e-01
-1.632106900215148926e-01 4.348040223121643066e-01
8.956445008516311646e-02 7.145169377326965332e-01
-4.440157115459442139e-01 -1.280210375785827637e+00
-1.698171347379684448e-01 -9.294096827507019043e-01
-6.954599022865295410e-01 -4.147208109498023987e-02
-8.682044744491577148e-01 -1.853116303682327271e-01
-3.596546053886413574e-01 -9.443721771240234375e-01
1.593324899673461914e+00 9.237364530563354492e-01
3.686929941177368164e-01 -2.919851839542388916e-01
-1.341835975646972656e+00 -1.913669943809509277e+00
7.631455659866333008e-01 -1.188108697533607483e-01
-3.153921365737915039e-01 3.609857559204101562e-01
