-9.280837059020996094e+00 -1.161721706390380859e+00 -1.769286274909973145e+00 -5.319357872009277344e+00 3.809894800186157227e+00 -5.908920168876647949e-01
1.613750934600830078e+00 -3.384533882141113281e+00 8.249303817749023438e+00 -1.545651406049728394e-01 -1.246701955795288086e+00 2.456347197294235229e-01
4.128797352313995361e-01 -1.013402342796325684e+00 -1.113205313682556152e+00 -2.701711654663085938e-01 -1.047605156898498535e+00 3.953815698623657227e-01
-6.701757907867431641e-01 1.714380860328674316e+00 3.997241258621215820e+00 1.514126658439636230e+00 2.967267990112304688e+00 2.199453353881835938e+00
8.524093776941299438e-02 2.265313625335693359e+00 -2.130672216415405273e+00 -5.800932407379150391e+00 5.347041606903076172e+00 3.211860179901123047e+00
2.634520769119262695e+00 -2.183834791183471680e+00 -2.661222934722900391e+00 -4.830445647239685059e-01 -5.885125160217285156e+00 -4.419769287109375000e+00
4.701727867126464844e+00 -1.185719132423400879e+00 -5.191483497619628906e+00 -7.885957241058349609e+00 1.931657910346984863e+00 -7.264379858970642090e-01
2.877594232559204102e+00 1.429040074348449707e+00 3.901797294616699219e+00 -5.180264949798583984e+00 -2.378298282623291016e+00 1.107051372528076172e+00
2.353843450546264648e+00 -4.549535274505615234e+00 3.865029215812683105e-01 -3.805754184722900391e+00 -6.049459576606750488e-01 2.318383693695068359e+00
8.226974487304687500e+00 8.720021247863769531e+00 -5.117362022399902344e+00 -5.789790153503417969e-01 -3.021291732788085938e+00 -8.394611358642578125e+00
-1.364416629076004028e-01 -2.041678667068481445e+00 1.590891182422637939e-01 -3.315003812313079834e-01 -6.996635198593139648e-01 -5.297029614448547363e-01
3.918345272541046143e-01 -6.898407340049743652e-01 -1.884322047233581543e+00 -1.200656518340110779e-01 -6.297588348388671875e-01 -3.141166865825653076e-01
1.532860279083251953e+00 2.172077178955078125e+00 -2.283922195434570312e+00 -1.282858967781066895e+00 1.118066787719726562e+00 2.648776531219482422e+00
1.577283620834350586e+00 3.629285335540771484e+00 -1.117536947131156921e-01 2.396400719881057739e-01 -6.817590594291687012e-01 -2.501231431961059570e+00
-2.649428129196166992e+00 -1.588787436485290527e+00 -7.776201963424682617e-01 1.516913414001464844e+00 8.347526192665100098e-01 -4.872110843658447266e+00
1.994172334671020508e+00 5.008549615740776062e-02 6.743879318237304688e+00 -2.227818250656127930e+00 1.013182067871093750e+01 3.587388396263122559e-01
-2.567713499069213867e+00 2.813089132308959961e+00 8.118041992187500000e+00 -1.715908288955688477e+00 -2.097572326660156250e+00 -6.891897201538085938e+00
-7.135384559631347656e+00 -8.592773437500000000e+00 -1.464107513427734375e+01 -2.492568016052246094e+00 1.636620640754699707e+00 -6.260114192962646484e+00
1.340134069323539734e-02 -2.006165981292724609e+00 2.217252552509307861e-01 -3.065890371799468994e-01 -7.955918312072753906e-01 -6.871343255043029785e-01
-1.381466984748840332e-01 -1.113285303115844727e+00 -1.822489023208618164e+00 -2.879554629325866699e-01 -4.541300833225250244e-01 -7.872994542121887207e-01
-2.544126808643341064e-01 7.961923629045486450e-02 1.672120928764343262e+00 3.690234184265136719e+00 2.043076276779174805e+00 3.288687705993652344e+00
1.036076843738555908e-01 1.089237570762634277e+00 -2.058098077774047852e+00 8.535037040710449219e-01 -5.281697511672973633e-01 -1.928285956382751465e+00
-2.713374495506286621e-01 1.472154498100280762e+00 -1.256556630134582520e+00 4.556412994861602783e-01 3.404724299907684326e-01 -1.669316053390502930e+00
-1.863595098257064819e-01 1.679226875305175781e+00 -1.221759557723999023e+00 3.764348030090332031e-01 6.740254908800125122e-02 -1.311610579490661621e+00
-6.135838031768798828e-01 3.423564732074737549e-01 1.202127933502197266e+00 2.997486591339111328e+00 2.169541358947753906e+00 3.408192873001098633e+00
2.191916465759277344e+00 1.184149622917175293e+00 1.198245525360107422e+00 2.821992397308349609e+00 2.294764041900634766e+00 4.329635620117187500e+00
1.029246896505355835e-01 2.677057504653930664e+00 -1.414514541625976562e+00 -2.536242604255676270e-01 -3.087418377399444580e-01 -1.082106590270996094e+00
8.968302607536315918e-02 2.439064264297485352e+00 -5.443894863128662109e-01 1.928057432174682617e+00 -3.117383956909179688e+00 2.609464228153228760e-01
1.136331781744956970e-01 -1.076630130410194397e-01 -1.136499881744384766e+00 7.252260446548461914e-01 -9.059507250785827637e-01 5.422589182853698730e-01
-1.177345395088195801e+00 -2.430038452148437500e+00 -2.255264282226562500e+00 -9.567180275917053223e-02 -8.634118735790252686e-02 -6.860053539276123047e-01
4.905930459499359131e-01 -1.137461215257644653e-01 -1.955692648887634277e+00 6.983305215835571289e-01 1.778094649314880371e+00 2.644788980484008789e+00
-6.668754577636718750e+00 5.414959907531738281e+00 4.436427593231201172e+00 -3.738918781280517578e+00 -2.041031837463378906e+00 7.090598106384277344e+00
-6.114997267723083496e-01 1.724952101707458496e+00 -4.437656328082084656e-02 5.345718860626220703e-01 -9.264954328536987305e-01 5.667350769042968750e+00
-8.531652092933654785e-01 -6.137038707733154297e+00 1.776403903961181641e+00 3.383553743362426758e+00 4.015136718750000000e+00 -1.510220408439636230e+00
-1.432422280311584473e+00 3.997200489044189453e+00 3.459584236145019531e+00 7.697064429521560669e-02 -8.468075990676879883e-01 2.985095739364624023e+00
3.386634826660156250e+00 -4.339869022369384766e+00 3.901736497879028320e+00 3.326010227203369141e+00 -1.875830888748168945e+00 2.745535612106323242e+00
7.831089198589324951e-02 -2.061565160751342773e+00 4.886323213577270508e-01 -2.649946808815002441e-01 -7.541026473045349121e-01 -7.770583629608154297e-01
-1.969275772571563721e-01 -1.098557353019714355e+00 -1.804369568824768066e+00 -4.116939902305603027e-01 -4.036757647991180420e-01 -8.163569569587707520e-01
-2.562969624996185303e-01 1.137475967407226562e-01 -2.078265190124511719e+00 4.022053778171539307e-01 -8.405550718307495117e-01 -1.574634432792663574e+00
1.572945833206176758e+00 1.478920578956604004e+00 -1.640931487083435059e+00 9.793949723243713379e-01 2.267966270446777344e+00 1.217462062835693359e+00
-6.827980279922485352e-01 1.788790583610534668e+00 -9.152015447616577148e-01 1.206489443778991699e+00 -2.768958806991577148e-01 -1.187830090522766113e+00
4.741058051586151123e-01 1.172387838363647461e+00 9.777678847312927246e-01 2.448710918426513672e+00 6.808676123619079590e-01 -3.933376789093017578e+00
-2.557073116302490234e+00 2.052306175231933594e+00 -5.688103288412094116e-02 1.298525810241699219e+00 -4.211595654487609863e-01 4.131628513336181641e+00
-2.312480956315994263e-01 3.137746810913085938e+00 -1.383068203926086426e+00 -8.100587129592895508e-01 -5.231384038925170898e-01 -2.357759237289428711e+00
-8.954620957374572754e-01 -4.937262535095214844e+00 4.287337362766265869e-01 -6.665390014648437500e+00 -8.179386138916015625e+00 -1.012637853622436523e+00
1.894128173589706421e-01 1.480110287666320801e+00 -6.437730193138122559e-01 1.955919027328491211e+00 -2.179208278656005859e+00 6.821053028106689453e-01
1.780539751052856445e-01 -7.400873899459838867e-01 -9.773700833320617676e-01 3.591251373291015625e-01 -1.010774612426757812e+00 5.453289747238159180e-01
-5.859848856925964355e-01 -1.742583513259887695e+00 -1.973432153463363647e-01 1.119684219360351562e+00 -6.362874507904052734e-01 -1.079189419746398926e+00
3.677387535572052002e-01 -8.564208745956420898e-01 -2.139022350311279297e+00 1.029138684272766113e+00 -2.128109633922576904e-01 -3.503518700599670410e-01
-1.357634067535400391e+00 -7.538627386093139648e-01 -5.757060647010803223e-01 2.306391477584838867e+00 -3.866669237613677979e-01 -2.546227693557739258e+00
-9.272581934928894043e-01 1.319622755050659180e+00 -7.432762980461120605e-01 -5.971140265464782715e-01 1.189257130026817322e-01 5.905778408050537109e+00
8.905068039894104004e-01 1.365733623504638672e+00 2.706940174102783203e+00 3.610093593597412109e+00 -1.619589209556579590e+00 2.373770236968994141e+00
-3.913006782531738281e+00 -3.104822874069213867e+00 1.150998353958129883e+00 3.463110029697418213e-01 -1.486634850502014160e+00 3.313585042953491211e+00
-5.089305400848388672e+00 -8.411564826965332031e+00 7.385014533996582031e+00 1.543091058731079102e+00 -4.195758342742919922e+00 -9.501991868019104004e-01
-2.921778522431850433e-02 -2.093494653701782227e+00 5.374528765678405762e-01 -1.027489304542541504e-01 -7.796154618263244629e-01 -7.986637949943542480e-01
-1.754805594682693481e-01 -1.156290411949157715e+00 -1.722042918205261230e+00 -5.313366651535034180e-01 -3.061363399028778076e-01 -9.414180517196655273e-01
-3.036737143993377686e-01 5.111262574791908264e-02 -1.989770174026489258e+00 4.683426916599273682e-01 -8.284741044044494629e-01 -1.526993870735168457e+00
-3.629128634929656982e-01 1.391970645636320114e-02 -2.042973041534423828e+00 4.981585144996643066e-01 -7.918695211410522461e-01 -1.647781848907470703e+00
-3.101299107074737549e-01 4.744942858815193176e-02 -2.046612262725830078e+00 4.223678410053253174e-01 -7.251707315444946289e-01 -1.619605422019958496e+00
-2.536691129207611084e-01 -5.960110202431678772e-02 -2.048216581344604492e+00 4.140668809413909912e-01 -7.331816554069519043e-01 -1.553081512451171875e+00
4.431670188903808594e+00 5.442284345626831055e-01 2.828636169433593750e+00 -3.846168041229248047e+00 1.304557919502258301e+00 -8.199586272239685059e-01
-2.833529412746429443e-01 -6.926868855953216553e-02 -2.047031402587890625e+00 3.308284580707550049e-01 -7.505394816398620605e-01 -1.569168090820312500e+00
-1.790548861026763916e-01 -7.640988826751708984e-01 -1.980667233467102051e+00 -1.378834396600723267e-01 -5.229665040969848633e-01 -9.455740451812744141e-01
-2.534235119819641113e-01 1.006091386079788208e-01 -2.073039531707763672e+00 4.976134300231933594e-01 -8.125862479209899902e-01 -1.577040791511535645e+00
-2.919062972068786621e-01 8.670375496149063110e-02 -2.033472537994384766e+00 4.964328408241271973e-01 -7.838971018791198730e-01 -1.608702063560485840e+00
-2.804259657859802246e-01 1.387261133641004562e-02 -2.037454366683959961e+00 4.435825943946838379e-01 -8.435968160629272461e-01 -1.560775399208068848e+00
-2.743687927722930908e-01 7.174282521009445190e-02 -2.030895709991455078e+00 4.723539352416992188e-01 -8.425657749176025391e-01 -1.583011865615844727e+00
-2.655404508113861084e-01 -2.002319134771823883e-02 -2.027564764022827148e+00 4.478158056735992432e-01 -8.233734369277954102e-01 -1.563998103141784668e+00
-2.717166244983673096e-01 -6.902374327182769775e-02 -2.066916942596435547e+00 3.657179176807403564e-01 -7.982993721961975098e-01 -1.495579123497009277e+00
-2.597109675407409668e-01 -2.758625149726867676e-01 -1.990883827209472656e+00 3.578858077526092529e-01 -6.387530565261840820e-01 -1.341894507408142090e+00
-2.226778715848922729e-01 -4.990719258785247803e-03 -2.043947696685791016e+00 4.635926187038421631e-01 -8.025569319725036621e-01 -1.594990372657775879e+00
-1.315157413482666016e-01 1.228513121604919434e+00 -2.338469982147216797e+00 7.888790369033813477e-01 -5.517275333404541016e-01 -2.397077798843383789e+00
-2.335574626922607422e+00 1.039697170257568359e+00 -1.302478671073913574e+00 1.043226122856140137e+00 4.873923063278198242e-01 1.424200296401977539e+00
-2.701983451843261719e+00 3.144812822341918945e+00 9.419086575508117676e-01 2.210695505142211914e+00 -2.237990200519561768e-01 -3.195416927337646484e+00
-1.943997740745544434e+00 3.641427040100097656e+00 1.083142638206481934e+00 2.503900051116943359e+00 -1.297341346740722656e+00 -2.627724170684814453e+00
1.412370800971984863e+00 1.657787203788757324e+00 9.428523182868957520e-01 1.178740143775939941e+00 1.587191224098205566e+00 -5.287592411041259766e+00
-2.225753813982009888e-01 3.260921239852905273e+00 -1.474747300148010254e+00 -7.330796718597412109e-01 -8.118187189102172852e-01 -2.298377275466918945e+00
-2.601728141307830811e-01 6.846960186958312988e-01 -1.965906023979187012e+00 9.565023779869079590e-01 -5.462011694908142090e-01 -2.820369005203247070e-01
3.413569629192352295e-01 -1.359785646200180054e-01 -1.128731966018676758e+00 9.609702825546264648e-01 -9.866408109664916992e-01 6.878555417060852051e-01
2.109685540199279785e-01 4.276062548160552979e-02 6.693228483200073242e-01 1.936719536781311035e+00 -1.639486670494079590e+00 4.529796540737152100e-01
-7.884896546602249146e-02 -1.371434092521667480e+00 6.120859459042549133e-02 1.189410686492919922e+00 -8.097169995307922363e-01 3.862647712230682373e-02
-1.081738710403442383e+00 -1.262193918228149414e+00 9.340571612119674683e-02 1.960396885871887207e+00 -4.578484892845153809e-01 -1.709273934364318848e+00
-1.076046943664550781e+00 -8.297747969627380371e-01 5.567811056971549988e-02 2.312981843948364258e+00 -4.170885384082794189e-01 -1.736328601837158203e+00
-1.672831892967224121e+00 2.735143899917602539e+00 9.372780323028564453e-01 -9.159708768129348755e-02 -2.477908849716186523e+00 6.620552062988281250e+00
9.379655122756958008e-01 -2.986547946929931641e+00 -5.899754166603088379e-01 3.073955297470092773e+00 3.697516679763793945e+00 -3.134731352329254150e-01
-1.233603358268737793e-01 -1.838134646415710449e+00 4.361528754234313965e-01 -4.460698962211608887e-01 -3.596266508102416992e+00 -3.547996580600738525e-01
2.833878040313720703e+00 -3.106844425201416016e+00 2.550641059875488281e+00 -2.590427875518798828e+00 -1.711630344390869141e+00 -9.071400165557861328e-01
-1.996408700942993164e+00 3.282405138015747070e-01 1.620158195495605469e+00 -7.040052413940429688e-01 -9.254069328308105469e-01 1.739498376846313477e+00
9.685379981994628906e+00 1.466903388500213623e-01 -6.100780963897705078e+00 8.537782669067382812e+00 -6.934255957603454590e-01 -8.771528244018554688e+00
-2.930243611335754395e-01 2.490617781877517700e-01 -2.261704921722412109e+00 6.876787543296813965e-01 -9.886574745178222656e-02 -1.624133348464965820e+00
1.362906247377395630e-01 -1.697730541229248047e+00 -2.175241708755493164e+00 -1.102575138211250305e-01 2.502595484256744385e-01 -2.249079942703247070e+00
-2.968530356884002686e-01 1.652782112360000610e-01 -2.020935297012329102e+00 1.129245877265930176e+00 6.360007524490356445e-01 -2.354620933532714844e+00
-3.037321753799915314e-02 -2.151108831167221069e-01 -1.991137504577636719e+00 9.546694904565811157e-02 2.478326320648193359e+00 -2.007917881011962891e+00
1.242158651351928711e+00 2.864320278167724609e-01 -6.426961421966552734e-01 1.576039433479309082e+00 1.065185546875000000e+00 3.159444808959960938e+00
