-8.785653114318847656e-01 -4.333600997924804688e+00 1.586444735527038574e+00 3.746143579483032227e+00 1.925072312355041504e+00 -4.663478374481201172e+00
-6.001582622528076172e+00 -3.868811607360839844e+00 5.567066192626953125e+00 9.400339126586914062e+00 4.130007743835449219e+00 -8.754257202148437500e+00
1.115394592285156250e+00 1.887984991073608398e+00 1.446100115776062012e+00 1.920539736747741699e+00 6.452085971832275391e-01 -3.120155096054077148e+00
9.811798334121704102e-01 1.079142332077026367e+00 -1.421816587448120117e+00 -1.196187734603881836e+00 2.514146268367767334e-01 4.510544538497924805e-01
-1.554039597511291504e+00 -1.467336565256118774e-01 3.488763332366943359e+00 -1.927816867828369141e-02 -2.623800992965698242e+00 -8.352197706699371338e-02
-4.954407691955566406e+00 5.465251445770263672e+00 1.685000419616699219e+00 8.224371671676635742e-01 -2.160423517227172852e+00 -2.007265090942382812e+00
-5.143392086029052734e+00 5.644988536834716797e+00 2.920939683914184570e+00 -4.180685579776763916e-01 3.348604917526245117e+00 -3.754136085510253906e+00
-2.489928245544433594e+00 -2.563520967960357666e-01 5.048661231994628906e-01 5.562729835510253906e+00 3.337417602539062500e+00 2.492435693740844727e+00
-1.906961798667907715e+00 2.556047677993774414e+00 4.504160881042480469e+00 6.547245025634765625e+00 7.032697200775146484e-01 6.849040508270263672e+00
8.071773529052734375e+00 -8.331723809242248535e-01 4.644760131835937500e+00 -6.089968681335449219e-01 7.282696723937988281e+00 6.064476490020751953e+00
-9.846600294113159180e-01 -1.750785231590270996e+00 -1.603721380233764648e+00 2.173053175210952759e-01 2.110087275505065918e-01 -2.434016764163970947e-02
1.608412504196166992e+00 -6.197344660758972168e-01 -1.326278448104858398e+00 -1.988594532012939453e-01 -2.903333604335784912e-01 -4.660961627960205078e-01
3.977094218134880066e-02 -1.190925538539886475e-01 -7.872263789176940918e-01 -2.229148447513580322e-01 -2.815399885177612305e+00 1.432894706726074219e+00
-4.938702583312988281e-01 -2.826027572154998779e-03 -6.141861081123352051e-01 -1.698381900787353516e-01 -3.888049840927124023e+00 1.467195749282836914e+00
8.621362686157226562e+00 -3.031731843948364258e-01 7.178862571716308594e+00 2.977872610092163086e+00 1.409488320350646973e+00 -1.635030359029769897e-01
-4.068711757659912109e+00 -3.402769088745117188e+00 2.919230461120605469e+00 -3.482313394546508789e+00 6.570472240447998047e+00 1.212871074676513672e+00
2.849167108535766602e+00 7.099549770355224609e+00 5.976997613906860352e-01 5.560904502868652344e+00 3.424299478530883789e+00 -1.813912987709045410e+00
5.449976444244384766e+00 1.564194560050964355e+00 6.266723155975341797e+00 4.465519905090332031e+00 -4.196870326995849609e+00 -1.086021041870117188e+01
-1.224650979042053223e+00 -1.884767413139343262e+00 -1.239486336708068848e+00 1.474143415689468384e-01 1.312743276357650757e-01 -1.742170900106430054e-01
1.252056479454040527e+00 -1.755249500274658203e+00 -7.002667784690856934e-01 2.626906037330627441e-01 6.994575262069702148e-02 -6.786557435989379883e-01
1.687754750251770020e+00 -1.177190423011779785e+00 6.387915611267089844e-01 -4.903398454189300537e-01 -1.171206235885620117e+00 -5.435450673103332520e-01
8.688989877700805664e-01 6.354161500930786133e-01 7.284533381462097168e-01 -2.294640064239501953e+00 -5.032929778099060059e-01 6.014207601547241211e-01
6.709106564521789551e-01 5.060920715332031250e-01 9.409318566322326660e-01 -2.206947088241577148e+00 -6.052991747856140137e-01 1.360017508268356323e-01
5.824322700500488281e-01 7.756357789039611816e-01 8.957350850105285645e-01 -2.217741012573242188e+00 -6.615630984306335449e-01 3.303668498992919922e-01
5.745087862014770508e-01 1.536557435989379883e+00 -7.275853753089904785e-01 -1.016789317131042480e+00 -1.438411235809326172e+00 8.172816634178161621e-01
4.107958674430847168e-01 1.900089025497436523e+00 -8.256596326828002930e-01 -9.370863437652587891e-01 -1.871548652648925781e+00 7.552100419998168945e-01
5.271584391593933105e-01 2.009366750717163086e+00 -1.029522299766540527e+00 -9.432337880134582520e-01 -1.745514392852783203e+00 7.902971506118774414e-01
5.400321483612060547e-01 2.053951263427734375e+00 -1.078533172607421875e+00 -1.113152384757995605e+00 -1.715205311775207520e+00 8.358336091041564941e-01
7.131828665733337402e-01 -1.946572810411453247e-01 -2.542587995529174805e+00 -3.253487348556518555e-01 8.429301977157592773e-01 6.531755924224853516e-01
-1.377794425934553146e-03 -7.079723477363586426e-01 -1.527651190757751465e+00 2.627722620964050293e-01 -1.424379467964172363e+00 1.356896281242370605e+00
-1.373971402645111084e-01 -2.939994633197784424e-01 -9.383628368377685547e-01 -3.611122667789459229e-01 -2.829791784286499023e+00 1.452846765518188477e+00
2.970792770385742188e+00 -4.498992919921875000e+00 -2.089906036853790283e-01 -2.215323209762573242e+00 1.162149906158447266e+00 -4.538039207458496094e+00
-2.050786495208740234e+00 2.610057592391967773e+00 -4.590184092521667480e-01 -1.622059464454650879e+00 6.703374862670898438e+00 -7.279240131378173828e+00
-5.732639312744140625e+00 1.167709231376647949e+00 -4.813357353210449219e+00 2.374073743820190430e+00 5.966703891754150391e-01 -5.434641838073730469e+00
-4.160602092742919922e+00 -2.591116666793823242e+00 -1.065650224685668945e+00 -3.211942434310913086e+00 3.431960821151733398e+00 -5.093265697360038757e-02
9.112563729286193848e-01 3.418344259262084961e-01 3.314161300659179688e+00 3.793767929077148438e+00 -2.638893842697143555e+00 3.377662181854248047e+00
-1.490019202232360840e+00 -2.019414424896240234e+00 -1.241406321525573730e+00 1.347970366477966309e-01 9.542609006166458130e-02 -1.940929889678955078e-01
1.166715979576110840e+00 -1.900583982467651367e+00 -4.677523672580718994e-01 2.895864248275756836e-01 2.819363176822662354e-01 -7.456021308898925781e-01
1.771776199340820312e+00 -1.145736098289489746e+00 6.741799116134643555e-01 -4.242587685585021973e-01 -1.222483396530151367e+00 -5.453283190727233887e-01
9.419361948966979980e-01 8.356631398200988770e-01 8.684145808219909668e-01 -2.521100521087646484e+00 -4.804933071136474609e-01 5.443330407142639160e-01
7.387954592704772949e-01 6.285523772239685059e-01 9.097808003425598145e-01 -2.425455808639526367e+00 -6.099541783332824707e-01 2.039448171854019165e-01
9.040784090757369995e-02 -8.562275767326354980e-01 4.070252895355224609e+00 -2.211908578872680664e+00 -3.516035079956054688e-01 -1.024297177791595459e-01
1.871968388557434082e+00 -2.126810550689697266e-01 5.956702709197998047e+00 -1.504496455192565918e+00 -6.517946720123291016e-01 2.682290375232696533e-01
5.646217465400695801e-01 2.065007209777832031e+00 -1.383537888526916504e+00 -8.000384569168090820e-01 -1.842704653739929199e+00 3.946749866008758545e-01
6.032047271728515625e-01 1.992316484451293945e+00 -1.329586744308471680e+00 -8.106290698051452637e-01 -1.958559274673461914e+00 5.324750542640686035e-01
-1.064012885093688965e+00 -2.786799430847167969e+00 -4.283119440078735352e-01 2.192404747009277344e+00 -4.723540782928466797e+00 1.702221393585205078e+00
6.114018559455871582e-01 -3.636033833026885986e-01 -2.899872303009033203e+00 3.393143117427825928e-01 7.634297013282775879e-01 1.234122961759567261e-01
2.984157800674438477e+00 8.168506026268005371e-01 -2.215965270996093750e+00 1.059376597404479980e+00 7.615749835968017578e-01 2.816260419785976410e-02
2.625856637954711914e+00 6.586658358573913574e-01 -2.935039520263671875e+00 3.444886207580566406e-01 2.233358323574066162e-01 -6.544261574745178223e-01
2.882197380065917969e+00 8.552653789520263672e-01 -2.819760322570800781e+00 2.392506003379821777e-01 1.519857943058013916e-01 -8.271721005439758301e-01
-3.084047734737396240e-01 -1.205031752586364746e+00 2.645071029663085938e+00 1.771629452705383301e+00 -2.951620578765869141e+00 -5.600044250488281250e+00
1.677215099334716797e+00 3.081914663314819336e+00 2.606374323368072510e-01 -6.647659540176391602e-01 7.658340930938720703e+00 -5.398776531219482422e+00
-5.253394603729248047e+00 3.911221742630004883e+00 -1.206061601638793945e+00 5.633579730987548828e+00 -3.001267671585083008e+00 -3.768099069595336914e+00
-8.657955169677734375e+00 1.043212652206420898e+00 7.304894924163818359e-01 -9.085592031478881836e-01 -2.059735774993896484e+00 2.302507162094116211e+00
-1.418169021606445312e+00 -1.919767379760742188e+00 -1.168327569961547852e+00 1.514270603656768799e-01 2.209614403545856476e-02 -1.384911090135574341e-01
1.142111659049987793e+00 -1.763418674468994141e+00 -5.811764001846313477e-01 3.734458088874816895e-01 -2.345312200486660004e-02 -8.443000316619873047e-01
1.783285379409790039e+00 -1.309997439384460449e+00 6.810807585716247559e-01 -1.783846169710159302e-01 -1.245540499687194824e+00 -5.870030522346496582e-01
1.860977411270141602e+00 -1.321043372154235840e+00 6.906422972679138184e-01 -3.646733462810516357e-01 -1.287725329399108887e+00 -5.985686182975769043e-01
1.738561868667602539e+00 -1.208000421524047852e+00 6.456170678138732910e-01 -3.062387704849243164e-01 -1.273190975189208984e+00 -6.008529663085937500e-01
1.879432916641235352e+00 -1.194854974746704102e+00 6.605110764503479004e-01 -3.140101730823516846e-01 -1.211808443069458008e+00 -5.276914834976196289e-01
-1.627169251441955566e+00 2.059509754180908203e+00 4.566969871520996094e+00 2.028870344161987305e+00 -4.117441654205322266e+00 -1.438718676567077637e+00
1.756286382675170898e+00 -1.340961813926696777e+00 6.560142636299133301e-01 -4.069094359874725342e-01 -1.188166737556457520e+00 -6.162431836128234863e-01
1.573820114135742188e+00 -1.502249956130981445e+00 -4.336511194705963135e-01 7.493405789136886597e-02 -1.739911437034606934e-01 -6.368620991706848145e-01
1.929392695426940918e+00 -1.184153079986572266e+00 6.731454730033874512e-01 -3.199427425861358643e-01 -1.155632376670837402e+00 -6.291651129722595215e-01
1.881757140159606934e+00 -1.075376987457275391e+00 7.043500542640686035e-01 -4.029830098152160645e-01 -1.186825990676879883e+00 -7.665956020355224609e-01
1.809571146965026855e+00 -1.191401124000549316e+00 7.162011265754699707e-01 -4.154247939586639404e-01 -1.170995831489562988e+00 -6.324598193168640137e-01
1.902992606163024902e+00 -1.120473623275756836e+00 7.219429016113281250e-01 -2.839080989360809326e-01 -1.355259776115417480e+00 -4.739116728305816650e-01
1.805064558982849121e+00 -1.337436914443969727e+00 6.586428880691528320e-01 -4.237828552722930908e-01 -1.214426755905151367e+00 -6.112128496170043945e-01
1.782741785049438477e+00 -1.274359464645385742e+00 7.523953914642333984e-01 -3.885803818702697754e-01 -1.117251634597778320e+00 -5.053280591964721680e-01
1.770008921623229980e+00 -1.439076900482177734e+00 7.050526142120361328e-01 -2.019104510545730591e-01 -1.052062630653381348e+00 -6.753144860267639160e-01
1.837653756141662598e+00 -1.258695960044860840e+00 8.181167840957641602e-01 -4.275979399681091309e-01 -1.162324428558349609e+00 -6.694144010543823242e-01
8.745948672294616699e-01 9.091047644615173340e-01 8.221725225448608398e-01 -2.221811771392822266e+00 -8.145857453346252441e-01 7.740337252616882324e-01
4.281528294086456299e-01 5.911900401115417480e-01 1.184673547744750977e+00 -2.574357271194458008e+00 -3.901116549968719482e-01 1.979152560234069824e-01
2.382841855287551880e-01 -1.518625736236572266e+00 4.857700347900390625e+00 -2.159979581832885742e+00 -5.184869170188903809e-01 -1.605580449104309082e-01
5.920622348785400391e-01 -2.058525800704956055e+00 5.894267082214355469e+00 -2.651755571365356445e+00 -7.243031859397888184e-01 -2.259177714586257935e-01
2.319938242435455322e-01 2.889326572418212891e+00 -1.627844214439392090e+00 -3.120624721050262451e-01 -2.593647241592407227e+00 9.562445431947708130e-02
6.383665800094604492e-01 -5.188356041908264160e-01 -1.903408288955688477e+00 4.297892570495605469e+00 -5.390206813812255859e+00 8.652589917182922363e-01
-2.193789243698120117e+00 -3.214509725570678711e+00 1.479428768157958984e+00 -3.543086290359497070e+00 -1.874034166336059570e+00 1.867387175559997559e+00
8.066008687019348145e-01 -3.368000686168670654e-01 -3.152401208877563477e+00 -1.022315323352813721e-01 7.320567965507507324e-01 1.927004158496856689e-01
2.342857867479324341e-01 -3.855872452259063721e-01 -3.078231096267700195e+00 2.424483299255371094e-01 -2.649013400077819824e-01 -8.146628141403198242e-01
-7.041407227516174316e-01 -7.951346039772033691e-01 -2.491302013397216797e+00 3.694210648536682129e-01 -8.304657787084579468e-02 -2.377339839935302734e+00
6.248278021812438965e-01 9.536825865507125854e-02 -3.069612503051757812e+00 7.158489823341369629e-01 -1.400082230567932129e+00 -4.400092065334320068e-01
-3.741838410496711731e-02 -1.229974508285522461e+00 1.708277165889739990e-01 2.659863829612731934e-01 -1.539928078651428223e+00 -3.529513120651245117e+00
1.160973310470581055e+00 -2.207954168319702148e+00 1.203040242195129395e+00 -2.956463098526000977e+00 -2.913249492645263672e+00 -2.898894846439361572e-01
1.591906249523162842e-01 -2.206317663192749023e+00 -1.291717290878295898e-01 -1.467091560363769531e+00 -1.032831743359565735e-01 5.604732513427734375e+00
1.845545291900634766e+00 -1.515020847320556641e+00 1.804259061813354492e+00 -7.938202619552612305e-01 -3.748754739761352539e+00 5.219529867172241211e-01
1.972142904996871948e-01 3.499393463134765625e-01 1.710649430751800537e-01 2.328174114227294922e+00 1.265874743461608887e+00 3.626823902130126953e+00
1.128872203826904297e+01 -1.060733222961425781e+01 -2.155213594436645508e+00 -5.048766613006591797e+00 -6.904571533203125000e+00 -3.159166574478149414e+00
9.914239645004272461e-01 -1.590353965759277344e+00 4.243777751922607422e+00 1.054072156548500061e-01 -6.537662744522094727e-01 -1.825433850288391113e+00
9.417678713798522949e-01 5.256069898605346680e-01 9.267559051513671875e-01 -2.655301809310913086e+00 -3.583378493785858154e-01 9.678716063499450684e-01
4.991330146789550781e+00 2.130694240331649780e-01 5.151932835578918457e-01 2.079380035400390625e+00 6.916974186897277832e-01 -1.900128006935119629e+00
2.378628015518188477e+00 -2.100912332534790039e+00 3.843017816543579102e+00 -1.907480716705322266e+00 -1.088829517364501953e+00 -1.061647295951843262e+00
1.889097452163696289e+00 -1.226291179656982422e+00 2.585371971130371094e+00 -1.534138798713684082e+00 -6.995497345924377441e-01 -1.286257505416870117e+00
1.905460357666015625e+00 -1.277484893798828125e+00 5.439130663871765137e-01 -4.817056059837341309e-01 -1.473194241523742676e+00 -4.980669319629669189e-01
