-3.289694488048553467e-01
-5.237768888473510742e-01
-3.957394063472747803e-01
1.960328370332717896e-01
4.570238888263702393e-01
5.406154990196228027e-01
1.070856213569641113e+00
-2.169212579727172852e+00
-2.032649964094161987e-01
-1.441425561904907227e+00
-2.961829602718353271e-01
-4.244164824485778809e-01
3.783886730670928955e-01
1.395286321640014648e+00
-1.368842244148254395e+00
-1.252885222434997559e+00
8.110261559486389160e-01
1.258370041847229004e+00
-8.702960014343261719e-01
-2.026064097881317139e-01
3.951029479503631592e-01
1.506867408752441406e+00
4.104823470115661621e-01
1.239194273948669434e+00
-1.695594429969787598e+00
3.053783476352691650e-01
1.591728329658508301e+00
5.908474326133728027e-01
-2.424122095108032227e+00
4.808328151702880859e-01
6.709579229354858398e-01
-3.572319746017456055e-01
9.218031167984008789e-02
-1.912245750427246094e+00
-1.650906801223754883e+00
1.570974230766296387e+00
7.053036093711853027e-01
1.766157865524291992e+00
-2.842412710189819336e+00
6.303558945655822754e-01
-1.867865443229675293e+00
-1.710737824440002441e+00
-9.853705763816833496e-01
1.207681775093078613e+00
6.337588429450988770e-01
9.689314663410186768e-02
1.302593231201171875e+00
9.359103441238403320e-01
-1.531311869621276855e+00
5.846555233001708984e-01
