-3.569971561431884766e+00
3.639681339263916016e+00
5.275163054466247559e-01
5.782751560211181641e+00
1.061943173408508301e+00
-4.082500457763671875e+00
-8.383981585502624512e-01
-1.100664019584655762e+00
6.095396041870117188e+00
5.219669342041015625e+00
-2.163315713405609131e-01
5.003259658813476562e+00
-9.749134778976440430e-01
1.485060453414916992e+00
-3.340174198150634766e+00
4.300377368927001953e+00
8.582543373107910156e+00
2.777770519256591797e+00
-2.003761291503906250e+00
-1.474139094352722168e+00
-3.132630586624145508e+00
3.240688085556030273e+00
1.822145700454711914e+00
1.331856608390808105e+00
5.369072914123535156e+00
8.382391929626464844e+00
9.995667338371276855e-01
-1.433979868888854980e+00
-3.519106388092041016e+00
5.873249530792236328e+00
-9.276005625724792480e-01
2.340386390686035156e+00
-5.115704059600830078e+00
1.535879731178283691e+00
1.057605838775634766e+01
-5.247110843658447266e+00
5.002609491348266602e-01
2.210352897644042969e+00
1.357031702995300293e+00
6.944952487945556641e+00
-5.705215930938720703e-01
-4.049341380596160889e-01
-2.661101341247558594e+00
-3.197835206985473633e+00
2.716636657714843750e+00
-1.554000854492187500e+00
-1.613784313201904297e+00
1.542958021163940430e+00
8.813429474830627441e-01
5.239053249359130859e+00
5.715444087982177734e-01
3.483520269393920898e+00
2.532704591751098633e+00
4.860373973846435547e+00
-7.927549362182617188e+00
-2.555364131927490234e+00
-1.510377526283264160e+00
3.807584047317504883e+00
2.142307758331298828e+00
3.189756155014038086e+00
-4.670055389404296875e+00
1.925946116447448730e+00
1.460316300392150879e+00
5.574150562286376953e+00
3.732696294784545898e+00
3.541514873504638672e+00
7.978788018226623535e-01
1.505069136619567871e-01
-7.779062271118164062e+00
6.671783924102783203e+00
-1.038488030433654785e+00
-2.725394964218139648e+00
-5.593115329742431641e+00
-1.672781467437744141e+00
-3.888937234878540039e+00
3.892545938491821289e+00
-1.208128809928894043e+00
-7.507613301277160645e-01
-1.764515161514282227e+00
9.290967583656311035e-01
