4.512825608253479004e-01
1.077397242188453674e-01
-1.873755156993865967e-01
-8.315556496381759644e-02
1.436744213104248047e+00
1.133325695991516113e+00
-9.177389740943908691e-01
-8.650964498519897461e-01
-4.712133705615997314e-01
-2.254655957221984863e-01
-2.222305536270141602e+00
3.191110193729400635e-01
-5.534583926200866699e-01
-1.366601943969726562e+00
-1.018296360969543457e+00
-1.798850774765014648e+00
9.525819420814514160e-01
1.041475534439086914e-01
1.482724398374557495e-02
-1.104103684425354004e+00
2.464966297149658203e+00
1.632461547851562500e-01
-5.684929490089416504e-01
-5.024213194847106934e-01
-9.128170609474182129e-01
-2.367298364639282227e+00
-1.365598738193511963e-01
1.227246522903442383e+00
-1.732508897781372070e+00
1.561345458030700684e+00
2.564400732517242432e-01
3.119873106479644775e-01
-1.800280094146728516e+00
7.526454925537109375e-01
-1.605152897536754608e-02
7.165429592132568359e-01
-9.761402010917663574e-01
-1.104780673980712891e+00
4.842072129249572754e-01
-5.367146134376525879e-01
-1.119140148162841797e+00
1.757452189922332764e-01
1.157558679580688477e+00
3.058170676231384277e-01
-2.082580327987670898e+00
1.395179986953735352e+00
5.451341867446899414e-01
-5.652854219079017639e-02
5.347727537155151367e-01
8.289937674999237061e-02
1.994469165802001953e+00
2.305329084396362305e+00
-5.078111290931701660e-01
-1.209096550941467285e+00
1.046544313430786133e+00
7.919036746025085449e-01
-1.411618709564208984e+00
1.607324630022048950e-01
-1.301015019416809082e+00
-6.720218062400817871e-02
3.442037403583526611e-01
-9.517667293548583984e-01
-1.986064553260803223e+00
1.156526446342468262e+00
-8.054427504539489746e-01
2.255227863788604736e-01
-7.258538603782653809e-01
-1.520769953727722168e+00
-9.887342453002929688e-01
-1.240171194076538086e+00
6.522811651229858398e-01
1.368756175041198730e+00
4.549219012260437012e-01
-5.263498425483703613e-01
-7.492846846580505371e-01
2.361580282449722290e-01
-2.141233205795288086e+00
-1.539870738983154297e+00
1.874075412750244141e+00
-1.167716234922409058e-01
