3.114383816719055176e-01
1.319202065467834473e+00
2.213591814041137695e+00
2.231773614883422852e+00
-9.210004806518554688e+00
1.542832136154174805e+00
-1.430803537368774414e+00
-2.064033746719360352e+00
-1.807626336812973022e-01
1.181666135787963867e+00
-2.328718423843383789e+00
-8.077544569969177246e-01
8.846844434738159180e-01
-2.958381891250610352e+00
1.221844434738159180e+00
2.087339162826538086e+00
1.054294928908348083e-01
-1.133906364440917969e+00
2.265883922576904297e+00
-2.173511743545532227e+00
-1.384500503540039062e+00
4.225537478923797607e-01
-3.387561082839965820e+00
-4.590127766132354736e-01
1.271334171295166016e+00
1.951994538307189941e+00
1.873607993125915527e+00
-2.450248956680297852e+00
3.037993431091308594e+00
8.039206266403198242e-02
