-2.296198457479476929e-01
6.127352714538574219e-01
-2.138141393661499023e+00
1.602073609828948975e-01
7.599905729293823242e-01
1.731525301933288574e+00
1.873773455619812012e+00
2.438259363174438477e+00
-1.322476506233215332e+00
-3.272220849990844727e+00
-1.241617083549499512e+00
2.515662014484405518e-01
6.040273189544677734e+00
-6.878508925437927246e-01
-4.004879951477050781e+00
-2.829271554946899414e-01
-2.111164331436157227e+00
-2.308381795883178711e-01
-1.536591529846191406e+00
-5.964161157608032227e-01
2.332253932952880859e+00
2.519901096820831299e-01
8.377907872200012207e-01
9.936308264732360840e-01
1.498432874679565430e+00
-1.549595713615417480e+00
-2.816179275512695312e+00
-2.005617141723632812e+00
2.738108038902282715e-01
1.724060535430908203e+00
1.372633814811706543e+00
-2.432811021804809570e+00
6.586235165596008301e-01
-3.838662624359130859e+00
1.473316073417663574e+00
-3.984378337860107422e+00
-4.183874607086181641e+00
-3.270937204360961914e-01
-3.388264656066894531e+00
-9.623888134956359863e-01
-5.558580160140991211e-01
-5.981117248535156250e+00
-2.026525974273681641e+00
7.543797492980957031e+00
3.833306074142456055e+00
4.627283096313476562e+00
-3.193016052246093750e+00
-2.061605900526046753e-01
1.735393047332763672e+00
-9.582780599594116211e-01
1.481136560440063477e+00
1.743011593818664551e+00
-1.756046175956726074e+00
-2.808939456939697266e+00
5.617546439170837402e-01
2.582482337951660156e+00
2.022986412048339844e+00
-5.557221770286560059e-01
1.775900602340698242e+00
-1.843140363693237305e+00
