7.344595193862915039e-01 1.111021995544433594e+00
5.497622117400169373e-02 -4.362090528011322021e-01
1.506067253649234772e-02 -4.556701481342315674e-01
3.712784349918365479e-01 -4.251135885715484619e-02
3.590134680271148682e-01 -5.129209533333778381e-02
8.184008598327636719e-01 3.134257495403289795e-01
-2.468710765242576599e-02 -5.858507752418518066e-01
3.936669230461120605e-01 8.348940014839172363e-01
-1.376662552356719971e-01 2.091119587421417236e-01
-2.878606319427490234e-01 1.593563705682754517e-01
1.436828732490539551e+00 7.224816679954528809e-01
-1.458444893360137939e-01 -5.820264220237731934e-01
-5.131546258926391602e-01 2.717981813475489616e-03
-1.529784947633743286e-01 5.667107105255126953e-01
-4.638556241989135742e-01 6.670970469713211060e-02
1.653434038162231445e+00 1.087637066841125488e+00
-3.162849545478820801e-01 -6.139484643936157227e-01
2.786447703838348389e-01 8.324930667877197266e-01
1.158547401428222656e+00 5.402147769927978516e-01
9.877836704254150391e-01 3.266710042953491211e-01
-4.545638561248779297e-01 6.913822889328002930e-02
-7.710292339324951172e-01 -3.028543591499328613e-01
-8.829212188720703125e-02 5.086475610733032227e-01
-7.356299757957458496e-01 -1.240227818489074707e+00
8.427559733390808105e-01 3.499248921871185303e-01
1.917874217033386230e-01 7.104890346527099609e-01
8.151691406965255737e-02 -2.342648506164550781e-01
-2.838905453681945801e-01 2.464895695447921753e-01
-5.048730596899986267e-02 4.916549324989318848e-01
-1.792041659355163574e-01 3.770082890987396240e-01
3.744412958621978760e-01 -9.076233953237533569e-02
-1.554450690746307373e-01 -5.998235940933227539e-01
-1.013069391250610352e+00 -1.391332149505615234e+00
1.101820111274719238e+00 6.382738351821899414e-01
-6.834643483161926270e-01 -2.389987707138061523e-01
-4.010563790798187256e-01 -9.237112402915954590e-01
-1.515543103218078613e+00 -9.175010323524475098e-01
4.499864764511585236e-03 -4.858684837818145752e-01
3.305159509181976318e-02 -3.232761919498443604e-01
1.225358366966247559e+00 6.726254224777221680e-01
