-2.750263810157775879e-01 -5.649690628051757812e-01
-7.293267250061035156e-01 -1.081295251846313477e+00
-3.621463179588317871e-01 1.542581617832183838e-02
9.118343591690063477e-01 1.227708101272583008e+00
6.103696227073669434e-01 7.792935371398925781e-01
-6.260564327239990234e-01 -3.333054184913635254e-01
-4.705573320388793945e-01 -6.757258772850036621e-01
5.561332106590270996e-01 2.018171399831771851e-01
-1.243059113621711731e-01 1.710321903228759766e-01
-6.809632778167724609e-01 -3.821167945861816406e-01
-2.627925276756286621e-01 -5.516854524612426758e-01
-1.191774606704711914e+00 -8.898119926452636719e-01
-2.271019518375396729e-01 -4.951195716857910156e-01
4.133520424365997314e-01 1.037314534187316895e-01
4.701915085315704346e-01 7.617885470390319824e-01
-2.655982673168182373e-01 -5.221014618873596191e-01
-7.595484256744384766e-01 -4.532680511474609375e-01
7.553170323371887207e-01 5.356345772743225098e-01
-8.560373783111572266e-01 -1.221212863922119141e+00
6.218637824058532715e-01 2.953524589538574219e-01
-1.077186584472656250e+00 -8.220617175102233887e-01
-4.495793208479881287e-02 -3.974706828594207764e-01
-1.130865931510925293e+00 -7.688366770744323730e-01
-7.836261391639709473e-01 -9.911356568336486816e-01
4.259838461875915527e-01 7.017463445663452148e-01
-4.282102584838867188e-01 -1.909685581922531128e-01
-1.132506966590881348e+00 -8.912322521209716797e-01
1.123765334486961365e-01 4.663972556591033936e-01
-7.492783665657043457e-02 -3.336578309535980225e-01
1.013297885656356812e-01 5.574558377265930176e-01
1.968894302845001221e-01 -1.483122557401657104e-01
2.733497619628906250e-01 6.326090693473815918e-01
-9.185606837272644043e-01 -1.201898694038391113e+00
-7.085997611284255981e-02 3.719355762004852295e-01
1.104687690734863281e+00 9.040796160697937012e-01
1.554536461830139160e+00 1.876436710357666016e+00
-4.607751369476318359e-01 -7.680984139442443848e-01
-4.354857206344604492e-01 -1.600772142410278320e-01
4.605174064636230469e-01 7.760970592498779297e-01
3.645534515380859375e-01 4.161881655454635620e-02
1.097125768661499023e+00 8.899679780006408691e-01
-7.261942625045776367e-01 -1.142609596252441406e+00
1.669880896806716919e-01 6.510678529739379883e-01
8.926885724067687988e-01 6.417497396469116211e-01
-6.268403530120849609e-01 -8.140740394592285156e-01
-7.678819298744201660e-01 -4.592317044734954834e-01
-9.385563731193542480e-01 -6.279833316802978516e-01
3.992739319801330566e-01 7.721304297447204590e-01
-1.326327800750732422e+00 -1.721065998077392578e+00
1.041288495063781738e+00 1.326522946357727051e+00
