1.475732326507568359e-01 -3.066460788249969482e-01
4.357035085558891296e-02 4.190887212753295898e-01
1.061876535415649414e+00 5.464507341384887695e-01
5.007820129394531250e-01 9.625782966613769531e-01
-4.803795814514160156e-01 -9.776406288146972656e-01
5.929609388113021851e-02 4.571527540683746338e-01
-7.729180157184600830e-02 6.837100982666015625e-01
4.077792465686798096e-01 9.218705296516418457e-01
3.256880342960357666e-01 -7.985778152942657471e-02
7.349253296852111816e-01 1.085362553596496582e+00
4.439345896244049072e-01 -6.200231239199638367e-02
-7.113947868347167969e-01 -3.090184330940246582e-01
-7.030462473630905151e-02 3.536819815635681152e-01
5.844900012016296387e-01 1.598826050758361816e-01
-1.076116561889648438e+00 -6.357783079147338867e-01
3.171831741929054260e-02 -7.339510321617126465e-01
-3.699063360691070557e-01 -6.398391723632812500e-01
-8.952190876007080078e-01 -1.956394016742706299e-01
9.199033379554748535e-01 1.231189966201782227e-01
-1.449165046215057373e-01 3.611229360103607178e-01
-4.867450594902038574e-01 -3.894303692504763603e-03
-9.545360207557678223e-01 -5.721235871315002441e-01
1.136504292488098145e+00 6.402534246444702148e-01
-5.385578870773315430e-01 -9.033905863761901855e-01
-1.546907782554626465e+00 -1.117248892784118652e+00
-3.001250624656677246e-01 3.375906124711036682e-02
-1.496674306690692902e-02 5.113816261291503906e-01
1.429203391075134277e+00 9.875950813293457031e-01
1.618269234895706177e-01 -1.747875958681106567e-01
1.018555283546447754e+00 1.397384610027074814e-02
-2.660060524940490723e-01 7.237432897090911865e-02
2.482643872499465942e-01 -8.488266915082931519e-02
1.165038824081420898e+00 6.053727865219116211e-01
6.295667886734008789e-01 1.714816242456436157e-01
-7.115484476089477539e-01 -1.137358427047729492e+00
-5.491584539413452148e-01 -2.305340021848678589e-01
5.324906110763549805e-01 9.690199494361877441e-01
-1.743797779083251953e+00 -1.314839124679565430e+00
2.708034515380859375e-01 7.018891572952270508e-01
-1.234942302107810974e-01 3.606939315795898438e-01
5.633972287178039551e-01 1.804277151823043823e-01
3.685080111026763916e-01 -5.808883905410766602e-02
2.916488945484161377e-01 -1.179233267903327942e-01
3.656155988574028015e-02 4.054333865642547607e-01
7.716286927461624146e-02 5.634933710098266602e-01
4.002929329872131348e-01 -1.226944923400878906e-01
-8.188178390264511108e-02 -5.989562869071960449e-01
-1.383507847785949707e+00 -9.956787824630737305e-01
-1.265574693679809570e-01 3.793709576129913330e-01
5.239291191101074219e-01 2.926695719361305237e-02
-1.776718199253082275e-01 -8.011485338211059570e-01
-7.071611881256103516e-01 -1.101801395416259766e+00
1.030647516250610352e+00 6.283073425292968750e-01
2.147734463214874268e-01 6.559856534004211426e-01
8.323977142572402954e-02 5.563067793846130371e-01
-1.920082722790539265e-03 -6.392616629600524902e-01
-8.764087557792663574e-01 -4.168034195899963379e-01
8.620781898498535156e-01 3.301209211349487305e-01
-8.158482611179351807e-02 -6.467584967613220215e-01
-1.075345277786254883e+00 -6.156147122383117676e-01
