0.498046875 0.4697079658508301 1170.0 19208.0 16941.0 1239.0
0.859375 0.8631930947303772 547.0 3413.0 32736.0 1862.0
0.880859375 0.8847191333770752 588.0 2624.0 33525.0 1821.0
0.892578125 0.8996058106422424 544.0 2006.0 34143.0 1865.0
0.916015625 0.9131697416305542 574.0 1513.0 34636.0 1835.0
0.923828125 0.9258260130882263 516.0 967.0 35182.0 1893.0
0.94921875 0.9330099821090698 455.0 629.0 35520.0 1954.0
0.9296875 0.9359147548675537 446.0 508.0 35641.0 1963.0
0.931640625 0.9371077418327332 424.0 440.0 35709.0 1985.0
0.939453125 0.9366927742958069 543.0 575.0 35574.0 1866.0
0.939453125 0.9375227093696594 513.0 513.0 35636.0 1896.0
0.931640625 0.9388453960418701 486.0 435.0 35714.0 1923.0
0.93359375 0.9382748007774353 480.0 451.0 35698.0 1929.0
0.935546875 0.9377561211585999 537.0 528.0 35621.0 1872.0
0.927734375 0.9377820491790771 568.0 558.0 35591.0 1841.0
0.94140625 0.9375227093696594 602.0 602.0 35547.0 1807.0
0.927734375 0.9369780421257019 666.0 687.0 35462.0 1743.0
0.93359375 0.9373411536216736 646.0 653.0 35496.0 1763.0
0.931640625 0.9377820491790771 612.0 602.0 35547.0 1797.0
0.943359375 0.9374707937240601 682.0 684.0 35465.0 1727.0
0.9296875 0.9371595978736877 659.0 673.0 35476.0 1750.0
0.9453125 0.9371077418327332 684.0 700.0 35449.0 1725.0
0.94140625 0.9381191730499268 628.0 605.0 35544.0 1781.0
0.9453125 0.9372114539146423 664.0 676.0 35473.0 1745.0
0.9453125 0.9376264214515686 633.0 629.0 35520.0 1776.0
0.93359375 0.9372373819351196 700.0 711.0 35438.0 1709.0
0.9453125 0.9377820491790771 663.0 653.0 35496.0 1746.0
0.939453125 0.9385600686073303 635.0 595.0 35554.0 1774.0
0.95703125 0.9379895329475403 662.0 644.0 35505.0 1747.0
0.94140625 0.9374448657035828 682.0 685.0 35464.0 1727.0
0.9296875 0.9374189376831055 716.0 720.0 35429.0 1693.0
0.939453125 0.9375227093696594 679.0 679.0 35470.0 1730.0
0.931640625 0.9372114539146423 708.0 720.0 35429.0 1701.0
0.943359375 0.9381970167160034 679.0 653.0 35496.0 1730.0
0.935546875 0.9381191730499268 682.0 659.0 35490.0 1727.0
0.9375 0.9380932450294495 707.0 685.0 35464.0 1702.0
0.927734375 0.9374967813491821 701.0 702.0 35447.0 1708.0
0.939453125 0.9372114539146423 711.0 723.0 35426.0 1698.0
0.9375 0.9381970167160034 706.0 680.0 35469.0 1703.0
0.951171875 0.9380154609680176 738.0 719.0 35430.0 1671.0
0.935546875 0.9384563565254211 724.0 688.0 35461.0 1685.0
0.951171875 0.9384304285049438 720.0 685.0 35464.0 1689.0
0.953125 0.9380932450294495 738.0 716.0 35433.0 1671.0
0.921875 0.9383785724639893 739.0 706.0 35443.0 1670.0
0.9375 0.9388453960418701 755.0 704.0 35445.0 1654.0
0.939453125 0.939208447933197 712.0 647.0 35502.0 1697.0
0.947265625 0.9387675523757935 748.0 700.0 35449.0 1661.0
0.94140625 0.9376004934310913 776.0 773.0 35376.0 1633.0
0.955078125 0.9382748007774353 801.0 772.0 35377.0 1608.0
0.943359375 0.9387416243553162 766.0 719.0 35430.0 1643.0
0.931640625 0.9384822845458984 777.0 740.0 35409.0 1632.0
0.943359375 0.9394677877426147 743.0 668.0 35481.0 1666.0
0.947265625 0.9389491081237793 753.0 698.0 35451.0 1656.0
0.943359375 0.9391047358512878 739.0 678.0 35471.0 1670.0
0.935546875 0.9383007287979126 799.0 769.0 35380.0 1610.0
0.92578125 0.9392343759536743 765.0 699.0 35450.0 1644.0
0.943359375 0.9395197033882141 778.0 701.0 35448.0 1631.0
0.939453125 0.9397531151771545 737.0 651.0 35498.0 1672.0
0.943359375 0.9388194680213928 804.0 754.0 35395.0 1605.0
0.935546875 0.9387675523757935 802.0 754.0 35395.0 1607.0
0.935546875 0.9398049712181091 741.0 653.0 35496.0 1668.0
0.958984375 0.9397011995315552 786.0 702.0 35447.0 1623.0
0.935546875 0.9397531151771545 743.0 657.0 35492.0 1666.0
0.947265625 0.9394159317016602 770.0 697.0 35452.0 1639.0
0.93359375 0.9390268921852112 805.0 747.0 35402.0 1604.0
0.931640625 0.9380154609680176 824.0 805.0 35344.0 1585.0
0.93359375 0.9398568272590637 760.0 670.0 35479.0 1649.0
0.955078125 0.9393381476402283 803.0 733.0 35416.0 1606.0
0.953125 0.9393640756607056 798.0 727.0 35422.0 1611.0
0.943359375 0.9383007287979126 821.0 791.0 35358.0 1588.0
0.94140625 0.9383785724639893 806.0 773.0 35376.0 1603.0
0.935546875 0.939208447933197 802.0 737.0 35412.0 1607.0
0.9375 0.9387416243553162 812.0 765.0 35384.0 1597.0
0.947265625 0.9379116892814636 807.0 792.0 35357.0 1602.0
0.94140625 0.9374707937240601 811.0 813.0 35336.0 1598.0
0.951171875 0.9381710886955261 832.0 807.0 35342.0 1577.0
0.94921875 0.9397011995315552 795.0 711.0 35438.0 1614.0
0.9375 0.9399605989456177 797.0 703.0 35446.0 1612.0
0.9375 0.9392343759536743 822.0 756.0 35393.0 1587.0
0.953125 0.938923180103302 844.0 790.0 35359.0 1565.0
0.94140625 0.9397271871566772 823.0 738.0 35411.0 1586.0
0.9375 0.9402977228164673 820.0 713.0 35436.0 1589.0
0.95703125 0.9401420950889587 810.0 709.0 35440.0 1599.0
0.9453125 0.9402458667755127 825.0 720.0 35429.0 1584.0
0.939453125 0.9392862915992737 854.0 786.0 35363.0 1555.0
0.94140625 0.9400902390480042 823.0 724.0 35425.0 1586.0
0.939453125 0.9385600686073303 859.0 819.0 35330.0 1550.0
0.94140625 0.9385082125663757 861.0 823.0 35326.0 1548.0
0.9375 0.939312219619751 834.0 765.0 35384.0 1575.0
0.93359375 0.939597487449646 864.0 784.0 35365.0 1545.0
0.92578125 0.9398049712181091 851.0 763.0 35386.0 1558.0
0.94140625 0.939597487449646 861.0 781.0 35368.0 1548.0
0.931640625 0.9399086833000183 854.0 762.0 35387.0 1555.0
0.9375 0.9391047358512878 865.0 804.0 35345.0 1544.0
0.943359375 0.9395197033882141 865.0 788.0 35361.0 1544.0
0.9375 0.9408164620399475 830.0 703.0 35446.0 1579.0
0.943359375 0.9400643110275269 880.0 782.0 35367.0 1529.0
0.92578125 0.9388713240623474 869.0 817.0 35332.0 1540.0
0.9375 0.9402199387550354 824.0 720.0 35429.0 1585.0
0.9296875 0.9399346709251404 874.0 781.0 35368.0 1535.0
0.953125 0.9394937753677368 889.0 813.0 35336.0 1520.0
0.951171875 0.9392603635787964 896.0 829.0 35320.0 1513.0
0.947265625 0.9405052065849304 768.0 653.0 35496.0 1641.0
0.943359375 0.9391565918922424 902.0 839.0 35310.0 1507.0
0.9296875 0.9396752715110779 881.0 798.0 35351.0 1528.0
0.958984375 0.9388972520828247 906.0 853.0 35296.0 1503.0
0.95703125 0.941231369972229 817.0 674.0 35475.0 1592.0
0.931640625 0.9392862915992737 889.0 821.0 35328.0 1520.0
0.9453125 0.9401161670684814 896.0 796.0 35353.0 1513.0
0.939453125 0.9410498738288879 867.0 731.0 35418.0 1542.0
0.9453125 0.940660834312439 864.0 743.0 35406.0 1545.0
0.947265625 0.939597487449646 900.0 820.0 35329.0 1509.0
0.951171875 0.9411535859107971 867.0 727.0 35422.0 1542.0
0.939453125 0.9403495788574219 848.0 739.0 35410.0 1561.0
0.9453125 0.9404014945030212 855.0 744.0 35405.0 1554.0
0.947265625 0.9400643110275269 889.0 791.0 35358.0 1520.0
0.939453125 0.9397531151771545 892.0 806.0 35343.0 1517.0
0.966796875 0.9400902390480042 888.0 789.0 35360.0 1521.0
0.94140625 0.940375566482544 846.0 736.0 35413.0 1563.0
0.935546875 0.9393900036811829 861.0 789.0 35360.0 1548.0
0.939453125 0.9401680827140808 819.0 717.0 35432.0 1590.0
0.94921875 0.9393381476402283 905.0 835.0 35314.0 1504.0
0.94921875 0.9391825199127197 908.0 844.0 35305.0 1501.0
0.9296875 0.9407645463943481 873.0 748.0 35401.0 1536.0
0.93359375 0.9400124549865723 887.0 791.0 35358.0 1522.0
0.935546875 0.9391825199127197 894.0 830.0 35319.0 1515.0
0.947265625 0.9395197033882141 888.0 811.0 35338.0 1521.0
0.9609375 0.9400643110275269 872.0 774.0 35375.0 1537.0
0.939453125 0.939882755279541 894.0 803.0 35346.0 1515.0
0.9453125 0.9407126903533936 847.0 724.0 35425.0 1562.0
0.943359375 0.939597487449646 887.0 807.0 35342.0 1522.0
0.94921875 0.9390788078308105 911.0 851.0 35298.0 1498.0
0.94921875 0.9405311346054077 865.0 749.0 35400.0 1544.0
0.953125 0.9404014945030212 885.0 774.0 35375.0 1524.0
0.947265625 0.9386119842529297 892.0 850.0 35299.0 1517.0
0.935546875 0.9397531151771545 893.0 807.0 35342.0 1516.0
0.953125 0.9409201741218567 888.0 757.0 35392.0 1521.0
0.9375 0.9392603635787964 927.0 860.0 35289.0 1482.0
0.947265625 0.9400124549865723 885.0 789.0 35360.0 1524.0
0.94140625 0.9406349062919617 893.0 773.0 35376.0 1516.0
0.953125 0.9396752715110779 903.0 820.0 35329.0 1506.0
0.951171875 0.9397271871566772 894.0 809.0 35340.0 1515.0
0.966796875 0.9404014945030212 893.0 782.0 35367.0 1516.0
0.951171875 0.9406349062919617 890.0 770.0 35379.0 1519.0
0.953125 0.9402977228164673 882.0 775.0 35374.0 1527.0
0.9453125 0.9401680827140808 883.0 781.0 35368.0 1526.0
0.943359375 0.9410238862037659 870.0 735.0 35414.0 1539.0
0.9375 0.9404533505439758 884.0 771.0 35378.0 1525.0
0.939453125 0.9408164620399475 893.0 766.0 35383.0 1516.0
0.947265625 0.9411017298698425 854.0 716.0 35433.0 1555.0
0.947265625 0.9412054419517517 895.0 753.0 35396.0 1514.0
0.94921875 0.940557062625885 907.0 790.0 35359.0 1502.0
0.9375 0.9402977228164673 895.0 788.0 35361.0 1514.0
0.931640625 0.9400902390480042 923.0 824.0 35325.0 1486.0
0.947265625 0.9403495788574219 916.0 807.0 35342.0 1493.0
0.96484375 0.9408423900604248 898.0 770.0 35379.0 1511.0
0.943359375 0.9393640756607056 932.0 861.0 35288.0 1477.0
0.9296875 0.9415166974067688 884.0 730.0 35419.0 1525.0
0.947265625 0.9399605989456177 923.0 829.0 35320.0 1486.0
0.94140625 0.9413092136383057 916.0 770.0 35379.0 1493.0
0.94140625 0.9407645463943481 919.0 794.0 35355.0 1490.0
0.94140625 0.9410238862037659 885.0 750.0 35399.0 1524.0
0.955078125 0.9414647817611694 958.0 806.0 35343.0 1451.0
0.9609375 0.9404274225234985 927.0 815.0 35334.0 1482.0
0.951171875 0.9406349062919617 938.0 818.0 35331.0 1471.0
0.951171875 0.9401161670684814 950.0 850.0 35299.0 1459.0
0.931640625 0.9423725008964539 895.0 708.0 35441.0 1514.0
0.947265625 0.9418019652366638 920.0 755.0 35394.0 1489.0
0.947265625 0.9409720301628113 943.0 810.0 35339.0 1466.0
0.951171875 0.9404014945030212 959.0 848.0 35301.0 1450.0
0.94140625 0.9407904744148254 933.0 807.0 35342.0 1476.0
0.94921875 0.9414129257202148 908.0 758.0 35391.0 1501.0
0.931640625 0.9412832856178284 915.0 770.0 35379.0 1494.0
0.9453125 0.9414388537406921 917.0 766.0 35383.0 1492.0
0.939453125 0.9411535859107971 932.0 792.0 35357.0 1477.0
0.955078125 0.9412832856178284 966.0 821.0 35328.0 1443.0
0.943359375 0.9412572979927063 937.0 793.0 35356.0 1472.0
0.943359375 0.941335141658783 925.0 778.0 35371.0 1484.0
0.947265625 0.9411535859107971 916.0 776.0 35373.0 1493.0
0.94140625 0.940946102142334 953.0 821.0 35328.0 1456.0
0.94140625 0.942009449005127 895.0 722.0 35427.0 1514.0
0.939453125 0.9412832856178284 953.0 808.0 35341.0 1456.0
0.94921875 0.9416463375091553 940.0 781.0 35368.0 1469.0
0.923828125 0.941620409488678 968.0 810.0 35339.0 1441.0
0.943359375 0.9418278932571411 938.0 772.0 35377.0 1471.0
0.947265625 0.9417501091957092 914.0 751.0 35398.0 1495.0
0.9453125 0.9422428607940674 951.0 769.0 35380.0 1458.0
0.955078125 0.9413869976997375 964.0 815.0 35334.0 1445.0
0.9375 0.9423984885215759 928.0 740.0 35409.0 1481.0
0.943359375 0.9428133964538574 905.0 701.0 35448.0 1504.0
0.955078125 0.9423725008964539 983.0 796.0 35353.0 1426.0
0.9453125 0.9420353770256042 969.0 795.0 35354.0 1440.0
0.931640625 0.9415166974067688 966.0 812.0 35337.0 1443.0
0.947265625 0.9411276578903198 987.0 848.0 35301.0 1422.0
0.9375 0.9407904744148254 991.0 865.0 35284.0 1418.0
0.931640625 0.9418019652366638 989.0 824.0 35325.0 1420.0
0.9609375 0.9418019652366638 995.0 830.0 35319.0 1414.0
0.94921875 0.9413610696792603 974.0 826.0 35323.0 1435.0
0.947265625 0.9414907693862915 968.0 815.0 35334.0 1441.0
0.935546875 0.9408164620399475 972.0 845.0 35304.0 1437.0
0.947265625 0.9408683180809021 1033.0 904.0 35245.0 1376.0
0.95703125 0.9412572979927063 987.0 843.0 35306.0 1422.0
0.9453125 0.9415685534477234 1004.0 848.0 35301.0 1405.0
0.958984375 0.9418019652366638 993.0 828.0 35321.0 1416.0
0.94921875 0.9418019652366638 986.0 821.0 35328.0 1423.0
0.94921875 0.9424503445625305 997.0 807.0 35342.0 1412.0
0.951171875 0.9417760372161865 1003.0 839.0 35310.0 1406.0
0.94140625 0.941231369972229 992.0 849.0 35300.0 1417.0
0.9375 0.9430727958679199 924.0 710.0 35439.0 1485.0
0.953125 0.9419575929641724 1025.0 854.0 35295.0 1384.0
0.955078125 0.9415685534477234 1019.0 863.0 35286.0 1390.0
0.953125 0.9411535859107971 1021.0 881.0 35268.0 1388.0
0.947265625 0.942009449005127 1010.0 837.0 35312.0 1399.0
0.951171875 0.9421131610870361 1004.0 827.0 35322.0 1405.0
0.9375 0.9418278932571411 983.0 817.0 35332.0 1426.0
0.955078125 0.9411017298698425 1000.0 862.0 35287.0 1409.0
0.95703125 0.9428133964538574 976.0 772.0 35377.0 1433.0
0.955078125 0.9419316649436951 1027.0 857.0 35292.0 1382.0
0.953125 0.9418538212776184 1027.0 860.0 35289.0 1382.0
0.95703125 0.9416463375091553 996.0 837.0 35312.0 1413.0
0.935546875 0.9420353770256042 1003.0 829.0 35320.0 1406.0
0.951171875 0.9414907693862915 998.0 845.0 35304.0 1411.0
0.953125 0.940946102142334 1036.0 904.0 35245.0 1373.0
0.955078125 0.9423725008964539 1001.0 814.0 35335.0 1408.0
0.94921875 0.9428393840789795 1000.0 795.0 35354.0 1409.0
0.94140625 0.9423465728759766 1013.0 827.0 35322.0 1396.0
0.9375 0.9420872330665588 1028.0 852.0 35297.0 1381.0
0.951171875 0.9430208802223206 1014.0 802.0 35347.0 1395.0
0.94140625 0.9423984885215759 1020.0 832.0 35317.0 1389.0
0.939453125 0.9424762725830078 1006.0 815.0 35334.0 1403.0
0.9453125 0.9418538212776184 1029.0 862.0 35287.0 1380.0
0.939453125 0.941905677318573 1043.0 874.0 35275.0 1366.0
0.93359375 0.9425281286239624 1018.0 825.0 35324.0 1391.0
0.951171875 0.9422428607940674 1020.0 838.0 35311.0 1389.0
0.9453125 0.9426319003105164 1033.0 836.0 35313.0 1376.0
0.951171875 0.9424244165420532 1001.0 812.0 35337.0 1408.0
0.947265625 0.941620409488678 1035.0 877.0 35272.0 1374.0
0.95703125 0.9410238862037659 1038.0 903.0 35246.0 1371.0
0.9609375 0.9408683180809021 1047.0 918.0 35231.0 1362.0
0.9375 0.9422428607940674 1013.0 831.0 35318.0 1396.0
0.93359375 0.9428133964538574 992.0 788.0 35361.0 1417.0
0.94140625 0.9426319003105164 1022.0 825.0 35324.0 1387.0
0.951171875 0.9426059722900391 1027.0 831.0 35318.0 1382.0
0.935546875 0.9424503445625305 1026.0 836.0 35313.0 1383.0
0.94921875 0.9422687888145447 1021.0 838.0 35311.0 1388.0
0.9375 0.9415166974067688 1053.0 899.0 35250.0 1356.0
0.947265625 0.9425281286239624 1015.0 822.0 35327.0 1394.0
0.943359375 0.9423206448554993 1051.0 866.0 35283.0 1358.0
0.94921875 0.9413610696792603 1059.0 911.0 35238.0 1350.0
0.955078125 0.9422687888145447 1003.0 820.0 35329.0 1406.0
0.9453125 0.9420613050460815 1040.0 865.0 35284.0 1369.0
0.947265625 0.9429171681404114 1021.0 813.0 35336.0 1388.0
0.9296875 0.9428653120994568 1089.0 883.0 35266.0 1320.0
0.951171875 0.9428393840789795 1025.0 820.0 35329.0 1384.0
0.958984375 0.9437471032142639 1014.0 774.0 35375.0 1395.0
0.958984375 0.9430468678474426 1041.0 828.0 35321.0 1368.0
0.943359375 0.9434099197387695 1026.0 799.0 35350.0 1383.0
0.958984375 0.9427615404129028 1039.0 837.0 35312.0 1370.0
0.93359375 0.9428653120994568 1039.0 833.0 35316.0 1370.0
0.9453125 0.943954586982727 1021.0 773.0 35376.0 1388.0
0.9453125 0.9428653120994568 1059.0 853.0 35296.0 1350.0
0.94921875 0.9429171681404114 1045.0 837.0 35312.0 1364.0
0.939453125 0.94364333152771 1057.0 821.0 35328.0 1352.0
0.947265625 0.9428653120994568 1070.0 864.0 35285.0 1339.0
0.953125 0.9433062076568604 1066.0 843.0 35306.0 1343.0
0.9375 0.9436951875686646 1032.0 794.0 35355.0 1377.0
0.958984375 0.9434877038002014 1030.0 800.0 35349.0 1379.0
0.95703125 0.9418797492980957 1055.0 887.0 35262.0 1354.0
0.955078125 0.9435396194458008 1062.0 830.0 35319.0 1347.0
0.947265625 0.9423206448554993 1070.0 885.0 35264.0 1339.0
0.955078125 0.9437730312347412 1020.0 779.0 35370.0 1389.0
0.9453125 0.9435914754867554 1022.0 788.0 35361.0 1387.0
0.96484375 0.943254292011261 1066.0 845.0 35304.0 1343.0
0.9375 0.9440064430236816 1003.0 753.0 35396.0 1406.0
0.94140625 0.943954586982727 1040.0 792.0 35357.0 1369.0
0.95703125 0.9420872330665588 1089.0 913.0 35236.0 1320.0
0.951171875 0.9433062076568604 1043.0 820.0 35329.0 1366.0
0.94140625 0.9433839917182922 1059.0 833.0 35316.0 1350.0
0.94140625 0.9433580636978149 1051.0 826.0 35323.0 1358.0
0.94140625 0.9423465728759766 1101.0 915.0 35234.0 1308.0
0.939453125 0.9428653120994568 1086.0 880.0 35269.0 1323.0
0.94140625 0.9440323710441589 1023.0 772.0 35377.0 1386.0
0.96875 0.9433321356773376 1051.0 827.0 35322.0 1358.0
0.9453125 0.9435655474662781 1076.0 843.0 35306.0 1333.0
0.94921875 0.9435655474662781 1063.0 830.0 35319.0 1346.0
0.95703125 0.9431505799293518 1058.0 841.0 35308.0 1351.0
0.94921875 0.9435396194458008 1033.0 801.0 35348.0 1376.0
0.951171875 0.9427096843719482 1026.0 826.0 35323.0 1383.0
0.947265625 0.9437211751937866 1026.0 787.0 35362.0 1383.0
0.953125 0.9432024359703064 1065.0 846.0 35303.0 1344.0
0.95703125 0.9435136914253235 1083.0 852.0 35297.0 1326.0
0.953125 0.9439026713371277 1049.0 803.0 35346.0 1360.0
0.94140625 0.9437211751937866 1063.0 824.0 35325.0 1346.0
0.947265625 0.942579984664917 1091.0 896.0 35253.0 1318.0
0.955078125 0.9434358477592468 1065.0 837.0 35312.0 1344.0
0.953125 0.9430208802223206 1086.0 874.0 35275.0 1323.0
0.955078125 0.9432802796363831 1069.0 847.0 35302.0 1340.0
0.9453125 0.942969024181366 1091.0 881.0 35268.0 1318.0
0.955078125 0.942969024181366 1081.0 871.0 35278.0 1328.0
0.947265625 0.942969024181366 1098.0 888.0 35261.0 1311.0
0.951171875 0.9437989592552185 1063.0 821.0 35328.0 1346.0
0.94140625 0.9437211751937866 1077.0 838.0 35311.0 1332.0
0.94140625 0.9433839917182922 1104.0 878.0 35271.0 1305.0
0.953125 0.9433839917182922 1046.0 820.0 35329.0 1363.0
0.947265625 0.9439026713371277 1077.0 831.0 35318.0 1332.0
0.943359375 0.943954586982727 1103.0 855.0 35294.0 1306.0
0.94921875 0.943954586982727 1085.0 837.0 35312.0 1324.0
0.951171875 0.9437989592552185 1070.0 828.0 35321.0 1339.0
0.93359375 0.9451475739479065 1051.0 757.0 35392.0 1358.0
0.935546875 0.9443694949150085 1056.0 792.0 35357.0 1353.0
0.947265625 0.9441101551055908 1066.0 812.0 35337.0 1343.0
0.95703125 0.9435655474662781 1117.0 884.0 35265.0 1292.0
0.943359375 0.9446807503700256 1074.0 798.0 35351.0 1335.0
0.953125 0.9439805150032043 1079.0 830.0 35319.0 1330.0
0.947265625 0.9445251226425171 1089.0 819.0 35330.0 1320.0
0.953125 0.9442657828330994 1068.0 808.0 35341.0 1341.0
0.939453125 0.9451475739479065 1082.0 788.0 35361.0 1327.0
0.951171875 0.9440064430236816 1082.0 832.0 35317.0 1327.0
0.955078125 0.9445769786834717 1091.0 819.0 35330.0 1318.0
0.94921875 0.9428653120994568 1123.0 917.0 35232.0 1286.0
0.943359375 0.9441879987716675 1107.0 850.0 35299.0 1302.0
0.9375 0.9444732666015625 1116.0 848.0 35301.0 1293.0
0.943359375 0.9444214105606079 1090.0 824.0 35325.0 1319.0
0.94921875 0.9435914754867554 1095.0 861.0 35288.0 1314.0
0.939453125 0.9451994299888611 1085.0 789.0 35360.0 1324.0
0.94921875 0.9442917108535767 1081.0 820.0 35329.0 1328.0
0.95703125 0.9448623061180115 1055.0 772.0 35377.0 1354.0
0.951171875 0.9446548223495483 1105.0 830.0 35319.0 1304.0
0.9375 0.9441360831260681 1106.0 851.0 35298.0 1303.0
0.947265625 0.9449141621589661 1091.0 806.0 35343.0 1318.0
0.947265625 0.9441620707511902 1095.0 839.0 35310.0 1314.0
0.9375 0.9450178742408752 1056.0 767.0 35382.0 1353.0
0.939453125 0.9447844624519348 1087.0 807.0 35342.0 1322.0
0.94921875 0.9441101551055908 1099.0 845.0 35304.0 1310.0
0.953125 0.9439805150032043 1124.0 875.0 35274.0 1285.0
0.939453125 0.9449660181999207 1075.0 788.0 35361.0 1334.0
0.947265625 0.9444732666015625 1124.0 856.0 35293.0 1285.0
0.953125 0.9440064430236816 1096.0 846.0 35303.0 1313.0
0.9453125 0.9442398548126221 1093.0 834.0 35315.0 1316.0
0.94921875 0.9443694949150085 1093.0 829.0 35320.0 1316.0
0.94140625 0.9449660181999207 1122.0 835.0 35314.0 1287.0
0.935546875 0.9447066783905029 1111.0 834.0 35315.0 1298.0
0.94140625 0.9455366134643555 1070.0 761.0 35388.0 1339.0
0.939453125 0.943928599357605 1111.0 864.0 35285.0 1298.0
0.943359375 0.9457440972328186 1066.0 749.0 35400.0 1343.0
0.931640625 0.9448882341384888 1090.0 806.0 35343.0 1319.0
0.9453125 0.9452512860298157 1081.0 783.0 35366.0 1328.0
0.9375 0.9443694949150085 1142.0 878.0 35271.0 1267.0
0.9453125 0.9443694949150085 1096.0 832.0 35317.0 1313.0
0.958984375 0.9447326064109802 1107.0 829.0 35320.0 1302.0
0.935546875 0.944991946220398 1109.0 821.0 35328.0 1300.0
0.94921875 0.9444991946220398 1122.0 853.0 35296.0 1287.0
0.9453125 0.9451994299888611 1116.0 820.0 35329.0 1293.0
0.9453125 0.9444732666015625 1111.0 843.0 35306.0 1298.0
0.939453125 0.9444732666015625 1120.0 852.0 35297.0 1289.0
0.9375 0.9447585344314575 1103.0 824.0 35325.0 1306.0
0.947265625 0.9454846978187561 1099.0 792.0 35357.0 1310.0
0.947265625 0.9426578283309937 1144.0 946.0 35203.0 1265.0
0.94140625 0.9450697898864746 1135.0 844.0 35305.0 1274.0
0.9453125 0.9448882341384888 1116.0 832.0 35317.0 1293.0
0.943359375 0.9454069137573242 1117.0 813.0 35336.0 1292.0
0.94140625 0.944991946220398 1114.0 826.0 35323.0 1295.0
0.9453125 0.9441360831260681 1147.0 892.0 35257.0 1262.0
0.9453125 0.9444991946220398 1120.0 851.0 35298.0 1289.0
0.955078125 0.9452512860298157 1112.0 814.0 35335.0 1297.0
0.947265625 0.9435914754867554 1116.0 882.0 35267.0 1293.0
0.9609375 0.9456143975257874 1101.0 789.0 35360.0 1308.0
0.947265625 0.9446548223495483 1107.0 832.0 35317.0 1302.0
0.935546875 0.9459255933761597 1109.0 785.0 35364.0 1300.0
0.955078125 0.9459515810012817 1095.0 770.0 35379.0 1314.0
0.94921875 0.9454328417778015 1115.0 810.0 35339.0 1294.0
0.94921875 0.9451735019683838 1115.0 820.0 35329.0 1294.0
0.947265625 0.9451216459274292 1121.0 828.0 35321.0 1288.0
0.96484375 0.9437211751937866 1148.0 909.0 35240.0 1261.0
0.958984375 0.9444214105606079 1143.0 877.0 35272.0 1266.0
0.94921875 0.9441101551055908 1154.0 900.0 35249.0 1255.0
0.93359375 0.9457440972328186 1126.0 809.0 35340.0 1283.0
0.94140625 0.9452512860298157 1124.0 826.0 35323.0 1285.0
0.953125 0.9459255933761597 1122.0 798.0 35351.0 1287.0
0.9375 0.9451735019683838 1099.0 804.0 35345.0 1310.0
0.9609375 0.9460034370422363 1125.0 798.0 35351.0 1284.0
0.95703125 0.9450178742408752 1139.0 850.0 35299.0 1270.0
0.9453125 0.946651816368103 1113.0 761.0 35388.0 1296.0
0.958984375 0.9456143975257874 1108.0 796.0 35353.0 1301.0
0.94921875 0.9447844624519348 1162.0 882.0 35267.0 1247.0
0.947265625 0.9453291296958923 1108.0 807.0 35342.0 1301.0
0.953125 0.9456921815872192 1134.0 819.0 35330.0 1275.0
0.943359375 0.9457440972328186 1137.0 820.0 35329.0 1272.0
0.94921875 0.9453809857368469 1134.0 831.0 35318.0 1275.0
0.943359375 0.9448882341384888 1122.0 838.0 35311.0 1287.0
0.943359375 0.9456403255462646 1142.0 829.0 35320.0 1267.0
0.9609375 0.9467555284500122 1084.0 728.0 35421.0 1325.0
0.955078125 0.9454069137573242 1124.0 820.0 35329.0 1285.0
0.955078125 0.9461849927902222 1138.0 804.0 35345.0 1271.0
0.953125 0.9462368488311768 1126.0 790.0 35359.0 1283.0
0.958984375 0.9457959532737732 1156.0 837.0 35312.0 1253.0
0.958984375 0.9462109208106995 1109.0 774.0 35375.0 1300.0
0.947265625 0.9469111561775208 1115.0 753.0 35396.0 1294.0
0.94140625 0.9449400901794434 1151.0 865.0 35284.0 1258.0
0.931640625 0.9456921815872192 1151.0 836.0 35313.0 1258.0
0.951171875 0.9455366134643555 1157.0 848.0 35301.0 1252.0
0.958984375 0.9453291296958923 1159.0 858.0 35291.0 1250.0
0.94921875 0.9458478093147278 1126.0 805.0 35344.0 1283.0
0.95703125 0.9461849927902222 1126.0 792.0 35357.0 1283.0
0.9453125 0.9460293650627136 1134.0 806.0 35343.0 1275.0
0.95703125 0.9461849927902222 1117.0 783.0 35366.0 1292.0
0.9609375 0.9450438022613525 1153.0 863.0 35286.0 1256.0
0.9453125 0.9464443325996399 1133.0 789.0 35360.0 1276.0
0.947265625 0.945977509021759 1149.0 823.0 35326.0 1260.0
0.947265625 0.9457959532737732 1157.0 838.0 35311.0 1252.0
0.955078125 0.9458737373352051 1161.0 839.0 35310.0 1248.0
0.943359375 0.9461071491241455 1138.0 807.0 35342.0 1271.0
0.9453125 0.9458218812942505 1166.0 846.0 35303.0 1243.0
0.955078125 0.9454328417778015 1136.0 831.0 35318.0 1273.0
0.955078125 0.9459515810012817 1143.0 818.0 35331.0 1266.0
0.947265625 0.9458996653556824 1135.0 812.0 35337.0 1274.0
0.9453125 0.9455106854438782 1152.0 844.0 35305.0 1257.0
0.951171875 0.9457700252532959 1169.0 851.0 35298.0 1240.0
0.947265625 0.9454069137573242 1169.0 865.0 35284.0 1240.0
0.9609375 0.9460812211036682 1152.0 822.0 35327.0 1257.0
0.955078125 0.9451475739479065 1168.0 874.0 35275.0 1241.0
0.9453125 0.9454587697982788 1170.0 864.0 35285.0 1239.0
0.947265625 0.9447326064109802 1161.0 883.0 35266.0 1248.0
0.947265625 0.946651816368103 1159.0 807.0 35342.0 1250.0
0.94140625 0.9454846978187561 1178.0 871.0 35278.0 1231.0
0.943359375 0.945303201675415 1176.0 876.0 35273.0 1233.0
0.947265625 0.9463924765586853 1164.0 822.0 35327.0 1245.0
0.9609375 0.9466258883476257 1150.0 799.0 35350.0 1259.0
0.951171875 0.9451475739479065 1165.0 871.0 35278.0 1244.0
0.939453125 0.9456662535667419 1146.0 832.0 35317.0 1263.0
0.935546875 0.9459515810012817 1138.0 813.0 35336.0 1271.0
0.927734375 0.9460552930831909 1135.0 806.0 35343.0 1274.0
0.935546875 0.9464184045791626 1167.0 824.0 35325.0 1242.0
0.958984375 0.9467555284500122 1131.0 775.0 35374.0 1278.0
0.953125 0.9471186399459839 1155.0 785.0 35364.0 1254.0
0.9453125 0.9461590051651001 1162.0 829.0 35320.0 1247.0
0.947265625 0.9463924765586853 1138.0 796.0 35353.0 1271.0
0.953125 0.9455366134643555 1167.0 858.0 35291.0 1242.0
0.947265625 0.9458478093147278 1144.0 823.0 35326.0 1265.0
0.947265625 0.9465739727020264 1184.0 835.0 35314.0 1225.0
0.95703125 0.946937084197998 1178.0 815.0 35334.0 1231.0
0.955078125 0.9455884695053101 1191.0 880.0 35269.0 1218.0
0.9375 0.9456662535667419 1158.0 844.0 35305.0 1251.0
0.962890625 0.9452512860298157 1169.0 871.0 35278.0 1240.0
0.95703125 0.9475595355033875 1155.0 768.0 35381.0 1254.0
0.955078125 0.9467555284500122 1156.0 800.0 35349.0 1253.0
0.958984375 0.9467814564704895 1175.0 818.0 35331.0 1234.0
0.947265625 0.9467555284500122 1158.0 802.0 35347.0 1251.0
0.9453125 0.9458218812942505 1179.0 859.0 35290.0 1230.0
0.955078125 0.9463664889335632 1191.0 850.0 35299.0 1218.0
0.96484375 0.9470927119255066 1161.0 792.0 35357.0 1248.0
0.9453125 0.9459515810012817 1179.0 854.0 35295.0 1230.0
0.94140625 0.9467814564704895 1186.0 829.0 35320.0 1223.0
0.93359375 0.9471964240074158 1160.0 787.0 35362.0 1249.0
0.953125 0.9457700252532959 1189.0 871.0 35278.0 1220.0
0.95703125 0.9461590051651001 1176.0 843.0 35306.0 1233.0
0.96484375 0.9468593001365662 1164.0 804.0 35345.0 1245.0
0.95703125 0.9464961886405945 1190.0 844.0 35305.0 1219.0
0.9609375 0.9461330771446228 1178.0 846.0 35303.0 1231.0
0.953125 0.9470667839050293 1159.0 791.0 35358.0 1250.0
0.947265625 0.9467036724090576 1177.0 823.0 35326.0 1232.0
0.9453125 0.9474816918373108 1178.0 794.0 35355.0 1231.0
0.94921875 0.9465999007225037 1184.0 834.0 35315.0 1225.0
0.939453125 0.9468333125114441 1153.0 794.0 35355.0 1256.0
0.947265625 0.9467296004295349 1195.0 840.0 35309.0 1214.0
0.94921875 0.9465739727020264 1189.0 840.0 35309.0 1220.0
0.935546875 0.9470667839050293 1185.0 817.0 35332.0 1224.0
0.951171875 0.9461330771446228 1185.0 853.0 35296.0 1224.0
0.95703125 0.9470927119255066 1170.0 801.0 35348.0 1239.0
0.962890625 0.946651816368103 1180.0 828.0 35321.0 1229.0
0.955078125 0.9470927119255066 1148.0 779.0 35370.0 1261.0
0.953125 0.9464702606201172 1187.0 842.0 35307.0 1222.0
0.927734375 0.9473520517349243 1178.0 799.0 35350.0 1231.0
0.947265625 0.9455366134643555 1193.0 884.0 35265.0 1216.0
0.962890625 0.9468333125114441 1188.0 829.0 35320.0 1221.0
0.951171875 0.9468333125114441 1171.0 812.0 35337.0 1238.0
0.95703125 0.9458996653556824 1195.0 872.0 35277.0 1214.0
0.943359375 0.9472482800483704 1146.0 771.0 35378.0 1263.0
0.955078125 0.9465739727020264 1145.0 796.0 35353.0 1264.0
0.955078125 0.9468593001365662 1214.0 854.0 35295.0 1195.0
0.955078125 0.9467814564704895 1175.0 818.0 35331.0 1234.0
0.9609375 0.9465999007225037 1183.0 833.0 35316.0 1226.0
0.9453125 0.9473520517349243 1195.0 816.0 35333.0 1214.0
0.947265625 0.9472223520278931 1178.0 804.0 35345.0 1231.0
0.94921875 0.9469630122184753 1191.0 827.0 35322.0 1218.0
0.94140625 0.9466777443885803 1185.0 832.0 35317.0 1224.0
0.943359375 0.9457959532737732 1220.0 901.0 35248.0 1189.0
0.94921875 0.9475595355033875 1191.0 804.0 35345.0 1218.0
0.94140625 0.9479225873947144 1181.0 780.0 35369.0 1228.0
0.96484375 0.9475076794624329 1160.0 775.0 35374.0 1249.0
0.953125 0.9471964240074158 1217.0 844.0 35305.0 1192.0
0.94921875 0.9474298357963562 1164.0 782.0 35367.0 1245.0
0.95703125 0.9470927119255066 1217.0 848.0 35301.0 1192.0
0.9609375 0.946651816368103 1204.0 852.0 35297.0 1205.0
0.94140625 0.9472742080688477 1195.0 819.0 35330.0 1214.0
0.955078125 0.9471964240074158 1191.0 818.0 35331.0 1218.0
0.94921875 0.9462109208106995 1211.0 876.0 35273.0 1198.0
0.951171875 0.9478448033332825 1180.0 782.0 35367.0 1229.0
0.939453125 0.9470407962799072 1187.0 820.0 35329.0 1222.0
0.953125 0.9479745030403137 1167.0 764.0 35385.0 1242.0
0.958984375 0.9460293650627136 1206.0 878.0 35271.0 1203.0
0.947265625 0.9473001956939697 1189.0 812.0 35337.0 1220.0
0.951171875 0.9458737373352051 1213.0 891.0 35258.0 1196.0
0.966796875 0.9460812211036682 1191.0 861.0 35288.0 1218.0
0.951171875 0.9460552930831909 1227.0 898.0 35251.0 1182.0
0.962890625 0.9478448033332825 1200.0 802.0 35347.0 1209.0
0.953125 0.9489340782165527 1173.0 733.0 35416.0 1236.0
0.95703125 0.948000431060791 1160.0 756.0 35393.0 1249.0
0.955078125 0.9473779797554016 1193.0 813.0 35336.0 1216.0
0.95703125 0.9481300711631775 1214.0 805.0 35344.0 1195.0
0.97265625 0.9472742080688477 1205.0 829.0 35320.0 1204.0
0.94140625 0.9481559991836548 1205.0 795.0 35354.0 1204.0
0.9609375 0.9481041431427002 1205.0 797.0 35352.0 1204.0
0.939453125 0.9474039077758789 1195.0 814.0 35335.0 1214.0
0.955078125 0.9478188753128052 1214.0 817.0 35332.0 1195.0
0.953125 0.9481819868087769 1191.0 780.0 35369.0 1218.0
0.962890625 0.9484153985977173 1207.0 787.0 35362.0 1202.0
0.95703125 0.9473001956939697 1199.0 822.0 35327.0 1210.0
0.955078125 0.9471445679664612 1226.0 855.0 35294.0 1183.0
0.962890625 0.9468593001365662 1236.0 876.0 35273.0 1173.0
0.953125 0.9469630122184753 1171.0 807.0 35342.0 1238.0
0.947265625 0.9464184045791626 1221.0 878.0 35271.0 1188.0
0.9453125 0.9477151036262512 1206.0 813.0 35336.0 1203.0
0.9453125 0.948285698890686 1185.0 770.0 35379.0 1224.0
0.955078125 0.9475595355033875 1228.0 841.0 35308.0 1181.0
0.94140625 0.9464443325996399 1232.0 888.0 35261.0 1177.0
0.953125 0.9459515810012817 1255.0 930.0 35219.0 1154.0
0.955078125 0.9487265944480896 1216.0 784.0 35365.0 1193.0
0.947265625 0.9471964240074158 1224.0 851.0 35298.0 1185.0
0.94921875 0.9468852281570435 1199.0 838.0 35311.0 1210.0
0.94921875 0.9481300711631775 1208.0 799.0 35350.0 1201.0
0.953125 0.9477410912513733 1195.0 801.0 35348.0 1214.0
0.955078125 0.9484153985977173 1191.0 771.0 35378.0 1218.0
0.94921875 0.9474557638168335 1250.0 867.0 35282.0 1159.0
0.94140625 0.9484672546386719 1204.0 782.0 35367.0 1205.0
0.96875 0.9484413266181946 1200.0 779.0 35370.0 1209.0
0.9609375 0.9483375549316406 1214.0 797.0 35352.0 1195.0
0.953125 0.9481300711631775 1228.0 819.0 35330.0 1181.0
0.95703125 0.9475336074829102 1237.0 851.0 35298.0 1172.0
0.9609375 0.9485450387001038 1215.0 790.0 35359.0 1194.0
0.95703125 0.9470927119255066 1231.0 862.0 35287.0 1178.0
0.951171875 0.947611391544342 1238.0 849.0 35300.0 1171.0
0.955078125 0.9480263590812683 1216.0 811.0 35338.0 1193.0
0.943359375 0.94896000623703 1226.0 785.0 35364.0 1183.0
0.95703125 0.9481559991836548 1223.0 813.0 35336.0 1186.0
0.958984375 0.948000431060791 1209.0 805.0 35344.0 1200.0
0.958984375 0.9483634829521179 1221.0 803.0 35346.0 1188.0
0.95703125 0.9492712020874023 1229.0 776.0 35373.0 1180.0
0.951171875 0.9481819868087769 1222.0 811.0 35338.0 1187.0
0.958984375 0.9484153985977173 1246.0 826.0 35323.0 1163.0
0.931640625 0.9479225873947144 1228.0 827.0 35322.0 1181.0
0.962890625 0.9484153985977173 1220.0 800.0 35349.0 1189.0
0.966796875 0.9485191106796265 1216.0 792.0 35357.0 1193.0
0.962890625 0.9477410912513733 1242.0 848.0 35301.0 1167.0
0.947265625 0.948674738407135 1217.0 787.0 35362.0 1192.0
0.9453125 0.9490377902984619 1223.0 779.0 35370.0 1186.0
0.95703125 0.9488562941551208 1222.0 785.0 35364.0 1187.0
0.970703125 0.9474039077758789 1244.0 863.0 35286.0 1165.0
0.962890625 0.9486488103866577 1183.0 754.0 35395.0 1226.0
0.943359375 0.9481300711631775 1214.0 805.0 35344.0 1195.0
0.958984375 0.9483375549316406 1224.0 807.0 35342.0 1185.0
0.947265625 0.9484672546386719 1234.0 812.0 35337.0 1175.0
0.94921875 0.9482338428497314 1239.0 826.0 35323.0 1170.0
0.943359375 0.9477151036262512 1227.0 834.0 35315.0 1182.0
0.95703125 0.9473520517349243 1261.0 882.0 35267.0 1148.0
0.96875 0.9486228823661804 1246.0 818.0 35331.0 1163.0
0.955078125 0.9484672546386719 1241.0 819.0 35330.0 1168.0
0.94921875 0.9486488103866577 1227.0 798.0 35351.0 1182.0
0.943359375 0.9477410912513733 1235.0 841.0 35308.0 1174.0
0.94140625 0.949245274066925 1216.0 764.0 35385.0 1193.0
0.95703125 0.9488562941551208 1221.0 784.0 35365.0 1188.0
0.958984375 0.9478448033332825 1236.0 838.0 35311.0 1173.0
0.94140625 0.9487525224685669 1239.0 806.0 35343.0 1170.0
0.9609375 0.9496861696243286 1206.0 737.0 35412.0 1203.0
0.962890625 0.9487525224685669 1236.0 803.0 35346.0 1173.0
0.947265625 0.9479225873947144 1256.0 855.0 35294.0 1153.0
0.94140625 0.9486488103866577 1240.0 811.0 35338.0 1169.0
0.962890625 0.9490377902984619 1214.0 770.0 35379.0 1195.0
0.9375 0.948000431060791 1240.0 836.0 35313.0 1169.0
0.9453125 0.9482597708702087 1234.0 820.0 35329.0 1175.0
0.951171875 0.9490118622779846 1226.0 783.0 35366.0 1183.0
0.953125 0.9475854635238647 1248.0 860.0 35289.0 1161.0
0.955078125 0.9478966593742371 1243.0 843.0 35306.0 1166.0
0.951171875 0.9474557638168335 1262.0 879.0 35270.0 1147.0
0.947265625 0.9488822221755981 1233.0 795.0 35354.0 1176.0
0.95703125 0.950023353099823 1205.0 723.0 35426.0 1204.0
0.943359375 0.9478966593742371 1243.0 843.0 35306.0 1166.0
0.947265625 0.94896000623703 1236.0 795.0 35354.0 1173.0
0.9453125 0.9490377902984619 1231.0 787.0 35362.0 1178.0
0.95703125 0.9491674900054932 1234.0 785.0 35364.0 1175.0
0.947265625 0.9476891756057739 1244.0 852.0 35297.0 1165.0
0.951171875 0.9481559991836548 1217.0 807.0 35342.0 1192.0
0.953125 0.9488043785095215 1230.0 795.0 35354.0 1179.0
0.966796875 0.9487265944480896 1210.0 778.0 35371.0 1199.0
0.9609375 0.9494786858558655 1242.0 781.0 35368.0 1167.0
0.955078125 0.9488562941551208 1223.0 786.0 35363.0 1186.0
0.94921875 0.9488562941551208 1222.0 785.0 35364.0 1187.0
0.947265625 0.9488822221755981 1253.0 815.0 35334.0 1156.0
0.9453125 0.9484931826591492 1253.0 830.0 35319.0 1156.0
0.95703125 0.9485968947410583 1235.0 808.0 35341.0 1174.0
0.92578125 0.949634313583374 1239.0 772.0 35377.0 1170.0
0.953125 0.9487784504890442 1257.0 823.0 35326.0 1152.0
0.951171875 0.9477670192718506 1243.0 848.0 35301.0 1166.0
0.947265625 0.9490637183189392 1225.0 780.0 35369.0 1184.0
0.953125 0.9482079148292542 1259.0 847.0 35302.0 1150.0
0.943359375 0.9476373195648193 1265.0 875.0 35274.0 1144.0
0.947265625 0.9488822221755981 1248.0 810.0 35339.0 1161.0
0.96484375 0.9488562941551208 1243.0 806.0 35343.0 1166.0
0.953125 0.9489859342575073 1238.0 796.0 35353.0 1171.0
0.953125 0.9482597708702087 1273.0 859.0 35290.0 1136.0
0.951171875 0.9492193460464478 1218.0 767.0 35382.0 1191.0
0.94921875 0.9482338428497314 1268.0 855.0 35294.0 1141.0
0.94921875 0.9488043785095215 1227.0 792.0 35357.0 1182.0
0.953125 0.9487265944480896 1231.0 799.0 35350.0 1178.0
0.93359375 0.9480782151222229 1249.0 842.0 35307.0 1160.0
0.9453125 0.9489340782165527 1216.0 776.0 35373.0 1193.0
0.9375 0.948570966720581 1226.0 800.0 35349.0 1183.0
0.94921875 0.9502826929092407 1208.0 716.0 35433.0 1201.0
0.951171875 0.9502308368682861 1225.0 735.0 35414.0 1184.0
0.95703125 0.9492971897125244 1242.0 788.0 35361.0 1167.0
0.962890625 0.9489340782165527 1257.0 817.0 35332.0 1152.0
0.9375 0.9498677253723145 1204.0 728.0 35421.0 1205.0
0.94140625 0.9491674900054932 1241.0 792.0 35357.0 1168.0
0.951171875 0.9490637183189392 1235.0 790.0 35359.0 1174.0
0.9609375 0.9491934180259705 1227.0 777.0 35372.0 1182.0
0.951171875 0.9495046138763428 1241.0 779.0 35370.0 1168.0
0.927734375 0.9480782151222229 1269.0 862.0 35287.0 1140.0
0.955078125 0.9492712020874023 1251.0 798.0 35351.0 1158.0
0.951171875 0.9502049088478088 1219.0 730.0 35419.0 1190.0
0.951171875 0.949245274066925 1232.0 780.0 35369.0 1177.0
0.970703125 0.9485191106796265 1253.0 829.0 35320.0 1156.0
0.962890625 0.9498158693313599 1248.0 774.0 35375.0 1161.0
0.958984375 0.9482079148292542 1243.0 831.0 35318.0 1166.0
0.927734375 0.9490637183189392 1258.0 813.0 35336.0 1151.0
0.931640625 0.9487265944480896 1255.0 823.0 35326.0 1154.0
0.9453125 0.9501011371612549 1219.0 734.0 35415.0 1190.0
0.95703125 0.9500492811203003 1226.0 743.0 35406.0 1183.0
0.939453125 0.9494009017944336 1262.0 804.0 35345.0 1147.0
0.953125 0.9491415619850159 1245.0 797.0 35352.0 1164.0
0.94921875 0.9493749737739563 1251.0 794.0 35355.0 1158.0
0.94921875 0.9483116269111633 1268.0 852.0 35297.0 1141.0
0.947265625 0.9488303065299988 1263.0 827.0 35322.0 1146.0
0.958984375 0.9485450387001038 1258.0 833.0 35316.0 1151.0
0.953125 0.9494268298149109 1248.0 789.0 35360.0 1161.0
0.96875 0.9497120976448059 1243.0 773.0 35376.0 1166.0
0.953125 0.9496861696243286 1257.0 788.0 35361.0 1152.0
0.947265625 0.9485968947410583 1281.0 854.0 35295.0 1128.0
0.958984375 0.9490118622779846 1234.0 791.0 35358.0 1175.0
0.958984375 0.9482597708702087 1263.0 849.0 35300.0 1146.0
0.953125 0.9489081501960754 1280.0 841.0 35308.0 1129.0
0.951171875 0.9478448033332825 1264.0 866.0 35283.0 1145.0
0.9609375 0.9497640132904053 1216.0 744.0 35405.0 1193.0
0.939453125 0.9499974250793457 1251.0 770.0 35379.0 1158.0
0.953125 0.9492193460464478 1257.0 806.0 35343.0 1152.0
0.947265625 0.9484153985977173 1262.0 842.0 35307.0 1147.0
0.94140625 0.9481559991836548 1269.0 859.0 35290.0 1140.0
0.966796875 0.9476891756057739 1265.0 873.0 35276.0 1144.0
0.9609375 0.9494527578353882 1255.0 795.0 35354.0 1154.0
0.953125 0.9489081501960754 1268.0 829.0 35320.0 1141.0
0.9453125 0.9483634829521179 1278.0 860.0 35289.0 1131.0
0.958984375 0.948674738407135 1289.0 859.0 35290.0 1120.0
0.9609375 0.9487006664276123 1241.0 810.0 35339.0 1168.0
0.939453125 0.9489859342575073 1252.0 810.0 35339.0 1157.0
0.951171875 0.9487784504890442 1268.0 834.0 35315.0 1141.0
0.955078125 0.950023353099823 1235.0 753.0 35396.0 1174.0
0.94921875 0.9491674900054932 1253.0 804.0 35345.0 1156.0
0.9609375 0.9484672546386719 1275.0 853.0 35296.0 1134.0
0.9609375 0.9489340782165527 1287.0 847.0 35302.0 1122.0
0.94921875 0.9488562941551208 1235.0 798.0 35351.0 1174.0
0.939453125 0.9484931826591492 1285.0 862.0 35287.0 1124.0
0.947265625 0.9488562941551208 1246.0 809.0 35340.0 1163.0
0.951171875 0.9502308368682861 1227.0 737.0 35412.0 1182.0
0.951171875 0.9481300711631775 1291.0 882.0 35267.0 1118.0
0.958984375 0.948674738407135 1260.0 830.0 35319.0 1149.0
0.94921875 0.9497120976448059 1246.0 776.0 35373.0 1163.0
0.947265625 0.9487784504890442 1241.0 807.0 35342.0 1168.0
0.953125 0.9486228823661804 1284.0 856.0 35293.0 1125.0
0.951171875 0.9495046138763428 1269.0 807.0 35342.0 1140.0
0.94140625 0.9482079148292542 1266.0 854.0 35295.0 1143.0
0.951171875 0.9493749737739563 1231.0 774.0 35375.0 1178.0
0.947265625 0.9484931826591492 1281.0 858.0 35291.0 1128.0
0.955078125 0.9495565295219421 1259.0 795.0 35354.0 1150.0
0.958984375 0.9496083855628967 1258.0 792.0 35357.0 1151.0
0.951171875 0.9493231177330017 1277.0 822.0 35327.0 1132.0
0.953125 0.9490637183189392 1261.0 816.0 35333.0 1148.0
0.9296875 0.9496861696243286 1284.0 815.0 35334.0 1125.0
