0.44921875 0.4346179664134979 1533.0 20924.0 15225.0 876.0
0.876953125 0.8571502566337585 367.0 3466.0 32683.0 2042.0
0.896484375 0.8910472393035889 354.0 2146.0 34003.0 2055.0
0.900390625 0.9138700366020203 282.0 1194.0 34955.0 2127.0
0.9140625 0.9260334968566895 263.0 706.0 35443.0 2146.0
0.93359375 0.9311686158180237 263.0 508.0 35641.0 2146.0
0.923828125 0.9322319626808167 320.0 524.0 35625.0 2089.0
0.927734375 0.9327765703201294 321.0 504.0 35645.0 2088.0
0.92578125 0.9318169951438904 396.0 616.0 35533.0 2013.0
0.935546875 0.9330618977546692 393.0 565.0 35584.0 2016.0
0.92578125 0.9339955449104309 384.0 520.0 35629.0 2025.0
0.9453125 0.9336324334144592 496.0 646.0 35503.0 1913.0
0.935546875 0.9341771006584167 491.0 620.0 35529.0 1918.0
0.94140625 0.9333212375640869 507.0 669.0 35480.0 1902.0
0.939453125 0.9348254799842834 529.0 633.0 35516.0 1880.0
0.939453125 0.93352872133255 552.0 706.0 35443.0 1857.0
0.9375 0.9338658452033997 554.0 695.0 35454.0 1855.0
0.939453125 0.9335805773735046 580.0 732.0 35417.0 1829.0
0.9375 0.9338658452033997 595.0 736.0 35413.0 1814.0
0.92578125 0.9333471655845642 626.0 787.0 35362.0 1783.0
0.921875 0.9335546493530273 632.0 785.0 35364.0 1777.0
0.943359375 0.9332953095436096 633.0 796.0 35353.0 1776.0
0.9296875 0.9338139891624451 611.0 754.0 35395.0 1798.0
0.9375 0.9337621331214905 637.0 782.0 35367.0 1772.0
0.939453125 0.9337362051010132 657.0 803.0 35346.0 1752.0
0.927734375 0.9333990216255188 644.0 803.0 35346.0 1765.0
0.939453125 0.9330099821090698 713.0 887.0 35262.0 1696.0
0.931640625 0.9328803420066833 699.0 878.0 35271.0 1710.0
0.9296875 0.932854413986206 709.0 889.0 35260.0 1700.0
0.931640625 0.9338658452033997 696.0 837.0 35312.0 1713.0
0.92578125 0.933217465877533 709.0 875.0 35274.0 1700.0
0.931640625 0.9326469302177429 741.0 929.0 35220.0 1668.0
0.921875 0.9340733289718628 713.0 846.0 35303.0 1696.0
0.93359375 0.9334508776664734 724.0 881.0 35268.0 1685.0
0.935546875 0.933917760848999 675.0 814.0 35335.0 1734.0
0.9296875 0.9344364404678345 698.0 817.0 35332.0 1711.0
0.919921875 0.9344882965087891 740.0 857.0 35292.0 1669.0
0.94140625 0.9347217082977295 717.0 825.0 35324.0 1692.0
0.927734375 0.9345142245292664 729.0 845.0 35304.0 1680.0
0.943359375 0.9344364404678345 777.0 896.0 35253.0 1632.0
0.947265625 0.9341251850128174 760.0 891.0 35258.0 1649.0
0.951171875 0.9340992569923401 769.0 901.0 35248.0 1640.0
0.9296875 0.9343845844268799 778.0 899.0 35250.0 1631.0
0.9296875 0.9348514080047607 762.0 865.0 35284.0 1647.0
0.939453125 0.9343326687812805 794.0 917.0 35232.0 1615.0
0.947265625 0.9336583614349365 822.0 971.0 35178.0 1587.0
0.923828125 0.9356294274330139 751.0 824.0 35325.0 1658.0
0.935546875 0.933917760848999 861.0 1000.0 35149.0 1548.0
0.92578125 0.934877336025238 831.0 933.0 35216.0 1578.0
0.935546875 0.9341251850128174 832.0 963.0 35186.0 1577.0
0.919921875 0.9343326687812805 843.0 966.0 35183.0 1566.0
0.921875 0.9340474009513855 830.0 964.0 35185.0 1579.0
0.947265625 0.9350588917732239 841.0 936.0 35213.0 1568.0
0.9375 0.9346698522567749 864.0 974.0 35175.0 1545.0
0.93359375 0.9353960156440735 846.0 928.0 35221.0 1563.0
0.93359375 0.935266375541687 844.0 931.0 35218.0 1565.0
0.93359375 0.9344364404678345 889.0 1008.0 35141.0 1520.0
0.9453125 0.9352923035621643 872.0 958.0 35191.0 1537.0
0.9453125 0.9348514080047607 895.0 998.0 35151.0 1514.0
0.939453125 0.9351107478141785 860.0 953.0 35196.0 1549.0
0.939453125 0.935551643371582 890.0 966.0 35183.0 1519.0
0.923828125 0.9347476363182068 896.0 1003.0 35146.0 1513.0
0.939453125 0.9356812834739685 908.0 979.0 35170.0 1501.0
0.94921875 0.9353182315826416 918.0 1003.0 35146.0 1491.0
0.916015625 0.9348254799842834 942.0 1046.0 35103.0 1467.0
0.943359375 0.9360703229904175 881.0 937.0 35212.0 1528.0
0.931640625 0.9351885318756104 939.0 1029.0 35120.0 1470.0
0.93359375 0.9353960156440735 930.0 1012.0 35137.0 1479.0
0.9453125 0.9364075064659119 906.0 949.0 35200.0 1503.0
0.9375 0.9353182315826416 916.0 1001.0 35148.0 1493.0
0.9375 0.9354997873306274 923.0 1001.0 35148.0 1486.0
0.93359375 0.9363555908203125 922.0 967.0 35182.0 1487.0
0.943359375 0.9361221790313721 932.0 986.0 35163.0 1477.0
0.93359375 0.9361740946769714 955.0 1007.0 35142.0 1454.0
0.955078125 0.9362000226974487 959.0 1010.0 35139.0 1450.0
0.9453125 0.9364075064659119 949.0 992.0 35157.0 1460.0
0.935546875 0.9363296627998352 968.0 1014.0 35135.0 1441.0
0.9453125 0.9358109831809998 974.0 1040.0 35109.0 1435.0
0.947265625 0.9370299577713013 940.0 959.0 35190.0 1469.0
0.923828125 0.9372633695602417 955.0 965.0 35184.0 1454.0
0.947265625 0.9356553554534912 995.0 1067.0 35082.0 1414.0
0.931640625 0.9363037347793579 959.0 1006.0 35143.0 1450.0
0.939453125 0.936225950717926 991.0 1041.0 35108.0 1418.0
0.9296875 0.9368484020233154 974.0 1000.0 35149.0 1435.0
0.9375 0.9365890622138977 992.0 1028.0 35121.0 1417.0
0.931640625 0.9374707937240601 996.0 998.0 35151.0 1413.0
0.9296875 0.9371595978736877 987.0 1001.0 35148.0 1422.0
0.943359375 0.9367964863777161 1003.0 1031.0 35118.0 1406.0
0.927734375 0.9379116892814636 980.0 965.0 35184.0 1429.0
0.943359375 0.9378079771995544 996.0 985.0 35164.0 1413.0
0.94140625 0.9375486373901367 996.0 995.0 35154.0 1413.0
0.955078125 0.9385859966278076 947.0 906.0 35243.0 1462.0
0.943359375 0.9376004934310913 1004.0 1001.0 35148.0 1405.0
0.94140625 0.9377820491790771 1021.0 1011.0 35138.0 1388.0
0.951171875 0.9381970167160034 1016.0 990.0 35159.0 1393.0
0.947265625 0.9380154609680176 1012.0 993.0 35156.0 1397.0
0.931640625 0.9375486373901367 1028.0 1027.0 35122.0 1381.0
0.94140625 0.937859833240509 1017.0 1004.0 35145.0 1392.0
0.923828125 0.937963604927063 1013.0 996.0 35153.0 1396.0
0.93359375 0.9367964863777161 1053.0 1081.0 35068.0 1356.0
0.931640625 0.9377561211585999 1033.0 1024.0 35125.0 1376.0
0.951171875 0.9376264214515686 1017.0 1013.0 35136.0 1392.0
0.935546875 0.9377820491790771 1040.0 1030.0 35119.0 1369.0
0.943359375 0.9376523494720459 1044.0 1039.0 35110.0 1365.0
0.94921875 0.9381451606750488 1031.0 1007.0 35142.0 1378.0
0.9375 0.9384563565254211 1041.0 1005.0 35144.0 1368.0
0.9453125 0.9394677877426147 1026.0 951.0 35198.0 1383.0
0.94140625 0.9387934803962708 1058.0 1009.0 35140.0 1351.0
0.935546875 0.9395197033882141 1039.0 962.0 35187.0 1370.0
0.916015625 0.939312219619751 1049.0 980.0 35169.0 1360.0
0.921875 0.939597487449646 1058.0 978.0 35171.0 1351.0
0.94140625 0.9401680827140808 1048.0 946.0 35203.0 1361.0
0.94921875 0.9387675523757935 1084.0 1036.0 35113.0 1325.0
0.951171875 0.9396752715110779 1062.0 979.0 35170.0 1347.0
0.931640625 0.9401161670684814 1060.0 960.0 35189.0 1349.0
0.951171875 0.9399086833000183 1083.0 991.0 35158.0 1326.0
0.935546875 0.9409979581832886 1059.0 925.0 35224.0 1350.0
0.9375 0.9399605989456177 1071.0 977.0 35172.0 1338.0
0.951171875 0.9404792785644531 1085.0 971.0 35178.0 1324.0
0.95703125 0.9412572979927063 1056.0 912.0 35237.0 1353.0
0.943359375 0.9409201741218567 1078.0 947.0 35202.0 1331.0
0.9453125 0.9401680827140808 1089.0 987.0 35162.0 1320.0
0.9453125 0.9402199387550354 1089.0 985.0 35164.0 1320.0
0.9375 0.9402977228164673 1092.0 985.0 35164.0 1317.0
0.9296875 0.9410758018493652 1055.0 918.0 35231.0 1354.0
0.935546875 0.9410498738288879 1081.0 945.0 35204.0 1328.0
0.931640625 0.94027179479599 1114.0 1008.0 35141.0 1295.0
0.9453125 0.9406089782714844 1089.0 970.0 35179.0 1320.0
0.943359375 0.9412832856178284 1117.0 972.0 35177.0 1292.0
0.96484375 0.9411535859107971 1122.0 982.0 35167.0 1287.0
0.9375 0.9416463375091553 1121.0 962.0 35187.0 1288.0
0.9453125 0.9420613050460815 1094.0 919.0 35230.0 1315.0
0.931640625 0.9409979581832886 1129.0 995.0 35154.0 1280.0
0.935546875 0.9412832856178284 1111.0 966.0 35183.0 1298.0
0.9453125 0.9421650767326355 1096.0 917.0 35232.0 1313.0
0.927734375 0.9423984885215759 1096.0 908.0 35241.0 1313.0
0.943359375 0.9409201741218567 1136.0 1005.0 35144.0 1273.0
0.9375 0.9412832856178284 1135.0 990.0 35159.0 1274.0
0.953125 0.9427615404129028 1131.0 929.0 35220.0 1278.0
0.943359375 0.9422687888145447 1146.0 963.0 35186.0 1263.0
0.92578125 0.9414907693862915 1138.0 985.0 35164.0 1271.0
0.953125 0.9421390891075134 1129.0 951.0 35198.0 1280.0
0.96484375 0.9418278932571411 1123.0 957.0 35192.0 1286.0
0.947265625 0.9419835209846497 1125.0 953.0 35196.0 1284.0
0.9375 0.9423725008964539 1128.0 941.0 35208.0 1281.0
0.9453125 0.9423465728759766 1105.0 919.0 35230.0 1304.0
0.943359375 0.9421390891075134 1129.0 951.0 35198.0 1280.0
0.94921875 0.9418019652366638 1127.0 962.0 35187.0 1282.0
0.958984375 0.9431765079498291 1131.0 913.0 35236.0 1278.0
0.921875 0.9416981935501099 1157.0 996.0 35153.0 1252.0
0.951171875 0.9414129257202148 1152.0 1002.0 35147.0 1257.0
0.94921875 0.9422428607940674 1150.0 968.0 35181.0 1259.0
0.94921875 0.9429171681404114 1147.0 939.0 35210.0 1262.0
0.935546875 0.9419835209846497 1163.0 991.0 35158.0 1246.0
0.943359375 0.9415166974067688 1145.0 991.0 35158.0 1264.0
0.93359375 0.9434358477592468 1118.0 890.0 35259.0 1291.0
0.939453125 0.9421650767326355 1145.0 966.0 35183.0 1264.0
0.951171875 0.9424503445625305 1139.0 949.0 35200.0 1270.0
0.955078125 0.9418797492980957 1155.0 987.0 35162.0 1254.0
0.94140625 0.9426319003105164 1119.0 922.0 35227.0 1290.0
0.9375 0.9420613050460815 1139.0 964.0 35185.0 1270.0
0.94140625 0.9423725008964539 1132.0 945.0 35204.0 1277.0
0.947265625 0.9416463375091553 1156.0 997.0 35152.0 1253.0
0.947265625 0.9430727958679199 1128.0 914.0 35235.0 1281.0
0.9375 0.9430468678474426 1143.0 930.0 35219.0 1266.0
0.94921875 0.9419835209846497 1145.0 973.0 35176.0 1264.0
0.953125 0.9434099197387695 1119.0 892.0 35257.0 1290.0
0.94140625 0.9423465728759766 1157.0 971.0 35178.0 1252.0
0.943359375 0.9435914754867554 1114.0 880.0 35269.0 1295.0
0.9453125 0.9432802796363831 1131.0 909.0 35240.0 1278.0
0.939453125 0.9412572979927063 1161.0 1017.0 35132.0 1248.0
0.9375 0.9432802796363831 1142.0 920.0 35229.0 1267.0
0.947265625 0.9441620707511902 1126.0 870.0 35279.0 1283.0
0.94921875 0.9429171681404114 1140.0 932.0 35217.0 1269.0
0.93359375 0.9444991946220398 1143.0 874.0 35275.0 1266.0
0.931640625 0.9428133964538574 1147.0 943.0 35206.0 1262.0
0.953125 0.9430208802223206 1138.0 926.0 35223.0 1271.0
0.939453125 0.9430727958679199 1147.0 933.0 35216.0 1262.0
0.943359375 0.9433321356773376 1178.0 954.0 35195.0 1231.0
0.94921875 0.9427096843719482 1163.0 963.0 35186.0 1246.0
0.94140625 0.9427615404129028 1155.0 953.0 35196.0 1254.0
0.94921875 0.9438508152961731 1173.0 929.0 35220.0 1236.0
0.94921875 0.9433580636978149 1139.0 914.0 35235.0 1270.0
0.939453125 0.942579984664917 1195.0 1000.0 35149.0 1214.0
0.935546875 0.9429430961608887 1157.0 948.0 35201.0 1252.0
0.94140625 0.9432024359703064 1166.0 947.0 35202.0 1243.0
0.94921875 0.9431505799293518 1128.0 911.0 35238.0 1281.0
0.943359375 0.9440064430236816 1168.0 918.0 35231.0 1241.0
0.943359375 0.9431505799293518 1172.0 955.0 35194.0 1237.0
0.94921875 0.9442398548126221 1174.0 915.0 35234.0 1235.0
0.94140625 0.9440323710441589 1162.0 911.0 35238.0 1247.0
0.947265625 0.9442398548126221 1169.0 910.0 35239.0 1240.0
0.939453125 0.9439026713371277 1181.0 935.0 35214.0 1228.0
0.943359375 0.9443954825401306 1163.0 898.0 35251.0 1246.0
0.951171875 0.9439026713371277 1177.0 931.0 35218.0 1232.0
0.958984375 0.9437211751937866 1187.0 948.0 35201.0 1222.0
0.958984375 0.9424503445625305 1213.0 1023.0 35126.0 1196.0
0.947265625 0.9441879987716675 1187.0 930.0 35219.0 1222.0
0.951171875 0.9431246519088745 1194.0 978.0 35171.0 1215.0
0.953125 0.9442139267921448 1182.0 924.0 35225.0 1227.0
0.94140625 0.9447066783905029 1175.0 898.0 35251.0 1234.0
0.939453125 0.9431765079498291 1205.0 987.0 35162.0 1204.0
0.9453125 0.944602906703949 1184.0 911.0 35238.0 1225.0
0.9609375 0.9430468678474426 1215.0 1002.0 35147.0 1194.0
0.9453125 0.9445251226425171 1187.0 917.0 35232.0 1222.0
0.9375 0.9445251226425171 1173.0 903.0 35246.0 1236.0
0.96484375 0.9441101551055908 1193.0 939.0 35210.0 1216.0
0.953125 0.9448882341384888 1189.0 905.0 35244.0 1220.0
0.94140625 0.9442139267921448 1182.0 924.0 35225.0 1227.0
0.94140625 0.9448882341384888 1171.0 887.0 35262.0 1238.0
0.951171875 0.9447326064109802 1181.0 903.0 35246.0 1228.0
0.939453125 0.9447326064109802 1185.0 907.0 35242.0 1224.0
0.951171875 0.9432283639907837 1222.0 1002.0 35147.0 1187.0
0.939453125 0.9451216459274292 1167.0 874.0 35275.0 1242.0
0.93359375 0.9434617757797241 1210.0 981.0 35168.0 1199.0
0.947265625 0.9443694949150085 1191.0 927.0 35222.0 1218.0
0.9453125 0.9444732666015625 1187.0 919.0 35230.0 1222.0
0.939453125 0.9442917108535767 1216.0 955.0 35194.0 1193.0
0.947265625 0.9445510506629944 1198.0 927.0 35222.0 1211.0
0.953125 0.9438767433166504 1210.0 965.0 35184.0 1199.0
0.947265625 0.9446548223495483 1184.0 909.0 35240.0 1225.0
0.94921875 0.9440323710441589 1231.0 980.0 35169.0 1178.0
0.947265625 0.9446548223495483 1195.0 920.0 35229.0 1214.0
0.955078125 0.9451216459274292 1203.0 910.0 35239.0 1206.0
0.953125 0.9437471032142639 1214.0 974.0 35175.0 1195.0
0.951171875 0.9444214105606079 1205.0 939.0 35210.0 1204.0
0.947265625 0.9444991946220398 1185.0 916.0 35233.0 1224.0
0.9375 0.9455884695053101 1198.0 887.0 35262.0 1211.0
0.9375 0.9458478093147278 1194.0 873.0 35276.0 1215.0
0.953125 0.9447585344314575 1229.0 950.0 35199.0 1180.0
0.943359375 0.9441360831260681 1240.0 985.0 35164.0 1169.0
0.943359375 0.9461071491241455 1189.0 858.0 35291.0 1220.0
0.96484375 0.9455625414848328 1214.0 904.0 35245.0 1195.0
0.953125 0.9456403255462646 1238.0 925.0 35224.0 1171.0
0.9453125 0.9437211751937866 1240.0 1001.0 35148.0 1169.0
0.947265625 0.9448363780975342 1200.0 918.0 35231.0 1209.0
0.943359375 0.9459515810012817 1197.0 872.0 35277.0 1212.0
0.943359375 0.9455106854438782 1217.0 909.0 35240.0 1192.0
0.95703125 0.9451735019683838 1214.0 919.0 35230.0 1195.0
0.939453125 0.9452512860298157 1195.0 897.0 35252.0 1214.0
0.955078125 0.9452772736549377 1207.0 908.0 35241.0 1202.0
0.9453125 0.9448103904724121 1226.0 945.0 35204.0 1183.0
0.94921875 0.9449400901794434 1230.0 944.0 35205.0 1179.0
0.9375 0.9454328417778015 1216.0 911.0 35238.0 1193.0
0.9453125 0.945977509021759 1201.0 875.0 35274.0 1208.0
0.94921875 0.9449660181999207 1227.0 940.0 35209.0 1182.0
0.955078125 0.9456662535667419 1225.0 911.0 35238.0 1184.0
0.93359375 0.9449141621589661 1222.0 937.0 35212.0 1187.0
0.9453125 0.9455625414848328 1254.0 944.0 35205.0 1155.0
0.94140625 0.9461330771446228 1246.0 914.0 35235.0 1163.0
0.953125 0.9452772736549377 1257.0 958.0 35191.0 1152.0
0.947265625 0.9461330771446228 1228.0 896.0 35253.0 1181.0
0.9375 0.9461330771446228 1218.0 886.0 35263.0 1191.0
0.9375 0.9460034370422363 1225.0 898.0 35251.0 1184.0
0.947265625 0.9455106854438782 1266.0 958.0 35191.0 1143.0
0.943359375 0.9461071491241455 1225.0 894.0 35255.0 1184.0
0.931640625 0.9465480446815491 1239.0 891.0 35258.0 1170.0
0.927734375 0.9460034370422363 1259.0 932.0 35217.0 1150.0
0.955078125 0.9462368488311768 1226.0 890.0 35259.0 1183.0
0.935546875 0.9451475739479065 1242.0 948.0 35201.0 1167.0
0.96484375 0.946262776851654 1222.0 885.0 35264.0 1187.0
0.958984375 0.9460812211036682 1246.0 916.0 35233.0 1163.0
0.93359375 0.9461071491241455 1237.0 906.0 35243.0 1172.0
0.953125 0.9467555284500122 1229.0 873.0 35276.0 1180.0
0.955078125 0.9457440972328186 1251.0 934.0 35215.0 1158.0
0.951171875 0.9462368488311768 1232.0 896.0 35253.0 1177.0
0.94921875 0.9452253580093384 1267.0 970.0 35179.0 1142.0
0.962890625 0.9463146328926086 1225.0 886.0 35263.0 1184.0
0.9453125 0.9456662535667419 1254.0 940.0 35209.0 1155.0
0.94921875 0.9453291296958923 1249.0 948.0 35201.0 1160.0
0.94921875 0.9451475739479065 1266.0 972.0 35177.0 1143.0
0.935546875 0.9452772736549377 1247.0 948.0 35201.0 1162.0
0.943359375 0.9456143975257874 1242.0 930.0 35219.0 1167.0
0.951171875 0.9459255933761597 1256.0 932.0 35217.0 1153.0
0.9375 0.9451216459274292 1242.0 949.0 35200.0 1167.0
0.943359375 0.9461590051651001 1237.0 904.0 35245.0 1172.0
0.943359375 0.9448103904724121 1264.0 983.0 35166.0 1145.0
0.947265625 0.9446807503700256 1233.0 957.0 35192.0 1176.0
0.931640625 0.9447066783905029 1266.0 989.0 35160.0 1143.0
0.931640625 0.9461849927902222 1247.0 913.0 35236.0 1162.0
0.966796875 0.945303201675415 1255.0 955.0 35194.0 1154.0
0.9453125 0.9455625414848328 1234.0 924.0 35225.0 1175.0
0.9375 0.9449400901794434 1264.0 978.0 35171.0 1145.0
0.951171875 0.9460293650627136 1252.0 924.0 35225.0 1157.0
0.94921875 0.9449400901794434 1240.0 954.0 35195.0 1169.0
0.94140625 0.9455366134643555 1257.0 948.0 35201.0 1152.0
0.9375 0.9460552930831909 1246.0 917.0 35232.0 1163.0
0.958984375 0.9446807503700256 1284.0 1008.0 35141.0 1125.0
0.9453125 0.9466258883476257 1240.0 889.0 35260.0 1169.0
0.927734375 0.9442139267921448 1272.0 1014.0 35135.0 1137.0
0.947265625 0.9443435668945312 1287.0 1024.0 35125.0 1122.0
0.95703125 0.9458996653556824 1287.0 964.0 35185.0 1122.0
0.9453125 0.9456143975257874 1260.0 948.0 35201.0 1149.0
0.943359375 0.9456921815872192 1272.0 957.0 35192.0 1137.0
0.958984375 0.946262776851654 1249.0 912.0 35237.0 1160.0
0.955078125 0.9475854635238647 1251.0 863.0 35286.0 1158.0
0.962890625 0.9464184045791626 1246.0 903.0 35246.0 1163.0
0.958984375 0.9448363780975342 1278.0 996.0 35153.0 1131.0
0.951171875 0.9461849927902222 1261.0 927.0 35222.0 1148.0
0.955078125 0.9451994299888611 1259.0 963.0 35186.0 1150.0
0.951171875 0.9463146328926086 1263.0 924.0 35225.0 1146.0
0.94921875 0.946651816368103 1243.0 891.0 35258.0 1166.0
0.953125 0.9462368488311768 1242.0 906.0 35243.0 1167.0
0.951171875 0.9458996653556824 1294.0 971.0 35178.0 1115.0
0.94140625 0.9474816918373108 1251.0 867.0 35282.0 1158.0
0.9375 0.9456921815872192 1252.0 937.0 35212.0 1157.0
0.9453125 0.9462109208106995 1255.0 920.0 35229.0 1154.0
0.95703125 0.9452253580093384 1255.0 958.0 35191.0 1154.0
0.93359375 0.9444732666015625 1298.0 1030.0 35119.0 1111.0
0.94140625 0.9463664889335632 1295.0 954.0 35195.0 1114.0
0.9453125 0.9455366134643555 1288.0 979.0 35170.0 1121.0
0.92578125 0.9461071491241455 1262.0 931.0 35218.0 1147.0
0.95703125 0.9473520517349243 1225.0 846.0 35303.0 1184.0
0.935546875 0.9471964240074158 1255.0 882.0 35267.0 1154.0
0.953125 0.9461849927902222 1280.0 946.0 35203.0 1129.0
0.953125 0.9464702606201172 1244.0 899.0 35250.0 1165.0
0.958984375 0.9458996653556824 1272.0 949.0 35200.0 1137.0
0.94921875 0.9463924765586853 1245.0 903.0 35246.0 1164.0
0.94140625 0.9461590051651001 1269.0 936.0 35213.0 1140.0
0.951171875 0.9463146328926086 1248.0 909.0 35240.0 1161.0
0.9453125 0.946262776851654 1280.0 943.0 35206.0 1129.0
0.947265625 0.9463924765586853 1254.0 912.0 35237.0 1155.0
0.955078125 0.945977509021759 1269.0 943.0 35206.0 1140.0
0.939453125 0.9466258883476257 1271.0 920.0 35229.0 1138.0
0.947265625 0.9462887048721313 1269.0 931.0 35218.0 1140.0
0.958984375 0.9461849927902222 1254.0 920.0 35229.0 1155.0
0.9609375 0.9458996653556824 1261.0 938.0 35211.0 1148.0
0.93359375 0.9460552930831909 1254.0 925.0 35224.0 1155.0
0.931640625 0.9459255933761597 1278.0 954.0 35195.0 1131.0
0.955078125 0.9464702606201172 1244.0 899.0 35250.0 1165.0
0.95703125 0.9462368488311768 1267.0 931.0 35218.0 1142.0
0.951171875 0.9463924765586853 1264.0 922.0 35227.0 1145.0
0.94921875 0.9472482800483704 1254.0 879.0 35270.0 1155.0
0.939453125 0.9461849927902222 1281.0 947.0 35202.0 1128.0
0.955078125 0.9467814564704895 1221.0 864.0 35285.0 1188.0
0.94921875 0.9456143975257874 1297.0 985.0 35164.0 1112.0
0.9453125 0.9457181096076965 1278.0 962.0 35187.0 1131.0
0.943359375 0.9465739727020264 1264.0 915.0 35234.0 1145.0
0.96484375 0.9470667839050293 1228.0 860.0 35289.0 1181.0
0.947265625 0.9457181096076965 1292.0 976.0 35173.0 1117.0
0.9453125 0.946937084197998 1250.0 887.0 35262.0 1159.0
0.923828125 0.9460293650627136 1271.0 943.0 35206.0 1138.0
0.93359375 0.9460034370422363 1285.0 958.0 35191.0 1124.0
0.943359375 0.9470407962799072 1242.0 875.0 35274.0 1167.0
0.939453125 0.9464702606201172 1256.0 911.0 35238.0 1153.0
0.953125 0.9466777443885803 1266.0 913.0 35236.0 1143.0
0.951171875 0.9464443325996399 1270.0 926.0 35223.0 1139.0
0.94140625 0.9455366134643555 1273.0 964.0 35185.0 1136.0
0.935546875 0.9463146328926086 1272.0 933.0 35216.0 1137.0
0.9453125 0.9469630122184753 1261.0 897.0 35252.0 1148.0
0.9375 0.9454328417778015 1270.0 965.0 35184.0 1139.0
0.953125 0.9475595355033875 1248.0 861.0 35288.0 1161.0
0.951171875 0.9460812211036682 1273.0 943.0 35206.0 1136.0
0.935546875 0.9459255933761597 1270.0 946.0 35203.0 1139.0
0.962890625 0.9460034370422363 1295.0 968.0 35181.0 1114.0
0.951171875 0.9447844624519348 1295.0 1015.0 35134.0 1114.0
0.951171875 0.9464961886405945 1282.0 936.0 35213.0 1127.0
0.943359375 0.9461330771446228 1280.0 948.0 35201.0 1129.0
0.9453125 0.944317638874054 1293.0 1031.0 35118.0 1116.0
0.9609375 0.9456921815872192 1276.0 961.0 35188.0 1133.0
0.955078125 0.9472223520278931 1243.0 869.0 35280.0 1166.0
0.9296875 0.9466258883476257 1282.0 931.0 35218.0 1127.0
0.947265625 0.946937084197998 1270.0 907.0 35242.0 1139.0
0.935546875 0.9464184045791626 1279.0 936.0 35213.0 1130.0
0.951171875 0.9468073844909668 1276.0 918.0 35231.0 1133.0
0.955078125 0.9460293650627136 1277.0 949.0 35200.0 1132.0
0.947265625 0.9460293650627136 1270.0 942.0 35207.0 1139.0
0.939453125 0.9463146328926086 1266.0 927.0 35222.0 1143.0
0.94921875 0.9454846978187561 1278.0 971.0 35178.0 1131.0
0.94921875 0.9452253580093384 1288.0 991.0 35158.0 1121.0
0.931640625 0.9452772736549377 1268.0 969.0 35180.0 1141.0
0.966796875 0.9458478093147278 1305.0 984.0 35165.0 1104.0
0.931640625 0.9455366134643555 1305.0 996.0 35153.0 1104.0
0.955078125 0.9465480446815491 1257.0 909.0 35240.0 1152.0
0.95703125 0.9458737373352051 1275.0 953.0 35196.0 1134.0
0.951171875 0.9473520517349243 1277.0 898.0 35251.0 1132.0
0.9453125 0.9473520517349243 1246.0 867.0 35282.0 1163.0
0.951171875 0.9469889402389526 1245.0 880.0 35269.0 1164.0
0.951171875 0.9473520517349243 1271.0 892.0 35257.0 1138.0
0.9609375 0.9467036724090576 1272.0 918.0 35231.0 1137.0
0.935546875 0.9461590051651001 1296.0 963.0 35186.0 1113.0
0.955078125 0.9463924765586853 1297.0 955.0 35194.0 1112.0
0.951171875 0.9456921815872192 1307.0 992.0 35157.0 1102.0
0.939453125 0.9455884695053101 1291.0 980.0 35169.0 1118.0
0.962890625 0.9472223520278931 1263.0 889.0 35260.0 1146.0
0.951171875 0.9474816918373108 1280.0 896.0 35253.0 1129.0
0.935546875 0.9463924765586853 1283.0 941.0 35208.0 1126.0
0.958984375 0.947326123714447 1278.0 900.0 35249.0 1131.0
0.927734375 0.9454846978187561 1288.0 981.0 35168.0 1121.0
0.94921875 0.9460293650627136 1294.0 966.0 35183.0 1115.0
0.962890625 0.9464184045791626 1278.0 935.0 35214.0 1131.0
0.9375 0.9463924765586853 1290.0 948.0 35201.0 1119.0
0.953125 0.9461849927902222 1278.0 944.0 35205.0 1131.0
0.953125 0.9461071491241455 1292.0 961.0 35188.0 1117.0
0.939453125 0.9477929472923279 1253.0 857.0 35292.0 1156.0
0.951171875 0.9476373195648193 1272.0 882.0 35267.0 1137.0
0.9453125 0.9472742080688477 1253.0 877.0 35272.0 1156.0
0.953125 0.9469630122184753 1274.0 910.0 35239.0 1135.0
0.94140625 0.9470927119255066 1293.0 924.0 35225.0 1116.0
0.94140625 0.9474039077758789 1270.0 889.0 35260.0 1139.0
0.947265625 0.9451475739479065 1309.0 1015.0 35134.0 1100.0
0.953125 0.9454328417778015 1323.0 1018.0 35131.0 1086.0
0.951171875 0.9469889402389526 1266.0 901.0 35248.0 1143.0
0.935546875 0.9474298357963562 1277.0 895.0 35254.0 1132.0
0.939453125 0.9470667839050293 1281.0 913.0 35236.0 1128.0
0.95703125 0.9467814564704895 1299.0 942.0 35207.0 1110.0
0.96484375 0.9448103904724121 1316.0 1035.0 35114.0 1093.0
0.9453125 0.9473001956939697 1295.0 918.0 35231.0 1114.0
0.955078125 0.9451216459274292 1335.0 1042.0 35107.0 1074.0
0.95703125 0.9479745030403137 1272.0 869.0 35280.0 1137.0
0.94921875 0.9455884695053101 1332.0 1021.0 35128.0 1077.0
0.953125 0.947611391544342 1272.0 883.0 35266.0 1137.0
0.94921875 0.9478448033332825 1300.0 902.0 35247.0 1109.0
0.935546875 0.9471704959869385 1260.0 888.0 35261.0 1149.0
0.953125 0.9463405609130859 1299.0 959.0 35190.0 1110.0
0.958984375 0.9469630122184753 1285.0 921.0 35228.0 1124.0
0.935546875 0.9464702606201172 1288.0 943.0 35206.0 1121.0
0.955078125 0.9468333125114441 1302.0 943.0 35206.0 1107.0
0.9453125 0.946937084197998 1276.0 913.0 35236.0 1133.0
0.939453125 0.9474039077758789 1270.0 889.0 35260.0 1139.0
0.958984375 0.9468333125114441 1261.0 902.0 35247.0 1148.0
0.939453125 0.9470667839050293 1280.0 912.0 35237.0 1129.0
0.94921875 0.9463664889335632 1266.0 925.0 35224.0 1143.0
0.953125 0.9465480446815491 1269.0 921.0 35228.0 1140.0
0.958984375 0.9470148682594299 1283.0 917.0 35232.0 1126.0
0.931640625 0.946937084197998 1290.0 927.0 35222.0 1119.0
0.955078125 0.9460034370422363 1320.0 993.0 35156.0 1089.0
0.9375 0.9470667839050293 1298.0 930.0 35219.0 1111.0
0.951171875 0.9475076794624329 1267.0 882.0 35267.0 1142.0
0.951171875 0.9463664889335632 1287.0 946.0 35203.0 1122.0
0.94921875 0.9474816918373108 1300.0 916.0 35233.0 1109.0
0.947265625 0.9453809857368469 1330.0 1027.0 35122.0 1079.0
0.9375 0.9463924765586853 1319.0 977.0 35172.0 1090.0
0.94140625 0.947326123714447 1291.0 913.0 35236.0 1118.0
0.94921875 0.9473001956939697 1309.0 932.0 35217.0 1100.0
0.94921875 0.9470927119255066 1293.0 924.0 35225.0 1116.0
0.96484375 0.9473779797554016 1298.0 918.0 35231.0 1111.0
0.947265625 0.9463405609130859 1278.0 938.0 35211.0 1131.0
0.947265625 0.9474557638168335 1288.0 905.0 35244.0 1121.0
0.939453125 0.9461849927902222 1326.0 992.0 35157.0 1083.0
0.943359375 0.9462368488311768 1292.0 956.0 35193.0 1117.0
0.953125 0.945977509021759 1306.0 980.0 35169.0 1103.0
0.955078125 0.9455366134643555 1305.0 996.0 35153.0 1104.0
0.953125 0.9463146328926086 1288.0 949.0 35200.0 1121.0
0.9453125 0.9469111561775208 1286.0 924.0 35225.0 1123.0
0.95703125 0.9460034370422363 1313.0 986.0 35163.0 1096.0
0.951171875 0.9467296004295349 1273.0 918.0 35231.0 1136.0
0.9453125 0.946262776851654 1299.0 962.0 35187.0 1110.0
0.94921875 0.947611391544342 1288.0 899.0 35250.0 1121.0
0.95703125 0.946651816368103 1309.0 957.0 35192.0 1100.0
0.939453125 0.9460034370422363 1305.0 978.0 35171.0 1104.0
0.9609375 0.9470927119255066 1252.0 883.0 35266.0 1157.0
0.92578125 0.9458737373352051 1291.0 969.0 35180.0 1118.0
0.94921875 0.9473520517349243 1277.0 898.0 35251.0 1132.0
0.951171875 0.9478188753128052 1318.0 921.0 35228.0 1091.0
0.939453125 0.9472223520278931 1289.0 915.0 35234.0 1120.0
0.951171875 0.9469630122184753 1272.0 908.0 35241.0 1137.0
0.9296875 0.9464702606201172 1288.0 943.0 35206.0 1121.0
0.9453125 0.9469111561775208 1282.0 920.0 35229.0 1127.0
0.95703125 0.9466258883476257 1309.0 958.0 35191.0 1100.0
0.92578125 0.9475076794624329 1295.0 910.0 35239.0 1114.0
0.955078125 0.9467296004295349 1285.0 930.0 35219.0 1124.0
0.9453125 0.9477410912513733 1278.0 884.0 35265.0 1131.0
0.955078125 0.9471964240074158 1277.0 904.0 35245.0 1132.0
0.939453125 0.9468852281570435 1318.0 957.0 35192.0 1091.0
0.935546875 0.9466777443885803 1308.0 955.0 35194.0 1101.0
0.93359375 0.9455366134643555 1289.0 980.0 35169.0 1120.0
0.94921875 0.946937084197998 1303.0 940.0 35209.0 1106.0
0.94140625 0.9473520517349243 1296.0 917.0 35232.0 1113.0
0.9375 0.9470667839050293 1300.0 932.0 35217.0 1109.0
0.93359375 0.9469889402389526 1257.0 892.0 35257.0 1152.0
0.9453125 0.9454587697982788 1325.0 1019.0 35130.0 1084.0
0.953125 0.9471704959869385 1303.0 931.0 35218.0 1106.0
0.9453125 0.9479745030403137 1277.0 874.0 35275.0 1132.0
0.9453125 0.9471964240074158 1285.0 912.0 35237.0 1124.0
0.953125 0.945977509021759 1284.0 958.0 35191.0 1125.0
0.94140625 0.9469630122184753 1314.0 950.0 35199.0 1095.0
0.9375 0.9462109208106995 1293.0 958.0 35191.0 1116.0
0.953125 0.9457700252532959 1301.0 983.0 35166.0 1108.0
0.955078125 0.9458218812942505 1300.0 980.0 35169.0 1109.0
0.947265625 0.9464702606201172 1306.0 961.0 35188.0 1103.0
0.955078125 0.9470407962799072 1267.0 900.0 35249.0 1142.0
0.955078125 0.9471704959869385 1281.0 909.0 35240.0 1128.0
0.939453125 0.9466777443885803 1287.0 934.0 35215.0 1122.0
0.943359375 0.9472742080688477 1305.0 929.0 35220.0 1104.0
0.94921875 0.9463405609130859 1290.0 950.0 35199.0 1119.0
0.955078125 0.9474298357963562 1293.0 911.0 35238.0 1116.0
0.953125 0.9481041431427002 1269.0 861.0 35288.0 1140.0
0.958984375 0.9482597708702087 1268.0 854.0 35295.0 1141.0
0.9609375 0.9479485154151917 1288.0 886.0 35263.0 1121.0
0.939453125 0.9474298357963562 1288.0 906.0 35243.0 1121.0
0.9453125 0.9462368488311768 1337.0 1001.0 35148.0 1072.0
0.951171875 0.9472223520278931 1311.0 937.0 35212.0 1098.0
0.94140625 0.9466777443885803 1301.0 948.0 35201.0 1108.0
0.9609375 0.9465221166610718 1292.0 945.0 35204.0 1117.0
0.958984375 0.9466777443885803 1302.0 949.0 35200.0 1107.0
0.95703125 0.946651816368103 1314.0 962.0 35187.0 1095.0
0.953125 0.9466258883476257 1301.0 950.0 35199.0 1108.0
0.947265625 0.9473779797554016 1280.0 900.0 35249.0 1129.0
0.95703125 0.9472223520278931 1280.0 906.0 35243.0 1129.0
0.955078125 0.9475595355033875 1289.0 902.0 35247.0 1120.0
0.947265625 0.9470667839050293 1298.0 930.0 35219.0 1111.0
0.935546875 0.9473001956939697 1311.0 934.0 35215.0 1098.0
0.953125 0.9475076794624329 1314.0 929.0 35220.0 1095.0
0.9375 0.9468073844909668 1300.0 942.0 35207.0 1109.0
0.953125 0.9471445679664612 1289.0 918.0 35231.0 1120.0
0.955078125 0.9470927119255066 1301.0 932.0 35217.0 1108.0
0.9453125 0.9470667839050293 1296.0 928.0 35221.0 1113.0
0.935546875 0.9458478093147278 1326.0 1005.0 35144.0 1083.0
0.955078125 0.9468593001365662 1267.0 907.0 35242.0 1142.0
0.94921875 0.9463664889335632 1316.0 975.0 35174.0 1093.0
0.943359375 0.9475595355033875 1258.0 871.0 35278.0 1151.0
0.9375 0.9462887048721313 1307.0 969.0 35180.0 1102.0
0.9296875 0.9470667839050293 1284.0 916.0 35233.0 1125.0
0.953125 0.9471186399459839 1296.0 926.0 35223.0 1113.0
0.9375 0.9472223520278931 1308.0 934.0 35215.0 1101.0
0.947265625 0.9471704959869385 1307.0 935.0 35214.0 1102.0
0.951171875 0.9462109208106995 1322.0 987.0 35162.0 1087.0
0.962890625 0.9470667839050293 1287.0 919.0 35230.0 1122.0
0.951171875 0.9474298357963562 1319.0 937.0 35212.0 1090.0
0.94140625 0.9479225873947144 1314.0 913.0 35236.0 1095.0
0.951171875 0.9462109208106995 1325.0 990.0 35159.0 1084.0
0.966796875 0.9470927119255066 1308.0 939.0 35210.0 1101.0
0.966796875 0.9469889402389526 1295.0 930.0 35219.0 1114.0
0.958984375 0.9469889402389526 1297.0 932.0 35217.0 1112.0
0.939453125 0.9463924765586853 1332.0 990.0 35159.0 1077.0
0.94140625 0.9475336074829102 1277.0 891.0 35258.0 1132.0
0.947265625 0.9457181096076965 1345.0 1029.0 35120.0 1064.0
0.96875 0.9472482800483704 1273.0 898.0 35251.0 1136.0
0.943359375 0.9478448033332825 1273.0 875.0 35274.0 1136.0
0.939453125 0.9465480446815491 1317.0 969.0 35180.0 1092.0
0.953125 0.9475076794624329 1289.0 904.0 35245.0 1120.0
0.951171875 0.9476373195648193 1308.0 918.0 35231.0 1101.0
0.9609375 0.9477670192718506 1295.0 900.0 35249.0 1114.0
0.94921875 0.9467296004295349 1321.0 966.0 35183.0 1088.0
0.931640625 0.9463924765586853 1296.0 954.0 35195.0 1113.0
0.947265625 0.9472223520278931 1316.0 942.0 35207.0 1093.0
0.962890625 0.9466258883476257 1325.0 974.0 35175.0 1084.0
0.958984375 0.9460812211036682 1310.0 980.0 35169.0 1099.0
0.94921875 0.9470148682594299 1310.0 944.0 35205.0 1099.0
0.955078125 0.9475076794624329 1298.0 913.0 35236.0 1111.0
0.958984375 0.9467036724090576 1335.0 981.0 35168.0 1074.0
0.9453125 0.9482079148292542 1304.0 892.0 35257.0 1105.0
0.94921875 0.9465999007225037 1329.0 979.0 35170.0 1080.0
0.953125 0.9472742080688477 1300.0 924.0 35225.0 1109.0
0.953125 0.9474557638168335 1286.0 903.0 35246.0 1123.0
0.955078125 0.9472482800483704 1318.0 943.0 35206.0 1091.0
0.947265625 0.9474816918373108 1304.0 920.0 35229.0 1105.0
0.947265625 0.9477929472923279 1284.0 888.0 35261.0 1125.0
0.947265625 0.9477151036262512 1326.0 933.0 35216.0 1083.0
0.951171875 0.9478966593742371 1298.0 898.0 35251.0 1111.0
0.951171875 0.9470148682594299 1327.0 961.0 35188.0 1082.0
0.95703125 0.9469630122184753 1308.0 944.0 35205.0 1101.0
0.95703125 0.9478707313537598 1293.0 894.0 35255.0 1116.0
0.94921875 0.9474039077758789 1298.0 917.0 35232.0 1111.0
0.955078125 0.9469111561775208 1324.0 962.0 35187.0 1085.0
0.9453125 0.9473001956939697 1323.0 946.0 35203.0 1086.0
0.9375 0.9474298357963562 1321.0 939.0 35210.0 1088.0
0.962890625 0.9471964240074158 1290.0 917.0 35232.0 1119.0
0.92578125 0.9464961886405945 1313.0 967.0 35182.0 1096.0
0.95703125 0.9475595355033875 1286.0 899.0 35250.0 1123.0
0.958984375 0.9483375549316406 1281.0 864.0 35285.0 1128.0
0.9375 0.9468593001365662 1305.0 945.0 35204.0 1104.0
0.953125 0.946262776851654 1313.0 976.0 35173.0 1096.0
0.947265625 0.9469111561775208 1327.0 965.0 35184.0 1082.0
0.9453125 0.9469889402389526 1322.0 957.0 35192.0 1087.0
0.947265625 0.9468852281570435 1333.0 972.0 35177.0 1076.0
0.953125 0.947326123714447 1306.0 928.0 35221.0 1103.0
0.9453125 0.9473779797554016 1311.0 931.0 35218.0 1098.0
0.9453125 0.9469111561775208 1310.0 948.0 35201.0 1099.0
0.94140625 0.9471704959869385 1316.0 944.0 35205.0 1093.0
0.939453125 0.9473001956939697 1297.0 920.0 35229.0 1112.0
0.95703125 0.946937084197998 1301.0 938.0 35211.0 1108.0
0.958984375 0.9471186399459839 1303.0 933.0 35216.0 1106.0
0.94921875 0.9462368488311768 1350.0 1014.0 35135.0 1059.0
0.962890625 0.9470927119255066 1302.0 933.0 35216.0 1107.0
0.958984375 0.9474816918373108 1294.0 910.0 35239.0 1115.0
0.939453125 0.9473001956939697 1298.0 921.0 35228.0 1111.0
0.96484375 0.9478448033332825 1288.0 890.0 35259.0 1121.0
0.958984375 0.9476632475852966 1292.0 901.0 35248.0 1117.0
0.962890625 0.946937084197998 1304.0 941.0 35208.0 1105.0
0.947265625 0.9467814564704895 1335.0 978.0 35171.0 1074.0
0.958984375 0.9469889402389526 1296.0 931.0 35218.0 1113.0
0.947265625 0.9475595355033875 1311.0 924.0 35225.0 1098.0
0.966796875 0.9463146328926086 1302.0 963.0 35186.0 1107.0
0.951171875 0.9467296004295349 1324.0 969.0 35180.0 1085.0
0.9453125 0.9479485154151917 1288.0 886.0 35263.0 1121.0
0.953125 0.9481819868087769 1288.0 877.0 35272.0 1121.0
0.943359375 0.9470667839050293 1286.0 918.0 35231.0 1123.0
0.955078125 0.946651816368103 1321.0 969.0 35180.0 1088.0
0.947265625 0.948000431060791 1289.0 885.0 35264.0 1120.0
0.953125 0.9485450387001038 1285.0 860.0 35289.0 1124.0
0.953125 0.9462887048721313 1335.0 997.0 35152.0 1074.0
0.94140625 0.9471704959869385 1297.0 925.0 35224.0 1112.0
0.953125 0.9464184045791626 1331.0 988.0 35161.0 1078.0
0.947265625 0.9472482800483704 1319.0 944.0 35205.0 1090.0
0.95703125 0.9457959532737732 1341.0 1022.0 35127.0 1068.0
0.951171875 0.9468333125114441 1310.0 951.0 35198.0 1099.0
0.955078125 0.9462109208106995 1308.0 973.0 35176.0 1101.0
0.94140625 0.9466777443885803 1321.0 968.0 35181.0 1088.0
0.958984375 0.9460552930831909 1297.0 968.0 35181.0 1112.0
0.953125 0.9475076794624329 1289.0 904.0 35245.0 1120.0
0.953125 0.9471704959869385 1301.0 929.0 35220.0 1108.0
0.96875 0.9473520517349243 1288.0 909.0 35240.0 1121.0
0.96484375 0.9463924765586853 1321.0 979.0 35170.0 1088.0
0.94921875 0.9471186399459839 1312.0 942.0 35207.0 1097.0
0.947265625 0.9468073844909668 1290.0 932.0 35217.0 1119.0
0.962890625 0.9464702606201172 1316.0 971.0 35178.0 1093.0
0.9453125 0.948000431060791 1287.0 883.0 35266.0 1122.0
0.943359375 0.9464184045791626 1331.0 988.0 35161.0 1078.0
0.9375 0.9465480446815491 1315.0 967.0 35182.0 1094.0
0.9453125 0.9473520517349243 1309.0 930.0 35219.0 1100.0
0.953125 0.9463664889335632 1306.0 965.0 35184.0 1103.0
0.958984375 0.9479225873947144 1310.0 909.0 35240.0 1099.0
0.96875 0.9465739727020264 1350.0 1001.0 35148.0 1059.0
0.931640625 0.9475595355033875 1304.0 917.0 35232.0 1105.0
0.9609375 0.9470148682594299 1332.0 966.0 35183.0 1077.0
0.95703125 0.9468593001365662 1297.0 937.0 35212.0 1112.0
0.955078125 0.9476373195648193 1301.0 911.0 35238.0 1108.0
0.947265625 0.9460812211036682 1316.0 986.0 35163.0 1093.0
0.9453125 0.9476632475852966 1294.0 903.0 35246.0 1115.0
0.951171875 0.9461071491241455 1329.0 998.0 35151.0 1080.0
0.935546875 0.948000431060791 1310.0 906.0 35243.0 1099.0
0.962890625 0.9468852281570435 1339.0 978.0 35171.0 1070.0
0.962890625 0.948285698890686 1304.0 889.0 35260.0 1105.0
0.94140625 0.9460034370422363 1323.0 996.0 35153.0 1086.0
0.943359375 0.9477929472923279 1304.0 908.0 35241.0 1105.0
0.93359375 0.9475595355033875 1310.0 923.0 35226.0 1099.0
0.94140625 0.9474298357963562 1317.0 935.0 35214.0 1092.0
0.951171875 0.9459515810012817 1316.0 991.0 35158.0 1093.0
0.96484375 0.9481041431427002 1297.0 889.0 35260.0 1112.0
0.947265625 0.947326123714447 1305.0 927.0 35222.0 1104.0
0.955078125 0.9470148682594299 1356.0 990.0 35159.0 1053.0
0.939453125 0.9469630122184753 1340.0 976.0 35173.0 1069.0
0.94921875 0.9472742080688477 1330.0 954.0 35195.0 1079.0
0.943359375 0.9487784504890442 1292.0 858.0 35291.0 1117.0
0.94921875 0.9471445679664612 1315.0 944.0 35205.0 1094.0
0.95703125 0.9483634829521179 1296.0 878.0 35271.0 1113.0
0.9453125 0.948000431060791 1292.0 888.0 35261.0 1117.0
0.9609375 0.9475076794624329 1319.0 934.0 35215.0 1090.0
0.94140625 0.9474039077758789 1330.0 949.0 35200.0 1079.0
0.94140625 0.9465480446815491 1316.0 968.0 35181.0 1093.0
0.94921875 0.9480263590812683 1282.0 877.0 35272.0 1127.0
0.94921875 0.947611391544342 1307.0 918.0 35231.0 1102.0
0.9609375 0.9464961886405945 1323.0 977.0 35172.0 1086.0
0.96875 0.9472223520278931 1303.0 929.0 35220.0 1106.0
0.94921875 0.9468852281570435 1310.0 949.0 35200.0 1099.0
0.947265625 0.9480522871017456 1300.0 894.0 35255.0 1109.0
0.951171875 0.9475076794624329 1314.0 929.0 35220.0 1095.0
0.939453125 0.9489340782165527 1285.0 845.0 35304.0 1124.0
0.9375 0.9474298357963562 1281.0 899.0 35250.0 1128.0
0.94921875 0.9480522871017456 1326.0 920.0 35229.0 1083.0
0.94140625 0.9463924765586853 1371.0 1029.0 35120.0 1038.0
0.966796875 0.9472742080688477 1320.0 944.0 35205.0 1089.0
0.943359375 0.9479225873947144 1309.0 908.0 35241.0 1100.0
0.947265625 0.9468852281570435 1304.0 943.0 35206.0 1105.0
0.9453125 0.9466777443885803 1326.0 973.0 35176.0 1083.0
0.95703125 0.9474039077758789 1332.0 951.0 35198.0 1077.0
0.966796875 0.9471704959869385 1337.0 965.0 35184.0 1072.0
0.958984375 0.9470667839050293 1308.0 940.0 35209.0 1101.0
0.953125 0.9476373195648193 1319.0 929.0 35220.0 1090.0
0.94921875 0.9473520517349243 1331.0 952.0 35197.0 1078.0
0.9453125 0.9478188753128052 1346.0 949.0 35200.0 1063.0
0.955078125 0.9482338428497314 1322.0 909.0 35240.0 1087.0
0.94140625 0.9481819868087769 1344.0 933.0 35216.0 1065.0
0.9453125 0.9482597708702087 1323.0 909.0 35240.0 1086.0
0.94921875 0.9481819868087769 1329.0 918.0 35231.0 1080.0
0.962890625 0.9472482800483704 1325.0 950.0 35199.0 1084.0
0.958984375 0.9472742080688477 1341.0 965.0 35184.0 1068.0
0.955078125 0.9482597708702087 1321.0 907.0 35242.0 1088.0
0.931640625 0.9471186399459839 1342.0 972.0 35177.0 1067.0
0.939453125 0.9479485154151917 1290.0 888.0 35261.0 1119.0
0.94921875 0.9477151036262512 1319.0 926.0 35223.0 1090.0
0.9609375 0.947326123714447 1316.0 938.0 35211.0 1093.0
0.9453125 0.9479225873947144 1309.0 908.0 35241.0 1100.0
0.955078125 0.9477929472923279 1335.0 939.0 35210.0 1074.0
0.958984375 0.9464961886405945 1348.0 1002.0 35147.0 1061.0
0.953125 0.9472482800483704 1343.0 968.0 35181.0 1066.0
0.94140625 0.9480522871017456 1337.0 931.0 35218.0 1072.0
0.94921875 0.9480522871017456 1318.0 912.0 35237.0 1091.0
0.94921875 0.9471964240074158 1313.0 940.0 35209.0 1096.0
0.951171875 0.9464961886405945 1313.0 967.0 35182.0 1096.0
0.94921875 0.9473520517349243 1322.0 943.0 35206.0 1087.0
0.94921875 0.9479485154151917 1308.0 906.0 35243.0 1101.0
0.95703125 0.9487265944480896 1326.0 894.0 35255.0 1083.0
0.9453125 0.9471704959869385 1334.0 962.0 35187.0 1075.0
0.953125 0.9470667839050293 1351.0 983.0 35166.0 1058.0
0.93359375 0.9477929472923279 1321.0 925.0 35224.0 1088.0
0.953125 0.9478707313537598 1347.0 948.0 35201.0 1062.0
0.947265625 0.9473779797554016 1367.0 987.0 35162.0 1042.0
0.94921875 0.9471964240074158 1343.0 970.0 35179.0 1066.0
