0.58203125 0.5916022658348083 817.0 14155.0 21994.0 1592.0
0.84375 0.8623113036155701 556.0 3456.0 32693.0 1853.0
0.900390625 0.8882462978363037 561.0 2461.0 33688.0 1848.0
0.90625 0.9079309105873108 514.0 1655.0 34494.0 1895.0
0.912109375 0.9221951365470886 524.0 1115.0 35034.0 1885.0
0.939453125 0.928886353969574 548.0 881.0 35268.0 1861.0
0.943359375 0.9353441596031189 439.0 523.0 35626.0 1970.0
0.9375 0.9353700876235962 501.0 584.0 35565.0 1908.0
0.939453125 0.9364334344863892 460.0 502.0 35647.0 1949.0
0.935546875 0.9366927742958069 498.0 530.0 35619.0 1911.0
0.923828125 0.936614990234375 511.0 546.0 35603.0 1898.0
0.939453125 0.936225950717926 521.0 571.0 35578.0 1888.0
0.939453125 0.9368224740028381 503.0 530.0 35619.0 1906.0
0.943359375 0.9370299577713013 459.0 478.0 35671.0 1950.0
0.923828125 0.936225950717926 598.0 648.0 35501.0 1811.0
0.939453125 0.9367705583572388 552.0 581.0 35568.0 1857.0
0.939453125 0.9361481666564941 632.0 685.0 35464.0 1777.0
0.9375 0.9373670816421509 589.0 595.0 35554.0 1820.0
0.94140625 0.9374189376831055 599.0 603.0 35546.0 1810.0
0.94921875 0.9379376769065857 633.0 617.0 35532.0 1776.0
0.93359375 0.9380413889884949 585.0 565.0 35584.0 1824.0
0.92578125 0.936225950717926 667.0 717.0 35432.0 1742.0
0.94921875 0.9364334344863892 669.0 711.0 35438.0 1740.0
0.9453125 0.9358628392219543 691.0 755.0 35394.0 1718.0
0.939453125 0.9373411536216736 664.0 671.0 35478.0 1745.0
0.939453125 0.9370299577713013 689.0 708.0 35441.0 1720.0
0.94140625 0.9354738593101501 739.0 818.0 35331.0 1670.0
0.931640625 0.9372633695602417 681.0 691.0 35458.0 1728.0
0.935546875 0.9358109831809998 719.0 785.0 35364.0 1690.0
0.9453125 0.9366927742958069 699.0 731.0 35418.0 1710.0
0.947265625 0.9363555908203125 740.0 785.0 35364.0 1669.0
0.9453125 0.936614990234375 724.0 759.0 35390.0 1685.0
0.92578125 0.937185525894165 738.0 750.0 35398.0 1671.0
0.94921875 0.9364334344863892 751.0 793.0 35356.0 1658.0
0.94140625 0.9373411536216736 741.0 748.0 35401.0 1668.0
0.927734375 0.9367964863777161 735.0 763.0 35386.0 1674.0
0.935546875 0.9371595978736877 773.0 787.0 35362.0 1636.0
0.94140625 0.9379116892814636 747.0 732.0 35417.0 1662.0
0.9296875 0.9381451606750488 745.0 721.0 35428.0 1664.0
0.939453125 0.9374967813491821 793.0 794.0 35355.0 1616.0
0.94140625 0.9385082125663757 777.0 739.0 35410.0 1632.0
0.927734375 0.9385859966278076 778.0 737.0 35412.0 1631.0
0.943359375 0.937963604927063 795.0 778.0 35371.0 1614.0
0.943359375 0.9376004934310913 803.0 800.0 35349.0 1606.0
0.927734375 0.9377820491790771 809.0 799.0 35350.0 1600.0
0.94921875 0.9380932450294495 791.0 769.0 35380.0 1618.0
0.93359375 0.9368743300437927 850.0 875.0 35274.0 1559.0
0.9375 0.9393381476402283 785.0 715.0 35434.0 1624.0
0.93359375 0.9380413889884949 839.0 819.0 35330.0 1570.0
0.93359375 0.9387156963348389 807.0 761.0 35388.0 1602.0
0.943359375 0.939208447933197 823.0 758.0 35391.0 1586.0
0.923828125 0.9385600686073303 820.0 780.0 35369.0 1589.0
0.9453125 0.9381451606750488 829.0 805.0 35344.0 1580.0
0.93359375 0.9372114539146423 856.0 868.0 35281.0 1553.0
0.939453125 0.9382748007774353 828.0 799.0 35350.0 1581.0
0.935546875 0.9370039701461792 859.0 879.0 35270.0 1550.0
0.953125 0.9387934803962708 821.0 772.0 35377.0 1588.0
0.9375 0.9390528798103333 828.0 769.0 35380.0 1581.0
0.9296875 0.9379895329475403 843.0 825.0 35324.0 1566.0
0.923828125 0.939312219619751 833.0 764.0 35385.0 1576.0
0.931640625 0.9388194680213928 833.0 783.0 35366.0 1576.0
0.935546875 0.9384563565254211 851.0 815.0 35334.0 1558.0
0.931640625 0.9394159317016602 843.0 770.0 35379.0 1566.0
0.951171875 0.9388713240623474 809.0 757.0 35392.0 1600.0
0.927734375 0.9391306638717651 830.0 768.0 35381.0 1579.0
0.939453125 0.9394937753677368 848.0 772.0 35377.0 1561.0
0.935546875 0.9383525848388672 839.0 807.0 35342.0 1570.0
0.94140625 0.9390528798103333 859.0 800.0 35349.0 1550.0
0.951171875 0.9392603635787964 826.0 759.0 35390.0 1583.0
0.9375 0.940557062625885 832.0 715.0 35434.0 1577.0
0.927734375 0.9400643110275269 866.0 768.0 35381.0 1543.0
0.943359375 0.9391047358512878 863.0 802.0 35347.0 1546.0
0.943359375 0.9400383830070496 852.0 755.0 35394.0 1557.0
0.935546875 0.9388713240623474 896.0 844.0 35305.0 1513.0
0.939453125 0.9400643110275269 898.0 800.0 35349.0 1511.0
0.93359375 0.9390268921852112 863.0 805.0 35344.0 1546.0
0.935546875 0.9394677877426147 865.0 790.0 35359.0 1544.0
0.935546875 0.9390009641647339 885.0 828.0 35321.0 1524.0
0.923828125 0.9394418597221375 903.0 829.0 35320.0 1506.0
0.9453125 0.9401420950889587 856.0 755.0 35394.0 1553.0
0.93359375 0.9397531151771545 854.0 768.0 35381.0 1555.0
0.9375 0.9394418597221375 892.0 818.0 35331.0 1517.0
0.953125 0.9406349062919617 861.0 741.0 35408.0 1548.0
0.939453125 0.9400643110275269 880.0 782.0 35367.0 1529.0
0.947265625 0.940375566482544 884.0 774.0 35375.0 1525.0
0.93359375 0.939597487449646 902.0 822.0 35327.0 1507.0
0.935546875 0.9397271871566772 909.0 824.0 35325.0 1500.0
0.94140625 0.9400902390480042 917.0 818.0 35331.0 1492.0
0.939453125 0.9407904744148254 879.0 753.0 35396.0 1530.0
0.947265625 0.9395197033882141 916.0 839.0 35310.0 1493.0
0.94921875 0.9406867623329163 913.0 791.0 35358.0 1496.0
0.94921875 0.9404274225234985 919.0 807.0 35342.0 1490.0
0.947265625 0.9402199387550354 928.0 824.0 35325.0 1481.0
0.9609375 0.9401161670684814 939.0 839.0 35310.0 1470.0
0.953125 0.9394159317016602 937.0 864.0 35285.0 1472.0
0.935546875 0.9387934803962708 927.0 878.0 35271.0 1482.0
0.9296875 0.9397011995315552 892.0 808.0 35341.0 1517.0
0.958984375 0.9401940107345581 927.0 824.0 35325.0 1482.0
0.9375 0.9404014945030212 915.0 804.0 35345.0 1494.0
0.943359375 0.939312219619751 962.0 893.0 35256.0 1447.0
0.9375 0.941335141658783 879.0 732.0 35417.0 1530.0
0.9375 0.9403495788574219 916.0 807.0 35342.0 1493.0
0.9375 0.9402458667755127 933.0 828.0 35321.0 1476.0
0.93359375 0.9404274225234985 930.0 818.0 35331.0 1479.0
0.943359375 0.9411017298698425 928.0 790.0 35359.0 1481.0
0.939453125 0.9415426254272461 925.0 770.0 35379.0 1484.0
0.943359375 0.9404014945030212 929.0 818.0 35331.0 1480.0
0.95703125 0.9395456314086914 946.0 868.0 35281.0 1463.0
0.955078125 0.939882755279541 939.0 848.0 35301.0 1470.0
0.94921875 0.9411017298698425 940.0 802.0 35347.0 1469.0
0.958984375 0.9404792785644531 943.0 829.0 35320.0 1466.0
0.94921875 0.9406089782714844 933.0 814.0 35335.0 1476.0
0.953125 0.9411276578903198 945.0 806.0 35343.0 1464.0
0.93359375 0.9405829906463623 959.0 841.0 35308.0 1450.0
0.939453125 0.9417241811752319 923.0 761.0 35388.0 1486.0
0.9375 0.9397271871566772 967.0 882.0 35267.0 1442.0
0.943359375 0.9403495788574219 969.0 860.0 35289.0 1440.0
0.951171875 0.9404533505439758 957.0 844.0 35305.0 1452.0
0.931640625 0.9404274225234985 955.0 843.0 35306.0 1454.0
0.939453125 0.9408164620399475 966.0 839.0 35310.0 1443.0
0.947265625 0.9404274225234985 967.0 855.0 35294.0 1442.0
0.935546875 0.9412832856178284 931.0 786.0 35363.0 1478.0
0.931640625 0.940660834312439 968.0 847.0 35302.0 1441.0
0.94140625 0.9416981935501099 951.0 790.0 35359.0 1458.0
0.935546875 0.9397011995315552 987.0 903.0 35246.0 1422.0
0.94140625 0.9415685534477234 954.0 799.0 35350.0 1454.0
0.94921875 0.9405052065849304 965.0 850.0 35299.0 1444.0
0.9375 0.9403236508369446 971.0 863.0 35286.0 1438.0
0.947265625 0.9404533505439758 991.0 878.0 35271.0 1418.0
0.94921875 0.9407645463943481 975.0 850.0 35299.0 1434.0
0.9453125 0.941620409488678 981.0 823.0 35326.0 1428.0
0.93359375 0.9409979581832886 962.0 828.0 35321.0 1447.0
0.955078125 0.9417501091957092 962.0 799.0 35350.0 1447.0
0.93359375 0.9410498738288879 981.0 845.0 35304.0 1428.0
0.953125 0.9411017298698425 963.0 825.0 35324.0 1446.0
0.943359375 0.9409201741218567 992.0 861.0 35288.0 1417.0
0.9296875 0.9414388537406921 998.0 847.0 35302.0 1411.0
0.939453125 0.9407386183738708 1002.0 878.0 35271.0 1407.0
0.931640625 0.9420872330665588 970.0 794.0 35355.0 1439.0
0.9375 0.9411535859107971 998.0 858.0 35291.0 1411.0
0.947265625 0.9409979581832886 1009.0 875.0 35274.0 1400.0
0.94140625 0.9398568272590637 1033.0 943.0 35206.0 1376.0
0.9453125 0.9424503445625305 983.0 793.0 35356.0 1426.0
0.94140625 0.941620409488678 1004.0 846.0 35303.0 1405.0
0.9296875 0.9420613050460815 960.0 785.0 35364.0 1449.0
0.94140625 0.9421650767326355 989.0 810.0 35339.0 1420.0
0.93359375 0.9424762725830078 969.0 778.0 35371.0 1440.0
0.953125 0.941620409488678 989.0 831.0 35318.0 1420.0
0.927734375 0.940660834312439 1003.0 882.0 35267.0 1406.0
0.955078125 0.9417501091957092 969.0 806.0 35343.0 1440.0
0.9375 0.9419316649436951 1014.0 844.0 35305.0 1395.0
0.931640625 0.942009449005127 1006.0 833.0 35316.0 1403.0
0.943359375 0.9413092136383057 1016.0 870.0 35279.0 1393.0
0.927734375 0.941335141658783 1042.0 895.0 35254.0 1367.0
0.94921875 0.9421390891075134 985.0 807.0 35342.0 1424.0
0.943359375 0.9419835209846497 1003.0 831.0 35318.0 1406.0
0.94140625 0.9418278932571411 996.0 830.0 35319.0 1413.0
0.935546875 0.9415944814682007 1037.0 880.0 35269.0 1372.0
0.9453125 0.9423465728759766 989.0 803.0 35346.0 1420.0
0.951171875 0.9423725008964539 1010.0 823.0 35326.0 1399.0
0.94140625 0.9411017298698425 1004.0 866.0 35283.0 1405.0
0.92578125 0.9425540566444397 1010.0 816.0 35333.0 1399.0
0.94140625 0.9414647817611694 1015.0 863.0 35286.0 1394.0
0.947265625 0.9409720301628113 1030.0 897.0 35252.0 1379.0
0.94140625 0.9423984885215759 1014.0 826.0 35323.0 1395.0
0.953125 0.9421131610870361 1025.0 848.0 35301.0 1384.0
0.95703125 0.942683756351471 1022.0 823.0 35326.0 1387.0
0.939453125 0.9412832856178284 1018.0 873.0 35276.0 1391.0
0.947265625 0.9428912401199341 1019.0 812.0 35337.0 1390.0
0.931640625 0.9427874684333801 1002.0 799.0 35350.0 1407.0
0.947265625 0.9440064430236816 993.0 743.0 35406.0 1416.0
0.9375 0.9426319003105164 1026.0 829.0 35320.0 1383.0
0.955078125 0.940557062625885 1056.0 939.0 35210.0 1353.0
0.951171875 0.9423465728759766 1046.0 860.0 35289.0 1363.0
0.9375 0.9415685534477234 1033.0 877.0 35272.0 1376.0
0.947265625 0.9418278932571411 1053.0 887.0 35262.0 1356.0
0.947265625 0.9421910047531128 1018.0 838.0 35311.0 1391.0
0.951171875 0.9427096843719482 1016.0 816.0 35333.0 1393.0
0.953125 0.9419575929641724 1043.0 872.0 35277.0 1366.0
0.94140625 0.9419575929641724 1056.0 885.0 35264.0 1353.0
0.947265625 0.9431765079498291 1016.0 798.0 35351.0 1393.0
0.95703125 0.9414129257202148 1066.0 916.0 35233.0 1343.0
0.93359375 0.9425022006034851 1056.0 864.0 35285.0 1353.0
0.951171875 0.9416981935501099 1049.0 888.0 35261.0 1360.0
0.947265625 0.9417501091957092 1048.0 885.0 35264.0 1361.0
0.943359375 0.9419575929641724 1060.0 889.0 35260.0 1349.0
0.92578125 0.942009449005127 1048.0 875.0 35274.0 1361.0
0.9375 0.9431246519088745 1018.0 802.0 35347.0 1391.0
0.955078125 0.9417501091957092 1042.0 879.0 35270.0 1367.0
0.955078125 0.9427874684333801 1061.0 858.0 35291.0 1348.0
0.9375 0.9424503445625305 1052.0 862.0 35287.0 1357.0
0.953125 0.9419316649436951 1051.0 881.0 35268.0 1358.0
0.943359375 0.9422428607940674 1042.0 860.0 35289.0 1367.0
0.94921875 0.9417501091957092 1056.0 893.0 35256.0 1353.0
0.953125 0.9415166974067688 1066.0 912.0 35237.0 1343.0
0.9375 0.942294716835022 1050.0 866.0 35283.0 1359.0
0.935546875 0.9433839917182922 1044.0 818.0 35331.0 1365.0
0.955078125 0.9428393840789795 1038.0 833.0 35316.0 1371.0
0.94140625 0.9421910047531128 1073.0 893.0 35256.0 1336.0
0.94140625 0.9430727958679199 1042.0 828.0 35321.0 1367.0
0.947265625 0.9428133964538574 1057.0 853.0 35296.0 1352.0
0.94921875 0.9431765079498291 1055.0 837.0 35312.0 1354.0
0.9453125 0.9418278932571411 1083.0 917.0 35232.0 1326.0
0.943359375 0.9425022006034851 1086.0 894.0 35255.0 1323.0
0.927734375 0.9417760372161865 1106.0 942.0 35207.0 1303.0
0.935546875 0.942579984664917 1082.0 887.0 35262.0 1327.0
0.943359375 0.9431246519088745 1059.0 843.0 35306.0 1350.0
0.95703125 0.9418797492980957 1082.0 914.0 35235.0 1327.0
0.947265625 0.9430208802223206 1047.0 835.0 35314.0 1362.0
0.947265625 0.9428912401199341 1071.0 864.0 35285.0 1338.0
0.94921875 0.9435136914253235 1036.0 805.0 35344.0 1373.0
0.939453125 0.9422169327735901 1066.0 885.0 35264.0 1343.0
0.9453125 0.9425281286239624 1064.0 871.0 35278.0 1345.0
0.947265625 0.9428653120994568 1067.0 861.0 35288.0 1342.0
0.951171875 0.9433580636978149 1046.0 821.0 35328.0 1363.0
0.951171875 0.9434877038002014 1080.0 850.0 35299.0 1329.0
0.93359375 0.9427874684333801 1077.0 874.0 35275.0 1332.0
0.94140625 0.9426578283309937 1049.0 851.0 35298.0 1360.0
0.951171875 0.9433580636978149 1058.0 833.0 35316.0 1351.0
0.94921875 0.9414388537406921 1093.0 942.0 35207.0 1316.0
0.947265625 0.9433321356773376 1076.0 852.0 35297.0 1333.0
0.94140625 0.9424503445625305 1070.0 880.0 35269.0 1339.0
0.953125 0.9423465728759766 1082.0 896.0 35253.0 1327.0
0.94921875 0.9434877038002014 1087.0 857.0 35292.0 1322.0
0.935546875 0.943254292011261 1079.0 858.0 35291.0 1330.0
0.947265625 0.9434099197387695 1071.0 844.0 35305.0 1338.0
0.947265625 0.9420353770256042 1102.0 928.0 35221.0 1307.0
0.962890625 0.9427874684333801 1107.0 904.0 35245.0 1302.0
0.935546875 0.9428653120994568 1095.0 889.0 35260.0 1314.0
0.94921875 0.9430987238883972 1085.0 870.0 35279.0 1324.0
