4.320858001708984375e+00 8.347258567810058594e+00 -5.357016563415527344e+00 5.926864147186279297e+00 3.367570638656616211e+00 -5.324615836143493652e-01 4.286401748657226562e+00 3.697341978549957275e-01 -2.810995578765869141e-01 5.132340788841247559e-01 -1.444730639457702637e+00 2.167661905288696289e+00 -1.109192967414855957e+00 -9.411607980728149414e-01 2.550666570663452148e+00
3.604093551635742188e+00 4.284977436065673828e+00 4.888459742069244385e-01 -5.351653099060058594e-01 -2.137444019317626953e+00 -1.083664059638977051e+00 4.020508766174316406e+00 -3.478656291961669922e+00 2.668725490570068359e+00 5.277155876159667969e+00 2.957037389278411865e-01 2.281255483627319336e+00 5.222952365875244141e+00 2.721276521682739258e+00 -4.490943431854248047e+00
1.287803530693054199e+00 -1.799722433090209961e+00 -7.060778737068176270e-01 1.705528259277343750e+00 1.118330121040344238e+00 -1.780761957168579102e+00 -1.525696873664855957e+00 3.057300329208374023e+00 -1.524648666381835938e-01 2.122528553009033203e+00 9.625977277755737305e-02 2.942036628723144531e+00 2.979564070701599121e-01 3.857800483703613281e+00 4.388063848018646240e-01
1.796326160430908203e+00 -2.334715127944946289e-01 9.801222681999206543e-01 2.620362758636474609e+00 -1.421285510063171387e+00 -1.023923873901367188e+00 1.849918663501739502e-01 1.392026841640472412e-01 6.174752116203308105e-01 -1.657223343849182129e+00 3.671155452728271484e+00 3.220348358154296875e+00 -2.962793111801147461e+00 -2.545987367630004883e-01 1.415711760520935059e+00
-6.230133771896362305e-01 -1.588238358497619629e+00 1.460062026977539062e+00 4.831082820892333984e+00 5.541385412216186523e-01 1.205995440483093262e+00 -1.606906890869140625e+00 3.678020954132080078e+00 6.660463213920593262e-01 -5.143689632415771484e+00 -9.627581834793090820e-01 1.237609267234802246e+00 -2.773921489715576172e+00 1.867694109678268433e-01 4.409749805927276611e-01
-4.434314370155334473e-01 1.455708980560302734e+00 -8.050883412361145020e-01 3.075997829437255859e+00 -4.083721160888671875e+00 -2.431482791900634766e+00 6.373225212097167969e+00 6.202001094818115234e+00 2.394914865493774414e+00 3.224483251571655273e+00 -2.751609563827514648e+00 5.002693086862564087e-02 -2.231107711791992188e+00 -1.898758769035339355e+00 -4.306474208831787109e+00
4.362625122070312500e+00 2.571124553680419922e+00 1.348995804786682129e+00 -3.037804841995239258e+00 1.242645382881164551e-01 3.617938041687011719e+00 9.983019828796386719e+00 -4.359652519226074219e+00 -4.743026256561279297e+00 1.648372530937194824e+00 5.583807468414306641e+00 4.552647113800048828e+00 -2.181334972381591797e+00 2.903648376464843750e+00 -5.640411853790283203e+00
1.507169008255004883e+00 6.579320430755615234e+00 3.915259122848510742e+00 1.682081222534179688e+00 5.023618698120117188e+00 2.271100282669067383e-01 1.771518826484680176e+00 -2.413629055023193359e+00 1.788419246673583984e+00 2.145576715469360352e+00 -1.114725470542907715e+00 -1.993209123611450195e+00 1.716255545616149902e+00 2.431143045425415039e+00 -2.042222976684570312e+00
-3.538612842559814453e+00 2.373788833618164062e+00 1.957139492034912109e+00 2.648877382278442383e+00 3.254245758056640625e+00 1.506551027297973633e+00 3.496018171310424805e+00 -6.091175079345703125e+00 4.546999454498291016e+00 -3.098582744598388672e+00 -4.911356449127197266e+00 -2.752220630645751953e+00 1.359008550643920898e+00 -5.071005344390869141e+00 -1.039667487144470215e+00
-2.080659389495849609e+00 -4.969900608062744141e+00 -3.795702219009399414e+00 4.481315612792968750e+00 -6.278474330902099609e-01 -5.185447692871093750e+00 -4.628506183624267578e+00 1.960115313529968262e+00 -4.121764183044433594e+00 -3.118613958358764648e+00 4.612187385559082031e+00 1.466009974479675293e+00 -4.057799339294433594e+00 4.043865680694580078e+00 3.544839620590209961e-01
-1.408952832221984863e+00 -3.039506673812866211e+00 6.241096258163452148e-01 2.124650239944458008e+00 3.562532186508178711e+00 -5.492212772369384766e+00 -2.118888378143310547e+00 1.027912020683288574e+00 3.277822256088256836e+00 2.259207814931869507e-01 1.364589452743530273e+00 3.083784818649291992e+00 2.330292165279388428e-01 4.238751411437988281e+00 1.666957736015319824e+00
3.064010143280029297e+00 -1.132878184318542480e+00 1.743785262107849121e+00 -2.160581350326538086e+00 3.418489217758178711e+00 -1.418717741966247559e+00 -2.083943367004394531e+00 1.427485942840576172e+00 5.712576210498809814e-02 -1.404662370681762695e+00 4.153438568115234375e+00 -1.074356675148010254e+00 -3.449610233306884766e+00 3.123330175876617432e-01 -1.262312233448028564e-01
-2.072703599929809570e+00 5.227131247520446777e-01 3.334448099136352539e+00 -3.439710736274719238e-01 -1.865639925003051758e+00 2.788847684860229492e-01 -7.313388586044311523e-01 1.075134873390197754e+00 -2.217646390199661255e-01 -5.137688159942626953e+00 1.506526470184326172e+00 6.283534169197082520e-01 -5.892576217651367188e+00 5.640679597854614258e-01 -2.343605279922485352e+00
-5.519895553588867188e+00 2.122869253158569336e+00 -1.799724340438842773e+00 -8.519146442413330078e-01 -6.610175594687461853e-03 -1.746011853218078613e+00 1.138035774230957031e+00 2.862974882125854492e+00 -5.544299602508544922e+00 -4.300010204315185547e+00 -9.736333489418029785e-01 4.845975339412689209e-01 -6.023466110229492188e+00 2.160104751586914062e+00 -3.930674791336059570e+00
-2.001459598541259766e+00 1.959338225424289703e-02 2.692471981048583984e+00 -1.626280307769775391e+00 -3.999163150787353516e+00 3.676186084747314453e+00 -2.298674345016479492e+00 -4.154313087463378906e+00 4.619775772094726562e+00 -5.310104370117187500e+00 -3.874231100082397461e+00 2.971776247024536133e+00 -6.192511558532714844e+00 5.264450550079345703e+00 8.663980484008789062e+00
-6.437277793884277344e+00 6.940430164337158203e+00 -7.153990268707275391e+00 -2.325126409530639648e+00 4.307054042816162109e+00 6.638710021972656250e+00 -4.791694164276123047e+00 -2.984962701797485352e+00 1.393119931221008301e+00 -1.873298361897468567e-02 3.408977031707763672e+00 1.865590959787368774e-01 5.245060443878173828e+00 1.520649671554565430e+00 5.509245991706848145e-01
8.325887918472290039e-01 -7.240062355995178223e-01 -9.757406115531921387e-01 2.066635131835937500e+00 6.013318538665771484e+00 1.522451519966125488e+00 1.613123267889022827e-01 -2.310166835784912109e+00 3.679518461227416992e+00 -2.779232263565063477e+00 -1.535039305686950684e+00 -4.412728309631347656e+00 2.442348480224609375e+00 1.301602721214294434e+00 -7.692525863647460938e+00
2.384953498840332031e+00 -8.247218728065490723e-01 5.909772515296936035e-01 -4.289751052856445312e+00 -4.679735183715820312e+00 7.682482719421386719e+00 -3.666631698608398438e+00 5.296318531036376953e+00 1.165758892893791199e-01 4.789330959320068359e-01 -1.972436070442199707e+00 6.847761154174804688e+00 -1.073793411254882812e+00 -5.659274101257324219e+00 -3.159758806228637695e+00
-1.421392679214477539e+00 -4.110590457916259766e+00 -1.932127177715301514e-01 1.550754189491271973e+00 4.098882198333740234e+00 -4.530502796173095703e+00 -1.953590273857116699e+00 6.800875067710876465e-01 4.183538913726806641e+00 2.402483969926834106e-01 5.698309540748596191e-01 2.162270069122314453e+00 7.949125766754150391e-01 4.145398616790771484e+00 2.022837162017822266e+00
1.524499893188476562e+00 -3.549209594726562500e+00 -5.880277633666992188e+00 -2.446822166442871094e+00 1.366699576377868652e+00 -8.533619046211242676e-01 -8.339855074882507324e-01 1.099829435348510742e+00 4.764270782470703125e+00 -2.353744029998779297e+00 3.563277244567871094e+00 -3.392854452133178711e+00 -1.017385721206665039e+00 -1.294004768133163452e-01 2.219468355178833008e+00
-4.379809796810150146e-01 -4.977190017700195312e+00 -1.040110349655151367e+00 4.778928160667419434e-01 4.020547568798065186e-01 1.467049479484558105e+00 -3.757077455520629883e+00 -1.012248873710632324e+00 2.915838062763214111e-01 -4.734906256198883057e-01 -1.892008662223815918e+00 -5.718925595283508301e-01 -3.086757421493530273e+00 -2.377443790435791016e+00 -5.304922461509704590e-01
1.701442241668701172e+00 -8.482465147972106934e-01 -5.508211612701416016e+00 -1.127513170242309570e+00 -2.441904693841934204e-01 -1.868329167366027832e+00 -2.569633245468139648e+00 5.206241011619567871e-01 -9.189769625663757324e-01 -2.274482011795043945e+00 -2.383842229843139648e+00 -3.134211003780364990e-01 -4.015223503112792969e+00 -1.057042002677917480e+00 -1.180620789527893066e-01
1.937016010284423828e+00 -7.738012075424194336e-01 -3.405255317687988281e+00 -5.982615947723388672e-01 6.662120223045349121e-01 -2.272618770599365234e+00 -3.417491912841796875e+00 -1.627911806106567383e+00 -4.012473672628402710e-02 -4.229148864746093750e+00 -2.586549997329711914e+00 3.378332138061523438e+00 -3.050982236862182617e+00 -1.265953540802001953e+00 1.769416689872741699e+00
1.295160651206970215e+00 1.860004425048828125e+00 -2.574728012084960938e+00 -1.336069107055664062e+00 1.560249805450439453e+00 -5.230145454406738281e-01 -5.199870109558105469e+00 5.287576913833618164e-01 -2.243154764175415039e+00 -2.359251499176025391e+00 4.479739964008331299e-01 5.556093215942382812e+00 -1.381958365440368652e+00 -3.443663358688354492e+00 2.561739981174468994e-01
1.478691697120666504e+00 1.178171515464782715e+00 -4.663625955581665039e-01 7.052876353263854980e-01 -2.700308561325073242e-01 -5.247230529785156250e-01 -4.718270301818847656e+00 -1.666511297225952148e-01 -2.885783433914184570e+00 4.319459497928619385e-01 -6.729965209960937500e-01 6.831831932067871094e-01 -2.132533073425292969e+00 -2.625755548477172852e+00 -3.343214392662048340e-01
1.864881277084350586e+00 8.991453647613525391e-01 1.192271113395690918e+00 -1.272361725568771362e-02 3.886893987655639648e-01 -1.547058105468750000e+00 -4.026228904724121094e+00 7.143072485923767090e-01 -1.654628515243530273e+00 -2.597281038761138916e-01 -2.890616893768310547e+00 2.388154268264770508e+00 -1.218704938888549805e+00 -3.356754064559936523e+00 7.715031504631042480e-01
1.821390032768249512e+00 1.668567061424255371e+00 9.876394867897033691e-01 -7.914901971817016602e-01 1.748863101005554199e+00 7.755161523818969727e-01 -3.504182338714599609e+00 3.008930206298828125e+00 -3.258292913436889648e+00 5.735886096954345703e-01 -1.181196331977844238e+00 -2.818509750068187714e-02 -1.093958258628845215e+00 -2.864315509796142578e+00 1.323722600936889648e+00
2.184960842132568359e+00 1.412395954132080078e+00 1.542816758155822754e+00 -1.060236692428588867e+00 2.401995420455932617e+00 3.215929269790649414e-01 -3.104229927062988281e+00 3.189563035964965820e+00 -4.181031703948974609e+00 8.509334325790405273e-01 -9.716338515281677246e-01 -5.147032141685485840e-01 -2.924175560474395752e-01 -2.902154922485351562e+00 1.544466733932495117e+00
2.217717915773391724e-01 1.559759259223937988e+00 -6.061389446258544922e-01 -1.604974627494812012e+00 -4.905078709125518799e-01 -1.516822814941406250e+00 -2.795440912246704102e+00 1.503534555435180664e+00 -1.522142767906188965e+00 2.241718769073486328e+00 2.182387262582778931e-01 -2.973896563053131104e-01 -2.662853002548217773e-01 -1.759902715682983398e+00 1.265565752983093262e+00
2.626846075057983398e+00 1.543377041816711426e+00 8.119297027587890625e-01 -1.480523109436035156e+00 6.214209198951721191e-01 -3.697205066680908203e+00 -3.966599464416503906e+00 1.875995635986328125e+00 1.246097460389137268e-01 2.774741351604461670e-01 1.625962495803833008e+00 -4.265977859497070312e+00 -1.766256451606750488e+00 2.487933039665222168e-01 2.442705392837524414e+00
-2.761914968490600586e+00 8.208370208740234375e-01 2.283321142196655273e+00 1.815542936325073242e+00 -5.416258811950683594e+00 -1.132084131240844727e-01 -2.383871555328369141e+00 -1.066032767295837402e+00 -5.787926316261291504e-01 -2.272893428802490234e+00 8.639342784881591797e-01 3.191549539566040039e+00 -5.277447223663330078e+00 -1.221680566668510437e-01 -4.745162010192871094e+00
-3.857481718063354492e+00 2.738002538681030273e+00 4.384932518005371094e-01 -2.757971763610839844e+00 -4.174073696136474609e+00 -1.731125116348266602e+00 -1.742501735687255859e+00 1.029950380325317383e+00 1.445057988166809082e+00 -3.374409914016723633e+00 4.268653690814971924e-01 -7.015045881271362305e-01 -8.591435432434082031e+00 2.883633613586425781e+00 -1.576748371124267578e+00
-6.661894321441650391e+00 1.517341971397399902e+00 -4.051004886627197266e+00 -3.946708917617797852e+00 4.385105967521667480e-01 -2.352930307388305664e-01 3.376863002777099609e+00 -4.500727653503417969e+00 -4.470474720001220703e+00 -6.429802894592285156e+00 -3.116147994995117188e+00 5.461546421051025391e+00 4.468418121337890625e+00 2.797539472579956055e+00 9.059842109680175781e+00
-9.635188579559326172e-01 -5.287945866584777832e-01 -4.500707626342773438e+00 3.024088382720947266e+00 3.614834785461425781e+00 -3.477956056594848633e+00 1.213080286979675293e+00 -1.095763111114501953e+01 -2.544411182403564453e+00 -2.568420171737670898e+00 6.914593219757080078e+00 1.003326296806335449e+00 7.090908288955688477e-01 -5.634788036346435547e+00 5.364582538604736328e+00
3.925334215164184570e+00 -1.121697187423706055e+00 2.824145317077636719e+00 -3.956020176410675049e-01 3.864684700965881348e-01 2.246637821197509766e+00 -6.972259879112243652e-01 -1.166585922241210938e+00 -2.336525022983551025e-01 1.306092381477355957e+00 -8.679711818695068359e-01 2.715066194534301758e+00 3.771536350250244141e+00 7.249683380126953125e+00 -1.333224177360534668e+00
-3.028621912002563477e+00 -2.639827013015747070e+00 1.529769778251647949e+00 2.909087836742401123e-01 3.366043567657470703e+00 -1.959033131599426270e+00 -5.968864560127258301e-01 -3.376586437225341797e+00 8.053322434425354004e-01 -7.194043993949890137e-01 5.667638778686523438e-01 8.681177139282226562e+00 4.305774718523025513e-02 -1.503435611724853516e+00 -4.855523109436035156e+00
-2.342879056930541992e+00 -4.680667877197265625e+00 -1.315270900726318359e+00 1.123993158340454102e+00 4.319631576538085938e+00 -3.927606582641601562e+00 -1.503633737564086914e+00 1.004230260848999023e+00 3.959789514541625977e+00 6.568758487701416016e-01 9.739577770233154297e-02 3.834363222122192383e+00 2.695883512496948242e-01 3.933332681655883789e+00 7.709376811981201172e-01
1.398551225662231445e+00 -4.448139667510986328e+00 -3.804432392120361328e+00 1.328058719635009766e+00 5.120624542236328125e+00 -4.084807872772216797e+00 -3.957756757736206055e+00 3.820744276046752930e+00 4.214070320129394531e+00 2.781695425510406494e-01 2.230253219604492188e+00 3.220938205718994141e+00 -5.631299614906311035e-01 7.748166561126708984e+00 5.391822457313537598e-01
6.561273336410522461e-02 -5.192762851715087891e+00 -1.645479917526245117e+00 -3.056492209434509277e-01 1.299719929695129395e+00 1.428979516029357910e+00 -3.269036293029785156e+00 -9.308648705482482910e-01 7.068980336189270020e-01 -7.391005158424377441e-01 -1.502403378486633301e+00 -2.027724504470825195e+00 -3.329536199569702148e+00 -3.025249481201171875e+00 -2.090437859296798706e-01
-1.118560433387756348e+00 -1.126344680786132812e+00 -3.915138483047485352e+00 -1.073550105094909668e+00 -5.581851005554199219e-01 7.592172622680664062e-01 -1.926399827003479004e+00 3.790558338165283203e+00 3.217674255371093750e+00 -3.863897323608398438e+00 -3.309969305992126465e-01 1.381512403488159180e+00 -4.286849975585937500e+00 -3.716138601303100586e+00 -1.326285243034362793e+00
-5.702534914016723633e-01 -7.693413496017456055e-01 -4.247172832489013672e+00 -2.435074567794799805e+00 1.103531122207641602e-01 -3.517718791961669922e+00 -2.249959945678710938e+00 -1.577734649181365967e-01 -6.393731832504272461e-01 -3.921955347061157227e+00 -3.162288904190063477e+00 3.386455774307250977e+00 -4.057196140289306641e+00 -3.277161121368408203e-01 8.881610631942749023e-01
-9.064024686813354492e-02 3.472468852996826172e-01 -2.672528743743896484e+00 4.119431376457214355e-01 8.016628623008728027e-01 -1.191522479057312012e+00 -4.275015354156494141e+00 -1.386911749839782715e+00 -2.778822422027587891e+00 -3.140478372573852539e+00 7.548266053199768066e-01 6.144358158111572266e+00 -2.369586706161499023e+00 -2.250873565673828125e+00 3.887270390987396240e-01
1.140847206115722656e+00 1.367898821830749512e+00 -2.400107145309448242e+00 -1.170858263969421387e+00 1.385418698191642761e-02 3.038561105728149414e+00 -3.278203725814819336e+00 1.340941548347473145e+00 -2.702308893203735352e+00 -7.398189306259155273e-01 -3.092855811119079590e-01 9.263924598693847656e+00 -4.869030952453613281e+00 -1.016999125480651855e+00 5.233467578887939453e+00
3.455285787582397461e+00 1.973777532577514648e+00 1.277866959571838379e+00 6.751257777214050293e-01 1.581877589225769043e+00 2.020478010177612305e+00 -6.530720233917236328e+00 3.839235305786132812e-01 -5.002572536468505859e+00 1.967561006546020508e+00 -2.281423091888427734e+00 -2.451237440109252930e+00 -4.770994186401367188e+00 -1.657025933265686035e+00 3.418543338775634766e+00
2.979452133178710938e+00 2.134792327880859375e+00 2.566011190414428711e+00 -5.703225135803222656e-01 1.493689268827438354e-01 1.288802504539489746e+00 -5.501120567321777344e+00 1.921225190162658691e+00 -2.086902141571044922e+00 1.419116377830505371e+00 -1.443371176719665527e+00 -4.457899928092956543e-01 -2.289153575897216797e+00 -2.393456935882568359e+00 2.450828790664672852e+00
3.649121284484863281e+00 2.936294317245483398e+00 1.648681402206420898e+00 -2.554212331771850586e+00 -3.660630464553833008e+00 -2.169405460357666016e+00 -3.433295488357543945e+00 1.807294011116027832e+00 9.423587918281555176e-01 -1.301596641540527344e+00 3.344000816345214844e+00 -3.072372674942016602e-01 -1.965934485197067261e-01 -1.192607522010803223e+00 1.899174571037292480e+00
-2.628655433654785156e+00 -1.428511738777160645e-01 2.491407096385955811e-01 -8.799084424972534180e-01 6.996440887451171875e-01 -3.311698913574218750e+00 -1.692396998405456543e+00 -3.136233389377593994e-01 7.627763152122497559e-01 4.194194793701171875e+00 1.918607831001281738e+00 -6.628186702728271484e-01 -1.705899357795715332e+00 -1.319933652877807617e+00 1.176294565200805664e+00
-1.077534556388854980e+00 2.958613634109497070e+00 -1.179849505424499512e+00 -2.537913084030151367e+00 -1.400476098060607910e+00 -4.250247478485107422e+00 -4.965191364288330078e+00 3.123625755310058594e+00 3.896558761596679688e+00 2.188329696655273438e+00 1.139078497886657715e+00 5.190796852111816406e-01 2.567959129810333252e-01 -1.552726477384567261e-01 -2.324828803539276123e-01
-4.248282909393310547e+00 1.489506959915161133e+00 5.562969207763671875e+00 -1.303072094917297363e+00 -3.412886857986450195e+00 -4.206939637660980225e-01 -4.663775920867919922e+00 9.123100042343139648e-01 3.527709960937500000e+00 -1.782903194427490234e+00 -2.535467222332954407e-02 2.557160139083862305e+00 -1.448193430900573730e+00 3.612511754035949707e-01 7.289739847183227539e-01
-6.690995216369628906e+00 1.076113462448120117e+00 -5.879369378089904785e-01 -3.429047346115112305e+00 3.818017959594726562e+00 -1.718617230653762817e-01 1.387048482894897461e+00 1.571512103080749512e+00 -1.154252052307128906e+01 -4.078088283538818359e+00 -3.043290674686431885e-01 1.225409269332885742e+00 3.697170257568359375e+00 2.377012729644775391e+00 -1.044513702392578125e+00
-2.302745878696441650e-01 -5.644280910491943359e-01 -3.803903579711914062e+00 -6.269107460975646973e-01 -7.616837024688720703e+00 -4.089399814605712891e+00 8.936489820480346680e-01 -8.729335784912109375e+00 -7.041969299316406250e+00 -1.364992737770080566e+00 -4.838449001312255859e+00 -2.289819240570068359e+00 1.855110645294189453e+00 4.574916839599609375e+00 -7.521316528320312500e+00
-3.417689561843872070e+00 6.942007541656494141e-01 -7.037326812744140625e+00 5.169446468353271484e+00 -1.494973540306091309e+00 6.791440963745117188e+00 -3.295704841613769531e+00 4.506098330020904541e-01 5.810092449188232422e+00 4.127371788024902344e+00 7.428827762603759766e+00 2.740017890930175781e+00 -4.174394607543945312e+00 -6.051753759384155273e-01 4.116110801696777344e+00
2.006855487823486328e+00 -4.271024227142333984e+00 -2.136018037796020508e+00 -8.900144696235656738e-01 3.683649301528930664e+00 -5.743493080139160156e+00 7.300355911254882812e+00 -5.031428813934326172e+00 5.630630850791931152e-01 8.016864061355590820e-01 8.562298774719238281e+00 1.785127401351928711e+00 -3.359966993331909180e+00 -1.987304687500000000e+00 1.345219373703002930e+00
-4.441471576690673828e+00 -5.593139171600341797e+00 -1.313096904754638672e+01 -8.670791983604431152e-01 1.877725028991699219e+01 -7.676222801208496094e+00 -4.586739540100097656e+00 -1.273029804229736328e+00 1.565944671630859375e+00 -2.647462129592895508e+00 -2.754548549652099609e+00 4.128586769104003906e+00 1.245206832885742188e+00 -1.204419612884521484e+00 -3.579007863998413086e+00
-2.694933652877807617e+00 -4.140540122985839844e+00 -8.491644263267517090e-01 1.371589303016662598e+00 4.045982360839843750e+00 -3.810939311981201172e+00 -8.738062977790832520e-01 1.597995638847351074e+00 3.667888879776000977e+00 4.486942887306213379e-01 -4.067035019397735596e-01 4.612959384918212891e+00 2.256050705909729004e-01 3.983839035034179688e+00 9.849149584770202637e-01
1.231103301048278809e+00 -4.038065910339355469e+00 -4.296247959136962891e+00 5.957203507423400879e-01 4.625140666961669922e+00 -5.680338382720947266e+00 -3.157903194427490234e+00 3.269930124282836914e+00 4.857042312622070312e+00 7.384303808212280273e-01 2.095749855041503906e+00 5.298843860626220703e+00 -8.263496160507202148e-01 6.902067184448242188e+00 -2.271509170532226562e-01
-8.264186233282089233e-02 -5.144183158874511719e+00 -1.351691603660583496e+00 -2.091939449310302734e+00 1.463788390159606934e+00 1.236246943473815918e+00 -3.243613958358764648e+00 -1.071014761924743652e+00 1.162411808967590332e+00 -1.333498835563659668e+00 -1.479200720787048340e+00 -1.779017210006713867e+00 -2.900557994842529297e+00 -3.590166568756103516e+00 -6.844869256019592285e-02
-3.606224060058593750e-01 -4.719606399536132812e+00 -1.807877779006958008e+00 -1.776420235633850098e+00 1.081543684005737305e+00 6.989642977714538574e-01 -3.403304815292358398e+00 -6.141776442527770996e-01 1.201023697853088379e+00 -1.018379926681518555e+00 -2.400161981582641602e+00 -1.587654471397399902e+00 -2.828459978103637695e+00 -3.813591718673706055e+00 3.189612627029418945e-01
3.393840491771697998e-01 -4.944342136383056641e+00 -1.871590495109558105e+00 -1.194752573966979980e+00 1.291553020477294922e+00 9.135981798171997070e-01 -3.620987176895141602e+00 -1.182609438896179199e+00 1.506175637245178223e+00 -5.538184642791748047e-01 -1.444585084915161133e+00 -1.871136546134948730e+00 -2.907727718353271484e+00 -3.159194469451904297e+00 5.220991969108581543e-01
-1.232941001653671265e-01 -5.157160758972167969e+00 -1.464628577232360840e+00 -1.346843719482421875e+00 1.323891282081604004e+00 1.155550122261047363e+00 -3.953435659408569336e+00 -9.444233775138854980e-01 1.297479987144470215e+00 -6.805592775344848633e-01 -1.976739883422851562e+00 -1.739193558692932129e+00 -2.575375080108642578e+00 -3.150065183639526367e+00 1.433010548353195190e-01
9.622696638107299805e-01 -1.051923632621765137e+00 9.204323291778564453e-01 3.350453376770019531e+00 2.699176549911499023e+00 -1.272187590599060059e+00 -3.814880609512329102e+00 3.504624843597412109e+00 1.337951183319091797e+00 -5.149229049682617188e+00 3.513878583908081055e+00 -5.184603214263916016e+00 -2.525160312652587891e+00 1.867653489112854004e+00 3.471851587295532227e+00
1.194168031215667725e-01 -4.650993824005126953e+00 -1.539026856422424316e+00 -1.189678072929382324e+00 1.356186985969543457e+00 1.271819770336151123e-01 -3.835138082504272461e+00 -7.370268702507019043e-01 1.183334946632385254e+00 -1.175947904586791992e+00 -1.627261400222778320e+00 -1.944955825805664062e+00 -2.612328767776489258e+00 -3.286544084548950195e+00 5.615622736513614655e-03
1.606167793273925781e+00 -1.822354674339294434e+00 -6.020759582519531250e+00 -3.548068284988403320e+00 9.076991081237792969e-01 -9.056587219238281250e-01 -3.287085294723510742e+00 4.529988169670104980e-01 3.009661912918090820e+00 -2.541396580636501312e-02 2.115650892257690430e+00 -1.503257393836975098e+00 -4.722501337528228760e-02 -3.859787225723266602e+00 1.879043579101562500e+00
-1.683696508407592773e-01 -5.182421684265136719e+00 -1.586772203445434570e+00 -8.494042158126831055e-01 9.781309366226196289e-01 1.328285694122314453e+00 -3.263489961624145508e+00 -7.458747029304504395e-01 7.492529153823852539e-01 -1.361318945884704590e+00 -2.341503858566284180e+00 -2.529083251953125000e+00 -3.294393301010131836e+00 -2.782832622528076172e+00 5.857303738594055176e-01
-2.024215310811996460e-01 -4.694354534149169922e+00 -1.418370962142944336e+00 -1.007230162620544434e+00 9.235793352127075195e-01 1.571390986442565918e+00 -3.547946691513061523e+00 -1.108798146247863770e+00 1.383124709129333496e+00 -1.065250515937805176e+00 -1.255823016166687012e+00 -2.092101335525512695e+00 -3.005874872207641602e+00 -2.595843076705932617e+00 3.468125760555267334e-01
-2.923136651515960693e-01 -5.270974636077880859e+00 -1.499214887619018555e+00 -1.242520332336425781e+00 6.858458518981933594e-01 1.049523115158081055e+00 -3.386283159255981445e+00 -6.973924040794372559e-01 1.226802349090576172e+00 -1.127315402030944824e+00 -2.011009454727172852e+00 -2.121480703353881836e+00 -3.141047954559326172e+00 -2.923342943191528320e+00 2.294912487268447876e-01
-4.887168109416961670e-01 -5.373950004577636719e+00 -1.456733703613281250e+00 -3.414242267608642578e-01 6.544237732887268066e-01 1.473866939544677734e+00 -3.956235408782958984e+00 -9.740070700645446777e-01 1.006479859352111816e+00 -1.275112271308898926e+00 -2.269896030426025391e+00 -1.925143241882324219e+00 -3.023933887481689453e+00 -2.518928050994873047e+00 3.502285778522491455e-01
2.612977325916290283e-01 -5.078538417816162109e+00 -2.058673143386840820e+00 -8.745440840721130371e-01 8.159726858139038086e-01 1.483749151229858398e+00 -3.938664674758911133e+00 -8.938947916030883789e-01 1.119262695312500000e+00 -5.312361121177673340e-01 -2.212997436523437500e+00 -1.801256895065307617e+00 -2.979866743087768555e+00 -2.514034032821655273e+00 3.282302021980285645e-01
-4.963846206665039062e-01 -4.785243988037109375e+00 -1.493625640869140625e+00 -9.920924901962280273e-01 9.523940086364746094e-01 8.802177906036376953e-01 -3.901310682296752930e+00 -1.413303256034851074e+00 7.480701804161071777e-01 -1.023509979248046875e+00 -2.135109901428222656e+00 -2.036937952041625977e+00 -2.817121505737304688e+00 -2.985929965972900391e+00 1.551379859447479248e-01
-4.979566857218742371e-02 -2.993160963058471680e+00 -4.349831104278564453e+00 -2.968349218368530273e+00 1.435190677642822266e+00 -2.971453368663787842e-01 -3.016004085540771484e+00 -4.628190025687217712e-02 7.779740691184997559e-01 7.825898379087448120e-02 -8.921324014663696289e-01 -2.975634813308715820e+00 -1.753219008445739746e+00 -3.106767654418945312e+00 7.340514659881591797e-02
1.077323779463768005e-01 -4.876162528991699219e+00 -1.639796495437622070e+00 -9.869765043258666992e-01 9.778319001197814941e-01 7.819373607635498047e-01 -3.589037656784057617e+00 -1.047908306121826172e+00 8.690555691719055176e-01 -3.098973929882049561e-01 -2.197526454925537109e+00 -1.472008347511291504e+00 -3.359643936157226562e+00 -2.578299283981323242e+00 -3.365905880928039551e-01
3.691204071044921875e+00 -5.326310917735099792e-02 -4.612865447998046875e+00 -1.485167860984802246e+00 -1.392067313194274902e+00 -3.253049135208129883e+00 -3.736284255981445312e+00 2.407608747482299805e+00 1.459924727678298950e-01 -3.400910139083862305e+00 -6.218583583831787109e-01 -1.079608321189880371e+00 -3.411416530609130859e+00 -1.594125509262084961e+00 1.206898689270019531e+00
-8.530518412590026855e-01 -4.011316776275634766e+00 -2.585831403732299805e+00 -2.462036132812500000e+00 4.384416341781616211e-01 5.426213741302490234e-01 -1.552754998207092285e+00 -1.446708887815475464e-01 5.246881842613220215e-01 -4.266901493072509766e+00 -2.151006698608398438e+00 5.956709861755371094e+00 -5.051219940185546875e+00 8.154990673065185547e-01 2.486681222915649414e+00
-1.452888369560241699e+00 -4.581042766571044922e+00 -9.133348464965820312e-01 7.601607799530029297e+00 -8.006494641304016113e-01 3.519313573837280273e+00 -5.259265422821044922e+00 -1.014174342155456543e+00 1.336178541183471680e+00 -6.727241516113281250e+00 -3.206397294998168945e+00 5.661212444305419922e+00 -5.113873481750488281e+00 4.129542827606201172e+00 1.352072238922119141e+00
1.826454997062683105e+00 1.390866041183471680e+00 -3.921440601348876953e+00 -1.018822431564331055e+00 -1.274995088577270508e+00 -2.758109569549560547e+00 -6.611121177673339844e+00 -2.194709062576293945e+00 -1.055448055267333984e+00 -3.916385173797607422e+00 -4.019457340240478516e+00 1.019282627105712891e+01 -3.228572368621826172e+00 3.091621398925781250e-01 -9.126442670822143555e-01
2.560769081115722656e+00 4.929609298706054688e+00 -8.296062052249908447e-02 -1.933680653572082520e+00 1.335770487785339355e+00 2.936778545379638672e+00 -6.972246646881103516e+00 8.297188282012939453e-01 -5.378183841705322266e+00 2.021992444992065430e+00 -2.697144985198974609e+00 5.935283899307250977e-01 -7.449851512908935547e+00 -4.342940151691436768e-01 4.562540531158447266e+00
2.294537067413330078e+00 3.244601488113403320e+00 4.978027343750000000e+00 -1.779466390609741211e+00 -5.111497640609741211e-01 5.189408302307128906e+00 -3.352368354797363281e+00 3.235835790634155273e+00 3.068315744400024414e+00 -7.559693336486816406e+00 9.792060852050781250e+00 4.202086448669433594e+00 -4.671432077884674072e-01 -3.611574172973632812e+00 6.873641014099121094e-01
6.229774951934814453e-01 2.451466560363769531e+00 9.666025042533874512e-01 2.043112516403198242e+00 -8.983386158943176270e-01 8.498430252075195312e-01 -6.014185905456542969e+00 3.175051450729370117e+00 -3.432678461074829102e+00 1.567282676696777344e+00 -2.164516448974609375e-01 -2.377213239669799805e+00 -1.313579916954040527e+00 -1.701319694519042969e+00 1.821013569831848145e+00
-5.059228539466857910e-01 2.289259195327758789e+00 7.381076812744140625e-01 1.266101717948913574e+00 -3.953058719635009766e+00 -1.523377537727355957e+00 -4.254722595214843750e+00 1.082270026206970215e+00 -4.318163916468620300e-02 -2.727541923522949219e+00 4.668536186218261719e+00 -4.067448973655700684e-01 2.244468688964843750e+00 -2.039066314697265625e+00 4.765646532177925110e-03
-5.614757061004638672e+00 1.655640244483947754e+00 -3.553919792175292969e+00 3.263236954808235168e-02 -7.196493744850158691e-01 -3.442656993865966797e+00 -3.039633274078369141e+00 1.160324830561876297e-02 2.116356611251831055e+00 4.625386714935302734e+00 9.957758188247680664e-01 1.606538295745849609e+00 -1.645390272140502930e+00 1.825158119201660156e+00 -4.661537647247314453e+00
-8.190766334533691406e+00 -1.174187064170837402e+00 2.240743637084960938e+00 2.233901977539062500e+00 3.761421442031860352e+00 -2.194533109664916992e+00 -2.108444929122924805e+00 1.449624061584472656e+00 -2.912518024444580078e+00 4.357545375823974609e+00 7.309415340423583984e-01 2.713949441909790039e+00 -2.198561668395996094e+00 -5.547706484794616699e-01 4.078261554241180420e-01
-7.688714027404785156e+00 1.094352483749389648e+00 3.375141620635986328e+00 -2.853036403656005859e+00 1.681730628013610840e+00 9.097075462341308594e-01 4.787471294403076172e-01 -3.125621795654296875e+00 -1.360857963562011719e+00 1.060076236724853516e+01 -9.911952614784240723e-01 3.314384698867797852e+00 -9.403019905090332031e+00 2.360105991363525391e+00 3.631577730178833008e+00
-1.041917514801025391e+01 2.850845575332641602e+00 -2.998487651348114014e-01 1.153792142868041992e+00 -3.278542160987854004e-01 -7.497342586517333984e+00 -2.075272321701049805e+00 -3.676224946975708008e+00 -6.502053260803222656e+00 -7.146214842796325684e-01 2.308261871337890625e+00 -4.280655860900878906e+00 1.417281746864318848e+00 2.768245458602905273e+00 -1.382932901382446289e+00
-3.562273979187011719e+00 1.662448048591613770e+00 -3.116429567337036133e+00 -1.039678382873535156e+01 -7.546339511871337891e+00 4.531998157501220703e+00 3.305643796920776367e+00 4.429558753967285156e+00 3.959095954895019531e+00 2.512565135955810547e+00 1.783020377159118652e+00 4.186133384704589844e+00 1.624395102262496948e-01 2.208487987518310547e+00 7.446178436279296875e+00
2.384675979614257812e+00 1.271956920623779297e+00 2.350020170211791992e+00 -1.254446864128112793e+00 -3.217727422714233398e+00 -1.392634153366088867e+00 -2.265568256378173828e+00 -8.268215656280517578e-01 2.688110992312431335e-02 -1.057564377784729004e+00 -3.513415575027465820e+00 -3.516142845153808594e+00 -8.773246407508850098e-01 3.923546791076660156e+00 -2.000907421112060547e+00
2.972631692886352539e+00 -5.800452828407287598e-01 -4.631625652313232422e+00 -3.984308481216430664e+00 2.086980819702148438e+00 2.034244060516357422e+00 5.905576229095458984e+00 1.899503588676452637e+00 7.418100833892822266e-01 -7.271593809127807617e-01 -5.332967758178710938e+00 -1.737488061189651489e-01 2.469698429107666016e+00 2.082805871963500977e+00 3.992452919483184814e-01
-2.128726482391357422e+00 -2.349547624588012695e+00 1.937709093093872070e+00 -5.474424839019775391e+00 1.516729831695556641e+00 -2.995863437652587891e+00 1.266725301742553711e+00 -4.179639816284179688e+00 2.267584323883056641e+00 2.800868749618530273e+00 -8.387441635131835938e-01 -2.703106403350830078e+00 -1.724035263061523438e+00 6.074318885803222656e-01 5.562553405761718750e+00
-5.758251622319221497e-02 -5.141961097717285156e+00 -2.024086236953735352e+00 1.137607812881469727e+00 -1.924142360687255859e+00 -2.484882354736328125e+00 -2.721619367599487305e+00 4.655849635601043701e-01 3.446766853332519531e+00 -4.860818386077880859e+00 -1.540677070617675781e+00 -1.727939844131469727e+00 1.504998922348022461e+00 3.099975824356079102e+00 -3.198896050453186035e-01
8.089713752269744873e-03 3.488170802593231201e-01 3.177282333374023438e+00 4.548267364501953125e+00 2.257794857025146484e+00 -1.428230166435241699e+00 -5.660421371459960938e+00 2.212066650390625000e+00 2.660673379898071289e+00 -1.605560898780822754e+00 -8.367088437080383301e-02 3.281441450119018555e+00 -1.685690134763717651e-01 3.522061824798583984e+00 -3.502590417861938477e+00
6.961769461631774902e-01 -6.726216316223144531e+00 -4.037178039550781250e+00 -2.755005359649658203e+00 9.015946984291076660e-01 2.473308563232421875e+00 -5.354337215423583984e+00 2.236182689666748047e-01 3.839852809906005859e+00 -1.388395667076110840e+00 -3.221496582031250000e+00 1.667229771614074707e+00 -2.249151706695556641e+00 -3.809061527252197266e+00 -1.088458299636840820e+00
-8.143501281738281250e-01 -7.782898426055908203e+00 -1.043256855010986328e+01 2.358004570007324219e+00 2.532923460006713867e+00 -1.944423079490661621e+00 -2.178155422210693359e+00 -1.173373937606811523e+00 -1.752490401268005371e-01 3.550250828266143799e-01 -7.560192584991455078e+00 -6.745959520339965820e-01 -7.450995445251464844e+00 -1.561222553253173828e+00 3.156061410903930664e+00
7.401097416877746582e-01 -3.858275175094604492e+00 -7.471273422241210938e+00 -3.289905309677124023e+00 1.803746938705444336e+00 4.798795878887176514e-01 -5.069620609283447266e+00 -7.774561047554016113e-01 -8.663159608840942383e-02 -2.106271266937255859e+00 -4.681943893432617188e+00 8.148111104965209961e-01 -4.935858726501464844e+00 -1.058474183082580566e+00 1.235632538795471191e+00
-7.159556150436401367e-01 -5.891930460929870605e-01 -3.610792875289916992e+00 -3.105891942977905273e+00 2.591440439224243164e+00 -1.342565178871154785e+00 -6.474377155303955078e+00 -2.355203479528427124e-01 -8.842859864234924316e-01 -1.474469542503356934e+00 -2.515262365341186523e+00 -6.776437759399414062e-01 -2.515080690383911133e+00 -6.300871849060058594e+00 6.689441204071044922e-01
1.482683062553405762e+00 -3.086706399917602539e+00 -2.098576784133911133e+00 -2.696947336196899414e+00 1.979429483413696289e+00 1.112914800643920898e+00 -2.810798883438110352e+00 -1.922256588935852051e+00 -1.186020493507385254e+00 -2.616004228591918945e+00 -6.929386854171752930e-01 -2.318132638931274414e+00 -5.573897838592529297e+00 -3.895795822143554688e+00 -9.467635154724121094e-01
