-1.942028403282165527e-01 2.050281763076782227e+00 -4.800302982330322266e+00 -3.080450296401977539e+00 6.301264762878417969e+00 -3.092443227767944336e+00 -1.575953841209411621e+00 -4.791634678840637207e-01 -7.659254074096679688e-01 5.819900035858154297e-01 -4.292593479156494141e+00 -1.678869366645812988e+00 -8.250778168439865112e-02 -3.876793146133422852e+00 3.121566057205200195e+00
-1.693073630332946777e+00 1.744771599769592285e+00 -1.683240890502929688e+00 -1.957532286643981934e+00 4.346043586730957031e+00 1.253636360168457031e+00 1.983287692070007324e+00 2.119513034820556641e+00 2.939467191696166992e+00 4.851752758026123047e+00 -3.948142826557159424e-01 -4.387916564941406250e+00 1.491455435752868652e+00 2.396252155303955078e+00 4.974646091461181641e+00
-3.026170492172241211e+00 -9.559716582298278809e-01 1.502119183540344238e+00 7.437390089035034180e-01 -2.552399873733520508e+00 4.357911050319671631e-01 1.395517945289611816e+00 1.050470352172851562e+00 8.847136497497558594e-01 2.015536725521087646e-01 1.765538096427917480e+00 4.279490947723388672e+00 3.200196921825408936e-01 7.868518829345703125e-01 3.227705240249633789e+00
-1.678884983062744141e+00 2.196655988693237305e+00 -1.522690653800964355e-01 -1.720254063606262207e+00 -4.764934778213500977e-01 1.817785859107971191e+00 -3.573443651199340820e+00 3.600380182266235352e+00 -9.021835923194885254e-01 1.982950448989868164e+00 -5.962011814117431641e+00 -1.620061278343200684e+00 2.186090469360351562e+00 4.194727420806884766e+00 -5.492500662803649902e-01
4.930433750152587891e+00 -4.002127349376678467e-01 1.758207321166992188e+00 2.345001935958862305e+00 4.036809921264648438e+00 5.082453250885009766e+00 -1.469466567039489746e+00 1.297675251960754395e+00 2.271986484527587891e+00 4.346981525421142578e+00 1.621434092521667480e+00 -2.122473478317260742e+00 1.946949005126953125e+00 -1.583359122276306152e+00 5.335453033447265625e+00
-1.108310341835021973e+00 -7.822273671627044678e-02 3.315788507461547852e+00 8.331909775733947754e-01 3.951623201370239258e+00 3.971747457981109619e-01 2.694699048995971680e+00 -2.770265102386474609e+00 -1.596483826637268066e+00 -6.232706069946289062e+00 -9.567809104919433594e-01 -2.325077056884765625e+00 4.825839042663574219e+00 -4.966637790203094482e-01 -2.788920402526855469e+00
-2.336577892303466797e+00 -8.140947818756103516e-01 -2.742245793342590332e-01 -1.607746124267578125e+00 2.941845893859863281e+00 5.539290904998779297e+00 5.810101509094238281e+00 -8.192889690399169922e-01 -1.095214009284973145e+00 9.386258125305175781e-01 1.482547163963317871e+00 6.173626184463500977e-01 7.167686820030212402e-01 -4.995299816131591797e+00 4.542904376983642578e+00
2.613142251968383789e+00 1.415493726730346680e+00 4.381524085998535156e+00 2.374547243118286133e+00 4.996258735656738281e+00 -5.641009807586669922e+00 -1.080369949340820312e+00 -1.909303665161132812e+00 -1.806413292884826660e+00 -6.620104908943176270e-01 -1.197246193885803223e+00 5.246939659118652344e+00 4.368088722229003906e+00 1.025321006774902344e+00 2.741154432296752930e-01
-4.655888080596923828e+00 1.456849932670593262e+00 2.118076086044311523e+00 -1.425309062004089355e+00 -3.772458076477050781e+00 4.781762599945068359e+00 8.879434466361999512e-01 -2.703001737594604492e+00 3.697986841201782227e+00 -3.006062746047973633e+00 -3.808681964874267578e+00 -5.544465184211730957e-01 -1.708206772804260254e+00 5.040510296821594238e-01 -1.441733241081237793e+00
9.095623493194580078e-01 -2.178790807723999023e+00 7.070421576499938965e-01 -5.066889286041259766e+00 -4.158541679382324219e+00 -6.685850620269775391e-01 1.573805928230285645e+00 -4.923627853393554688e+00 -2.693704366683959961e+00 5.196973323822021484e+00 4.086232662200927734e+00 2.467072725296020508e+00 -3.254482269287109375e+00 -2.934861183166503906e+00 2.719986200332641602e+00
-1.490815997123718262e+00 -2.287810593843460083e-01 -1.056216716766357422e+00 -5.740433931350708008e-01 1.097125113010406494e-01 6.314598917961120605e-01 4.379323497414588928e-02 3.327473402023315430e-01 -1.108505249023437500e+00 2.434481143951416016e+00 -5.113821506500244141e+00 1.028470918536186218e-01 -2.079510211944580078e+00 7.028757929801940918e-01 5.572382211685180664e-01
1.253005743026733398e+00 6.861326694488525391e-01 -2.036530256271362305e+00 3.070272445678710938e+00 3.336259365081787109e+00 4.060550212860107422e+00 1.580844372510910034e-01 -1.283664464950561523e+00 -3.289255499839782715e-01 1.004485845565795898e+00 -9.246262907981872559e-01 -3.493309259414672852e+00 -2.075120687484741211e+00 -1.647996902465820312e+00 1.433960199356079102e+00
3.181198835372924805e+00 1.503388762474060059e+00 3.414822518825531006e-01 2.545680999755859375e+00 -7.719904780387878418e-01 3.881681442260742188e+00 -3.450135231018066406e+00 1.074148058891296387e+00 9.510433673858642578e-01 1.050540208816528320e-01 -2.823146104812622070e+00 -2.661076784133911133e+00 1.663777232170104980e+00 4.147084236145019531e+00 -2.183396339416503906e+00
-1.676177084445953369e-01 -5.221311092376708984e+00 1.267737865447998047e+00 -1.753697514533996582e+00 3.968755483627319336e+00 1.051226139068603516e+00 -2.392314672470092773e+00 3.625117301940917969e+00 1.101524472236633301e+00 -3.005170345306396484e+00 -4.691743850708007812e+00 -4.398367404937744141e+00 -1.161404132843017578e+00 3.775398969650268555e+00 5.248279571533203125e+00
3.170975208282470703e+00 -2.401483297348022461e+00 3.222710132598876953e+00 -3.823422431945800781e+00 5.356972694396972656e+00 -6.686653614044189453e+00 6.146401405334472656e+00 -1.019073009490966797e+00 4.698487281799316406e+00 8.463879227638244629e-01 4.183814525604248047e+00 1.770702123641967773e+00 -1.710036695003509521e-01 9.386210441589355469e-01 -2.982102394104003906e+00
-4.188540205359458923e-02 1.653680086135864258e+00 -4.042822360992431641e+00 2.297958850860595703e+00 5.090875625610351562e+00 8.615397214889526367e-01 3.966292142868041992e+00 -4.279461383819580078e+00 -7.308619022369384766e-01 3.758682966232299805e+00 2.012104749679565430e+00 -2.608507871627807617e+00 -3.015435218811035156e+00 5.098304271697998047e+00 -6.375517845153808594e+00
2.763884782791137695e+00 -1.098023414611816406e+00 -2.830206394195556641e+00 -2.534836769104003906e+00 -6.761469841003417969e-01 5.886504054069519043e-01 4.377117156982421875e+00 -3.026866912841796875e+00 2.444991588592529297e+00 5.166753292083740234e+00 2.766997337341308594e+00 3.215549230575561523e+00 6.042182445526123047e+00 1.808702707290649414e+00 -2.120913028717041016e+00
2.549778223037719727e+00 -2.959291696548461914e+00 -4.346141338348388672e+00 -2.069595813751220703e+00 -5.744822621345520020e-01 5.653152465820312500e+00 -1.378158569335937500e+00 2.419194951653480530e-02 7.951108217239379883e-01 -3.773428440093994141e+00 -3.955706834793090820e+00 2.784829378128051758e+00 1.687802672386169434e+00 -9.122393131256103516e-01 2.127847194671630859e+00
-2.160609245300292969e+00 -1.420433878898620605e+00 -3.181976079940795898e+00 -2.069777011871337891e+00 2.209575176239013672e-01 -1.619657158851623535e+00 7.977640032768249512e-01 -1.172964930534362793e+00 -1.513858199119567871e+00 1.658285021781921387e+00 -5.166213035583496094e+00 -1.138156294822692871e+00 -9.996984004974365234e-01 -1.059584021568298340e+00 -1.106306314468383789e+00
-1.624901294708251953e+00 -1.793584585189819336e+00 1.876820802688598633e+00 4.174759864807128906e+00 -1.596783638000488281e+00 4.475623965263366699e-01 -7.241331338882446289e-01 -3.654889583587646484e+00 1.996317386627197266e+00 2.564993143081665039e+00 3.773537874221801758e-01 -1.330877661705017090e+00 -1.891107439994812012e+00 -3.360339164733886719e+00 1.400391221046447754e+00
-1.702592492103576660e+00 -4.167914390563964844e+00 5.387003347277641296e-02 7.860313057899475098e-01 2.157997608184814453e+00 -1.263175725936889648e+00 -3.883415937423706055e+00 -4.621607251465320587e-03 2.318617142736911774e-02 -3.366398811340332031e-01 3.567701101303100586e+00 2.830756664276123047e+00 -1.696555137634277344e+00 1.630765795707702637e+00 -2.016421794891357422e+00
1.569531440734863281e+00 -5.961504459381103516e+00 5.135484695434570312e+00 1.040229797363281250e+00 1.619041800498962402e+00 -1.018082618713378906e+00 -1.276344656944274902e-01 -1.835328489542007446e-01 -1.689323306083679199e+00 -1.235982537269592285e+00 -3.455173492431640625e+00 1.791130542755126953e+00 -3.380226612091064453e+00 -2.773303985595703125e+00 1.332788705825805664e+00
-5.876672863960266113e-01 3.244374990463256836e-01 -5.241000175476074219e+00 -7.773590683937072754e-01 -1.543382883071899414e+00 1.482436656951904297e+00 8.126500844955444336e-01 1.911089420318603516e-01 2.624635696411132812e+00 6.037149429321289062e-01 1.519193530082702637e+00 -1.638588428497314453e+00 6.174753308296203613e-01 -3.428045511245727539e+00 -1.939328670501708984e+00
-3.519940853118896484e+00 4.555231034755706787e-01 3.372851848602294922e+00 -2.148999691009521484e+00 -5.494912266731262207e-01 -1.509650111198425293e+00 5.814712047576904297e-01 -3.420265913009643555e+00 4.166848659515380859e+00 6.487745642662048340e-01 4.591877460479736328e+00 1.751252532005310059e+00 -7.262488007545471191e-01 2.219232082366943359e+00 -1.814970850944519043e+00
-2.160855293273925781e+00 1.367572993040084839e-01 1.489530801773071289e-01 -1.174792647361755371e+00 -3.162139415740966797e+00 3.566562652587890625e+00 -2.522979736328125000e+00 4.968416213989257812e+00 -9.112382531166076660e-01 2.578180074691772461e+00 -6.581895947456359863e-01 9.809045791625976562e-01 2.082776308059692383e+00 4.612157821655273438e+00 1.331689238548278809e+00
-1.879336476325988770e+00 -3.843198537826538086e+00 1.373291134834289551e+00 -2.777647972106933594e+00 -3.780742168426513672e+00 -1.486955732107162476e-01 3.094178438186645508e+00 2.338307142257690430e+00 -2.388293266296386719e+00 1.938266396522521973e+00 -2.574533939361572266e+00 -1.691808253526687622e-01 -3.335014879703521729e-01 3.524837195873260498e-01 1.021351456642150879e+00
3.152181386947631836e+00 2.106427907943725586e+00 -5.010036230087280273e-01 -3.062682971358299255e-02 1.485040664672851562e+00 4.810671329498291016e+00 -2.105446577072143555e+00 5.892153978347778320e-01 -1.707455158233642578e+00 3.286916017532348633e+00 -1.344089388847351074e+00 -1.700292944908142090e+00 3.094149351119995117e+00 -6.287234425544738770e-01 -1.708935856819152832e+00
-3.407516717910766602e+00 -3.283943176269531250e+00 -1.565862178802490234e+00 5.045863628387451172e+00 1.059382081031799316e+00 3.203224897384643555e+00 -1.897916913032531738e+00 2.712867975234985352e+00 1.138120517134666443e-01 1.793978571891784668e+00 -8.746907114982604980e-02 -1.941128730773925781e+00 1.977759599685668945e+00 4.775757789611816406e+00 -7.593324780464172363e-01
-2.324776172637939453e+00 -3.521216630935668945e+00 -2.020200967788696289e+00 8.117884397506713867e-01 -2.839046955108642578e+00 -1.076692700386047363e+00 2.195665121078491211e+00 -1.792690753936767578e+00 -1.888748168945312500e+00 4.209932327270507812e+00 -5.000663995742797852e-01 -1.319288969039916992e+00 1.524976968765258789e+00 -1.109615340828895569e-01 -1.706648111343383789e+00
-2.155960083007812500e+00 -4.080094337463378906e+00 -2.966145753860473633e+00 -2.131710052490234375e+00 -1.318506002426147461e+00 2.213378429412841797e+00 -5.297273993492126465e-01 -4.917342066764831543e-01 2.186050891876220703e+00 -1.398918867111206055e+00 -5.568861007690429688e+00 -5.219604372978210449e-01 -3.148898482322692871e-01 1.926811575889587402e+00 8.033894300460815430e-01
-5.194983631372451782e-02 -1.121196523308753967e-01 -1.865760445594787598e+00 9.643623232841491699e-01 -1.612143635749816895e+00 9.303260445594787598e-01 2.953692674636840820e-01 -2.096836328506469727e+00 -2.838076591491699219e+00 2.616059303283691406e+00 -1.250257849693298340e+00 -5.433382987976074219e+00 -1.893219947814941406e+00 -1.950618982315063477e+00 -4.413846135139465332e-01
3.047344446182250977e+00 -1.832810640335083008e+00 -2.447606801986694336e+00 3.860425710678100586e+00 8.718202114105224609e-01 -1.652053833007812500e+00 2.361022949218750000e+00 9.123371839523315430e-01 -7.918865084648132324e-01 3.352494955062866211e+00 4.451023101806640625e+00 -2.888098955154418945e+00 1.244871541857719421e-01 -2.639290094375610352e+00 -5.551699548959732056e-02
3.629583120346069336e+00 -6.907995343208312988e-01 2.475235939025878906e+00 -4.563427925109863281e+00 2.447343111038208008e+00 -1.427064538002014160e+00 9.440124630928039551e-01 4.134935379028320312e+00 -8.369689583778381348e-01 -4.087927937507629395e-01 1.406118035316467285e+00 -4.756380081176757812e+00 1.737092494964599609e+00 -2.148125648498535156e+00 7.329022288322448730e-01
4.082960605621337891e+00 -3.108283042907714844e+00 -3.164922475814819336e+00 4.384254932403564453e+00 2.581585645675659180e+00 -1.068860650062561035e+00 9.257979393005371094e-01 -1.217121481895446777e-01 3.420238256454467773e+00 2.413290023803710938e+00 -2.428391599096357822e-04 1.736914753913879395e+00 1.578633487224578857e-01 -6.163730621337890625e+00 2.615455389022827148e+00
4.109407901763916016e+00 1.608884572982788086e+00 -1.002472162246704102e+00 -5.700259685516357422e+00 3.120489120483398438e-01 -6.098999977111816406e-01 1.794597506523132324e+00 1.803512685000896454e-02 2.278288125991821289e+00 5.202876925468444824e-01 -1.458061575889587402e+00 3.492566645145416260e-01 3.781861960887908936e-01 5.353635311126708984e+00 3.566753149032592773e+00
-4.625016212463378906e+00 -3.917087554931640625e+00 4.287914335727691650e-01 -4.089952468872070312e+00 2.081159830093383789e+00 1.471371203660964966e-01 -5.018471240997314453e+00 -1.355685710906982422e+00 -4.403826236724853516e+00 3.823038101196289062e+00 -9.317839622497558594e+00 2.748029947280883789e+00 -9.412286877632141113e-01 -3.434809923171997070e+00 2.976184368133544922e+00
-2.697831869125366211e+00 5.231430530548095703e-01 -4.019995212554931641e+00 -2.056221723556518555e+00 3.111279606819152832e-01 -3.442394018173217773e+00 3.352293670177459717e-01 2.015611648559570312e+00 -6.916675567626953125e-01 1.295950293540954590e+00 -4.406045436859130859e+00 1.762862503528594971e-01 7.378896325826644897e-02 4.006004333496093750e-01 -5.709888339042663574e-01
1.888999223709106445e+00 2.236702889204025269e-01 3.632304444909095764e-02 -9.474981427192687988e-01 -2.963400363922119141e+00 2.071457624435424805e+00 -3.683916926383972168e-01 -3.237779617309570312e+00 -4.719828665256500244e-01 -1.518118828535079956e-01 -3.615815401077270508e+00 -9.767289161682128906e-01 3.207941532135009766e+00 -4.703174531459808350e-01 7.352156937122344971e-02
3.213206052780151367e+00 7.828377485275268555e-01 2.242965459823608398e+00 -5.159729123115539551e-01 -1.971718788146972656e+00 1.850075483322143555e+00 -6.971715688705444336e-01 -4.083667397499084473e-01 -1.008151769638061523e+00 -9.558942317962646484e-01 -4.935356974601745605e-02 1.410376787185668945e+00 -1.721202373504638672e+00 -1.484041929244995117e+00 -1.110954284667968750e+00
3.429012775421142578e+00 2.925023078918457031e+00 3.809868812561035156e+00 1.600398540496826172e+00 2.044142961502075195e+00 5.890603661537170410e-01 -4.696740627288818359e+00 2.540556669235229492e+00 3.224274873733520508e+00 -2.853385925292968750e+00 6.762007474899291992e-01 -3.806397318840026855e-01 -1.255094766616821289e+00 -1.054638028144836426e+00 -4.557111859321594238e-01
3.069806337356567383e+00 -4.683962166309356689e-01 -4.096245288848876953e+00 -1.433990597724914551e+00 -2.081916332244873047e+00 -1.094904780387878418e+00 -2.066163063049316406e+00 -2.311407327651977539e+00 1.795534014701843262e+00 4.543991014361381531e-02 -2.610033512115478516e+00 -4.899193763732910156e+00 3.912555217742919922e+00 -1.323542714118957520e+00 2.211395263671875000e+00
-1.674740791320800781e+00 -6.277052402496337891e+00 5.180484771728515625e+00 6.627160310745239258e-02 -2.530477009713649750e-02 7.261226773262023926e-01 1.134690284729003906e+00 2.113563060760498047e+00 -1.935084819793701172e+00 3.700294256210327148e+00 1.933040022850036621e+00 1.762463092803955078e+00 3.546418428421020508e+00 -2.501580238342285156e+00 -3.092168867588043213e-01
-3.849350690841674805e+00 1.069090329110622406e-02 -2.949880361557006836e+00 -2.524505138397216797e+00 -3.024865627288818359e+00 1.483344078063964844e+00 2.171332836151123047e+00 5.181256771087646484e+00 -1.812079071998596191e+00 -2.135924339294433594e+00 1.250218272209167480e+00 2.533750772476196289e+00 1.738764047622680664e+00 1.301816105842590332e+00 -6.377646327018737793e-01
1.707342147827148438e+00 1.547613143920898438e+00 1.827421784400939941e+00 1.486476540565490723e+00 -4.536029338836669922e+00 2.275706529617309570e+00 1.059751629829406738e+00 9.310430288314819336e-01 -7.196243405342102051e-01 -9.526007771492004395e-01 -2.281722307205200195e+00 2.690539598464965820e+00 -4.991292953491210938e+00 2.351801395416259766e+00 -1.433769822120666504e+00
-7.889335155487060547e-01 -2.494022130966186523e+00 2.179496049880981445e+00 3.749417066574096680e+00 2.312759876251220703e+00 1.571362972259521484e+00 -1.460077881813049316e+00 -5.954801440238952637e-01 -1.216384649276733398e+00 -4.720713496208190918e-01 -8.629271984100341797e-01 3.763252198696136475e-01 -5.577250957489013672e+00 2.710786104202270508e+00 -3.711567640304565430e+00
-1.667848944664001465e+00 2.425412654876708984e+00 1.891157150268554688e+00 9.598608613014221191e-01 -1.689007401466369629e+00 -4.153014659881591797e+00 4.576546192169189453e+00 2.592053890228271484e+00 4.088523864746093750e+00 -8.605829477310180664e-01 2.421019554138183594e+00 -6.130471229553222656e-01 -2.177731096744537354e-01 -2.498967170715332031e+00 -1.764135211706161499e-01
1.611229181289672852e+00 -3.533547401428222656e+00 7.600991725921630859e-01 -1.739315867424011230e+00 1.996552467346191406e+00 -3.836370706558227539e+00 1.047606170177459717e-01 -2.317834615707397461e+00 -2.910563707351684570e+00 -2.863390445709228516e+00 3.137609243392944336e+00 -1.319738864898681641e+00 2.107425928115844727e+00 1.706082701683044434e+00 1.607481002807617188e+00
1.489475846290588379e+00 -1.825450539588928223e+00 -2.779229402542114258e+00 8.059725165367126465e-01 2.350364923477172852e+00 -4.392251014709472656e+00 -7.761155366897583008e-01 1.822935193777084351e-01 -3.060939788818359375e+00 -1.975077033042907715e+00 -1.102191448211669922e+00 1.462928056716918945e+00 1.258021712303161621e+00 4.245231628417968750e+00 1.681239724159240723e+00
5.222128391265869141e+00 -2.007847785949707031e+00 -2.485007047653198242e-01 -1.137252926826477051e+00 -1.549164891242980957e+00 3.891621351242065430e+00 3.929028749465942383e+00 2.795706272125244141e+00 5.211184918880462646e-02 5.045286655426025391e+00 -5.151510238647460938e+00 3.579256534576416016e-01 7.133529186248779297e-01 -1.426671028137207031e+00 3.991783380508422852e+00
-4.806888103485107422e-01 6.879568099975585938e-02 -3.276028871536254883e+00 -5.457823276519775391e-01 -1.714790940284729004e+00 1.469495773315429688e+00 -1.739966034889221191e+00 7.623766064643859863e-01 2.844118118286132812e+00 -5.075110435485839844e+00 6.332358717918395996e-01 3.291273117065429688e+00 -1.651542305946350098e+00 2.160510301589965820e+00 -7.645606398582458496e-01
-2.315636396408081055e+00 2.312952756881713867e+00 5.181309700012207031e+00 8.128252625465393066e-01 2.756200075149536133e+00 5.280939579010009766e+00 -2.706980943679809570e+00 -1.205576300621032715e+00 3.735540628433227539e+00 -7.608916163444519043e-01 2.202307701110839844e+00 -2.788382053375244141e+00 4.417393684387207031e+00 -4.189314842224121094e-01 2.377321243286132812e+00
2.127320617437362671e-01 -1.673902034759521484e+00 -2.695192813873291016e+00 2.687516689300537109e+00 -2.134155511856079102e+00 -4.572784900665283203e+00 5.254926204681396484e+00 -1.440259933471679688e+00 1.429476857185363770e+00 2.017972618341445923e-01 2.883417010307312012e-01 -3.881596088409423828e+00 1.504025936126708984e+00 -8.458475023508071899e-02 -1.204164147377014160e+00
-2.404638290405273438e+00 1.681677460670471191e+00 3.079204261302947998e-01 -5.379555225372314453e+00 1.095818519592285156e+00 -2.540043115615844727e+00 3.769359588623046875e+00 -3.025730550289154053e-01 2.762580871582031250e+00 -4.921748161315917969e+00 2.429059743881225586e+00 1.669728875160217285e+00 -4.637011528015136719e+00 9.054870605468750000e-01 -4.608120441436767578e+00
-2.140249252319335938e+00 -3.299507379531860352e+00 -3.987809896469116211e+00 2.265117168426513672e+00 7.556844353675842285e-01 2.725534915924072266e+00 -1.656106233596801758e+00 -7.429610252380371094e+00 -4.087945938110351562e+00 9.714932441711425781e-01 -2.063524723052978516e-01 6.566577434539794922e+00 -3.525824546813964844e+00 2.433660268783569336e+00 -2.848553419113159180e+00
-3.862092018127441406e+00 2.518994212150573730e-01 1.316253066062927246e+00 3.405066132545471191e-01 -3.561758041381835938e+00 -3.795389652252197266e+00 5.212216377258300781e-01 -9.305641055107116699e-01 -3.448536694049835205e-01 4.850548744201660156e+00 1.879851579666137695e+00 -3.181632757186889648e-01 2.252837896347045898e+00 -2.999071836471557617e+00 -2.383842706680297852e+00
5.125230550765991211e-01 2.661350965499877930e+00 2.536098957061767578e+00 4.210653781890869141e+00 -4.150374412536621094e+00 -4.811612606048583984e+00 1.537402153015136719e+00 8.013158440589904785e-01 4.434398412704467773e-01 1.994471102952957153e-01 -1.809549450874328613e+00 -1.631398558616638184e+00 -6.503086090087890625e-01 -1.971322059631347656e+00 3.476311445236206055e+00
-2.922336161136627197e-01 -4.215585231781005859e+00 1.099660843610763550e-01 1.530780911445617676e+00 -2.472485065460205078e+00 1.479315161705017090e+00 -2.567944049835205078e+00 -3.021760225296020508e+00 2.637469768524169922e+00 3.758551120758056641e+00 3.221518516540527344e+00 -1.756064653396606445e+00 1.792682647705078125e+00 -3.326213598251342773e+00 -2.249635934829711914e+00
3.131597757339477539e+00 -4.885832786560058594e+00 3.991222009062767029e-02 1.980603218078613281e+00 2.967269182205200195e+00 2.361613512039184570e+00 -1.166145205497741699e+00 -5.559377193450927734e+00 1.767435550689697266e+00 -2.691789150238037109e+00 -8.306382894515991211e-01 -2.805836677551269531e+00 6.167781949043273926e-01 -3.980408668518066406e+00 -4.211361885070800781e+00
8.392536044120788574e-01 1.026051759719848633e+00 4.185824692249298096e-01 -3.581802368164062500e+00 -9.440464377403259277e-01 4.011973857879638672e+00 -5.190928936004638672e+00 4.140532970428466797e+00 5.296462774276733398e-01 -2.244321346282958984e+00 -3.977991342544555664e+00 3.316708803176879883e+00 -3.912613868713378906e+00 3.097850084304809570e+00 2.186306238174438477e+00
1.596591472625732422e-01 7.032908797264099121e-01 4.746411442756652832e-01 -3.593880891799926758e+00 -2.240443229675292969e+00 -2.414261102676391602e+00 -7.985436320304870605e-01 3.133542537689208984e+00 -2.477863073348999023e+00 -3.635061502456665039e+00 4.966623187065124512e-01 1.823730945587158203e+00 1.868651986122131348e+00 -5.396153330802917480e-01 -1.256253600120544434e+00
-2.876306533813476562e+00 -1.631539821624755859e+00 -3.534467458724975586e+00 -1.324023604393005371e+00 -2.386572599411010742e+00 -2.521760225296020508e+00 -1.314828991889953613e+00 -5.557845592498779297e+00 -4.050363540649414062e+00 -1.519521713256835938e+00 5.016638278961181641e+00 -2.004158973693847656e+00 1.472903728485107422e+00 1.947155237197875977e+00 5.049875259399414062e+00
1.508737325668334961e+00 -6.222078800201416016e-01 -1.215535044670104980e+00 -1.446936488151550293e+00 -2.494899034500122070e+00 3.570730924606323242e+00 -1.438902735710144043e+00 -2.009093999862670898e+00 1.367461085319519043e+00 -6.115779876708984375e-01 1.238479256629943848e+00 -7.172234654426574707e-01 -7.157945632934570312e-01 5.224924683570861816e-01 -3.125096797943115234e+00
-2.080696105957031250e+00 3.406872749328613281e+00 1.922803997993469238e+00 1.742744684219360352e+00 6.006099581718444824e-01 7.592746615409851074e-02 -9.792251586914062500e-01 3.214236021041870117e+00 -3.723377466201782227e+00 -1.610468626022338867e+00 1.281075239181518555e+00 1.045928716659545898e+00 -4.263313293457031250e+00 -4.995152354240417480e-01 -3.291785955429077148e+00
1.163760662078857422e+00 1.560276839882135391e-02 1.870085358619689941e+00 1.608465552330017090e+00 -2.575584888458251953e+00 2.105459928512573242e+00 -1.536719322204589844e+00 -1.637319624423980713e-01 5.979934930801391602e-01 1.455749750137329102e+00 2.536342620849609375e+00 -2.568273060023784637e-02 -4.310358762741088867e-01 -1.594423651695251465e+00 -2.301642179489135742e+00
1.703436732292175293e+00 -1.741550207138061523e+00 1.532449722290039062e+00 1.189630270004272461e+00 7.247981429100036621e-01 1.025838494300842285e+00 -3.334904909133911133e+00 -3.466255664825439453e+00 1.075265407562255859e+00 -3.554389178752899170e-01 1.499795079231262207e+00 -4.394474923610687256e-01 -1.168753027915954590e+00 -2.632550239562988281e+00 -3.165408372879028320e+00
1.169126987457275391e+00 3.692795932292938232e-01 1.233027458190917969e+00 4.998921975493431091e-02 8.795998692512512207e-01 2.329897403717041016e+00 -4.037374496459960938e+00 -6.799019575119018555e-01 1.731390237808227539e+00 -1.128348231315612793e+00 1.076673269271850586e+00 -6.624053418636322021e-02 -1.380218625068664551e+00 -2.156592607498168945e+00 -3.157548189163208008e+00
4.174058437347412109e-01 -1.711329936981201172e+00 2.704842686653137207e-01 -1.950903177261352539e+00 1.693702697753906250e+00 1.238321542739868164e+00 -2.650568962097167969e+00 3.234408140182495117e+00 2.375665187835693359e+00 -4.248404979705810547e+00 -4.877160191535949707e-01 1.149000883102416992e+00 1.424130678176879883e+00 -6.481896042823791504e-01 7.351230978965759277e-01
1.762189984321594238e+00 -1.165158748626708984e-01 2.494473308324813843e-01 1.413400769233703613e+00 -7.237079739570617676e-01 4.772282838821411133e-01 -2.454694271087646484e+00 -4.035043716430664062e-01 -1.017775416374206543e+00 -2.602904796600341797e+00 1.255323767662048340e+00 1.718557238578796387e+00 -5.497140064835548401e-02 1.334146738052368164e+00 -2.605727672576904297e+00
1.177619814872741699e+00 1.322099685668945312e+00 1.952573955059051514e-01 -1.632075548171997070e+00 -2.203939676284790039e+00 2.684870719909667969e+00 -1.251576542854309082e+00 -5.826635360717773438e-01 -5.754098892211914062e-01 1.839542031288146973e+00 -2.862934768199920654e-02 -1.266849040985107422e+00 4.475247263908386230e-01 -3.068537712097167969e+00 -2.400569200515747070e+00
-5.618991702795028687e-02 8.292515873908996582e-01 -7.016953825950622559e-01 2.154880315065383911e-01 -4.267120361328125000e+00 1.710990309715270996e+00 -2.495779752731323242e+00 -2.330557852983474731e-01 7.137659192085266113e-01 1.158788561820983887e+00 -5.725124478340148926e-01 8.028787970542907715e-01 -2.324386358261108398e+00 1.635877370834350586e+00 4.024093151092529297e-01
5.580701828002929688e-01 -1.332034945487976074e+00 -4.291460812091827393e-01 -5.891982913017272949e-01 -1.319778263568878174e-01 -2.579011917114257812e+00 1.225562453269958496e+00 4.603863954544067383e-01 -3.767297506332397461e+00 -2.282284736633300781e+00 -8.346933722496032715e-01 -2.397628784179687500e+00 5.392211079597473145e-01 -2.086907148361206055e+00 -2.356314182281494141e+00
-5.307902812957763672e+00 -3.549201488494873047e+00 4.507244586944580078e+00 -1.468241959810256958e-01 1.608012318611145020e+00 -4.559473514556884766e+00 -3.038160324096679688e+00 -3.623853206634521484e+00 2.501099586486816406e+00 -3.507311642169952393e-02 1.374510884284973145e+00 -9.885730743408203125e-01 3.336511850357055664e-01 2.800896167755126953e+00 2.542572736740112305e+00
-1.961414694786071777e+00 -5.234745502471923828e+00 -6.984477043151855469e-01 1.798137873411178589e-01 -2.052726030349731445e+00 3.413263559341430664e-01 -1.225916028022766113e+00 -1.306225359439849854e-01 -2.510417938232421875e+00 2.315397024154663086e+00 -7.526046633720397949e-01 1.601982116699218750e+00 4.528954505920410156e+00 -2.393342733383178711e+00 -7.248512506484985352e-01
-4.512237548828125000e+00 -2.630630731582641602e+00 -6.405613422393798828e+00 -3.674254655838012695e+00 -2.104379415512084961e+00 4.264517784118652344e+00 2.930211782455444336e+00 2.023847103118896484e+00 -8.239743113517761230e-01 2.111383199691772461e+00 2.134251117706298828e+00 -3.515313863754272461e-01 -4.073632061481475830e-01 -8.145157098770141602e-01 -1.773108839988708496e+00
-1.120203852653503418e+00 -2.656139373779296875e+00 -4.932897686958312988e-01 1.575081586837768555e+00 3.486607074737548828e+00 2.045373678207397461e+00 -4.316391050815582275e-01 3.350848197937011719e+00 1.210171341896057129e+00 7.667819857597351074e-01 -6.293933391571044922e-01 -8.633862733840942383e-01 4.345556735992431641e+00 -4.214991092681884766e+00 -8.898999094963073730e-01
-1.953380227088928223e+00 -1.930171132087707520e+00 -1.117609381675720215e+00 2.259630918502807617e+00 2.093337535858154297e+00 3.549797534942626953e+00 -1.349498033523559570e+00 1.933805823326110840e+00 -1.051421761512756348e+00 5.934467315673828125e-01 -2.163803339004516602e+00 6.401677727699279785e-01 5.289739608764648438e+00 -4.378524720668792725e-01 -2.872150659561157227e+00
2.306911945343017578e+00 -2.475624561309814453e+00 3.914986848831176758e+00 3.291176557540893555e+00 3.045941114425659180e+00 2.976292610168457031e+00 2.769781112670898438e+00 2.951273202896118164e+00 4.503810405731201172e-01 1.468842864036560059e+00 1.711598157882690430e+00 -3.240562200546264648e+00 4.310144424438476562e+00 -2.879700660705566406e+00 -3.262609004974365234e+00
1.355051636695861816e+00 2.965794563293457031e+00 3.402985095977783203e+00 1.411483407020568848e+00 -1.118213176727294922e+00 -6.195108294486999512e-01 3.838780403137207031e+00 6.828169226646423340e-01 3.705610275268554688e+00 1.713471055030822754e+00 -3.057517051696777344e+00 -4.207119464874267578e+00 -5.095786094665527344e+00 -4.636293888092041016e+00 -8.446883559226989746e-01
2.792720556259155273e+00 -3.042034387588500977e+00 3.672566175460815430e+00 1.808253288269042969e+00 -4.495788216590881348e-01 1.635738611221313477e+00 3.166294574737548828e+00 -9.484281539916992188e-01 -3.926826953887939453e+00 6.921616792678833008e-01 -1.382734894752502441e+00 -1.193486928939819336e+00 -4.087577819824218750e+00 1.472355127334594727e-01 -3.116063117980957031e+00
-1.070082306861877441e+00 2.232713222503662109e+00 -9.382000565528869629e-01 -2.549463748931884766e+00 2.639735698699951172e+00 9.079021215438842773e-01 6.248098015785217285e-01 9.340530633926391602e-01 -2.326111555099487305e+00 -4.963979244232177734e+00 -2.357294082641601562e+00 1.076975345611572266e+00 -3.400553464889526367e+00 2.464006900787353516e+00 5.287148356437683105e-01
9.388797879219055176e-01 -2.790503501892089844e+00 -3.761016845703125000e+00 -3.854867935180664062e+00 1.155024617910385132e-01 -2.107619047164916992e+00 5.395250320434570312e-01 8.145152926445007324e-01 -2.961383342742919922e+00 -6.432146430015563965e-01 -8.799285888671875000e-01 3.042072057723999023e+00 1.796060562133789062e+00 1.025992274284362793e+00 3.922236680984497070e+00
-3.252181410789489746e-02 -4.189541339874267578e+00 -1.973913669586181641e+00 4.664250373840332031e+00 9.343673586845397949e-01 1.377615690231323242e+00 -3.106187283992767334e-01 -3.641654729843139648e+00 -1.553284287452697754e+00 1.695952892303466797e+00 -6.919596791267395020e-01 6.803577393293380737e-02 4.143989086151123047e+00 2.593383073806762695e+00 -1.530506968498229980e+00
1.742981791496276855e+00 -3.357456624507904053e-01 -2.342598915100097656e+00 -3.574674844741821289e+00 5.239590406417846680e-01 -2.624646186828613281e+00 1.482617855072021484e+00 6.653786301612854004e-01 -4.295052528381347656e+00 6.455192565917968750e-01 2.154793500900268555e+00 -2.285333395004272461e+00 4.638202190399169922e+00 -4.431124687194824219e+00 1.578640937805175781e+00
-6.481093406677246094e+00 -2.825596809387207031e+00 1.483727216720581055e+00 4.691206932067871094e+00 1.671642810106277466e-01 1.894726157188415527e+00 -1.825514197349548340e+00 -3.105172872543334961e+00 1.574553370475769043e+00 6.195908188819885254e-01 4.661023914813995361e-01 -2.846468448638916016e+00 -1.622763514518737793e+00 6.981071233749389648e-01 6.339984893798828125e+00
8.614490032196044922e-01 1.072358131408691406e+00 1.073939561843872070e+00 -1.639342784881591797e+00 3.736233472824096680e+00 -1.915404081344604492e+00 -1.410644769668579102e+00 -1.120977520942687988e+00 -2.430098056793212891e-01 5.972114562988281250e+00 -1.494423985481262207e+00 -2.558001279830932617e+00 -1.443068623542785645e+00 -3.683534860610961914e-01 4.109778404235839844e+00
4.039689064025878906e+00 4.986041069030761719e+00 1.548910975456237793e+00 -5.295468807220458984e+00 -1.168222665786743164e+00 -2.946088075637817383e+00 -5.574487686157226562e+00 -4.914131641387939453e+00 -2.712352752685546875e+00 -1.085628509521484375e+00 2.411448478698730469e+00 -5.504888892173767090e-01 -3.539504051208496094e+00 -2.006998062133789062e-01 2.252796173095703125e+00
-1.299927234649658203e+00 -2.255208015441894531e+00 4.115365028381347656e+00 5.348541259765625000e+00 5.258909702301025391e+00 -2.916108608245849609e+00 2.797195434570312500e+00 -7.975164055824279785e-01 3.847201108932495117e+00 -2.788235187530517578e+00 1.107412219047546387e+00 2.865781545639038086e+00 -3.324239015579223633e+00 -5.665942668914794922e+00 3.699696540832519531e+00
8.616841435432434082e-01 -1.604435443878173828e+00 2.789553880691528320e+00 -4.122229576110839844e+00 -1.880697011947631836e+00 -1.333296179771423340e+00 -7.219448685646057129e-01 -6.630169749259948730e-01 -2.763231694698333740e-01 3.375229835510253906e+00 -3.136948347091674805e+00 1.041699290275573730e+00 4.370571613311767578e+00 1.161766767501831055e+00 -4.445632934570312500e+00
-4.539416313171386719e+00 2.026117563247680664e+00 2.868430376052856445e+00 -3.091597184538841248e-02 3.940880060195922852e+00 -3.817209959030151367e+00 -4.115695953369140625e+00 5.206755638122558594e+00 6.666958332061767578e-01 -9.378914833068847656e-01 1.024050354957580566e+00 3.614431858062744141e+00 -1.730414032936096191e+00 2.896464824676513672e+00 -1.420571058988571167e-01
-5.261710643768310547e+00 -1.484203815460205078e+00 -1.639981746673583984e+00 1.916992664337158203e+00 -3.556584119796752930e+00 -2.185206413269042969e+00 7.729631662368774414e-01 1.415475368499755859e+00 -1.386932134628295898e+00 2.418321371078491211e+00 -5.753353834152221680e-01 -8.544827103614807129e-01 2.127479553222656250e+00 -1.694626927375793457e+00 -4.816421031951904297e+00
-3.797263383865356445e+00 -4.590179920196533203e+00 -2.715495824813842773e+00 1.089587926864624023e+00 -1.074409008026123047e+00 -1.130426406860351562e+00 -5.409540653228759766e+00 -2.924679994583129883e+00 -2.351523399353027344e+00 2.673262596130371094e+00 -1.720391660928726196e-01 2.879098892211914062e+00 -4.541989803314208984e+00 -1.197831053286790848e-02 -2.183424234390258789e+00
2.235453128814697266e+00 -2.448487997055053711e+00 -1.691937595605850220e-01 -4.196109294891357422e+00 -4.078063964843750000e+00 -1.605361104011535645e-01 7.127845883369445801e-01 -1.088295102119445801e+00 4.218113049864768982e-02 -2.464193105697631836e+00 -3.264679193496704102e+00 -1.961938261985778809e+00 4.394581317901611328e+00 -2.184904813766479492e+00 -1.861093640327453613e+00
1.466652989387512207e+00 -2.300081253051757812e+00 9.641690850257873535e-01 -2.190693855285644531e+00 2.779326915740966797e+00 -9.027262926101684570e-01 -1.465478181838989258e+00 1.525603175163269043e+00 -6.652727127075195312e-01 -3.789105653762817383e+00 -1.529071688652038574e+00 -4.242081642150878906e-01 2.379230022430419922e+00 3.446417152881622314e-01 -3.405741691589355469e+00
-3.661036252975463867e+00 -2.312827348709106445e+00 -4.956602156162261963e-01 6.016666293144226074e-01 1.737168192863464355e+00 -3.021943330764770508e+00 -3.454819679260253906e+00 -3.537368297576904297e+00 1.379243373870849609e+00 -1.084823489189147949e+00 1.167549252510070801e+00 -3.027269840240478516e-01 -2.777668237686157227e+00 -1.153060197830200195e+00 -3.952140092849731445e+00
