3.731666564941406250e+00 -2.362508535385131836e+00 2.075450420379638672e+00 -3.077707767486572266e+00 -1.546915531158447266e+00 -4.152976512908935547e+00 -1.961293935775756836e+00 2.897447586059570312e+00 -5.371900200843811035e-01 -2.558996438980102539e+00 -2.870506286621093750e+00 -2.672976851463317871e-01 -4.424189567565917969e+00 2.828213870525360107e-01 -6.338063716888427734e+00
-2.392918348312377930e+00 -4.836374282836914062e+00 -2.001371860504150391e+00 -8.229879140853881836e-01 1.380319237709045410e+00 1.071039795875549316e+00 2.806668758392333984e+00 -1.623984098434448242e+00 2.780728816986083984e+00 -9.146034121513366699e-01 -2.306401729583740234e+00 -2.781002759933471680e+00 -7.865175604820251465e-01 6.110116243362426758e-01 1.683721780776977539e+00
-2.532558202743530273e+00 -2.139196157455444336e+00 -5.680106878280639648e-01 -6.678602099418640137e-01 -1.407405495643615723e+00 1.622926592826843262e+00 -1.448078393936157227e+00 -7.634150236845016479e-02 4.817355424165725708e-02 -4.239205420017242432e-01 -1.211758852005004883e+00 2.625711917877197266e+00 4.847625494003295898e-01 -1.801889091730117798e-01 -1.668301105499267578e+00
1.147898674011230469e+00 2.355447292327880859e+00 -2.119053900241851807e-02 6.438990831375122070e-01 -2.871310234069824219e+00 -1.973988264799118042e-01 3.220578193664550781e+00 1.132760167121887207e+00 -1.434068560600280762e+00 2.527176618576049805e+00 1.979797244071960449e+00 2.879836320877075195e+00 -2.559098958969116211e+00 -3.376675605773925781e+00 -3.808856487274169922e+00
1.704983472824096680e+00 7.844544649124145508e-01 3.886393308639526367e+00 -2.111813783645629883e+00 3.304221391677856445e+00 -5.158710002899169922e+00 -4.667842388153076172e-01 1.134194016456604004e+00 -1.105718612670898438e+00 -1.697158575057983398e+00 4.415018081665039062e+00 3.554152727127075195e+00 -3.119808673858642578e+00 -3.515066504478454590e-01 4.572476744651794434e-01
3.296400547027587891e+00 4.547730088233947754e-01 -3.593475818634033203e+00 -2.304132699966430664e+00 3.691498756408691406e+00 -2.825651407241821289e+00 -3.734815835952758789e+00 2.340734958648681641e+00 -8.708167672157287598e-01 2.104144573211669922e+00 3.730354547500610352e+00 -1.953526020050048828e+00 -1.652407288551330566e+00 9.868273735046386719e-01 1.637980222702026367e+00
-4.591107964515686035e-01 -6.797854423522949219e+00 -4.266491413116455078e+00 -4.476302623748779297e+00 -1.489433288574218750e+00 -5.999888896942138672e+00 3.378503561019897461e+00 -2.621802091598510742e+00 4.144364833831787109e+00 9.607988595962524414e-01 -1.394978612661361694e-01 -8.017276763916015625e+00 2.092984914779663086e+00 3.840697765350341797e+00 5.897908806800842285e-01
-4.131091117858886719e+00 2.852524995803833008e+00 -1.187948465347290039e+00 2.406938821077346802e-01 3.641243934631347656e+00 -2.179143428802490234e+00 -5.461295127868652344e+00 -2.720523357391357422e+00 4.711916446685791016e+00 -3.752606630325317383e+00 -1.457800149917602539e+00 -2.866933107376098633e+00 3.649177074432373047e+00 -6.164755344390869141e+00 -2.870234727859497070e+00
-2.671002388000488281e+00 -3.597607851028442383e+00 -1.916717767715454102e+00 -1.865453600883483887e+00 -1.612147688865661621e+00 -5.312436819076538086e-01 1.777348637580871582e+00 -3.952708721160888672e+00 -2.744620800018310547e+00 -3.613720655441284180e+00 3.528894424438476562e+00 -1.815208345651626587e-01 -3.415726661682128906e+00 -1.299683094024658203e+00 1.991746306419372559e+00
2.363995790481567383e+00 -3.552229702472686768e-01 -3.682438850402832031e+00 2.999193668365478516e+00 -2.106552600860595703e+00 -1.181129813194274902e+00 -2.836351633071899414e+00 2.016922086477279663e-01 -3.069167613983154297e+00 -3.810793876647949219e+00 -3.825400590896606445e+00 -3.107525587081909180e+00 -5.396423816680908203e+00 -3.510891795158386230e-01 6.881494998931884766e+00
-2.099932670593261719e+00 -2.886518478393554688e+00 1.340836882591247559e+00 -2.667551040649414062e-01 -6.769311428070068359e-01 4.767997264862060547e-01 -6.705154776573181152e-01 1.656195372343063354e-01 4.933553218841552734e+00 -2.148169517517089844e+00 4.617958515882492065e-02 4.167810380458831787e-01 -4.841100275516510010e-01 7.826989889144897461e-01 -1.519660115242004395e+00
-2.492018043994903564e-01 3.074326038360595703e+00 -3.770925998687744141e+00 2.367394447326660156e+00 2.558831453323364258e+00 1.152387022972106934e+00 -4.724178314208984375e+00 4.273836612701416016e-01 1.143822431564331055e+00 1.401763677597045898e+00 2.531765401363372803e-02 9.035102725028991699e-01 -6.861814260482788086e-01 8.170717628672719002e-04 3.893268585205078125e+00
-8.456581830978393555e-01 2.700565576553344727e+00 -3.569861173629760742e+00 2.137304782867431641e+00 1.097345352172851562e+00 3.474519729614257812e+00 -1.550097703933715820e+00 -8.037534952163696289e-01 -4.732683658599853516e+00 -9.269018173217773438e-01 -4.221658110618591309e-01 1.443598985671997070e+00 -3.935121059417724609e+00 -1.081230282783508301e+00 -2.646888732910156250e+00
-4.750326633453369141e+00 3.883667290210723877e-02 4.178168773651123047e+00 3.690002858638763428e-01 1.224290728569030762e+00 4.677905082702636719e+00 -5.276525497436523438e+00 5.813096046447753906e+00 -1.365320086479187012e+00 -5.555605411529541016e+00 -6.890328228473663330e-02 4.351975861936807632e-03 -6.635439991950988770e-01 -4.932588100433349609e+00 3.342324733734130859e+00
-4.349104881286621094e+00 1.697231650352478027e+00 -9.836318492889404297e-01 -8.154775500297546387e-01 -3.535979270935058594e+00 2.032099246978759766e+00 -1.696009635925292969e+00 3.275098800659179688e+00 9.497554898262023926e-01 3.476787328720092773e+00 3.778903245925903320e+00 -4.712045669555664062e+00 3.436375379562377930e+00 -2.041725873947143555e+00 -1.655609607696533203e-01
3.982470512390136719e+00 -1.015335679054260254e+00 -1.467699855566024780e-01 1.389798402786254883e+00 -3.361615896224975586e+00 -2.358515024185180664e+00 -1.368692636489868164e+00 4.623733043670654297e+00 2.226039409637451172e+00 1.825275063514709473e+00 -6.054086685180664062e+00 1.488552927970886230e+00 -8.408170700073242188e+00 1.609570264816284180e+00 -5.134695529937744141e+00
4.469902515411376953e+00 7.123675197362899780e-03 -1.003774285316467285e+00 -1.423692464828491211e+00 -1.644150614738464355e+00 -1.442642509937286377e-01 3.188173770904541016e-01 -2.739438228309154510e-02 1.139158725738525391e+00 4.026878356933593750e+00 -4.062814712524414062e+00 -6.377902030944824219e+00 -3.828278064727783203e+00 2.376081943511962891e+00 2.564882993698120117e+00
-2.515228986740112305e+00 -6.635016202926635742e-01 -3.189635753631591797e+00 1.424134969711303711e+00 4.223646163940429688e+00 6.800759792327880859e+00 -1.015339493751525879e-01 3.667750835418701172e+00 -4.906837940216064453e+00 -2.904316663742065430e+00 4.737434387207031250e+00 -1.482221722602844238e+00 9.118475317955017090e-01 3.024850845336914062e+00 2.241297483444213867e+00
-1.179587006568908691e+00 -2.335771799087524414e+00 -2.096418380737304688e+00 -5.337139368057250977e-01 1.183123469352722168e+00 -3.801187276840209961e-01 2.380469560623168945e+00 -2.797726869583129883e+00 5.149957656860351562e+00 -1.473352670669555664e+00 -3.228465318679809570e+00 -1.343478083610534668e+00 -3.189498662948608398e+00 2.381127357482910156e+00 4.814763545989990234e+00
-5.087380483746528625e-02 -4.167833328247070312e+00 -3.426001965999603271e-01 2.649968385696411133e+00 2.426901161670684814e-01 1.647001385688781738e+00 -1.834788680076599121e+00 -6.679545044898986816e-01 2.109638690948486328e+00 1.032440304756164551e+00 9.046714901924133301e-01 -1.026132255792617798e-01 2.664455652236938477e+00 1.069654226303100586e+00 -1.668959498405456543e+00
-5.088411569595336914e-01 -1.404817700386047363e+00 -4.902091920375823975e-01 2.174234867095947266e+00 1.731352061033248901e-01 -1.394672274589538574e+00 -1.776839852333068848e+00 4.993259608745574951e-01 -3.189499616622924805e+00 -2.046155333518981934e-01 2.012455940246582031e+00 2.706745266914367676e-01 7.781291604042053223e-01 1.389485478401184082e+00 -2.504720389842987061e-01
-2.813778877258300781e+00 8.649347424507141113e-01 3.593819618225097656e+00 -9.995915293693542480e-01 2.857845043763518333e-03 4.997194111347198486e-01 4.308279514312744141e+00 3.769689202308654785e-01 1.480564236640930176e+00 1.190152168273925781e+00 -1.588564634323120117e+00 -5.868911147117614746e-01 1.502077341079711914e+00 1.979885458946228027e+00 -1.877168059349060059e+00
2.094261169433593750e+00 -1.532927989959716797e+00 5.850390195846557617e-01 3.136179924011230469e+00 9.890645146369934082e-01 3.482133626937866211e+00 -1.204824820160865784e-02 4.520666599273681641e+00 -2.347414016723632812e+00 9.504323452711105347e-02 -4.056007862091064453e+00 3.168448805809020996e-01 -3.732059717178344727e+00 -2.018565416336059570e+00 -3.102626502513885498e-01
-1.137723445892333984e+00 2.364866256713867188e+00 -2.478711158037185669e-01 -1.369211435317993164e+00 -4.100550174713134766e+00 -5.973944067955017090e-01 4.249281406402587891e+00 2.794940948486328125e+00 -1.855227500200271606e-01 -5.443523526191711426e-01 3.586019277572631836e-01 1.980124235153198242e+00 1.177839756011962891e+00 2.009780645370483398e+00 -2.662610292434692383e+00
-1.840811520814895630e-01 1.556341171264648438e+00 -1.053414821624755859e+00 2.029075860977172852e+00 8.277970552444458008e-01 -4.118534177541732788e-02 3.758745789527893066e-01 -4.315418004989624023e-01 -1.064818143844604492e+00 2.353206872940063477e+00 -1.901576042175292969e+00 2.334693670272827148e+00 -7.340526580810546875e-01 -5.546026825904846191e-01 1.089263081550598145e+00
-9.609452486038208008e-01 1.744444847106933594e+00 2.818986773490905762e-01 -2.077527761459350586e+00 9.798709750175476074e-01 2.290592670440673828e+00 1.538358926773071289e+00 -1.893098503351211548e-01 2.848993241786956787e-01 1.891067624092102051e+00 -2.278124332427978516e+00 -2.801578938961029053e-01 -1.183082103729248047e+00 1.506093263626098633e+00 -1.693919420242309570e+00
-2.674346923828125000e+00 -1.546673536300659180e+00 5.427415370941162109e+00 -5.297965049743652344e+00 2.391124963760375977e+00 8.037373423576354980e-01 1.368592739105224609e+00 8.271646499633789062e-01 3.229285955429077148e+00 2.535886764526367188e+00 -1.207128882408142090e+00 -2.713721752166748047e+00 1.965344071388244629e+00 2.045706510543823242e+00 1.125736474990844727e+00
7.663878202438354492e-01 2.340024709701538086e+00 2.096346020698547363e-02 -2.845475912094116211e+00 5.545178651809692383e-01 1.782864212989807129e+00 -1.681725978851318359e-01 1.202185273170471191e+00 4.517885744571685791e-01 -1.750292420387268066e+00 -3.452384233474731445e+00 2.421547651290893555e+00 9.411864876747131348e-01 1.165750503540039062e+00 -2.100367546081542969e+00
1.454552650451660156e+00 2.145992279052734375e+00 -1.266204118728637695e+00 -3.627933263778686523e-01 -9.489573240280151367e-01 -2.459546327590942383e-01 6.326545476913452148e-01 -2.087529420852661133e+00 -1.093143701553344727e+00 4.508285045623779297e+00 -1.852047681808471680e+00 -1.099428255110979080e-02 -5.623855590820312500e-01 -2.731545865535736084e-01 4.999962151050567627e-01
-2.501513957977294922e+00 -3.958596944808959961e+00 -4.907855033874511719e+00 7.707764953374862671e-02 1.781864404678344727e+00 -1.667253375053405762e+00 -3.367279052734375000e+00 1.499741435050964355e+00 -2.273624658584594727e+00 -4.531602263450622559e-01 -3.927572727203369141e+00 2.828270494937896729e-01 -1.169743180274963379e+00 3.335305690765380859e+00 -4.883972704410552979e-01
-1.250057518482208252e-01 -2.826324462890625000e+00 8.389046043157577515e-02 -5.805273652076721191e-01 2.015158653259277344e+00 6.620307564735412598e-01 5.831552743911743164e-01 1.843412756919860840e+00 -6.601729393005371094e-01 6.156541824340820312e+00 -2.234942197799682617e+00 8.012981414794921875e-01 4.474291205406188965e-01 -1.792862415313720703e+00 -2.097206592559814453e+00
-1.405622005462646484e+00 -3.192836940288543701e-01 -8.983339071273803711e-01 4.320807754993438721e-01 1.373659133911132812e+00 -2.495909214019775391e+00 4.040143966674804688e+00 6.307905197143554688e+00 1.650583505630493164e+00 2.102949619293212891e+00 -1.256733655929565430e+00 3.905867338180541992e+00 3.725276708602905273e+00 -7.366374731063842773e-01 -1.573291659355163574e+00
-5.454767227172851562e+00 -2.103014230728149414e+00 -2.898734331130981445e+00 -1.852611899375915527e-01 -2.743624687194824219e+00 2.247078657150268555e+00 -5.454775333404541016e+00 5.412389039993286133e-01 -3.219696998596191406e+00 -8.649309873580932617e-01 3.192247390747070312e+00 -2.416620254516601562e+00 5.596176624298095703e+00 2.109038531780242920e-01 -2.466252803802490234e+00
-1.557673454284667969e+00 1.787012368440628052e-01 -1.635721683502197266e+00 1.475974619388580322e-01 -1.089653447270393372e-01 -6.808457374572753906e+00 3.090661287307739258e+00 -5.429065704345703125e+00 3.585955619812011719e+00 2.500817775726318359e+00 -6.166848182678222656e+00 -3.003673791885375977e+00 3.952089786529541016e+00 3.767586350440979004e-01 2.879140377044677734e+00
6.953008174896240234e-01 -3.086748361587524414e+00 -2.226951360702514648e+00 1.976064205169677734e+00 -3.950355291366577148e+00 8.292035460472106934e-01 3.536541938781738281e+00 -2.833414554595947266e+00 -1.070529460906982422e+00 1.192511081695556641e+00 -5.572469234466552734e-01 -2.226815938949584961e+00 4.854420423507690430e-01 -4.034838199615478516e+00 -6.640474796295166016e+00
-2.649048328399658203e+00 -5.679610252380371094e+00 6.265047192573547363e-01 -4.148980617523193359e+00 3.616118431091308594e-01 9.850489497184753418e-01 4.562446773052215576e-01 -5.566139817237854004e-01 3.573503494262695312e-01 -6.061510562896728516e+00 -5.185068130493164062e+00 3.464655280113220215e-01 -4.197969436645507812e+00 3.428787946701049805e+00 7.169402122497558594e+00
-9.915899634361267090e-01 -6.164679527282714844e-01 -3.064911842346191406e+00 1.238590478897094727e+00 -1.314309477806091309e+00 9.043539166450500488e-01 -1.222051620483398438e+00 -1.333448529243469238e+00 -7.241094112396240234e-01 3.421810641884803772e-02 -2.000690460205078125e+00 2.160415984690189362e-02 -4.158532142639160156e+00 -1.134448528289794922e+00 -1.595628261566162109e+00
-2.473023384809494019e-01 -3.515947580337524414e+00 1.586346864700317383e+00 -8.995811939239501953e-01 -1.271029233932495117e+00 -1.257305145263671875e+00 3.963009715080261230e-01 1.465908646583557129e+00 5.044835090637207031e+00 6.269004940986633301e-01 2.106353759765625000e+00 1.765200257301330566e+00 3.322873353958129883e+00 3.252984285354614258e+00 -3.271890163421630859e+00
2.054266214370727539e+00 4.256796240806579590e-01 -1.484920263290405273e+00 3.398175477981567383e+00 1.147904038429260254e+00 1.390706002712249756e-01 -1.324015110731124878e-02 4.953437149524688721e-01 -5.690133571624755859e-01 -1.585540533065795898e+00 -1.243753552436828613e+00 3.651719093322753906e-01 -3.825221955776214600e-01 2.881290674209594727e+00 1.700571537017822266e+00
-2.586385905742645264e-01 -1.920037716627120972e-01 4.970287680625915527e-01 3.370784282684326172e+00 3.850177764892578125e+00 7.098022103309631348e-01 -2.747349977493286133e+00 4.366259574890136719e+00 -8.612046837806701660e-01 -1.786643147468566895e+00 -1.384035944938659668e+00 4.538686275482177734e-01 -2.812864303588867188e+00 1.470381021499633789e+00 4.193462848663330078e+00
1.362004160881042480e+00 2.655707597732543945e+00 3.623800277709960938e+00 4.326987266540527344e+00 2.694073677062988281e+00 2.835037186741828918e-02 1.582134127616882324e+00 -1.230747580528259277e+00 2.107642650604248047e+00 1.414213180541992188e+00 -2.690417528152465820e+00 -1.276615500450134277e+00 3.313554525375366211e-01 1.455929517745971680e+00 -9.421069025993347168e-01
-3.479748249053955078e+00 2.308977127075195312e+00 -6.547738313674926758e-01 3.985315084457397461e+00 -9.821400642395019531e-01 1.771869301795959473e+00 4.439281523227691650e-01 -8.874967694282531738e-01 1.964711993932723999e-01 2.574042797088623047e+00 -1.059313490986824036e-01 -1.798207640647888184e+00 3.112140178680419922e+00 3.604513108730316162e-01 -1.990979909896850586e-01
-6.483510136604309082e-01 9.799741506576538086e-01 -2.212118625640869141e+00 -1.739867448806762695e+00 -8.977649807929992676e-01 3.336655378341674805e+00 -1.523174405097961426e+00 -2.483641386032104492e+00 2.053244113922119141e+00 -1.882142424583435059e+00 5.549434423446655273e-01 4.695434570312500000e-01 1.423507452011108398e+00 6.078249931335449219e+00 -7.016016483306884766e+00
-2.589712619781494141e+00 -3.207898378372192383e+00 5.550688266754150391e+00 -1.140150666236877441e+00 -5.797140598297119141e-01 2.866080045700073242e+00 -2.035542011260986328e+00 3.972091913223266602e+00 1.547173976898193359e+00 -3.849755048751831055e+00 -3.039063930511474609e+00 -6.766287088394165039e-01 7.901855468750000000e+00 -2.738791227340698242e+00 4.653081297874450684e-02
-2.724868535995483398e+00 2.885351896286010742e+00 1.174315094947814941e+00 -1.281337022781372070e+00 3.447168827056884766e+00 2.599796772003173828e+00 1.498782873153686523e+00 -2.184325933456420898e+00 4.387281239032745361e-01 3.385880589485168457e-01 -5.591579899191856384e-02 -3.408115863800048828e+00 -1.042231798171997070e+00 1.371170282363891602e+00 3.891530990600585938e+00
-3.577765822410583496e-01 3.213053464889526367e+00 -4.699570685625076294e-02 -8.123098015785217285e-01 -4.786766767501831055e-01 -3.843447566032409668e-01 1.521785855293273926e+00 -1.700173735618591309e+00 1.990502238273620605e+00 4.860254764556884766e+00 2.617240905761718750e+00 2.945239283144474030e-02 3.672527968883514404e-01 -1.579558134078979492e+00 3.170804977416992188e+00
1.514449238777160645e+00 1.632107734680175781e+00 -2.473773241043090820e+00 6.789211034774780273e-01 -2.444405108690261841e-01 -1.334305047988891602e+00 1.296935558319091797e+00 -4.608920812606811523e-01 -1.217063188552856445e+00 2.878902196884155273e+00 -6.438966393470764160e-01 3.853159546852111816e-01 2.846660017967224121e-01 -1.260853856801986694e-01 1.069066405296325684e+00
-1.145217657089233398e+00 -1.121798992156982422e+00 -1.036422967910766602e+00 -1.359830349683761597e-01 -2.167953491210937500e+00 -2.841657102108001709e-01 -3.487115144729614258e+00 -2.369377136230468750e+00 -3.350702285766601562e+00 4.282434940338134766e+00 -1.496995329856872559e+00 -8.461348414421081543e-01 1.018406152725219727e+00 -1.678828239440917969e+00 -1.043964028358459473e+00
4.738626480102539062e-01 -4.122761249542236328e+00 1.033212423324584961e+00 1.172400712966918945e+00 4.048609256744384766e+00 -1.592009782791137695e+00 2.592504024505615234e+00 3.156508922576904297e+00 -2.948830604553222656e+00 5.742689609527587891e+00 -2.263218402862548828e+00 -1.207024335861206055e+00 1.083357095718383789e+00 -2.518789768218994141e+00 -8.465936779975891113e-01
3.468292653560638428e-01 3.387283563613891602e+00 -2.568538486957550049e-01 2.264971584081649780e-01 -4.139323234558105469e+00 4.887110233306884766e+00 -3.765952348709106445e+00 -1.861413270235061646e-01 -1.084372162818908691e+00 -2.136525213718414307e-01 5.436170101165771484e-01 -9.097142219543457031e-01 -2.906167268753051758e+00 -3.983408689498901367e+00 7.181166410446166992e-01
-7.248396277427673340e-01 -3.976675510406494141e+00 -5.338239669799804688e+00 2.574115037918090820e+00 2.716679096221923828e+00 -1.440630078315734863e+00 -1.376136183738708496e+00 -2.188534259796142578e+00 -4.197650909423828125e+00 6.472385883331298828e+00 -1.235890507698059082e+00 1.179096460342407227e+00 2.264297008514404297e+00 -1.772775769233703613e+00 4.333631098270416260e-01
-9.055154323577880859e-01 -9.559348225593566895e-01 2.351622819900512695e+00 -1.514128327369689941e+00 1.210208892822265625e+00 -5.700556278228759766e+00 -1.361891031265258789e+00 6.581157684326171875e+00 1.708177208900451660e+00 5.764034986495971680e-01 -3.377104043960571289e+00 -6.620473861694335938e-01 -3.765427112579345703e+00 4.871296405792236328e+00 2.138158321380615234e+00
-1.296925783157348633e+00 2.877394258975982666e-01 9.335361123085021973e-01 3.507628440856933594e+00 -1.009856224060058594e+00 2.726444005966186523e+00 -2.689775526523590088e-01 -9.759781360626220703e-01 -4.198002338409423828e+00 3.364048957824707031e+00 -3.690041899681091309e-01 -4.368435382843017578e+00 4.863521575927734375e+00 -1.857144355773925781e+00 -5.743058204650878906e+00
-2.117127656936645508e+00 -4.736890792846679688e+00 -1.588505864143371582e+00 5.326759815216064453e-01 2.368474960327148438e+00 4.053534567356109619e-01 -2.731382369995117188e+00 -6.154491901397705078e+00 -1.217260479927062988e+00 -6.743079662322998047e+00 -4.395501613616943359e+00 -5.956640720367431641e+00 -1.035480403900146484e+01 3.390060186386108398e+00 -2.273804426193237305e+00
9.741452932357788086e-01 -1.542234539985656738e+00 -3.644701242446899414e-01 4.289943695068359375e+00 -3.695322036743164062e+00 -2.054410219192504883e+00 -5.046766996383666992e-02 -1.785797834396362305e+00 3.839320659637451172e+00 -3.717766761779785156e+00 8.401954919099807739e-02 2.413877546787261963e-01 -3.673790454864501953e+00 1.093975901603698730e+00 -5.968743562698364258e-01
-3.425666809082031250e+00 -5.424858093261718750e+00 9.907384514808654785e-01 1.292891055345535278e-01 -2.628083944320678711e+00 1.532760143280029297e+00 1.944794416427612305e+00 4.748713076114654541e-01 9.305603504180908203e-01 -2.963891267776489258e+00 -2.918131589889526367e+00 4.081941127777099609e+00 1.896077841520309448e-01 1.757777690887451172e+00 -3.450437784194946289e+00
-1.129824995994567871e+00 -3.207346916198730469e+00 1.709143161773681641e+00 7.228131294250488281e-01 2.363446712493896484e+00 -1.912007629871368408e-01 -2.704950571060180664e+00 -6.892411708831787109e-01 -1.088616132736206055e+00 -5.476173162460327148e-01 1.277647733688354492e+00 -1.279902458190917969e+00 7.438290119171142578e-01 3.714545965194702148e+00 -2.027214765548706055e+00
-1.528676301240921021e-01 -3.340971946716308594e+00 -2.008651256561279297e+00 3.828439712524414062e+00 -2.242073059082031250e+00 3.019264221191406250e+00 -1.370787858963012695e+00 -1.125753760337829590e+00 -3.585326433181762695e+00 6.200998425483703613e-01 -6.523960828781127930e-01 2.880398988723754883e+00 -3.312002718448638916e-01 1.217008113861083984e+00 -3.357224225997924805e+00
-1.512071013450622559e+00 -7.994746565818786621e-01 1.646282553672790527e+00 2.794743776321411133e+00 2.081465423107147217e-01 -4.842197299003601074e-01 7.897812128067016602e-01 -1.161752939224243164e+00 3.458226621150970459e-01 -1.441130638122558594e+00 -2.917528152465820312e-01 4.043707847595214844e-01 3.152356386184692383e+00 2.350631713867187500e+00 1.690966486930847168e+00
1.161132693290710449e+00 -1.436987876892089844e+00 -1.408736586570739746e+00 5.168788433074951172e+00 8.987983465194702148e-01 5.417771339416503906e-01 -2.145496845245361328e+00 -1.629318833351135254e+00 -3.212632179260253906e+00 1.585469245910644531e-01 4.033352434635162354e-01 -5.368868112564086914e-01 -4.230698943138122559e-01 7.996633648872375488e-01 1.205049872398376465e+00
-1.672553420066833496e+00 3.089051961898803711e+00 -9.940891265869140625e-01 2.456584930419921875e+00 1.406910419464111328e+00 -4.946310043334960938e+00 4.531381607055664062e+00 3.847970485687255859e+00 3.266731262207031250e+00 1.363376379013061523e+00 -3.727580547332763672e+00 -2.605442285537719727e+00 -4.099460124969482422e+00 -3.386013507843017578e+00 -1.006782770156860352e+00
1.400046110153198242e+00 -1.287774085998535156e+00 4.601464867591857910e-01 4.141131877899169922e+00 8.329945206642150879e-01 -6.589472889900207520e-01 -1.300492525100708008e+00 -1.811558961868286133e+00 -2.245937108993530273e+00 1.582800000905990601e-01 1.348072648048400879e+00 -1.449685335159301758e+00 2.263575643301010132e-01 1.713919878005981445e+00 1.124457597732543945e+00
-1.752926111221313477e-01 -3.879969835281372070e+00 -1.383498311042785645e-01 2.635193824768066406e+00 -3.369439244270324707e-01 -9.134542346000671387e-01 2.359901517629623413e-01 1.075091004371643066e+00 -3.817218542098999023e+00 -3.086992800235748291e-01 -2.170994281768798828e+00 2.683777809143066406e+00 8.636798262596130371e-01 8.134928345680236816e-01 6.747829914093017578e-01
9.216851592063903809e-01 -2.739701867103576660e-01 2.830575704574584961e-01 3.578209400177001953e+00 -8.138069510459899902e-02 -6.872445940971374512e-01 -7.790590077638626099e-02 4.364959895610809326e-02 -2.064018249511718750e+00 -1.740881085395812988e+00 1.650193572044372559e+00 3.386701941490173340e-01 9.135497808456420898e-01 1.526913642883300781e+00 5.385172963142395020e-01
1.339024186134338379e+00 1.896227717399597168e+00 6.979690790176391602e-01 2.177380084991455078e+00 -1.437932729721069336e+00 -1.326925039291381836e+00 -2.763500250875949860e-02 -6.221106648445129395e-01 5.341498851776123047e-01 1.124740958213806152e+00 2.770773410797119141e+00 3.305971145629882812e+00 -4.222096409648656845e-03 1.164261221885681152e+00 -3.358200073242187500e+00
5.050277709960937500e-01 1.432739645242691040e-01 2.109838962554931641e+00 -1.912711143493652344e+00 -3.484220504760742188e+00 -1.156545996665954590e+00 3.431928157806396484e+00 2.038352191448211670e-02 4.758891165256500244e-01 2.073938846588134766e+00 2.682515859603881836e+00 2.368882417678833008e+00 3.165472447872161865e-01 1.972520828247070312e+00 -4.600419044494628906e+00
-5.155393481254577637e-02 -1.738399267196655273e+00 1.510353565216064453e+00 4.430907249450683594e+00 1.593386530876159668e+00 -8.547649383544921875e-01 -9.223159551620483398e-01 -7.159380316734313965e-01 -1.762926816940307617e+00 -1.843428850173950195e+00 1.090244650840759277e+00 -1.000594377517700195e+00 2.214199304580688477e+00 1.314355969429016113e+00 1.444540500640869141e+00
-1.341397643089294434e+00 -5.926526188850402832e-01 -9.035953879356384277e-01 3.303293228149414062e+00 -2.288639307022094727e+00 9.401723146438598633e-01 -1.209092140197753906e+00 -2.827877998352050781e-01 -3.963808298110961914e+00 2.070172548294067383e+00 1.749531626701354980e+00 1.052972435951232910e+00 -8.060676455497741699e-01 -1.191937685012817383e+00 1.408629417419433594e-01
-4.699178040027618408e-01 -8.271125555038452148e-01 -8.446406573057174683e-03 4.207508087158203125e+00 3.234478831291198730e-01 -8.042921423912048340e-01 9.476146101951599121e-01 6.248400211334228516e-01 -2.739257216453552246e-01 -2.470010757446289062e+00 1.877066731452941895e+00 9.775467514991760254e-01 2.582874059677124023e+00 1.193341135978698730e+00 1.060893893241882324e+00
1.549860596656799316e+00 1.506902694702148438e+00 2.376767873764038086e+00 3.563529968261718750e+00 6.540876626968383789e-02 -4.394397139549255371e-01 -1.608533263206481934e+00 -1.443009614944458008e+00 -9.863376617431640625e-01 8.611381053924560547e-01 2.937104463577270508e+00 -8.124020695686340332e-02 -7.258806228637695312e-01 7.452097535133361816e-01 -1.302313327789306641e+00
-4.610150337219238281e+00 -2.321286678314208984e+00 -1.490447282791137695e+00 -2.443401098251342773e+00 -3.014050722122192383e+00 -1.926914095878601074e+00 -1.551652431488037109e+00 -3.070617437362670898e+00 2.758615255355834961e+00 2.922795534133911133e+00 -1.256899714469909668e+00 2.471349000930786133e+00 2.368703335523605347e-01 4.087280750274658203e+00 -3.776184082031250000e+00
-3.781908750534057617e+00 -2.352205850183963776e-02 5.935429930686950684e-01 4.875041171908378601e-02 2.959955930709838867e+00 5.696871876716613770e-01 -3.357867002487182617e+00 -2.930315494537353516e+00 -7.359638810157775879e-01 1.746983289718627930e+00 8.015323281288146973e-01 -1.556437492370605469e+00 -7.139167189598083496e-01 3.240358829498291016e+00 1.245545268058776855e+00
-1.821174860000610352e+00 2.207249104976654053e-01 -5.455443263053894043e-01 3.434828758239746094e+00 -3.551270067691802979e-01 1.572763562202453613e+00 2.311512708663940430e+00 3.491549015045166016e+00 1.545055389404296875e+00 8.709269165992736816e-01 -4.238978326320648193e-01 -1.568960785865783691e+00 1.995328664779663086e+00 7.778483629226684570e-01 1.579415798187255859e+00
4.956027865409851074e-01 1.491485595703125000e+00 2.257181890308856964e-02 4.913070678710937500e+00 3.089748620986938477e+00 2.956679105758666992e+00 2.850308418273925781e-01 3.889454126358032227e+00 -1.523719668388366699e+00 -2.555210351943969727e+00 -3.802865743637084961e+00 -2.363951921463012695e+00 -3.277683496475219727e+00 1.738488912582397461e+00 1.090381622314453125e+00
-5.644301176071166992e-01 4.668305397033691406e+00 -2.438568592071533203e+00 2.329258918762207031e+00 -1.851145505905151367e+00 -8.322712182998657227e-01 1.917530894279479980e+00 2.443592309951782227e+00 -1.651102066040039062e+00 -1.308245778083801270e+00 8.565498888492584229e-02 -3.629149436950683594e+00 1.567001223564147949e+00 1.190144300460815430e+00 4.118170738220214844e+00
1.028087496757507324e+00 7.678035497665405273e-01 2.337173938751220703e+00 -9.191905856132507324e-01 7.299100756645202637e-01 2.627017736434936523e+00 -1.631672024726867676e+00 -1.045318961143493652e+00 7.556444406509399414e-01 2.663988173007965088e-01 -4.616249561309814453e+00 -2.632166862487792969e+00 2.933902025222778320e+00 8.744512796401977539e-01 1.022591471672058105e+00
-1.767307162284851074e+00 5.419055938720703125e+00 -1.946374773979187012e+00 1.365499019622802734e+00 4.547334194183349609e+00 4.666224956512451172e+00 -2.038661718368530273e+00 -4.238185882568359375e+00 7.606101036071777344e-02 2.185260295867919922e+00 -4.063540458679199219e+00 3.412739276885986328e+00 -1.457368880510330200e-01 -1.664397239685058594e+00 -3.699593305587768555e+00
-4.732235431671142578e+00 5.114366531372070312e+00 2.923887968063354492e-01 -4.347092509269714355e-01 -1.616558134555816650e-01 -3.151742935180664062e+00 4.300244808197021484e+00 1.482605695724487305e+00 -5.014882564544677734e+00 -1.032624125480651855e+00 -4.919681549072265625e-01 -4.181778132915496826e-01 -8.050959587097167969e+00 -3.869365215301513672e+00 -1.407856643199920654e-01
3.204498291015625000e+00 2.332812547683715820e+00 -2.185236215591430664e+00 1.203857421875000000e+00 -3.311680316925048828e+00 -3.847522497177124023e+00 2.304073810577392578e+00 1.127851247787475586e+00 -3.774955570697784424e-01 -3.339166164398193359e+00 1.961529493331909180e+00 3.124864771962165833e-02 3.321193933486938477e+00 1.381714344024658203e+00 2.551064968109130859e+00
-5.328747630119323730e-01 -2.751787900924682617e+00 -8.362879157066345215e-01 -1.118187785148620605e+00 -1.736050605773925781e+00 3.948293209075927734e+00 2.071485280990600586e+00 -1.675716280937194824e+00 4.537899017333984375e+00 -2.698620080947875977e+00 -1.837582230567932129e+00 6.623972654342651367e-01 -7.127452492713928223e-01 2.055751800537109375e+00 -3.618126630783081055e+00
-2.907658517360687256e-01 2.957460880279541016e+00 -2.379847288131713867e+00 -4.914847314357757568e-01 -4.179072380065917969e+00 -7.667372822761535645e-01 -4.850886344909667969e+00 -1.355606794357299805e+00 -2.591924965381622314e-01 1.756217479705810547e+00 -1.596862435340881348e+00 -1.746249198913574219e+00 -3.104353666305541992e+00 6.559681892395019531e-01 1.538413166999816895e+00
-5.446060299873352051e-01 -9.215805679559707642e-02 -2.406687021255493164e+00 -2.295016050338745117e+00 -1.433008790016174316e+00 -2.640980005264282227e+00 1.505235314369201660e+00 3.362885236740112305e+00 -3.041588068008422852e+00 2.413464486598968506e-01 -2.444164276123046875e+00 9.609761089086532593e-02 2.417975425720214844e+00 -9.136860370635986328e-01 4.263373851776123047e+00
-2.928537130355834961e+00 -5.970363616943359375e-01 -1.635620236396789551e+00 -6.296586394309997559e-01 -4.121809482574462891e+00 -2.961950302124023438e+00 -2.272342681884765625e+00 2.021507024765014648e+00 -3.657793521881103516e+00 -1.272005200386047363e+00 -1.907356262207031250e+00 2.983109354972839355e-01 1.974068641662597656e+00 -1.500185608863830566e+00 3.430470228195190430e+00
2.000032901763916016e+00 2.218451976776123047e+00 -6.283504962921142578e+00 4.485728442668914795e-01 2.691857814788818359e+00 1.474043250083923340e+00 -1.620913028717041016e+00 -3.184667825698852539e+00 -2.799959659576416016e+00 -6.348281502723693848e-01 -2.201652765274047852e+00 6.084050655364990234e+00 8.207131624221801758e-01 5.999406337738037109e+00 2.853633403778076172e+00
1.718035340309143066e+00 -9.744771718978881836e-01 -1.464871764183044434e+00 2.430006265640258789e-01 -1.968635201454162598e+00 4.593379020690917969e+00 -4.139141082763671875e+00 -5.302410602569580078e+00 -1.325475811958312988e+00 -5.135986328125000000e+00 1.002409160137176514e-01 1.030998110771179199e+00 3.109250307083129883e+00 9.686607122421264648e-01 2.228543460369110107e-01
2.367536723613739014e-01 -1.046024084091186523e+00 -4.629277229309082031e+00 -3.179376602172851562e+00 -3.632434308528900146e-01 -4.261201322078704834e-01 4.425437927246093750e+00 -2.396872997283935547e+00 -2.351010560989379883e+00 -2.671975374221801758e+00 -1.665677309036254883e+00 2.287172794342041016e+00 -2.025346517562866211e+00 -4.630878448486328125e+00 -3.045179843902587891e+00
-2.846460938453674316e-01 -1.789904594421386719e+00 8.923058509826660156e-01 -1.452775120735168457e+00 2.244602918624877930e+00 1.422281265258789062e+00 5.128935575485229492e-01 -4.264585494995117188e+00 1.319553136825561523e+00 -4.573669433593750000e+00 1.208684444427490234e+00 -3.740522861480712891e-01 1.171563863754272461e+00 4.843685626983642578e-01 4.439110755920410156e+00
-2.589996337890625000e+00 -7.772300243377685547e-01 -6.061165332794189453e-01 -1.546912908554077148e+00 -2.986315250396728516e+00 6.935471296310424805e-01 -1.738662838935852051e+00 3.025691986083984375e+00 2.208132028579711914e+00 -3.789679288864135742e+00 -1.211231112480163574e+00 5.088519096374511719e+00 2.974703550338745117e+00 -9.257997274398803711e-01 2.676294803619384766e+00
-3.954661607742309570e+00 -1.193900942802429199e+00 3.269991397857666016e+00 -2.980274438858032227e+00 3.128270626068115234e+00 -4.045781612396240234e+00 7.881445884704589844e-01 5.826275944709777832e-01 -1.305138111114501953e+00 -4.287361145019531250e+00 2.105579078197479248e-01 2.282349348068237305e+00 3.437798500061035156e+00 -1.433365583419799805e+00 1.036351323127746582e+00
-5.128111839294433594e-01 3.013496637344360352e+00 -3.144186973571777344e+00 1.612978696823120117e+00 1.512134432792663574e+00 9.019331932067871094e-01 -1.542578220367431641e+00 2.678741931915283203e+00 1.325418114662170410e+00 7.045491784811019897e-02 1.917909860610961914e+00 -6.996315121650695801e-01 2.684339284896850586e+00 4.735281944274902344e+00 -1.676514744758605957e+00
2.050312906503677368e-01 -5.276003837585449219e+00 4.246908664703369141e+00 3.056071758270263672e+00 8.667972683906555176e-01 3.579335212707519531e+00 1.421661734580993652e+00 -3.518379330635070801e-01 3.649063825607299805e+00 4.108782410621643066e-01 -1.529287338256835938e+00 -5.109978318214416504e-01 -2.372840881347656250e+00 -2.034276247024536133e+00 3.712240457534790039e+00
-1.133985400199890137e+00 -1.620952129364013672e+00 5.267675399780273438e+00 2.529137849807739258e+00 -3.562636375427246094e+00 -2.613748311996459961e+00 1.699356287717819214e-01 7.535121440887451172e-01 -3.812238216400146484e+00 4.845486640930175781e+00 -2.389270305633544922e+00 3.736214160919189453e+00 -1.693066596984863281e+00 -8.788437843322753906e-01 1.488874793052673340e+00
1.049578428268432617e+00 4.076422691345214844e+00 -1.423769950866699219e+00 1.910860896110534668e+00 -1.680178940296173096e-01 -9.879971742630004883e-01 -4.216170787811279297e+00 -5.859557911753654480e-02 -1.977829337120056152e-01 3.856930971145629883e+00 -8.377059102058410645e-01 1.603955864906311035e+00 -3.088380336761474609e+00 6.344268321990966797e-01 1.686039447784423828e+00
-3.557673215866088867e+00 2.223213672637939453e+00 -9.770216345787048340e-01 1.692901134490966797e+00 -2.344772815704345703e+00 -1.374829262495040894e-01 3.466974496841430664e+00 1.582951426506042480e+00 -2.370181977748870850e-01 2.586012363433837891e+00 6.168528199195861816e-01 9.364916682243347168e-01 1.181790083646774292e-01 7.872697710990905762e-01 1.523918747901916504e+00
