-4.360709190368652344e+00 -2.734855413436889648e+00 -4.052570819854736328e+00 3.530517816543579102e+00 -3.265799283981323242e+00 6.517466902732849121e-02 2.182556867599487305e+00 -2.952204465866088867e+00 -2.212519168853759766e+00 -2.227904081344604492e+00 -4.221391201019287109e+00 -5.296127319335937500e+00 -2.348320245742797852e+00 1.152165055274963379e+00 1.112358808517456055e+00
2.463143110275268555e+00 2.449476242065429688e+00 -5.883481979370117188e+00 2.202803850173950195e+00 2.574683189392089844e+00 -3.026191473007202148e+00 -8.333300352096557617e-01 1.078549146652221680e+00 9.363718628883361816e-01 9.234781861305236816e-01 -3.175462007522583008e+00 1.744914650917053223e+00 -3.741813898086547852e+00 -1.015038728713989258e+00 7.319850921630859375e-01
-1.505540728569030762e+00 4.472238123416900635e-01 4.760396182537078857e-01 9.783552885055541992e-01 3.014118671417236328e-01 1.583003878593444824e+00 1.140960931777954102e+00 -2.628480911254882812e+00 -1.746228188276290894e-01 -3.331278324127197266e+00 -2.682675600051879883e+00 -2.303721904754638672e+00 -1.217496275901794434e+00 3.170434534549713135e-01 -4.609993457794189453e+00
4.080266475677490234e+00 -6.740673631429672241e-02 2.889164686203002930e-01 -1.618114709854125977e+00 2.339828252792358398e+00 -3.724496841430664062e+00 1.064006567001342773e+00 -2.186052560806274414e+00 -8.545665144920349121e-01 -2.769825935363769531e+00 -4.631740748882293701e-01 2.811452627182006836e+00 -2.521535158157348633e+00 3.741480350494384766e+00 1.270576417446136475e-01
2.855296611785888672e+00 -6.310066699981689453e+00 -2.422926902770996094e+00 -1.646734952926635742e+00 4.252221107482910156e+00 -2.358428955078125000e+00 -2.311459302902221680e+00 4.351143240928649902e-01 -2.873495221138000488e-02 -3.830615282058715820e+00 -5.947750091552734375e+00 -9.321411848068237305e-01 -1.541083097457885742e+00 1.622796058654785156e+00 2.493226289749145508e+00
3.125059843063354492e+00 -3.604487776756286621e-01 -1.179746389389038086e+00 1.737474948167800903e-01 -1.919277667999267578e+00 3.683136940002441406e+00 1.772191286087036133e+00 1.924409747123718262e+00 -3.885673284530639648e+00 -1.801160812377929688e+00 -4.002190113067626953e+00 3.693441867828369141e+00 4.518886566162109375e+00 -3.472199440002441406e+00 -1.416244506835937500e+00
-1.557977795600891113e+00 -5.977374076843261719e+00 -3.313962221145629883e+00 -5.137858986854553223e-01 2.491987943649291992e-01 -5.646991729736328125e+00 1.889710068702697754e+00 1.849071979522705078e+00 -6.755751967430114746e-01 1.295659542083740234e+00 -9.119173288345336914e-01 2.330078601837158203e+00 9.079380631446838379e-01 -1.790772914886474609e+00 -2.408055067062377930e-01
-5.992269039154052734e+00 -1.170760512351989746e+00 4.420315265655517578e+00 -5.207941055297851562e+00 2.093159914016723633e+00 -5.109508514404296875e+00 3.488836050033569336e+00 2.671647667884826660e-01 -5.353601932525634766e+00 -6.217180490493774414e-01 -6.693360954523086548e-02 -7.401622533798217773e-01 3.408185839653015137e-01 -1.100521683692932129e+00 1.696000099182128906e+00
2.072083711624145508e+00 5.109990596771240234e+00 7.307424545288085938e-01 -5.852113664150238037e-02 -6.931709766387939453e+00 2.472477436065673828e+00 -3.352524757385253906e+00 -1.406972765922546387e+00 -3.880011796951293945e+00 1.308117747306823730e+00 3.392018973827362061e-01 3.174566507339477539e+00 -3.918867588043212891e+00 -3.788336992263793945e+00 -3.071237802505493164e+00
-1.302960395812988281e+00 -2.320194244384765625e+00 4.585270881652832031e+00 -4.305200576782226562e-01 3.829982042312622070e+00 1.379553079605102539e+00 2.553356885910034180e+00 6.527972817420959473e-01 -3.054220438003540039e+00 -3.892237186431884766e+00 -5.261648178100585938e+00 -3.357673645019531250e+00 -5.303827524185180664e-01 -5.118618607521057129e-01 6.759111881256103516e-01
-2.443255186080932617e+00 -2.612827301025390625e+00 1.378097176551818848e+00 -4.849258661270141602e-01 3.876730203628540039e+00 -3.321604013442993164e+00 -3.749294042587280273e+00 -1.441971659660339355e+00 2.159152626991271973e-01 -9.782893061637878418e-01 4.945281744003295898e-01 -3.483474552631378174e-01 -7.456592470407485962e-02 8.984085321426391602e-01 -5.139753222465515137e-01
-5.136172771453857422e-01 -1.252165079116821289e+00 2.209640979766845703e+00 -2.134473323822021484e+00 2.900765895843505859e+00 3.945763111114501953e+00 -1.572218060493469238e+00 5.216032266616821289e-01 -3.778371095657348633e+00 -2.763416767120361328e-01 1.166155219078063965e+00 -8.535118699073791504e-01 -3.608764410018920898e-01 8.313174843788146973e-01 -4.270213603973388672e+00
-3.624473571777343750e+00 -1.433268427848815918e+00 2.543019533157348633e+00 3.755109310150146484e+00 -1.076307773590087891e+00 4.452519893646240234e+00 -9.294937252998352051e-01 1.686059117317199707e+00 5.880927443504333496e-01 6.389368772506713867e-01 1.825612425804138184e+00 1.637205958366394043e+00 -1.627132058143615723e+00 -3.401740550994873047e+00 5.509227514266967773e-01
2.624007940292358398e+00 -3.463191270828247070e+00 1.001199126243591309e+00 1.143259927630424500e-01 1.398003816604614258e+00 2.637382984161376953e+00 -2.715142726898193359e+00 -2.145452976226806641e+00 -3.260774612426757812e+00 -3.448261737823486328e+00 2.356388092041015625e+00 4.276949405670166016e+00 1.808112502098083496e+00 -1.879769206047058105e+00 1.372348308563232422e+00
-2.495106935501098633e+00 -4.405194759368896484e+00 -4.873030185699462891e+00 1.622732914984226227e-02 1.696687221527099609e+00 1.072225332260131836e+00 3.021413564682006836e+00 -4.586277008056640625e+00 2.815593481063842773e+00 3.016459226608276367e+00 5.202693939208984375e+00 -3.400072753429412842e-01 -1.046342849731445312e+00 -1.477148890495300293e+00 -4.097251892089843750e+00
1.695496201515197754e+00 -5.934066772460937500e-01 -2.296561717987060547e+00 -4.491040706634521484e+00 1.570031404495239258e+00 8.734367489814758301e-01 -3.591867685317993164e+00 -8.453223705291748047e-01 -5.509579777717590332e-01 -4.585632324218750000e+00 4.471331596374511719e+00 -7.043823599815368652e-01 -2.402861356735229492e+00 -2.184120655059814453e+00 2.139524936676025391e+00
2.433619976043701172e+00 6.228510379791259766e+00 -4.741210937500000000e+00 4.415699958801269531e+00 -2.787382364273071289e+00 -1.690714508295059204e-01 -2.512031078338623047e+00 4.808827489614486694e-02 1.520853191614151001e-01 7.990709543228149414e-01 -3.403714418411254883e+00 1.826363801956176758e+00 1.617054343223571777e+00 -1.525305747985839844e+00 -2.399825334548950195e+00
-3.168118715286254883e+00 -4.244010925292968750e+00 -2.945008754730224609e+00 5.888458251953125000e+00 2.491916894912719727e+00 3.405302524566650391e+00 -1.176925659179687500e+00 3.405906915664672852e+00 1.757205367088317871e+00 1.434484004974365234e+00 -2.338598966598510742e+00 -3.264993667602539062e+00 3.282615661621093750e+00 4.361771106719970703e+00 2.609304189682006836e+00
-2.586806297302246094e+00 2.027582406997680664e+00 2.512317895889282227e+00 -7.530317902565002441e-01 6.469306945800781250e-01 -3.177710294723510742e+00 7.784150838851928711e-01 -7.533839344978332520e-01 2.681161880493164062e+00 -1.989303946495056152e+00 4.569069445133209229e-01 7.449266314506530762e-01 5.214106082916259766e+00 -8.220434188842773438e-02 -1.103618025779724121e+00
3.008161306381225586e+00 -5.386997461318969727e-01 -5.871680974960327148e-01 -2.509762942790985107e-01 1.766146540641784668e+00 -1.300961375236511230e+00 3.146661520004272461e+00 -1.442414969205856323e-01 -2.054403305053710938e+00 -4.303880214691162109e+00 3.770710229873657227e+00 -1.670693993568420410e+00 1.417497247457504272e-01 1.315364003181457520e+00 -2.894599437713623047e+00
1.050447463989257812e+00 -1.983391404151916504e+00 -5.444221496582031250e-01 -4.788621068000793457e-01 8.872134089469909668e-01 1.463423967361450195e+00 2.112201213836669922e+00 -1.485935807228088379e+00 -1.079008579254150391e+00 -1.647174715995788574e+00 -2.053678780794143677e-01 -1.678411602973937988e+00 2.064538955688476562e+00 1.709116399288177490e-01 1.538673043251037598e+00
-2.639108419418334961e+00 6.433857679367065430e-01 -4.992079436779022217e-01 3.973947525024414062e+00 2.216440200805664062e+00 -3.192022740840911865e-01 3.283773422241210938e+00 -2.392845630645751953e+00 2.275819629430770874e-01 1.493766784667968750e+00 -1.428749203681945801e+00 -1.909383296966552734e+00 8.459130302071571350e-03 -2.091071605682373047e-01 -7.978791594505310059e-01
-3.213914036750793457e-01 -3.566247463226318359e+00 2.997871637344360352e-01 -1.160144448280334473e+00 2.482383966445922852e+00 -1.683978438377380371e+00 2.274718523025512695e+00 -3.309570789337158203e+00 1.366025924682617188e+00 -9.636026620864868164e-01 -1.476376175880432129e+00 -1.773603260517120361e-01 4.434702873229980469e+00 -8.378051519393920898e-01 3.323430538177490234e+00
5.572102069854736328e-01 -5.744062662124633789e-01 7.090449333190917969e-01 1.132205128669738770e+00 -1.657341480255126953e+00 1.987347364425659180e+00 1.345141291618347168e+00 -9.583837985992431641e-01 -5.654652789235115051e-02 2.262471914291381836e+00 2.033791542053222656e+00 1.979714632034301758e-01 9.149951338768005371e-01 -2.596442937850952148e+00 -8.790917992591857910e-01
-9.848307967185974121e-01 -9.205561876296997070e-01 4.831987380981445312e+00 1.660280227661132812e-01 3.697677850723266602e+00 7.947753667831420898e-01 2.522042751312255859e+00 4.668235480785369873e-01 6.689805984497070312e-01 -4.051883220672607422e+00 -3.819433689117431641e+00 3.513533115386962891e+00 -2.387202024459838867e+00 8.086038827896118164e-01 2.252904653549194336e+00
4.162797927856445312e+00 1.187780201435089111e-01 -6.352161169052124023e-01 -8.270384669303894043e-01 -3.020806550979614258e+00 2.163985967636108398e+00 2.496981620788574219e+00 3.016837835311889648e-01 2.498576492071151733e-01 1.713100194931030273e+00 1.205576419830322266e+00 -2.101473808288574219e+00 1.798696517944335938e+00 -3.026189327239990234e+00 -1.324047446250915527e-01
1.914455056190490723e+00 -4.138962745666503906e+00 5.506252288818359375e+00 -1.090015619993209839e-01 2.371041059494018555e+00 -6.508722901344299316e-03 -1.641576528549194336e+00 5.053343772888183594e-01 -2.645817585289478302e-02 2.932719945907592773e+00 -1.813825964927673340e+00 -3.908265829086303711e-01 -3.728830337524414062e+00 -3.177695035934448242e+00 -3.110702991485595703e+00
2.637711763381958008e+00 -1.418128967285156250e+00 4.162700176239013672e+00 -2.047410726547241211e+00 9.756016135215759277e-01 2.341401100158691406e+00 2.811172723770141602e+00 -4.141393184661865234e+00 1.266412615776062012e+00 2.305336713790893555e+00 -4.026028156280517578e+00 2.706249713897705078e+00 -1.495741128921508789e+00 -7.592039704322814941e-01 -8.181239962577819824e-01
2.411026716232299805e+00 1.886264681816101074e+00 -5.250775218009948730e-01 -1.703315615653991699e+00 -3.166539907455444336e+00 2.734495401382446289e+00 2.741141557693481445e+00 -1.887994050979614258e+00 2.197220802307128906e+00 1.427386760711669922e+00 -1.273437380790710449e+00 5.713127255439758301e-01 8.293594717979431152e-01 6.338060498237609863e-01 1.383556962013244629e+00
1.836043953895568848e+00 1.089858651161193848e+00 3.410548925399780273e+00 9.349567890167236328e-01 -6.202346086502075195e-01 9.447267055511474609e-01 1.398957371711730957e-01 -8.030693531036376953e-01 2.266504764556884766e+00 -1.405445694923400879e+00 -3.031806230545043945e+00 1.405031085014343262e+00 1.818303316831588745e-01 -1.683629751205444336e+00 -1.104774594306945801e+00
2.909089088439941406e+00 4.534364700317382812e+00 -1.796005815267562866e-01 1.567911863327026367e+00 1.154264688491821289e+00 -2.419069766998291016e+00 -1.895854830741882324e+00 -1.585311293601989746e+00 -3.536356687545776367e-01 -2.410863876342773438e+00 1.831491231918334961e+00 3.922282218933105469e+00 -9.440696835517883301e-01 4.062568187713623047e+00 5.812811374664306641e+00
-1.485973954200744629e+00 2.943087100982666016e+00 -2.136775493621826172e+00 -4.692818641662597656e+00 8.467186093330383301e-01 6.471485614776611328e+00 3.230607271194458008e+00 -5.331685066223144531e+00 -1.686015166342258453e-02 3.207135498523712158e-01 7.404809951782226562e+00 4.061623096466064453e+00 -4.192381858825683594e+00 -1.560354471206665039e+00 -6.535984516143798828e+00
-1.081075593829154968e-01 1.303497791290283203e+00 -7.701389789581298828e-01 -2.341447114944458008e+00 -2.563104331493377686e-01 4.366504192352294922e+00 9.794781804084777832e-01 -9.648382067680358887e-01 5.699099063873291016e+00 1.361682265996932983e-01 -7.195422172546386719e+00 -1.582021355628967285e+00 2.326984167098999023e+00 -4.217571258544921875e+00 7.569436430931091309e-01
2.880894184112548828e+00 4.939734458923339844e+00 1.215877771377563477e+00 -4.808701515197753906e+00 1.822932362556457520e+00 -1.097569942474365234e+00 3.988528251647949219e+00 -6.058922410011291504e-01 1.662340521812438965e+00 3.049584150314331055e+00 2.453876018524169922e+00 -7.656016387045383453e-03 -2.433958530426025391e+00 -2.280335664749145508e+00 3.058912277221679688e+00
-2.649487018585205078e+00 5.116543769836425781e+00 5.112225055694580078e+00 2.165141820907592773e+00 -4.279877185821533203e+00 1.859292864799499512e+00 4.664459228515625000e-01 3.161341190338134766e+00 2.252875804901123047e+00 -3.704451084136962891e+00 -4.136134624481201172e+00 -2.339206933975219727e+00 1.016101002693176270e+00 -2.906871795654296875e+00 -5.529253005981445312e+00
-3.967536985874176025e-01 1.678574562072753906e+00 2.777707099914550781e+00 -5.910050868988037109e+00 9.883913397789001465e-01 -3.439837455749511719e+00 -2.656955480575561523e+00 1.736746907234191895e+00 -3.983119130134582520e-01 3.007582664489746094e+00 -4.261351585388183594e+00 4.502686500549316406e+00 -2.663502991199493408e-01 3.199125051498413086e+00 -1.073993802070617676e+00
-2.977477908134460449e-01 1.990634799003601074e+00 1.963566303253173828e+00 -2.796436309814453125e+00 -8.467738628387451172e-01 -1.533127784729003906e+00 -9.014026522636413574e-01 -1.523548364639282227e+00 1.923321247100830078e+00 1.131139039993286133e+00 -1.130006670951843262e+00 1.291109621524810791e-01 4.810201168060302734e+00 2.364596575498580933e-01 -1.105849862098693848e+00
1.716091752052307129e+00 -1.339256405830383301e+00 6.388105392456054688e+00 6.549000740051269531e-01 -3.441049337387084961e+00 3.112325429916381836e+00 7.997693538665771484e+00 6.307083129882812500e+00 1.047248005867004395e+00 1.432094693183898926e+00 -2.469438314437866211e+00 4.815761566162109375e+00 -5.937315821647644043e-01 3.331521034240722656e+00 -2.625187158584594727e+00
4.923930391669273376e-03 -2.843428373336791992e+00 1.704250693321228027e+00 4.568518102169036865e-01 1.715086340904235840e+00 2.735235929489135742e+00 -1.957483410835266113e+00 9.067416191101074219e-01 -2.812579631805419922e+00 1.538041234016418457e+00 1.119894981384277344e+00 1.166256785392761230e+00 -9.790033102035522461e-01 2.744482457637786865e-01 -2.269913405179977417e-01
4.269425868988037109e+00 -2.634337902069091797e+00 1.783057212829589844e+00 -1.938749194145202637e+00 1.128869056701660156e+00 2.744042873382568359e+00 -1.021526530385017395e-01 2.624424934387207031e+00 -2.592770814895629883e+00 -5.575572848320007324e-01 1.381244897842407227e+00 -1.392261743545532227e+00 -4.234263598918914795e-01 -1.671754479408264160e+00 2.581037521362304688e+00
2.786712348461151123e-01 -1.299586892127990723e+00 -4.999915063381195068e-01 1.011080145835876465e+00 4.539170742034912109e+00 -4.543959200382232666e-01 1.249321460723876953e+00 -1.736767888069152832e+00 -2.164262533187866211e+00 2.892496347427368164e+00 -1.199134469032287598e+00 -2.379547357559204102e+00 4.261963665485382080e-01 -3.738122880458831787e-01 -1.563747525215148926e+00
1.029539108276367188e+00 -2.605553388595581055e+00 -2.614332675933837891e+00 9.499462246894836426e-01 1.293984413146972656e+00 -2.424646139144897461e+00 1.441704154014587402e+00 -3.591049194335937500e+00 2.053571939468383789e-01 1.883955448865890503e-01 -2.197520256042480469e+00 -4.438701152801513672e+00 3.197700738906860352e+00 -4.135183393955230713e-01 -1.792077541351318359e+00
-4.907022416591644287e-01 -2.293052434921264648e+00 -4.098634719848632812e+00 -1.575366616249084473e+00 1.362041473388671875e+00 2.975989580154418945e+00 2.210823535919189453e+00 9.581250548362731934e-01 8.188205957412719727e-01 1.617298126220703125e+00 -1.363691449165344238e+00 4.264265537261962891e+00 -1.111460447311401367e+00 1.102588057518005371e+00 2.203145503997802734e+00
-1.889977931976318359e+00 -1.986802697181701660e+00 4.591332912445068359e+00 2.132316589355468750e+00 6.437395811080932617e-01 -2.495926380157470703e+00 1.744707942008972168e+00 -5.228368282318115234e+00 2.614208221435546875e+00 -3.316297292709350586e+00 -2.422755002975463867e+00 -2.279372513294219971e-01 -1.424798727035522461e+00 2.212513685226440430e-01 2.815326929092407227e+00
-4.077413976192474365e-01 -3.308026075363159180e+00 3.373537778854370117e+00 -5.609139204025268555e-01 4.932403564453125000e-01 1.490536093711853027e+00 8.035907149314880371e-01 -4.943858146667480469e+00 1.094128847122192383e+00 -1.011020302772521973e+00 -2.148358583450317383e+00 1.125347495079040527e+00 -9.339586496353149414e-01 -2.513325810432434082e-01 2.567897081375122070e+00
3.975581824779510498e-01 2.011144757270812988e-01 1.429986119270324707e+00 1.882594943046569824e+00 -1.144434809684753418e+00 -4.541889190673828125e+00 -2.827944517135620117e+00 2.818091869354248047e+00 1.324232459068298340e+00 -1.499629378318786621e+00 4.778339862823486328e+00 -4.968162059783935547e+00 3.754316329956054688e+00 -1.644878387451171875e+00 -1.225721389055252075e-01
-4.175867557525634766e+00 5.329269766807556152e-01 2.859680175781250000e+00 -3.119894266128540039e+00 -3.499747991561889648e+00 1.935990095138549805e+00 -2.479774713516235352e+00 -2.512528896331787109e+00 3.640166044235229492e+00 -1.040353178977966309e+00 -6.327795386314392090e-01 1.835266202688217163e-01 3.993077993392944336e+00 7.331582158803939819e-02 4.395296096801757812e+00
2.800109148025512695e+00 1.431309342384338379e+00 7.541164755821228027e-01 -1.250534653663635254e+00 -3.875034093856811523e+00 -8.357277512550354004e-01 1.309942960739135742e+00 9.712215065956115723e-01 2.853895187377929688e+00 1.398867815732955933e-01 2.732782125473022461e+00 -3.746761083602905273e+00 1.590007543563842773e+00 -1.729359388351440430e+00 -2.858261108398437500e+00
-1.109251618385314941e+00 4.836740493774414062e+00 1.713136076927185059e+00 -3.166655540466308594e+00 4.103182315826416016e+00 2.679402351379394531e+00 -1.520013809204101562e+00 3.037410736083984375e+00 -2.213286161422729492e+00 6.273920059204101562e+00 2.144006043672561646e-01 6.803077459335327148e-01 -3.968084812164306641e+00 4.328899383544921875e+00 1.895440697669982910e+00
-5.983722209930419922e-01 -1.066216349601745605e+00 -1.941533565521240234e+00 -9.344508051872253418e-01 5.104971528053283691e-01 4.611548423767089844e+00 2.549119234085083008e+00 -1.875165998935699463e-01 8.596658706665039062e-01 3.454026937484741211e+00 3.308865785598754883e+00 -1.498199939727783203e+00 -1.575592756271362305e+00 -2.208534955978393555e+00 -1.949297934770584106e-01
-6.314255237579345703e+00 -2.165454864501953125e+00 -2.530853033065795898e+00 4.173884391784667969e+00 -1.240363955497741699e+00 3.438030242919921875e+00 -3.150766611099243164e+00 -1.409084498882293701e-01 3.986556291580200195e+00 -1.797651648521423340e-01 -2.152173280715942383e+00 2.768420219421386719e+00 -2.723052978515625000e+00 1.734514117240905762e+00 2.541382551193237305e+00
3.900229632854461670e-01 7.489956021308898926e-01 -7.903044670820236206e-02 4.290024757385253906e+00 -9.737905859947204590e-01 -2.025877475738525391e+00 3.494914293289184570e+00 3.586377620697021484e+00 5.651059150695800781e+00 -5.763488769531250000e+00 -3.961813211441040039e+00 4.602088332176208496e-01 -2.067845165729522705e-01 -1.410468965768814087e-01 -2.843344211578369141e+00
3.522887706756591797e+00 -1.785317420959472656e+00 -2.244811534881591797e+00 2.274076223373413086e+00 -1.246368408203125000e+00 -3.443555116653442383e+00 -1.361040115356445312e+00 4.663881301879882812e+00 1.132371544837951660e+00 -2.508379459381103516e+00 1.261109232902526855e+00 -4.250344336032867432e-01 -2.262011528015136719e+00 -3.110265731811523438e+00 -2.099006175994873047e+00
-6.705723404884338379e-01 3.192280530929565430e+00 -1.364499092102050781e+00 1.627631306648254395e+00 -3.726749658584594727e+00 -6.000800132751464844e+00 7.750766724348068237e-02 -3.812345743179321289e+00 5.255645751953125000e+00 6.101406216621398926e-01 1.590611338615417480e-01 3.388304233551025391e+00 -2.394693613052368164e+00 2.766136884689331055e+00 6.503099203109741211e-01
-2.742850303649902344e+00 4.348924636840820312e+00 -2.505452632904052734e+00 -6.447607874870300293e-01 -5.977463126182556152e-01 -6.565659642219543457e-01 9.959562420845031738e-01 -2.598152399063110352e+00 4.869329929351806641e-01 7.785653322935104370e-02 2.041122674942016602e+00 -3.868215084075927734e-01 3.868597984313964844e+00 2.545945167541503906e+00 1.743196398019790649e-01
2.356894731521606445e+00 -2.732485294342041016e+00 1.717646837234497070e+00 -4.269888401031494141e+00 3.176524639129638672e+00 1.738237440586090088e-01 3.342595338821411133e+00 -2.431852340698242188e+00 1.143172010779380798e-01 -2.879283666610717773e+00 -4.538372159004211426e-01 2.661701679229736328e+00 4.493485450744628906e+00 7.557532787322998047e-01 -4.080277442932128906e+00
1.408536791801452637e+00 1.053157001733779907e-01 -1.632352590560913086e+00 1.420576214790344238e+00 -2.546836853027343750e+00 1.369363069534301758e+00 3.343874931335449219e+00 -1.181160092353820801e+00 1.060130357742309570e+00 7.456812858581542969e-01 2.250112295150756836e+00 -8.204751014709472656e-01 3.593416452407836914e+00 -3.349837362766265869e-01 -3.209891319274902344e+00
3.015664100646972656e+00 -2.387632608413696289e+00 -1.857038587331771851e-01 -3.507189750671386719e-01 -1.056726098060607910e+00 2.682692527770996094e+00 -3.914708793163299561e-01 -5.422295928001403809e-01 -1.272637724876403809e+00 1.322651147842407227e+00 -2.968411445617675781e-01 1.188522391021251678e-02 1.752471089363098145e+00 1.103813648223876953e+00 -1.642181158065795898e+00
9.975473880767822266e-01 8.953134417533874512e-01 -2.101259231567382812e+00 8.715448975563049316e-01 -1.329330444335937500e+00 1.698159933090209961e+00 2.514735221862792969e+00 -1.210980057716369629e+00 -6.156030297279357910e-02 1.708629131317138672e+00 6.737945675849914551e-01 -3.422204852104187012e-01 2.686980009078979492e+00 1.215259194374084473e+00 1.166882753372192383e+00
5.492190122604370117e-01 -3.054707765579223633e+00 -6.613583564758300781e-01 1.333512067794799805e+00 3.788874387741088867e+00 -1.194430232048034668e+00 4.511546194553375244e-01 -2.296859502792358398e+00 -1.302151679992675781e+00 1.826382756233215332e+00 -1.837725996971130371e+00 -2.683841228485107422e+00 -3.144618570804595947e-01 1.187209367752075195e+00 -2.323076725006103516e+00
-4.246952533721923828e+00 -1.879266858100891113e+00 -1.437444686889648438e+00 -1.722593009471893311e-01 9.523278474807739258e-01 -3.842255771160125732e-01 -2.002506494522094727e+00 -2.267066389322280884e-01 -3.458981513977050781e-01 1.489157557487487793e+00 2.582337379455566406e+00 -7.085139274597167969e+00 -3.372325897216796875e+00 1.561020493507385254e+00 6.730949878692626953e-01
1.189965963363647461e+00 -1.053299754858016968e-01 -1.193243265151977539e+00 1.984535217285156250e+00 -2.931550025939941406e+00 -8.890662789344787598e-01 3.765367269515991211e-01 -1.575774788856506348e+00 2.498163700103759766e+00 1.450406193733215332e+00 1.136737346649169922e+00 5.913257598876953125e-01 4.174880504608154297e+00 1.381106376647949219e-01 7.072538733482360840e-01
-1.562678813934326172e+00 -2.377817034721374512e-01 -1.538163572549819946e-01 3.524657487869262695e+00 2.493927240371704102e+00 -2.499042272567749023e+00 1.296879410743713379e+00 -3.343450784683227539e+00 -7.124826908111572266e-01 4.717988073825836182e-01 -1.688961148262023926e+00 -2.701667070388793945e+00 -1.680862665176391602e+00 3.091813325881958008e+00 -3.121026754379272461e+00
-1.197287201881408691e+00 7.141848206520080566e-01 1.031786203384399414e+00 2.210215806961059570e+00 8.983118534088134766e-01 1.553507328033447266e+00 1.999629139900207520e+00 1.083065271377563477e+00 -4.304870665073394775e-01 1.816013574600219727e+00 6.462503671646118164e-01 2.152723073959350586e-01 6.072632670402526855e-01 7.473258674144744873e-02 2.180580854415893555e+00
1.052092552185058594e+00 1.713696241378784180e+00 8.749552369117736816e-01 2.972562551498413086e+00 -1.622777462005615234e+00 -2.566813468933105469e+00 -3.739113220945000648e-03 1.313493013381958008e+00 1.519422769546508789e+00 6.687979102134704590e-01 2.695842742919921875e+00 2.147023230791091919e-01 2.207894802093505859e+00 -6.553887724876403809e-01 2.584344625473022461e+00
2.730446100234985352e+00 2.609608411788940430e+00 1.397323369979858398e+00 1.211823150515556335e-01 -5.252486705780029297e+00 3.320530414581298828e+00 1.593922972679138184e+00 8.009525537490844727e-01 1.726014137268066406e+00 3.190669059753417969e+00 -1.224007725715637207e+00 2.199172735214233398e+00 3.287044048309326172e+00 -3.699301481246948242e-01 2.700178861618041992e+00
-1.453679800033569336e-01 4.456870853900909424e-01 -1.544576048851013184e+00 4.670488238334655762e-01 1.026463508605957031e+00 2.911139488220214844e+00 1.859056353569030762e+00 -1.215475678443908691e+00 -2.099305391311645508e+00 1.310220599174499512e+00 6.531348079442977905e-02 -2.193278223276138306e-01 1.547501921653747559e+00 1.888853907585144043e+00 1.207418799400329590e+00
9.773248434066772461e-01 1.185612678527832031e+00 -7.782700657844543457e-01 2.473772764205932617e+00 -1.095588922500610352e+00 -1.884503006935119629e+00 7.428828477859497070e-01 -1.065000534057617188e+00 5.082958340644836426e-01 -4.850334823131561279e-01 2.392306566238403320e+00 -1.086661458015441895e+00 2.439453363418579102e+00 8.754461407661437988e-01 6.101804971694946289e-01
1.642853736877441406e+00 -5.222270488739013672e-01 4.554010629653930664e-01 -1.464415192604064941e-01 1.839534282684326172e+00 2.173091888427734375e+00 5.077873468399047852e-01 1.323614865541458130e-01 -2.598371505737304688e+00 3.209787845611572266e+00 1.100838407874107361e-01 -7.442348599433898926e-01 -1.264503359794616699e+00 6.557884812355041504e-01 -2.771194219589233398e+00
-1.758975267410278320e+00 -9.091947972774505615e-02 -7.012813687324523926e-01 3.192019939422607422e+00 -1.746478915214538574e+00 2.424482822418212891e+00 -2.548397183418273926e-01 -3.038195073604583740e-01 -8.501316308975219727e-01 1.375151872634887695e+00 5.044561028480529785e-01 1.101867202669382095e-02 -4.559503793716430664e-01 1.528445005416870117e+00 -7.996979355812072754e-01
-9.056470394134521484e-01 1.871533632278442383e+00 1.701456665992736816e+00 4.323431968688964844e+00 -1.792594552040100098e+00 -1.373236656188964844e+00 -7.949883341789245605e-01 2.350761175155639648e+00 1.399267077445983887e+00 4.580510258674621582e-01 1.783018708229064941e+00 1.015926241874694824e+00 4.258891642093658447e-01 -5.553197264671325684e-01 4.381466388702392578e+00
-1.448514342308044434e+00 1.843335032463073730e+00 -7.654603123664855957e-01 4.736964702606201172e+00 6.315805315971374512e-01 -3.076957702636718750e+00 3.632859706878662109e+00 -6.133270263671875000e-01 -2.673512697219848633e-01 9.979907870292663574e-01 -1.277302265167236328e+00 -3.371262311935424805e+00 1.750337600708007812e+00 -7.637555599212646484e-01 3.888540744781494141e+00
9.278618097305297852e-01 -5.244883894920349121e-01 4.244639396667480469e+00 -1.466933488845825195e+00 -2.680397987365722656e+00 3.072039842605590820e+00 -2.120967954397201538e-01 1.498744964599609375e+00 3.333933949470520020e-01 2.827294111251831055e+00 4.476336538791656494e-01 -1.824795126914978027e+00 1.774864196777343750e+00 -2.289884328842163086e+00 -6.167024970054626465e-01
2.680957794189453125e+00 7.088217735290527344e-01 -1.177382469177246094e+00 1.955017209053039551e+00 3.132035970687866211e+00 2.540630102157592773e+00 5.016683578491210938e+00 1.215234518051147461e+00 -1.905697107315063477e+00 1.131994485855102539e+00 4.394122064113616943e-01 -5.605811476707458496e-01 -1.823725819587707520e+00 -3.482334852218627930e+00 -5.132014751434326172e+00
2.057153433561325073e-01 1.058894515037536621e+00 -3.940256357192993164e+00 1.624160408973693848e+00 2.279411554336547852e+00 1.695828914642333984e+00 4.138924598693847656e+00 2.958181500434875488e-01 1.331683635711669922e+00 2.502828359603881836e+00 3.218632042407989502e-01 1.693900704383850098e+00 2.034088373184204102e+00 -2.498736143112182617e+00 2.456309318542480469e+00
-1.018125653266906738e+00 1.579675078392028809e+00 -4.567921638488769531e+00 4.927091121673583984e+00 2.532771348953247070e+00 -1.576908946037292480e+00 2.056579828262329102e+00 -5.190606594085693359e+00 1.455839037895202637e+00 -3.703978061676025391e-01 6.787669658660888672e-01 6.237305641174316406e+00 2.279078066349029541e-01 2.053907155990600586e+00 9.865217804908752441e-01
2.137862920761108398e+00 6.639003753662109375e-01 2.631935119628906250e+00 -3.473962247371673584e-01 1.909737825393676758e+00 -2.122001886367797852e+00 -4.926541328430175781e+00 1.672766804695129395e+00 -1.737516045570373535e+00 -4.111726880073547363e-01 1.647192716598510742e+00 -5.015405654907226562e+00 1.088812351226806641e+00 1.146317720413208008e+00 -1.209896326065063477e+00
-8.571150153875350952e-02 5.306136012077331543e-01 3.463308334350585938e+00 -6.322857737541198730e-02 1.117630481719970703e+00 5.289491653442382812e+00 8.171927332878112793e-01 -3.944794178009033203e+00 -1.601022243499755859e+00 -1.066501379013061523e+00 -2.630379915237426758e+00 -2.268252611160278320e+00 -9.080976247787475586e-01 -4.691522121429443359e+00 1.363455891609191895e+00
1.388498902320861816e+00 -2.366898298263549805e+00 2.149568796157836914e+00 2.154227495193481445e-01 2.153623342514038086e+00 2.295926570892333984e+00 2.912075996398925781e+00 -2.373795270919799805e+00 2.740091383457183838e-01 -2.389926671981811523e+00 -2.439218044281005859e+00 -2.130848646163940430e+00 -5.250446319580078125e+00 -1.044149875640869141e+00 -1.788557767868041992e+00
-3.605216443538665771e-01 -1.330334663391113281e+00 -5.172193050384521484e+00 3.795240402221679688e+00 -2.250447034835815430e+00 -6.467009186744689941e-01 -3.916653394699096680e+00 -1.896264314651489258e+00 1.208292007446289062e+00 -2.832607030868530273e+00 5.147902369499206543e-01 -2.393129587173461914e+00 -2.819123983383178711e+00 2.376877546310424805e+00 -1.775235652923583984e+00
-4.213001728057861328e+00 -1.114282846450805664e+00 1.678893566131591797e+00 1.596601128578186035e+00 -3.757711350917816162e-01 1.515440106391906738e+00 -4.287095069885253906e+00 2.549251317977905273e+00 1.579008936882019043e+00 -6.554055213928222656e-01 6.837241053581237793e-01 4.488973915576934814e-01 3.720337748527526855e-01 -1.267937779426574707e+00 1.587783813476562500e+00
-2.714601516723632812e+00 4.058554172515869141e+00 -2.097851753234863281e+00 -1.327732801437377930e+00 -1.804088354110717773e-01 -2.200253009796142578e-01 -2.958868265151977539e+00 3.564711570739746094e+00 3.976610660552978516e+00 4.121393203735351562e+00 2.425274699926376343e-01 -5.622605323791503906e+00 -1.349762082099914551e+00 -2.750869989395141602e+00 1.824035048484802246e+00
-5.066007137298583984e+00 2.116449117660522461e+00 4.829810261726379395e-01 -4.491778016090393066e-01 -2.063100814819335938e+00 1.019950866699218750e+00 6.119033694267272949e-01 -1.982646703720092773e+00 4.320674419403076172e+00 5.774314403533935547e+00 6.284483075141906738e-01 -1.284745812416076660e+00 1.315730512142181396e-01 1.196559548377990723e+00 1.878357887268066406e+00
2.163915485143661499e-01 -7.865911126136779785e-01 -1.515460014343261719e-01 -8.765373229980468750e-01 2.691581010818481445e+00 6.621197223663330078e+00 2.805694341659545898e+00 1.542136907577514648e+00 1.913886666297912598e-01 3.447740793228149414e+00 3.129638910293579102e+00 -3.011793851852416992e+00 -1.448630690574645996e+00 -3.239982575178146362e-02 -4.337968349456787109e+00
2.544375658035278320e+00 -2.527705669403076172e+00 -3.458650112152099609e-01 1.190619707107543945e+00 5.394772052764892578e+00 9.299554824829101562e-01 -2.899262666702270508e+00 -3.636925697326660156e+00 1.010399222373962402e+00 2.678576856851577759e-02 3.709892034530639648e+00 3.616066217422485352e+00 -3.534152507781982422e-01 -7.322661876678466797e-01 1.676109075546264648e+00
-2.100881576538085938e+00 -1.736841201782226562e-01 8.340337872505187988e-01 3.286707401275634766e-01 5.137791633605957031e+00 3.890326619148254395e-01 -4.260987281799316406e+00 3.336914539337158203e+00 3.286184549331665039e+00 -4.715333878993988037e-02 -3.427353143692016602e+00 -2.227845042943954468e-01 2.596852779388427734e+00 2.667912244796752930e+00 3.829124271869659424e-01
-3.895809650421142578e+00 -6.849806308746337891e-01 -2.450155913829803467e-01 1.212570905685424805e+00 -1.233182191848754883e+00 1.632730245590209961e+00 -4.686987400054931641e+00 -2.336411952972412109e+00 -3.403878509998321533e-01 -1.032090485095977783e-01 8.931183069944381714e-02 8.042794466018676758e-01 5.559470176696777344e+00 2.089198350906372070e+00 1.131952047348022461e+00
2.358567953109741211e+00 -1.158620715141296387e+00 -4.894834384322166443e-02 3.828339576721191406e+00 -2.540329933166503906e+00 1.408177256584167480e+00 -4.501570165157318115e-01 1.604018568992614746e+00 1.581045627593994141e+00 -7.151854634284973145e-01 2.379178524017333984e+00 1.464853525161743164e+00 -1.220538735389709473e+00 1.765174150466918945e+00 6.722788333892822266e+00
-3.597318410873413086e+00 8.386012911796569824e-01 -4.449088096618652344e+00 7.724475264549255371e-01 -1.191792607307434082e+00 -3.047765016555786133e+00 4.581603527069091797e+00 -1.713077783584594727e+00 -9.127672314643859863e-01 -7.709588110446929932e-02 3.116523742675781250e+00 -2.409270286560058594e+00 -2.727663993835449219e+00 -5.018044471740722656e+00 -1.154455423355102539e+00
-2.114912420511245728e-01 -2.256200075149536133e+00 -1.080660521984100342e-01 8.886030316352844238e-01 -4.028895795345306396e-01 3.884041547775268555e+00 -1.338508605957031250e+00 8.208229541778564453e-01 -1.816420793533325195e+00 7.623240947723388672e-01 3.038023471832275391e+00 1.164337992668151855e+00 1.681540608406066895e+00 -1.122997164726257324e+00 -2.221217870712280273e+00
1.511582970619201660e+00 1.365260839462280273e+00 1.244599148631095886e-01 1.627432584762573242e+00 1.001666307449340820e+00 -3.146577119827270508e+00 2.813196659088134766e+00 -2.235357522964477539e+00 -1.516898393630981445e+00 9.821122884750366211e-01 -7.213045358657836914e-01 -2.821288824081420898e+00 2.610836505889892578e+00 3.047046899795532227e+00 -4.091712474822998047e+00
-1.002735733985900879e+00 -2.187923431396484375e+00 1.939405798912048340e+00 3.874389886856079102e+00 6.152322888374328613e-01 -1.950695633888244629e+00 -1.269679188728332520e+00 -8.473520874977111816e-01 1.402373671531677246e+00 3.340098142623901367e+00 -3.345686912536621094e+00 -1.499887824058532715e+00 2.454062223434448242e+00 -1.689338445663452148e+00 -1.646201163530349731e-01
1.730188488960266113e+00 1.807451397180557251e-01 -5.455869436264038086e-01 -2.359282732009887695e+00 -2.449953556060791016e-01 1.176306128501892090e+00 -2.642663717269897461e-01 -2.258569478988647461e+00 -2.054120063781738281e+00 3.292719364166259766e+00 -2.216781139373779297e+00 1.688620209693908691e+00 2.293201208114624023e+00 3.656176328659057617e+00 -1.937408328056335449e+00
1.760065674781799316e+00 1.978394865989685059e+00 1.735867738723754883e+00 6.319580078125000000e-01 2.424694150686264038e-01 1.186026573181152344e+00 1.171924114227294922e+00 1.242033004760742188e+00 -1.642718315124511719e+00 1.189369633793830872e-01 -1.297360777854919434e+00 2.820126295089721680e+00 2.986187696456909180e+00 2.032884836196899414e+00 -5.678033351898193359e+00
