1.227211058139801025e-01
5.441330075263977051e-01
6.691418886184692383e-01
3.347481489181518555e+00
-9.714434742927551270e-01
-1.272989034652709961e+00
-6.763258576393127441e-02
1.428174257278442383e+00
2.041474342346191406e+00
3.680614233016967773e-01
8.960548043251037598e-01
1.416127443313598633e+00
-4.833997413516044617e-02
-2.263237476348876953e+00
3.037654638290405273e+00
6.830170750617980957e-01
-2.100306987762451172e+00
-4.441703259944915771e-01
-3.184954226016998291e-01
-3.537215232849121094e+00
2.704382836818695068e-01
-5.990331172943115234e-01
-3.032883405685424805e+00
6.726173758506774902e-01
1.859259963035583496e+00
3.003561735153198242e+00
-1.014328360557556152e+00
1.553481936454772949e+00
-2.810936927795410156e+00
-1.860955595970153809e+00
2.795053958892822266e+00
-1.118244409561157227e+00
3.961614131927490234e+00
-2.890392065048217773e+00
4.673646092414855957e-01
1.337831854820251465e+00
-1.945295453071594238e+00
4.540370941162109375e+00
3.659097909927368164e+00
-3.971991300582885742e+00
8.649746775627136230e-01
-4.547680616378784180e-01
2.649478197097778320e+00
2.976706743240356445e+00
-9.163494706153869629e-01
-5.140787124633789062e+00
-2.164122104644775391e+00
4.376275539398193359e+00
5.843569278717041016e+00
-9.525543451309204102e-02
4.136663377285003662e-01
-1.009663105010986328e+00
-3.097921609878540039e+00
2.405838727951049805e+00
2.084393978118896484e+00
-9.613245129585266113e-01
9.488398432731628418e-01
2.189860343933105469e+00
1.035460352897644043e+00
-3.509227275848388672e+00
