1.168031811714172363e+00
1.171786665916442871e+00
9.317597746849060059e-01
2.702277600765228271e-01
-7.854245305061340332e-01
-2.145787000656127930e+00
-1.219854950904846191e+00
-2.662040948867797852e+00
4.822997152805328369e-01
-4.842048883438110352e-01
-1.039618730545043945e+00
-7.759406566619873047e-01
4.912155568599700928e-01
-2.537704110145568848e-01
-1.469324231147766113e+00
-1.394095897674560547e+00
-9.454041719436645508e-01
-1.022648811340332031e+00
2.095075607299804688e+00
-1.300216436386108398e+00
4.087782204151153564e-01
1.908956885337829590e+00
3.023574054241180420e-01
1.518541216850280762e+00
-2.565640211105346680e+00
-2.596742212772369385e-01
9.494248628616333008e-01
1.967673897743225098e+00
-1.078082680702209473e+00
-1.173315167427062988e+00
4.293577969074249268e-01
-4.520607367157936096e-02
1.590420484542846680e+00
1.422142028808593750e+00
5.096021890640258789e-01
-1.145305514335632324e+00
-1.910331398248672485e-01
-8.021549582481384277e-01
7.228497266769409180e-01
-3.261078298091888428e-01
1.856797218322753906e+00
-2.002485990524291992e+00
-6.525497436523437500e-01
2.011351108551025391e+00
-7.418315410614013672e-01
3.701989650726318359e-01
1.607594013214111328e+00
-1.387067675590515137e+00
1.180192947387695312e+00
7.188658714294433594e-01
3.589468300342559814e-01
2.167458057403564453e+00
1.107171893119812012e+00
1.122527480125427246e+00
-6.498578786849975586e-01
-8.674959540367126465e-01
-9.344432353973388672e-01
6.097380816936492920e-02
-2.387012958526611328e+00
1.238534688949584961e+00
