3.528716564178466797e-01
1.320180892944335938e-01
-3.531686961650848389e-01
6.309770513325929642e-03
1.015212655067443848e+00
1.683861017227172852e+00
-7.166909575462341309e-01
1.083343982696533203e+00
-1.307487249374389648e+00
1.125683426856994629e+00
-1.682243943214416504e+00
2.617100477218627930e-01
-1.827713489532470703e+00
7.773528099060058594e-01
7.841301709413528442e-02
1.194198489189147949e+00
1.852656722068786621e+00
1.444370865821838379e+00
-4.516439735889434814e-01
-9.083901047706604004e-01
1.077894926071166992e+00
-2.613381743431091309e-01
2.444554090499877930e+00
4.017132222652435303e-01
1.024482488632202148e+00
1.377277016639709473e+00
1.027540683746337891e+00
4.048149287700653076e-01
-4.612603187561035156e-01
1.643504500389099121e+00
