-6.830225586891174316e-01
4.387772083282470703e+00
-2.571258783340454102e+00
-2.892277717590332031e+00
-1.098558306694030762e+00
1.193422198295593262e+00
5.861459255218505859e+00
1.173958897590637207e+00
3.180758476257324219e+00
4.344648361206054688e+00
-5.776664018630981445e-01
-4.956186413764953613e-01
-3.807009935379028320e+00
-2.937635898590087891e+00
2.626731157302856445e+00
1.637372612953186035e+00
3.316132068634033203e+00
-1.337293863296508789e+00
-2.594639062881469727e+00
-1.696379333734512329e-01
-2.791490077972412109e+00
2.096546649932861328e+00
2.079676389694213867e+00
-4.005451679229736328e+00
-5.339647769927978516e+00
2.055511951446533203e+00
-2.283083915710449219e+00
3.485559701919555664e+00
-1.257919311523437500e+00
-3.810059070587158203e+00
