1.408141136169433594e+00 -1.197193562984466553e-01
-1.501023888587951660e+00 -8.253882080316543579e-02
2.382711619138717651e-01 7.580570578575134277e-01
-1.009028673171997070e+00 -1.597986936569213867e+00
1.677491068840026855e-01 -4.489317238330841064e-01
9.620380401611328125e-01 1.498653173446655273e+00
1.550361886620521545e-02 8.015812039375305176e-01
3.223765492439270020e-01 -5.932163000106811523e-01
-1.043005466461181641e+00 -4.203276634216308594e-01
-8.073266744613647461e-01 -7.981305569410324097e-02
2.331525683403015137e-01 8.596796393394470215e-01
-1.103517055511474609e+00 -5.908831357955932617e-01
9.882506132125854492e-01 3.119159936904907227e-01
-1.177219152450561523e+00 2.353223115205764771e-01
6.921738982200622559e-01 -3.045988082885742188e-02
8.661879599094390869e-02 7.125446796417236328e-01
6.071853637695312500e-01 1.155892729759216309e+00
-2.090482860803604126e-01 2.861843705177307129e-01
-7.684432864189147949e-01 -1.426229029893875122e-01
-4.070366919040679932e-01 -1.004348158836364746e+00
8.937566280364990234e-01 2.693706452846527100e-01
-1.684522032737731934e-01 -8.880299925804138184e-01
6.460655331611633301e-01 6.312082707881927490e-02
4.509581923484802246e-01 -8.929265290498733521e-02
5.504149794578552246e-01 1.462951209396123886e-02
-1.032202482223510742e+00 -1.830521821975708008e-01
-5.174558758735656738e-01 5.003830045461654663e-02
9.300767183303833008e-01 1.680894136428833008e+00
5.913850665092468262e-01 -4.580065011978149414e-01
-1.242919415235519409e-01 -7.644453048706054688e-01
6.210282444953918457e-01 -2.922628261148929596e-02
1.010185360908508301e+00 5.023353919386863708e-02
-1.949908733367919922e-01 5.635233521461486816e-01
-1.056944876909255981e-01 6.996485590934753418e-01
-9.718723297119140625e-01 -2.610161006450653076e-01
2.518600784242153168e-02 7.311472892761230469e-01
-6.031288504600524902e-01 -4.540843144059181213e-02
-1.717770248651504517e-01 3.083036839962005615e-01
-5.463154315948486328e-01 -1.596862673759460449e+00
2.494136244058609009e-01 7.835819721221923828e-01
-1.631868928670883179e-01 -9.410890936851501465e-01
-1.130165383219718933e-01 4.972838163375854492e-01
8.122103810310363770e-01 1.485574096441268921e-01
5.062267556786537170e-02 8.331233859062194824e-01
-7.466830015182495117e-01 -1.614929735660552979e-01
-6.279942393302917480e-01 4.211654663085937500e-01
1.340436697006225586e+00 8.029611706733703613e-01
2.920007109642028809e-01 1.142969131469726562e+00
-1.237462520599365234e+00 -6.870223283767700195e-01
-1.014762639999389648e+00 -1.575032472610473633e+00
