1.017768621444702148e+00 4.926145374774932861e-01
6.050053834915161133e-01 -1.031111329793930054e-01
-7.077956795692443848e-01 2.280493676662445068e-01
-2.126332223415374756e-01 -7.451740503311157227e-01
8.925528526306152344e-01 2.801420390605926514e-01
6.393108367919921875e-01 8.894382417201995850e-02
-3.316754102706909180e-01 1.137734651565551758e-01
-5.614950656890869141e-01 -2.799094840884208679e-02
-7.034093737602233887e-01 -2.208716571331024170e-01
7.728288173675537109e-01 1.468473225831985474e-01
-8.371186852455139160e-01 -1.191851139068603516e+00
1.826686561107635498e-01 -4.051441252231597900e-01
6.819966435432434082e-01 1.152817085385322571e-01
5.581563115119934082e-01 1.059542179107666016e+00
-6.242710947990417480e-01 -8.841550946235656738e-01
4.066824615001678467e-01 -1.766052842140197754e-01
3.614256680011749268e-01 -3.009383976459503174e-01
1.244385465979576111e-01 -5.811240077018737793e-01
1.022345051169395447e-01 -4.058623909950256348e-01
1.798043996095657349e-01 -4.406942129135131836e-01
-9.252014160156250000e-01 -3.909782469272613525e-01
-5.211192741990089417e-02 -5.316801667213439941e-01
-2.659087181091308594e-01 -6.704719066619873047e-01
-1.549308747053146362e-01 -4.703749120235443115e-01
-2.017669230699539185e-01 1.866140663623809814e-01
1.204357862472534180e+00 6.429117918014526367e-01
3.137102723121643066e-01 -1.260892003774642944e-01
-3.864755928516387939e-01 -8.713056445121765137e-01
-1.139482140541076660e+00 -1.513347983360290527e+00
8.081942200660705566e-01 3.026289343833923340e-01
1.126316189765930176e-01 8.183007836341857910e-01
5.368144810199737549e-02 -5.440412163734436035e-01
-7.355170845985412598e-01 -2.838557660579681396e-01
-7.283478975296020508e-01 3.503626212477684021e-02
-2.669300734996795654e-01 3.035081624984741211e-01
-2.103892713785171509e-01 -6.984955072402954102e-01
7.639498114585876465e-01 2.823074460029602051e-01
-3.070395588874816895e-01 -7.640160322189331055e-01
-6.065641045570373535e-01 -1.176280617713928223e+00
2.564351856708526611e-01 7.560483217239379883e-01
1.013998091220855713e-01 -3.641946315765380859e-01
-4.385416507720947266e-01 -1.076675802469253540e-01
5.086898803710937500e-01 -2.662044018507003784e-02
3.176531493663787842e-01 -2.980035543441772461e-01
-3.184376284480094910e-02 -8.610281348228454590e-01
6.168870925903320312e-01 -9.325324743986129761e-02
-2.772960066795349121e-01 6.042345762252807617e-01
-4.610223472118377686e-01 3.671212196350097656e-01
-1.294814050197601318e-01 5.120856165885925293e-01
3.687734901905059814e-01 8.896464705467224121e-01
-4.153105989098548889e-02 -8.276086449623107910e-01
6.390628218650817871e-02 6.277679204940795898e-01
2.378011941909790039e-01 -2.404512763023376465e-01
-3.151509165763854980e-01 1.379256695508956909e-01
-6.541476249694824219e-01 -1.219719052314758301e+00
-2.619501352310180664e-01 3.389816284179687500e-01
-1.440937757492065430e+00 -1.879818916320800781e+00
5.045761168003082275e-02 5.150528550148010254e-01
-3.356548845767974854e-01 2.653553783893585205e-01
6.431968510150909424e-02 9.054836630821228027e-01
