-2.645566761493682861e-01 -7.217484712600708008e-01
-5.826889276504516602e-01 -1.631888300180435181e-01
1.276129204779863358e-02 3.611496090888977051e-01
-1.052326798439025879e+00 -5.921700000762939453e-01
8.082872033119201660e-01 2.695729732513427734e-01
6.029716134071350098e-01 1.020755767822265625e+00
8.559401035308837891e-01 -3.823948204517364502e-01
-3.658374249935150146e-01 -1.277358651161193848e+00
1.386334449052810669e-01 -3.811237215995788574e-01
2.727878279983997345e-02 -5.046770572662353516e-01
-4.620880484580993652e-01 -9.279555082321166992e-01
-4.878515005111694336e-01 3.637824580073356628e-02
-1.442761301994323730e+00 -9.485048651695251465e-01
7.202749848365783691e-01 2.518635392189025879e-01
3.685956597328186035e-01 -1.826526820659637451e-01
-1.471038818359375000e+00 -1.052991628646850586e+00
2.364857196807861328e-01 -1.600325554609298706e-01
-1.143280863761901855e+00 -6.818318367004394531e-01
2.721477150917053223e-01 6.779322624206542969e-01
-2.458862364292144775e-01 1.542153656482696533e-01
5.302286744117736816e-01 2.858594618737697601e-02
-2.403461188077926636e-01 1.076686605811119080e-01
5.578758120536804199e-01 9.013646841049194336e-01
1.639500632882118225e-02 4.615970551967620850e-01
2.300667464733123779e-01 -2.141729742288589478e-01
4.091508314013481140e-02 5.435127019882202148e-01
6.835673451423645020e-01 1.033816218376159668e+00
9.270150065422058105e-01 1.311671257019042969e+00
2.677682936191558838e-01 -1.502736657857894897e-01
1.131217241287231445e+00 6.665526628494262695e-01
-4.445167481899261475e-01 -8.530700802803039551e-01
6.660524010658264160e-02 4.291581213474273682e-01
-6.018373966217041016e-01 -1.812573671340942383e-01
1.025107979774475098e+00 6.017382740974426270e-01
3.083008527755737305e-01 -1.115116551518440247e-01
2.658670842647552490e-01 6.748635768890380859e-01
6.066017150878906250e-01 6.987923383712768555e-02
8.487557172775268555e-01 3.428829312324523926e-01
-1.151151180267333984e+00 -6.531223058700561523e-01
6.216166615486145020e-01 1.881459206342697144e-01
