-3.640249967575073242e-01 7.552954554557800293e-02
-6.221658587455749512e-01 -1.111749112606048584e-01
-9.306296110153198242e-01 -4.080439507961273193e-01
-7.949847579002380371e-01 -3.242565691471099854e-01
-5.891004800796508789e-01 -1.075417518615722656e+00
-7.141510397195816040e-02 3.804475069046020508e-01
6.003771424293518066e-01 2.679753899574279785e-01
-6.198701262474060059e-01 -2.093550115823745728e-01
6.637964248657226562e-01 1.096083641052246094e+00
-4.936971068382263184e-01 8.902625739574432373e-02
-2.315981835126876831e-01 1.067763194441795349e-01
-2.892058715224266052e-02 -4.546729326248168945e-01
3.271724879741668701e-01 7.376289367675781250e-01
-3.006567358970642090e-01 2.736123800277709961e-01
5.576499104499816895e-01 1.333197355270385742e-01
4.322262108325958252e-01 3.980499505996704102e-02
-3.169637322425842285e-01 1.772569417953491211e-01
1.077893376350402832e+00 6.267666816711425781e-01
-1.157440900802612305e+00 -7.598378062248229980e-01
-1.772921830415725708e-01 3.126673996448516846e-01
-6.407838314771652222e-03 -4.033631384372711182e-01
3.566919565200805664e-01 -3.036882877349853516e-01
8.013682961463928223e-01 2.370009869337081909e-01
6.993117332458496094e-01 1.120789289474487305e+00
9.707185029983520508e-01 5.634890198707580566e-01
7.539742588996887207e-01 1.226303458213806152e+00
-1.517450928688049316e+00 -1.909202337265014648e+00
-3.755025863647460938e-01 1.834424957633018494e-02
1.022409319877624512e+00 5.387313365936279297e-01
-4.685958921909332275e-01 -8.657734096050262451e-02
6.493635177612304688e-01 1.979543268680572510e-01
5.843685269355773926e-01 1.456442326307296753e-01
-8.316843509674072266e-01 -1.269329428672790527e+00
8.022339344024658203e-01 4.034134447574615479e-01
-1.255708336830139160e+00 -8.922047615051269531e-01
4.650913774967193604e-01 8.817877173423767090e-01
5.687595009803771973e-01 1.014125347137451172e+00
2.447075992822647095e-01 -1.956171244382858276e-01
9.251967072486877441e-01 1.300153255462646484e+00
1.455504298210144043e+00 9.218139052391052246e-01
