0.48046875 0.4522796869277954 1491.0 20201.0 15948.0 918.0
0.9189453125 0.9186161160469055 687.0 1416.0 34733.0 1722.0
0.912109375 0.9191607236862183 845.0 1553.0 34596.0 1564.0
0.919921875 0.9159707427024841 940.0 1771.0 34378.0 1469.0
0.9140625 0.9146739840507507 1031.0 1912.0 34237.0 1378.0
0.9111328125 0.9178640246391296 1101.0 1859.0 34290.0 1308.0
0.919921875 0.9236993789672852 1068.0 1601.0 34548.0 1341.0
0.9189453125 0.9233881235122681 1107.0 1652.0 34497.0 1302.0
0.921875 0.9159448146820068 1205.0 2037.0 34112.0 1204.0
0.9169921875 0.9108874797821045 1328.0 2355.0 33794.0 1081.0
0.9267578125 0.9184086322784424 1275.0 2012.0 34137.0 1134.0
0.9306640625 0.9241402745246887 1234.0 1750.0 34399.0 1175.0
0.9375 0.9272005558013916 1245.0 1643.0 34506.0 1164.0
0.9296875 0.9250479936599731 1264.0 1745.0 34404.0 1145.0
0.9130859375 0.9156076312065125 1451.0 2296.0 33853.0 958.0
0.9091796875 0.9200944304466248 1360.0 2032.0 34117.0 1049.0
0.919921875 0.9209243059158325 1402.0 2042.0 34107.0 1007.0
0.9140625 0.9253591895103455 1365.0 1834.0 34315.0 1044.0
0.9375 0.9321801066398621 1304.0 1510.0 34639.0 1105.0
0.912109375 0.9203018546104431 1472.0 2136.0 34013.0 937.0
0.9130859375 0.9220654368400574 1485.0 2081.0 34068.0 924.0
0.9326171875 0.926085352897644 1414.0 1855.0 34294.0 995.0
0.9296875 0.9246070981025696 1469.0 1967.0 34182.0 940.0
0.93359375 0.9278489351272583 1437.0 1810.0 34339.0 972.0
0.9296875 0.9289382100105286 1445.0 1776.0 34373.0 964.0
0.9248046875 0.9304165244102478 1428.0 1702.0 34447.0 981.0
0.9375 0.9273561835289001 1434.0 1826.0 34323.0 975.0
0.9150390625 0.9210021495819092 1576.0 2213.0 33936.0 833.0
0.923828125 0.9196275472640991 1580.0 2270.0 33879.0 829.0
0.9423828125 0.9316354393959045 1460.0 1687.0 34462.0 949.0
0.90234375 0.9229472279548645 1565.0 2127.0 34022.0 844.0
0.927734375 0.9268375039100647 1516.0 1928.0 34221.0 893.0
0.9296875 0.9247626662254333 1571.0 2063.0 34086.0 838.0
0.921875 0.9264484643936157 1554.0 1981.0 34168.0 855.0
0.94140625 0.9351366758346558 1442.0 1534.0 34615.0 967.0
0.9345703125 0.9288344979286194 1525.0 1860.0 34289.0 884.0
0.9296875 0.9291197657585144 1509.0 1833.0 34316.0 900.0
0.9306640625 0.9295865893363953 1521.0 1827.0 34322.0 888.0
0.9306640625 0.9312983155250549 1458.0 1698.0 34451.0 951.0
0.9375 0.9297681450843811 1553.0 1852.0 34297.0 856.0
0.9375 0.9254888892173767 1587.0 2051.0 34098.0 822.0
0.9267578125 0.9292494654655457 1565.0 1884.0 34265.0 844.0
0.9248046875 0.9218320250511169 1615.0 2220.0 33929.0 794.0
0.9384765625 0.927823007106781 1550.0 1924.0 34225.0 859.0
0.9365234375 0.9325172305107117 1522.0 1715.0 34434.0 887.0
0.9365234375 0.9315317273139954 1546.0 1777.0 34372.0 863.0
0.9228515625 0.9275118112564087 1581.0 1967.0 34182.0 828.0
0.927734375 0.9324394464492798 1503.0 1699.0 34450.0 906.0
0.9228515625 0.9225322604179382 1619.0 2197.0 33952.0 790.0
0.9326171875 0.9354997873306274 1446.0 1524.0 34625.0 963.0
0.9326171875 0.9306758642196655 1542.0 1806.0 34343.0 867.0
0.923828125 0.9274080395698547 1544.0 1934.0 34215.0 865.0
0.9296875 0.9369780421257019 1541.0 1562.0 34587.0 868.0
0.939453125 0.931194543838501 1543.0 1787.0 34362.0 866.0
0.9453125 0.9331915378570557 1520.0 1687.0 34462.0 889.0
0.9169921875 0.9232844114303589 1617.0 2166.0 33983.0 792.0
0.939453125 0.9367964863777161 1489.0 1517.0 34632.0 920.0
0.9306640625 0.9388972520828247 1468.0 1415.0 34734.0 941.0
0.93359375 0.9341771006584167 1534.0 1663.0 34486.0 875.0
0.9150390625 0.9243477582931519 1629.0 2137.0 34012.0 780.0
0.931640625 0.9357591271400452 1511.0 1579.0 34570.0 898.0
0.943359375 0.9368224740028381 1493.0 1520.0 34629.0 916.0
0.9375 0.935266375541687 1498.0 1585.0 34564.0 911.0
0.9345703125 0.933217465877533 1549.0 1715.0 34434.0 860.0
0.9365234375 0.923206627368927 1644.0 2196.0 33953.0 765.0
0.9267578125 0.9294569492340088 1601.0 1912.0 34237.0 808.0
0.931640625 0.9283936023712158 1618.0 1970.0 34179.0 791.0
0.9375 0.9355257153511047 1528.0 1605.0 34544.0 881.0
0.921875 0.9317651391029358 1588.0 1810.0 34339.0 821.0
0.947265625 0.9310649037361145 1589.0 1838.0 34311.0 820.0
0.935546875 0.933217465877533 1559.0 1725.0 34424.0 850.0
0.9453125 0.9404792785644531 1454.0 1340.0 34809.0 955.0
0.9248046875 0.9250739216804504 1667.0 2147.0 34002.0 742.0
0.9345703125 0.9333212375640869 1596.0 1758.0 34391.0 813.0
0.94140625 0.9252035617828369 1654.0 2129.0 34020.0 755.0
0.9453125 0.9336065053939819 1585.0 1736.0 34413.0 824.0
0.9345703125 0.9322838187217712 1582.0 1784.0 34365.0 827.0
0.9453125 0.9321282505989075 1603.0 1811.0 34338.0 806.0
0.9541015625 0.9355257153511047 1588.0 1665.0 34484.0 821.0
0.9345703125 0.9362518787384033 1558.0 1607.0 34542.0 851.0
0.931640625 0.9256704449653625 1662.0 2119.0 34030.0 747.0
0.9287109375 0.9300793409347534 1608.0 1895.0 34254.0 801.0
0.94140625 0.9338139891624451 1555.0 1698.0 34451.0 854.0
0.9423828125 0.9243996143341064 1719.0 2225.0 33924.0 690.0
0.9375 0.9310130476951599 1613.0 1864.0 34285.0 796.0
0.9375 0.9369261860847473 1532.0 1555.0 34594.0 877.0
0.923828125 0.9262669086456299 1671.0 2105.0 34044.0 738.0
0.931640625 0.9351885318756104 1577.0 1667.0 34482.0 832.0
0.927734375 0.9303646683692932 1580.0 1856.0 34293.0 829.0
0.9326171875 0.9333212375640869 1565.0 1727.0 34422.0 844.0
0.9267578125 0.9301052689552307 1605.0 1891.0 34258.0 804.0
0.921875 0.9280823469161987 1657.0 2021.0 34128.0 752.0
0.9248046875 0.9383785724639893 1517.0 1484.0 34665.0 892.0
0.927734375 0.9289382100105286 1663.0 1994.0 34155.0 746.0
0.9296875 0.9270449876785278 1662.0 2066.0 34083.0 747.0
0.9345703125 0.9279786348342896 1653.0 2021.0 34128.0 756.0
0.927734375 0.9289382100105286 1638.0 1969.0 34180.0 771.0
0.9306640625 0.9214949011802673 1676.0 2294.0 33855.0 733.0
0.92578125 0.9250479936599731 1679.0 2160.0 33989.0 730.0
0.9326171875 0.9294569492340088 1617.0 1928.0 34221.0 792.0
0.9453125 0.9390528798103333 1491.0 1432.0 34717.0 918.0
0.9365234375 0.9316095113754272 1603.0 1831.0 34318.0 806.0
0.9384765625 0.9322060346603394 1623.0 1828.0 34321.0 786.0
0.951171875 0.9334768652915955 1596.0 1752.0 34397.0 813.0
0.9462890625 0.9312983155250549 1593.0 1833.0 34316.0 816.0
0.93359375 0.9271746277809143 1661.0 2060.0 34089.0 748.0
0.943359375 0.9423206448554993 1477.0 1292.0 34857.0 932.0
0.9443359375 0.9381710886955261 1565.0 1540.0 34609.0 844.0
0.953125 0.9390009641647339 1557.0 1500.0 34649.0 852.0
0.92578125 0.9290160536766052 1680.0 2008.0 34141.0 729.0
0.9443359375 0.9389750361442566 1579.0 1523.0 34626.0 830.0
0.927734375 0.9354738593101501 1582.0 1661.0 34488.0 827.0
0.92578125 0.9328025579452515 1596.0 1778.0 34371.0 813.0
0.9296875 0.9400902390480042 1526.0 1427.0 34722.0 883.0
0.9287109375 0.9300015568733215 1648.0 1938.0 34211.0 761.0
0.9404296875 0.9218060970306396 1710.0 2316.0 33833.0 699.0
0.9375 0.9325172305107117 1638.0 1831.0 34318.0 771.0
0.9384765625 0.9377820491790771 1560.0 1550.0 34599.0 849.0
0.9208984375 0.9317132830619812 1633.0 1857.0 34292.0 776.0
0.9541015625 0.9395715594291687 1528.0 1449.0 34700.0 881.0
0.943359375 0.9358109831809998 1552.0 1618.0 34531.0 857.0
0.9462890625 0.9319726228713989 1653.0 1867.0 34282.0 756.0
0.9345703125 0.9251776337623596 1702.0 2178.0 33971.0 707.0
0.9462890625 0.9326728582382202 1649.0 1836.0 34313.0 760.0
0.916015625 0.9232844114303589 1710.0 2259.0 33890.0 699.0
0.9423828125 0.9330618977546692 1605.0 1777.0 34372.0 804.0
0.92578125 0.927537739276886 1681.0 2066.0 34083.0 728.0
0.9375 0.9277711510658264 1659.0 2035.0 34114.0 750.0
0.9443359375 0.9400124549865723 1539.0 1443.0 34706.0 870.0
0.9375 0.9312723875045776 1627.0 1868.0 34281.0 782.0
0.955078125 0.941335141658783 1509.0 1362.0 34787.0 900.0
0.9345703125 0.929275393486023 1644.0 1962.0 34187.0 765.0
0.943359375 0.937289297580719 1539.0 1548.0 34601.0 870.0
0.953125 0.933243453502655 1592.0 1757.0 34392.0 817.0
0.9462890625 0.9366409182548523 1583.0 1617.0 34532.0 826.0
0.9287109375 0.9316354393959045 1614.0 1841.0 34308.0 795.0
0.919921875 0.9366409182548523 1550.0 1584.0 34565.0 859.0
0.927734375 0.9308055639266968 1634.0 1893.0 34256.0 775.0
0.9384765625 0.9361481666564941 1557.0 1610.0 34539.0 852.0
0.919921875 0.9304165244102478 1597.0 1871.0 34278.0 812.0
0.9443359375 0.935940682888031 1538.0 1599.0 34550.0 871.0
0.935546875 0.9312204718589783 1649.0 1892.0 34257.0 760.0
0.9345703125 0.9344364404678345 1615.0 1734.0 34415.0 794.0
0.94140625 0.9357591271400452 1627.0 1695.0 34454.0 782.0
0.9443359375 0.9392603635787964 1525.0 1458.0 34691.0 884.0
0.951171875 0.9402199387550354 1529.0 1425.0 34724.0 880.0
0.9365234375 0.9343326687812805 1597.0 1720.0 34429.0 812.0
0.9365234375 0.9360703229904175 1548.0 1604.0 34545.0 861.0
0.9326171875 0.9311167597770691 1647.0 1894.0 34255.0 762.0
0.93359375 0.9295088052749634 1638.0 1947.0 34202.0 771.0
0.931640625 0.9293531775474548 1647.0 1962.0 34187.0 762.0
0.9462890625 0.938923180103302 1566.0 1512.0 34637.0 843.0
0.9296875 0.9382748007774353 1564.0 1535.0 34614.0 845.0
0.9248046875 0.9287307262420654 1649.0 1988.0 34161.0 760.0
0.9169921875 0.9262669086456299 1691.0 2125.0 34024.0 718.0
0.92578125 0.9277452230453491 1685.0 2062.0 34087.0 724.0
0.9384765625 0.9354997873306274 1595.0 1673.0 34476.0 814.0
0.93359375 0.932543158531189 1652.0 1844.0 34305.0 757.0
0.9306640625 0.9320504069328308 1617.0 1828.0 34321.0 792.0
0.9345703125 0.9353700876235962 1558.0 1641.0 34508.0 851.0
0.947265625 0.9351366758346558 1606.0 1698.0 34451.0 803.0
0.9521484375 0.9396234154701233 1507.0 1426.0 34723.0 902.0
0.9345703125 0.9317392110824585 1621.0 1844.0 34305.0 788.0
0.9140625 0.9121323823928833 1762.0 2741.0 33408.0 647.0
0.9384765625 0.9393900036811829 1534.0 1462.0 34687.0 875.0
0.943359375 0.9357591271400452 1593.0 1661.0 34488.0 816.0
0.91015625 0.9341511726379395 1604.0 1734.0 34415.0 805.0
0.9287109375 0.9310389757156372 1639.0 1889.0 34260.0 770.0
0.93359375 0.9400124549865723 1479.0 1383.0 34766.0 930.0
0.931640625 0.9325950741767883 1630.0 1820.0 34329.0 779.0
0.9287109375 0.9354738593101501 1535.0 1614.0 34535.0 874.0
0.9453125 0.934592068195343 1616.0 1729.0 34420.0 793.0
0.9443359375 0.9300274848937988 1630.0 1919.0 34230.0 779.0
0.92578125 0.9295088052749634 1682.0 1991.0 34158.0 727.0
0.93359375 0.9303386807441711 1639.0 1916.0 34233.0 770.0
0.931640625 0.9402458667755127 1521.0 1416.0 34733.0 888.0
0.9462890625 0.9367964863777161 1596.0 1624.0 34525.0 813.0
0.94921875 0.9347995519638062 1565.0 1670.0 34479.0 844.0
0.9404296875 0.9377042651176453 1554.0 1547.0 34602.0 855.0
0.93359375 0.9296125173568726 1664.0 1969.0 34180.0 745.0
0.9345703125 0.9303646683692932 1648.0 1924.0 34225.0 761.0
0.9345703125 0.9340474009513855 1547.0 1681.0 34468.0 862.0
0.9287109375 0.9303386807441711 1646.0 1923.0 34226.0 763.0
0.94140625 0.9330099821090698 1670.0 1844.0 34305.0 739.0
0.9345703125 0.9308574199676514 1624.0 1881.0 34268.0 785.0
0.9365234375 0.928601086139679 1648.0 1992.0 34157.0 761.0
0.9384765625 0.9378857612609863 1552.0 1538.0 34611.0 857.0
0.9375 0.9323616623878479 1625.0 1824.0 34325.0 784.0
0.9365234375 0.9335027933120728 1605.0 1760.0 34389.0 804.0
0.9189453125 0.9238549470901489 1684.0 2211.0 33938.0 725.0
0.9384765625 0.9343067407608032 1607.0 1731.0 34418.0 802.0
0.9384765625 0.9330359697341919 1596.0 1769.0 34380.0 813.0
0.9521484375 0.9338658452033997 1654.0 1795.0 34354.0 755.0
0.9287109375 0.9305980801582336 1658.0 1925.0 34224.0 751.0
0.935546875 0.9336843490600586 1595.0 1743.0 34406.0 814.0
0.9130859375 0.9238290190696716 1726.0 2254.0 33895.0 683.0
0.943359375 0.939208447933197 1552.0 1487.0 34662.0 857.0
0.943359375 0.9309352040290833 1649.0 1903.0 34246.0 760.0
0.947265625 0.9331396818161011 1612.0 1781.0 34368.0 797.0
0.9482421875 0.9383525848388672 1561.0 1529.0 34620.0 848.0
0.9228515625 0.9300534129142761 1661.0 1949.0 34200.0 748.0
0.9326171875 0.9303386807441711 1615.0 1892.0 34257.0 794.0
0.9404296875 0.9323097467422485 1617.0 1818.0 34331.0 792.0
0.939453125 0.9346698522567749 1574.0 1684.0 34465.0 835.0
0.92578125 0.9280304908752441 1659.0 2025.0 34124.0 750.0
0.943359375 0.9321022629737854 1606.0 1815.0 34334.0 803.0
0.9423828125 0.9381451606750488 1575.0 1551.0 34598.0 834.0
0.9501953125 0.939208447933197 1544.0 1479.0 34670.0 865.0
0.9326171875 0.9384045004844666 1556.0 1522.0 34627.0 853.0
0.9404296875 0.9398568272590637 1544.0 1454.0 34695.0 865.0
0.9521484375 0.9397011995315552 1530.0 1446.0 34703.0 879.0
0.9326171875 0.9310389757156372 1625.0 1875.0 34274.0 784.0
0.939453125 0.9310649037361145 1620.0 1869.0 34280.0 789.0
0.9443359375 0.9340474009513855 1578.0 1712.0 34437.0 831.0
0.927734375 0.927252471446991 1702.0 2098.0 34051.0 707.0
0.9287109375 0.932569146156311 1638.0 1829.0 34320.0 771.0
0.935546875 0.9296125173568726 1651.0 1956.0 34193.0 758.0
0.9296875 0.9349551200866699 1616.0 1715.0 34434.0 793.0
0.939453125 0.9333471655845642 1610.0 1771.0 34378.0 799.0
0.94140625 0.9391565918922424 1512.0 1449.0 34700.0 897.0
0.92578125 0.9332953095436096 1632.0 1795.0 34354.0 777.0
0.9345703125 0.9339955449104309 1620.0 1756.0 34393.0 789.0
0.931640625 0.9329840540885925 1615.0 1790.0 34359.0 794.0
0.9296875 0.9314539432525635 1678.0 1912.0 34237.0 731.0
0.9443359375 0.9352403879165649 1610.0 1698.0 34451.0 799.0
0.935546875 0.936614990234375 1566.0 1601.0 34548.0 843.0
0.9375 0.931868851184845 1651.0 1869.0 34280.0 758.0
0.9345703125 0.9338399171829224 1632.0 1774.0 34375.0 777.0
0.951171875 0.9331656098365784 1611.0 1779.0 34370.0 798.0
0.9345703125 0.9370818138122559 1575.0 1592.0 34557.0 834.0
0.9267578125 0.9308833479881287 1649.0 1905.0 34244.0 760.0
0.939453125 0.9387934803962708 1586.0 1537.0 34612.0 823.0
0.943359375 0.937289297580719 1590.0 1599.0 34550.0 819.0
0.9423828125 0.9372373819351196 1588.0 1599.0 34550.0 821.0
0.943359375 0.9348514080047607 1605.0 1708.0 34441.0 804.0
0.9365234375 0.933217465877533 1631.0 1797.0 34352.0 778.0
0.935546875 0.9357591271400452 1608.0 1676.0 34473.0 801.0
0.9423828125 0.9357850551605225 1587.0 1654.0 34495.0 822.0
0.9365234375 0.932854413986206 1625.0 1805.0 34344.0 784.0
0.9306640625 0.9383525848388672 1589.0 1557.0 34592.0 820.0
0.9326171875 0.9349551200866699 1615.0 1714.0 34435.0 794.0
0.9482421875 0.9323097467422485 1638.0 1839.0 34310.0 771.0
0.9375 0.936614990234375 1578.0 1613.0 34536.0 831.0
0.9384765625 0.9296125173568726 1638.0 1943.0 34206.0 771.0
0.939453125 0.9387934803962708 1575.0 1526.0 34623.0 834.0
0.9248046875 0.9305980801582336 1645.0 1912.0 34237.0 764.0
0.9462890625 0.9388453960418701 1539.0 1488.0 34661.0 870.0
0.9521484375 0.9376523494720459 1573.0 1568.0 34581.0 836.0
0.9296875 0.9316613674163818 1631.0 1857.0 34292.0 778.0
0.9384765625 0.9354219436645508 1606.0 1687.0 34462.0 803.0
0.9453125 0.9330099821090698 1631.0 1805.0 34344.0 778.0
0.9404296875 0.9317910671234131 1643.0 1864.0 34285.0 766.0
0.9365234375 0.9268115758895874 1689.0 2102.0 34047.0 720.0
0.9423828125 0.9363037347793579 1562.0 1609.0 34540.0 847.0
0.9404296875 0.9347476363182068 1611.0 1718.0 34431.0 798.0
0.9501953125 0.9323356747627258 1632.0 1832.0 34317.0 777.0
0.9423828125 0.9321022629737854 1648.0 1857.0 34292.0 761.0
0.9345703125 0.9337102770805359 1597.0 1744.0 34405.0 812.0
0.935546875 0.9312204718589783 1678.0 1921.0 34228.0 731.0
0.931640625 0.9299756288528442 1669.0 1960.0 34189.0 740.0
0.935546875 0.9304683804512024 1683.0 1955.0 34194.0 726.0
0.9521484375 0.9286529421806335 1659.0 2001.0 34148.0 750.0
0.927734375 0.9275895953178406 1678.0 2061.0 34088.0 731.0
0.943359375 0.9310908317565918 1607.0 1855.0 34294.0 802.0
0.931640625 0.9342289566993713 1583.0 1710.0 34439.0 826.0
0.931640625 0.9351107478141785 1606.0 1699.0 34450.0 803.0
0.94140625 0.935836911201477 1583.0 1648.0 34501.0 826.0
0.93359375 0.9334249496459961 1611.0 1769.0 34380.0 798.0
0.962890625 0.9380932450294495 1546.0 1524.0 34625.0 863.0
0.9443359375 0.9314798712730408 1639.0 1872.0 34277.0 770.0
0.9326171875 0.9317132830619812 1645.0 1869.0 34280.0 764.0
0.9443359375 0.9386119842529297 1560.0 1518.0 34631.0 849.0
0.935546875 0.9324394464492798 1637.0 1833.0 34316.0 772.0
0.923828125 0.9276674389839172 1690.0 2070.0 34079.0 719.0
0.9501953125 0.9363037347793579 1594.0 1641.0 34508.0 815.0
0.9296875 0.9330618977546692 1653.0 1825.0 34324.0 756.0
0.9404296875 0.9346179962158203 1582.0 1694.0 34455.0 827.0
0.9140625 0.9183567762374878 1739.0 2478.0 33671.0 670.0
0.9375 0.9343326687812805 1606.0 1729.0 34420.0 803.0
0.93359375 0.9321022629737854 1657.0 1866.0 34283.0 752.0
0.935546875 0.9280823469161987 1650.0 2014.0 34135.0 759.0
0.931640625 0.9257741570472717 1675.0 2128.0 34021.0 734.0
0.9365234375 0.9383007287979126 1590.0 1560.0 34589.0 819.0
0.943359375 0.9313760995864868 1648.0 1885.0 34264.0 761.0
0.923828125 0.9303386807441711 1651.0 1928.0 34221.0 758.0
0.9375 0.9317910671234131 1670.0 1891.0 34258.0 739.0
0.927734375 0.927926778793335 1631.0 2001.0 34148.0 778.0
0.931640625 0.9309870600700378 1663.0 1915.0 34234.0 746.0
0.9384765625 0.9313760995864868 1646.0 1883.0 34266.0 763.0
0.958984375 0.9373411536216736 1590.0 1597.0 34552.0 819.0
0.9375 0.9381970167160034 1565.0 1539.0 34610.0 844.0
0.9423828125 0.9374189376831055 1571.0 1575.0 34574.0 838.0
0.9375 0.9302608966827393 1651.0 1931.0 34218.0 758.0
0.927734375 0.9323875904083252 1635.0 1833.0 34316.0 774.0
0.9423828125 0.9311426877975464 1656.0 1902.0 34247.0 753.0
0.943359375 0.9365371465682983 1587.0 1625.0 34524.0 822.0
0.931640625 0.9398568272590637 1534.0 1444.0 34705.0 875.0
0.927734375 0.9331656098365784 1638.0 1806.0 34343.0 771.0
0.9267578125 0.9313242435455322 1656.0 1895.0 34254.0 753.0
0.93359375 0.9379376769065857 1600.0 1584.0 34565.0 809.0
0.9326171875 0.933243453502655 1597.0 1762.0 34387.0 812.0
0.9189453125 0.9306499361991882 1610.0 1875.0 34274.0 799.0
0.9306640625 0.9331656098365784 1635.0 1803.0 34346.0 774.0
0.9375 0.9301571846008301 1649.0 1933.0 34216.0 760.0
0.9375 0.9285232424736023 1654.0 2001.0 34148.0 755.0
0.9228515625 0.9248664379119873 1707.0 2195.0 33954.0 702.0
0.939453125 0.9342808127403259 1581.0 1706.0 34443.0 828.0
0.9375 0.9311167597770691 1656.0 1903.0 34246.0 753.0
0.9306640625 0.9338399171829224 1625.0 1767.0 34382.0 784.0
0.9345703125 0.9345401525497437 1630.0 1745.0 34404.0 779.0
0.9375 0.9379895329475403 1550.0 1532.0 34617.0 859.0
0.9423828125 0.9306240081787109 1600.0 1866.0 34283.0 809.0
0.939453125 0.9340474009513855 1612.0 1746.0 34403.0 797.0
0.927734375 0.9269412159919739 1689.0 2097.0 34052.0 720.0
0.9482421875 0.9343326687812805 1605.0 1728.0 34421.0 804.0
0.92578125 0.9344623684883118 1641.0 1759.0 34390.0 768.0
0.927734375 0.9291975498199463 1689.0 2010.0 34139.0 720.0
0.9365234375 0.9335546493530273 1634.0 1787.0 34362.0 775.0
0.935546875 0.9337102770805359 1635.0 1782.0 34367.0 774.0
0.9365234375 0.930909276008606 1658.0 1913.0 34236.0 751.0
0.931640625 0.9252554774284363 1721.0 2194.0 33955.0 688.0
0.93359375 0.937185525894165 1592.0 1605.0 34544.0 817.0
0.9384765625 0.9328025579452515 1659.0 1841.0 34308.0 750.0
0.9521484375 0.9385600686073303 1565.0 1525.0 34624.0 844.0
0.935546875 0.9353960156440735 1604.0 1686.0 34463.0 805.0
0.921875 0.9351366758346558 1644.0 1736.0 34413.0 765.0
0.935546875 0.9313501715660095 1636.0 1874.0 34275.0 773.0
0.9248046875 0.9303127527236938 1632.0 1910.0 34239.0 777.0
0.9462890625 0.9327247142791748 1624.0 1809.0 34340.0 785.0
0.935546875 0.9312983155250549 1668.0 1908.0 34241.0 741.0
0.9384765625 0.938923180103302 1573.0 1519.0 34630.0 836.0
0.9482421875 0.9346957802772522 1607.0 1716.0 34433.0 802.0
0.9365234375 0.9339696168899536 1617.0 1754.0 34395.0 792.0
0.9287109375 0.9279008507728577 1706.0 2077.0 34072.0 703.0
0.9404296875 0.9385859966278076 1579.0 1538.0 34611.0 830.0
0.9423828125 0.9379895329475403 1589.0 1571.0 34578.0 820.0
0.931640625 0.9330618977546692 1628.0 1800.0 34349.0 781.0
0.93359375 0.9227138161659241 1734.0 2305.0 33844.0 675.0
0.9228515625 0.9280045628547668 1687.0 2053.0 34095.0 722.0
0.9208984375 0.9239846467971802 1720.0 2242.0 33907.0 689.0
0.9501953125 0.9351366758346558 1615.0 1707.0 34442.0 794.0
0.94140625 0.9411795139312744 1535.0 1394.0 34755.0 874.0
0.94140625 0.9294569492340088 1685.0 1996.0 34153.0 724.0
0.9208984375 0.9307536482810974 1641.0 1902.0 34247.0 768.0
0.927734375 0.9273302555084229 1688.0 2081.0 34068.0 721.0
0.9453125 0.9363037347793579 1627.0 1674.0 34475.0 782.0
0.927734375 0.9363037347793579 1612.0 1659.0 34490.0 797.0
0.94140625 0.9314798712730408 1680.0 1913.0 34236.0 729.0
0.93359375 0.9428133964538574 1568.0 1364.0 34785.0 841.0
0.9365234375 0.9382229447364807 1579.0 1552.0 34597.0 830.0
0.93359375 0.9354219436645508 1621.0 1702.0 34447.0 788.0
0.9501953125 0.9351626038551331 1626.0 1717.0 34432.0 783.0
0.9345703125 0.929275393486023 1637.0 1955.0 34194.0 772.0
0.9541015625 0.9395715594291687 1516.0 1437.0 34712.0 893.0
0.92578125 0.9209243059158325 1730.0 2370.0 33779.0 679.0
0.9501953125 0.9262669086456299 1665.0 2099.0 34050.0 744.0
0.9443359375 0.9363815784454346 1611.0 1655.0 34494.0 798.0
0.9404296875 0.9308833479881287 1669.0 1925.0 34224.0 740.0
0.9423828125 0.9391047358512878 1594.0 1533.0 34616.0 815.0
0.9248046875 0.9302868247032166 1665.0 1944.0 34205.0 744.0
0.9326171875 0.934877336025238 1651.0 1753.0 34396.0 758.0
0.92578125 0.9351366758346558 1623.0 1715.0 34434.0 786.0
0.916015625 0.9251776337623596 1718.0 2194.0 33955.0 691.0
0.943359375 0.9324653744697571 1658.0 1853.0 34296.0 751.0
0.9443359375 0.9351885318756104 1615.0 1705.0 34444.0 794.0
0.9326171875 0.9365371465682983 1610.0 1648.0 34501.0 799.0
0.9443359375 0.9357331991195679 1634.0 1703.0 34446.0 775.0
0.9208984375 0.9284713864326477 1707.0 2056.0 34093.0 702.0
0.9375 0.9365890622138977 1634.0 1670.0 34479.0 775.0
0.9501953125 0.9402977228164673 1554.0 1447.0 34702.0 855.0
0.9326171875 0.9330878257751465 1633.0 1804.0 34345.0 776.0
0.93359375 0.9320763349533081 1662.0 1872.0 34277.0 747.0
0.94140625 0.9322319626808167 1635.0 1839.0 34310.0 774.0
0.9453125 0.9369780421257019 1607.0 1628.0 34521.0 802.0
0.93359375 0.9269930720329285 1697.0 2103.0 34046.0 712.0
0.93359375 0.9333730936050415 1636.0 1796.0 34353.0 773.0
0.931640625 0.937574565410614 1602.0 1600.0 34549.0 807.0
0.9453125 0.939986526966095 1556.0 1461.0 34688.0 853.0
0.923828125 0.9317651391029358 1637.0 1859.0 34290.0 772.0
0.9501953125 0.937289297580719 1564.0 1573.0 34576.0 845.0
0.935546875 0.9349810481071472 1648.0 1746.0 34403.0 761.0
0.94921875 0.9375227093696594 1621.0 1621.0 34528.0 788.0
0.95703125 0.9345142245292664 1612.0 1728.0 34421.0 797.0
0.9462890625 0.9344364404678345 1627.0 1746.0 34403.0 782.0
0.9287109375 0.9268375039100647 1700.0 2112.0 34037.0 709.0
0.94140625 0.9390268921852112 1604.0 1546.0 34603.0 805.0
0.931640625 0.9354997873306274 1637.0 1715.0 34434.0 772.0
0.9423828125 0.9389491081237793 1595.0 1540.0 34609.0 814.0
0.9375 0.9350848197937012 1628.0 1722.0 34427.0 781.0
0.9404296875 0.9381451606750488 1600.0 1576.0 34573.0 809.0
0.9384765625 0.9362000226974487 1632.0 1683.0 34466.0 777.0
0.9375 0.9385859966278076 1597.0 1556.0 34593.0 812.0
0.9404296875 0.9333471655845642 1666.0 1827.0 34322.0 743.0
0.9365234375 0.9380154609680176 1599.0 1580.0 34569.0 810.0
0.9228515625 0.9338139891624451 1632.0 1775.0 34374.0 777.0
0.9306640625 0.9298978447914124 1637.0 1931.0 34218.0 772.0
0.94140625 0.9274599552154541 1698.0 2086.0 34063.0 711.0
0.9443359375 0.9404274225234985 1546.0 1434.0 34715.0 863.0
0.9482421875 0.9376782774925232 1608.0 1602.0 34547.0 801.0
0.9375 0.930520236492157 1684.0 1954.0 34195.0 725.0
0.9453125 0.9363296627998352 1612.0 1658.0 34491.0 797.0
0.93359375 0.9355257153511047 1656.0 1733.0 34416.0 753.0
0.94140625 0.9392862915992737 1563.0 1495.0 34654.0 846.0
0.939453125 0.9300015568733215 1656.0 1946.0 34203.0 753.0
0.9267578125 0.9335027933120728 1630.0 1785.0 34364.0 779.0
0.9453125 0.9301571846008301 1633.0 1917.0 34232.0 776.0
0.9345703125 0.9334508776664734 1641.0 1798.0 34351.0 768.0
0.9267578125 0.9358109831809998 1591.0 1657.0 34492.0 818.0
0.93359375 0.937574565410614 1599.0 1597.0 34552.0 810.0
0.9326171875 0.9343845844268799 1641.0 1762.0 34387.0 768.0
0.93359375 0.9386897683143616 1605.0 1560.0 34589.0 804.0
0.9365234375 0.9339436888694763 1659.0 1797.0 34352.0 750.0
0.935546875 0.9359666109085083 1621.0 1681.0 34468.0 788.0
0.947265625 0.9337621331214905 1641.0 1786.0 34363.0 768.0
0.9521484375 0.9346957802772522 1620.0 1729.0 34420.0 789.0
0.935546875 0.9351626038551331 1633.0 1724.0 34425.0 776.0
0.9482421875 0.9331396818161011 1621.0 1790.0 34359.0 788.0
0.921875 0.93158358335495 1682.0 1911.0 34238.0 727.0
0.9462890625 0.9387934803962708 1560.0 1511.0 34638.0 849.0
0.9384765625 0.9357331991195679 1629.0 1698.0 34451.0 780.0
0.931640625 0.9320763349533081 1672.0 1882.0 34267.0 737.0
0.9384765625 0.9347995519638062 1651.0 1756.0 34393.0 758.0
0.92578125 0.9291197657585144 1677.0 2001.0 34148.0 732.0
0.9443359375 0.9352923035621643 1616.0 1702.0 34447.0 793.0
0.93359375 0.9381970167160034 1605.0 1579.0 34570.0 804.0
0.9453125 0.9336324334144592 1634.0 1784.0 34365.0 775.0
0.9404296875 0.9287047982215881 1673.0 2013.0 34136.0 736.0
0.943359375 0.9383785724639893 1603.0 1570.0 34579.0 806.0
0.939453125 0.9381191730499268 1609.0 1586.0 34563.0 800.0
0.935546875 0.9374189376831055 1616.0 1620.0 34529.0 793.0
0.9423828125 0.9317132830619812 1692.0 1916.0 34233.0 717.0
0.93359375 0.927252471446991 1699.0 2095.0 34054.0 710.0
0.9365234375 0.9331137537956238 1627.0 1797.0 34352.0 782.0
0.9404296875 0.9381970167160034 1603.0 1577.0 34572.0 806.0
0.94140625 0.9336065053939819 1653.0 1804.0 34345.0 756.0
0.93359375 0.9361481666564941 1623.0 1676.0 34473.0 786.0
0.9306640625 0.9284454584121704 1700.0 2050.0 34099.0 709.0
0.939453125 0.9335805773735046 1627.0 1779.0 34370.0 782.0
0.9375 0.9401161670684814 1602.0 1502.0 34647.0 807.0
0.9443359375 0.9336065053939819 1633.0 1784.0 34365.0 776.0
0.94921875 0.9324135184288025 1643.0 1840.0 34309.0 766.0
0.939453125 0.9294309616088867 1686.0 1998.0 34151.0 723.0
0.9375 0.9317132830619812 1662.0 1886.0 34263.0 747.0
0.9404296875 0.928886353969574 1671.0 2004.0 34145.0 738.0
0.9287109375 0.9326469302177429 1682.0 1870.0 34279.0 727.0
0.927734375 0.929171621799469 1685.0 2007.0 34142.0 724.0
0.9375 0.9374189376831055 1582.0 1586.0 34563.0 827.0
0.947265625 0.935836911201477 1627.0 1692.0 34457.0 782.0
0.9423828125 0.9326210021972656 1637.0 1826.0 34323.0 772.0
0.931640625 0.9335027933120728 1645.0 1800.0 34349.0 764.0
0.923828125 0.9360962510108948 1647.0 1702.0 34447.0 762.0
0.9404296875 0.9311167597770691 1639.0 1886.0 34263.0 770.0
0.9404296875 0.9333471655845642 1661.0 1822.0 34327.0 748.0
0.9443359375 0.9344623684883118 1655.0 1773.0 34376.0 754.0
0.9443359375 0.9356294274330139 1628.0 1701.0 34448.0 781.0
0.9423828125 0.934566080570221 1667.0 1781.0 34368.0 742.0
0.9443359375 0.9371336698532104 1613.0 1628.0 34521.0 796.0
0.916015625 0.9232844114303589 1705.0 2254.0 33895.0 704.0
0.939453125 0.9327765703201294 1636.0 1819.0 34330.0 773.0
0.9443359375 0.9311426877975464 1659.0 1905.0 34244.0 750.0
0.9306640625 0.9269152879714966 1734.0 2143.0 34006.0 675.0
0.9345703125 0.9413869976997375 1571.0 1422.0 34727.0 838.0
0.931640625 0.929845929145813 1669.0 1965.0 34184.0 740.0
0.9365234375 0.9343586564064026 1632.0 1754.0 34395.0 777.0
0.9423828125 0.9346179962158203 1642.0 1754.0 34395.0 767.0
0.962890625 0.9396752715110779 1573.0 1490.0 34659.0 836.0
0.9306640625 0.936511218547821 1600.0 1639.0 34510.0 809.0
0.921875 0.9356553554534912 1579.0 1651.0 34498.0 830.0
0.9287109375 0.9235437512397766 1727.0 2266.0 33883.0 682.0
0.9375 0.9364075064659119 1624.0 1667.0 34482.0 785.0
0.92578125 0.9342548847198486 1628.0 1754.0 34395.0 781.0
0.9287109375 0.9217801690101624 1726.0 2333.0 33816.0 683.0
0.9482421875 0.9358887672424316 1598.0 1661.0 34488.0 811.0
0.943359375 0.9358109831809998 1609.0 1675.0 34474.0 800.0
0.9345703125 0.9374448657035828 1628.0 1631.0 34518.0 781.0
0.9296875 0.929560661315918 1684.0 1991.0 34158.0 725.0
0.947265625 0.9352403879165649 1634.0 1722.0 34427.0 775.0
0.919921875 0.9350848197937012 1621.0 1715.0 34434.0 788.0
0.94140625 0.9292494654655457 1674.0 1993.0 34156.0 735.0
0.923828125 0.9311167597770691 1682.0 1929.0 34220.0 727.0
0.9404296875 0.9354997873306274 1648.0 1726.0 34423.0 761.0
0.9306640625 0.924451470375061 1752.0 2256.0 33893.0 657.0
0.9423828125 0.9343326687812805 1672.0 1795.0 34354.0 737.0
0.92578125 0.9277970790863037 1704.0 2079.0 34070.0 705.0
0.9443359375 0.9370818138122559 1570.0 1587.0 34562.0 839.0
0.9384765625 0.9312464594841003 1664.0 1906.0 34243.0 745.0
0.94921875 0.9423206448554993 1524.0 1339.0 34810.0 885.0
0.9345703125 0.9301571846008301 1692.0 1976.0 34173.0 717.0
0.92578125 0.9295088052749634 1677.0 1986.0 34163.0 732.0
0.9501953125 0.9354219436645508 1618.0 1699.0 34450.0 791.0
0.9326171875 0.939597487449646 1541.0 1461.0 34688.0 868.0
0.9482421875 0.937859833240509 1588.0 1575.0 34574.0 821.0
0.9296875 0.9291197657585144 1682.0 2006.0 34143.0 727.0
0.9443359375 0.9347995519638062 1588.0 1693.0 34456.0 821.0
0.9287109375 0.9319985508918762 1668.0 1881.0 34268.0 741.0
0.927734375 0.9413869976997375 1548.0 1399.0 34750.0 861.0
0.931640625 0.9343067407608032 1627.0 1751.0 34398.0 782.0
0.9453125 0.939208447933197 1585.0 1520.0 34629.0 824.0
0.91796875 0.9273561835289001 1693.0 2085.0 34064.0 716.0
0.9267578125 0.9373411536216736 1622.0 1629.0 34520.0 787.0
0.943359375 0.9387156963348389 1585.0 1539.0 34610.0 824.0
0.9453125 0.9362518787384033 1639.0 1688.0 34461.0 770.0
0.935546875 0.9360962510108948 1605.0 1660.0 34489.0 804.0
0.9384765625 0.9352144598960876 1652.0 1741.0 34408.0 757.0
0.9375 0.9336065053939819 1617.0 1768.0 34381.0 792.0
0.9375 0.9388194680213928 1549.0 1499.0 34650.0 860.0
0.943359375 0.9316095113754272 1636.0 1864.0 34285.0 773.0
0.935546875 0.941335141658783 1532.0 1385.0 34764.0 877.0
0.9248046875 0.9400124549865723 1582.0 1486.0 34663.0 827.0
0.9423828125 0.9400643110275269 1587.0 1489.0 34660.0 822.0
0.9462890625 0.9375227093696594 1582.0 1582.0 34567.0 827.0
0.947265625 0.9326987862586975 1650.0 1836.0 34313.0 759.0
0.939453125 0.9305461645126343 1680.0 1949.0 34200.0 729.0
0.9326171875 0.9385600686073303 1583.0 1543.0 34606.0 826.0
0.94140625 0.9343586564064026 1645.0 1767.0 34382.0 764.0
0.939453125 0.9390009641647339 1585.0 1528.0 34621.0 824.0
0.919921875 0.9360962510108948 1646.0 1701.0 34448.0 763.0
0.9462890625 0.9369521141052246 1607.0 1629.0 34520.0 802.0
0.923828125 0.9340474009513855 1622.0 1756.0 34393.0 787.0
0.9365234375 0.92821204662323 1715.0 2074.0 34075.0 694.0
0.927734375 0.931868851184845 1647.0 1865.0 34284.0 762.0
0.9404296875 0.9357850551605225 1647.0 1714.0 34435.0 762.0
0.9365234375 0.9394159317016602 1610.0 1537.0 34612.0 799.0
0.9345703125 0.933217465877533 1621.0 1787.0 34362.0 788.0
0.9384765625 0.9368743300437927 1625.0 1650.0 34499.0 784.0
0.9404296875 0.9382229447364807 1553.0 1526.0 34623.0 856.0
0.943359375 0.9370818138122559 1610.0 1627.0 34522.0 799.0
0.943359375 0.9377301931381226 1606.0 1598.0 34551.0 803.0
0.9404296875 0.9307277202606201 1657.0 1919.0 34230.0 752.0
0.9521484375 0.9344364404678345 1624.0 1743.0 34406.0 785.0
0.9462890625 0.9338658452033997 1657.0 1798.0 34351.0 752.0
0.9345703125 0.9307017922401428 1681.0 1944.0 34205.0 728.0
0.9404296875 0.9377042651176453 1628.0 1621.0 34528.0 781.0
0.9423828125 0.9387934803962708 1563.0 1514.0 34635.0 846.0
0.939453125 0.9397790431976318 1564.0 1477.0 34672.0 845.0
0.9541015625 0.9410498738288879 1522.0 1386.0 34763.0 887.0
0.94140625 0.9316354393959045 1655.0 1882.0 34267.0 754.0
0.9375 0.9204574823379517 1734.0 2392.0 33757.0 675.0
0.9345703125 0.933891773223877 1641.0 1781.0 34368.0 768.0
0.9345703125 0.9300534129142761 1679.0 1967.0 34182.0 730.0
0.9296875 0.9376264214515686 1618.0 1614.0 34535.0 791.0
