0.400390625 0.38295555114746094 1345.0 22728.0 13421.0 1064.0
0.91796875 0.9246848821640015 540.0 1035.0 35114.0 1869.0
0.90625 0.9213392734527588 813.0 1437.0 34712.0 1596.0
0.92578125 0.9205093383789062 885.0 1541.0 34608.0 1524.0
0.9296875 0.9216245412826538 916.0 1529.0 34620.0 1493.0
0.91796875 0.9240883588790894 959.0 1477.0 34672.0 1450.0
0.927734375 0.9186420440673828 1025.0 1753.0 34396.0 1384.0
0.908203125 0.9174490571022034 1081.0 1855.0 34294.0 1328.0
0.927734375 0.9190310835838318 1063.0 1776.0 34373.0 1346.0
0.919921875 0.9212614893913269 1088.0 1715.0 34434.0 1321.0
0.927734375 0.9182530045509338 1150.0 1893.0 34256.0 1259.0
0.927734375 0.9199647307395935 1148.0 1825.0 34324.0 1261.0
0.91796875 0.9182270765304565 1157.0 1901.0 34248.0 1252.0
0.90234375 0.9185383319854736 1217.0 1949.0 34200.0 1192.0
0.91796875 0.9178121089935303 1283.0 2043.0 34106.0 1126.0
0.919921875 0.9199647307395935 1283.0 1960.0 34189.0 1126.0
0.927734375 0.9205093383789062 1312.0 1968.0 34181.0 1097.0
0.9140625 0.9183567762374878 1286.0 2025.0 34124.0 1123.0
0.92578125 0.9203018546104431 1319.0 1983.0 34166.0 1090.0
0.921875 0.9204574823379517 1353.0 2011.0 34138.0 1056.0
0.91796875 0.927252471446991 1286.0 1682.0 34467.0 1123.0
0.927734375 0.9231806397438049 1275.0 1828.0 34321.0 1134.0
0.923828125 0.9239327907562256 1330.0 1854.0 34295.0 1079.0
0.92578125 0.9154001474380493 1431.0 2284.0 33865.0 978.0
0.931640625 0.9181233644485474 1367.0 2115.0 34034.0 1042.0
0.912109375 0.9243218302726746 1380.0 1889.0 34260.0 1029.0
0.93359375 0.9230509996414185 1393.0 1951.0 34198.0 1016.0
0.931640625 0.9226619601249695 1453.0 2026.0 34123.0 956.0
0.94140625 0.9249442219734192 1397.0 1882.0 34267.0 1012.0
0.93359375 0.9293013215065002 1365.0 1682.0 34467.0 1044.0
0.94140625 0.9272783994674683 1377.0 1772.0 34377.0 1032.0
0.919921875 0.9227916598320007 1477.0 2045.0 34104.0 932.0
0.90625 0.9220395088195801 1457.0 2054.0 34095.0 952.0
0.919921875 0.9303127527236938 1311.0 1589.0 34560.0 1098.0
0.921875 0.9261113405227661 1464.0 1904.0 34245.0 945.0
0.931640625 0.9226878881454468 1455.0 2027.0 34122.0 954.0
0.931640625 0.9267856478691101 1420.0 1834.0 34315.0 989.0
0.9296875 0.9295865893363953 1383.0 1689.0 34460.0 1026.0
0.935546875 0.9324394464492798 1382.0 1578.0 34571.0 1027.0
0.9296875 0.9225841760635376 1507.0 2083.0 34066.0 902.0
0.939453125 0.9338399171829224 1383.0 1525.0 34624.0 1026.0
0.9453125 0.9314020276069641 1444.0 1680.0 34469.0 965.0
0.962890625 0.9314279556274414 1409.0 1644.0 34505.0 1000.0
0.93359375 0.9337362051010132 1447.0 1593.0 34556.0 962.0
0.931640625 0.9303386807441711 1426.0 1703.0 34446.0 983.0
0.9375 0.9272005558013916 1496.0 1894.0 34255.0 913.0
0.921875 0.9269930720329285 1496.0 1902.0 34247.0 913.0
0.931640625 0.9326210021972656 1424.0 1613.0 34536.0 985.0
0.9375 0.9323356747627258 1470.0 1670.0 34479.0 939.0
0.93359375 0.926863431930542 1504.0 1915.0 34234.0 905.0
0.935546875 0.9304683804512024 1505.0 1777.0 34372.0 904.0
0.9375 0.9351107478141785 1454.0 1547.0 34602.0 955.0
0.927734375 0.926863431930542 1520.0 1931.0 34218.0 889.0
0.923828125 0.933891773223877 1432.0 1572.0 34577.0 977.0
0.947265625 0.9289382100105286 1524.0 1855.0 34294.0 885.0
0.92578125 0.9301052689552307 1510.0 1796.0 34353.0 899.0
0.919921875 0.9270190596580505 1543.0 1948.0 34201.0 866.0
0.91796875 0.9279527068138123 1506.0 1875.0 34274.0 903.0
0.935546875 0.9336324334144592 1460.0 1610.0 34539.0 949.0
0.94140625 0.936225950717926 1448.0 1498.0 34651.0 961.0
0.9453125 0.9285232424736023 1552.0 1899.0 34250.0 857.0
0.939453125 0.9280823469161987 1477.0 1841.0 34308.0 932.0
0.935546875 0.9314798712730408 1483.0 1716.0 34433.0 926.0
0.943359375 0.9291456937789917 1505.0 1828.0 34321.0 904.0
0.908203125 0.9326987862586975 1478.0 1664.0 34485.0 931.0
0.916015625 0.9270449876785278 1486.0 1890.0 34259.0 923.0
0.912109375 0.9309611320495605 1537.0 1790.0 34359.0 872.0
0.923828125 0.9306758642196655 1499.0 1763.0 34386.0 910.0
0.927734375 0.9354219436645508 1441.0 1522.0 34627.0 968.0
0.912109375 0.9216505289077759 1575.0 2187.0 33962.0 834.0
0.9453125 0.9300015568733215 1531.0 1821.0 34328.0 878.0
0.9296875 0.9348514080047607 1463.0 1566.0 34583.0 946.0
0.935546875 0.937185525894165 1457.0 1470.0 34679.0 952.0
0.935546875 0.9331656098365784 1488.0 1656.0 34493.0 921.0
0.935546875 0.9275118112564087 1577.0 1963.0 34186.0 832.0
0.93359375 0.9311686158180237 1505.0 1750.0 34399.0 904.0
0.927734375 0.9327247142791748 1506.0 1691.0 34458.0 903.0
0.947265625 0.9278489351272583 1537.0 1910.0 34239.0 872.0
0.921875 0.9292494654655457 1532.0 1851.0 34298.0 877.0
0.943359375 0.9338139891624451 1489.0 1632.0 34517.0 920.0
0.939453125 0.9320244789123535 1514.0 1726.0 34423.0 895.0
0.9375 0.9351366758346558 1477.0 1569.0 34580.0 932.0
0.955078125 0.9372633695602417 1448.0 1458.0 34691.0 961.0
0.951171875 0.9303646683692932 1511.0 1787.0 34362.0 898.0
0.939453125 0.9336065053939819 1492.0 1643.0 34506.0 917.0
0.9375 0.9277192950248718 1535.0 1913.0 34236.0 874.0
0.951171875 0.9358628392219543 1456.0 1520.0 34629.0 953.0
0.919921875 0.9347476363182068 1474.0 1581.0 34568.0 935.0
0.94140625 0.9336324334144592 1528.0 1678.0 34471.0 881.0
0.947265625 0.9315057992935181 1532.0 1764.0 34385.0 877.0
0.94140625 0.9319466948509216 1525.0 1740.0 34409.0 884.0
0.931640625 0.9360703229904175 1483.0 1539.0 34610.0 926.0
0.939453125 0.9323875904083252 1556.0 1754.0 34395.0 853.0
0.921875 0.93690025806427 1460.0 1484.0 34665.0 949.0
0.927734375 0.9309870600700378 1509.0 1761.0 34388.0 900.0
0.939453125 0.9377042651176453 1444.0 1437.0 34712.0 965.0
0.935546875 0.9281861186027527 1558.0 1918.0 34231.0 851.0
0.94921875 0.9372373819351196 1454.0 1465.0 34684.0 955.0
0.9453125 0.9336843490600586 1530.0 1678.0 34471.0 879.0
0.95703125 0.9365371465682983 1454.0 1492.0 34657.0 955.0
0.9375 0.9336324334144592 1536.0 1686.0 34463.0 873.0
0.935546875 0.9361481666564941 1488.0 1541.0 34608.0 921.0
0.93359375 0.9331396818161011 1522.0 1691.0 34458.0 887.0
0.92578125 0.9236215353012085 1607.0 2143.0 34006.0 802.0
0.9453125 0.9376264214515686 1454.0 1450.0 34699.0 955.0
0.931640625 0.9355775713920593 1484.0 1559.0 34590.0 925.0
0.935546875 0.9308314919471741 1550.0 1808.0 34341.0 859.0
0.93359375 0.9336843490600586 1513.0 1661.0 34488.0 896.0
0.939453125 0.9320504069328308 1514.0 1725.0 34424.0 895.0
0.9296875 0.9346179962158203 1548.0 1660.0 34489.0 861.0
0.958984375 0.9360443949699402 1438.0 1495.0 34654.0 971.0
0.943359375 0.932854413986206 1547.0 1727.0 34422.0 862.0
0.935546875 0.9333730936050415 1529.0 1689.0 34460.0 880.0
0.939453125 0.9293791055679321 1566.0 1880.0 34269.0 843.0
0.9453125 0.9302090406417847 1586.0 1868.0 34281.0 823.0
0.93359375 0.9308574199676514 1547.0 1804.0 34345.0 862.0
0.927734375 0.9304683804512024 1572.0 1844.0 34305.0 837.0
0.943359375 0.9368224740028381 1495.0 1522.0 34627.0 914.0
0.93359375 0.9337621331214905 1540.0 1685.0 34464.0 869.0
0.9375 0.9363555908203125 1476.0 1521.0 34628.0 933.0
0.935546875 0.9360703229904175 1521.0 1577.0 34572.0 888.0
0.927734375 0.9349810481071472 1504.0 1602.0 34547.0 905.0
0.919921875 0.9328025579452515 1527.0 1709.0 34440.0 882.0
0.947265625 0.935551643371582 1480.0 1556.0 34593.0 929.0
0.9296875 0.9357850551605225 1507.0 1574.0 34575.0 902.0
0.9296875 0.9212355613708496 1655.0 2283.0 33866.0 754.0
0.9453125 0.9336843490600586 1514.0 1662.0 34487.0 895.0
0.931640625 0.9260594248771667 1616.0 2058.0 34091.0 793.0
0.943359375 0.9253851175308228 1653.0 2121.0 34028.0 756.0
0.943359375 0.9356553554534912 1524.0 1596.0 34553.0 885.0
0.943359375 0.937574565410614 1508.0 1506.0 34643.0 901.0
0.943359375 0.9344623684883118 1535.0 1653.0 34496.0 874.0
0.9296875 0.9347735643386841 1535.0 1641.0 34508.0 874.0
0.9296875 0.9314539432525635 1585.0 1819.0 34330.0 824.0
0.931640625 0.9349032640457153 1519.0 1620.0 34529.0 890.0
0.9375 0.9317392110824585 1545.0 1768.0 34381.0 864.0
0.927734375 0.9319726228713989 1551.0 1765.0 34384.0 858.0
0.93359375 0.9307017922401428 1553.0 1816.0 34333.0 856.0
0.935546875 0.9340214729309082 1518.0 1653.0 34496.0 891.0
0.9296875 0.933243453502655 1552.0 1717.0 34432.0 857.0
0.943359375 0.9339436888694763 1522.0 1660.0 34489.0 887.0
0.94140625 0.930909276008606 1570.0 1825.0 34324.0 839.0
0.921875 0.9325172305107117 1526.0 1719.0 34430.0 883.0
0.91796875 0.9329840540885925 1544.0 1719.0 34430.0 865.0
0.939453125 0.9362000226974487 1463.0 1514.0 34635.0 946.0
0.927734375 0.9357591271400452 1520.0 1588.0 34561.0 889.0
0.935546875 0.937963604927063 1498.0 1481.0 34668.0 911.0
0.94921875 0.9342808127403259 1536.0 1661.0 34488.0 873.0
0.9296875 0.9303646683692932 1546.0 1822.0 34327.0 863.0
0.947265625 0.9318169951438904 1542.0 1762.0 34387.0 867.0
0.939453125 0.9336843490600586 1564.0 1712.0 34437.0 845.0
0.94140625 0.9357850551605225 1533.0 1600.0 34549.0 876.0
0.931640625 0.9331915378570557 1587.0 1754.0 34395.0 822.0
0.939453125 0.9366668462753296 1499.0 1532.0 34617.0 910.0
0.92578125 0.9342289566993713 1562.0 1689.0 34460.0 847.0
0.9453125 0.9358887672424316 1506.0 1569.0 34580.0 903.0
0.947265625 0.9369780421257019 1509.0 1530.0 34619.0 900.0
0.923828125 0.926759660243988 1619.0 2034.0 34115.0 790.0
0.93359375 0.9368484020233154 1477.0 1503.0 34646.0 932.0
0.939453125 0.9341511726379395 1556.0 1686.0 34463.0 853.0
0.916015625 0.9351366758346558 1523.0 1615.0 34534.0 886.0
0.94921875 0.9337880611419678 1535.0 1679.0 34470.0 874.0
0.953125 0.9359666109085083 1519.0 1579.0 34570.0 890.0
0.94140625 0.9348514080047607 1576.0 1679.0 34470.0 833.0
0.943359375 0.9311167597770691 1605.0 1852.0 34297.0 804.0
0.927734375 0.9308055639266968 1595.0 1854.0 34295.0 814.0
0.935546875 0.9307536482810974 1571.0 1832.0 34317.0 838.0
0.91796875 0.9324394464492798 1570.0 1766.0 34383.0 839.0
0.947265625 0.9351366758346558 1537.0 1629.0 34520.0 872.0
0.935546875 0.9327765703201294 1592.0 1775.0 34374.0 817.0
0.92578125 0.9379895329475403 1503.0 1485.0 34664.0 906.0
0.927734375 0.9345401525497437 1558.0 1673.0 34476.0 851.0
0.947265625 0.943254292011261 1420.0 1199.0 34950.0 989.0
0.943359375 0.9376782774925232 1544.0 1538.0 34611.0 865.0
0.951171875 0.9357850551605225 1537.0 1604.0 34545.0 872.0
0.955078125 0.9368743300437927 1534.0 1559.0 34590.0 875.0
0.947265625 0.9320763349533081 1569.0 1779.0 34370.0 840.0
0.923828125 0.9360703229904175 1518.0 1574.0 34575.0 891.0
0.935546875 0.9355257153511047 1551.0 1628.0 34521.0 858.0
0.927734375 0.9381970167160034 1542.0 1516.0 34633.0 867.0
0.943359375 0.9384822845458984 1467.0 1430.0 34719.0 942.0
0.96875 0.9311426877975464 1590.0 1836.0 34313.0 819.0
0.921875 0.9296643733978271 1629.0 1932.0 34217.0 780.0
0.953125 0.9341511726379395 1604.0 1734.0 34415.0 805.0
0.943359375 0.9331137537956238 1573.0 1743.0 34406.0 836.0
0.93359375 0.9337102770805359 1583.0 1730.0 34419.0 826.0
0.93359375 0.9336324334144592 1577.0 1727.0 34422.0 832.0
0.939453125 0.9353960156440735 1561.0 1643.0 34506.0 848.0
0.93359375 0.9384045004844666 1510.0 1476.0 34673.0 899.0
0.947265625 0.9345142245292664 1558.0 1674.0 34475.0 851.0
0.9453125 0.9372114539146423 1531.0 1543.0 34606.0 878.0
0.935546875 0.9330359697341919 1597.0 1770.0 34379.0 812.0
0.947265625 0.9349032640457153 1557.0 1658.0 34491.0 852.0
0.923828125 0.9316354393959045 1599.0 1826.0 34323.0 810.0
0.935546875 0.9379376769065857 1523.0 1507.0 34642.0 886.0
