4.696398258209228516e+00 3.463559150695800781e+00 -6.776955127716064453e-01 3.214319229125976562e+00 -1.072595357894897461e+00 6.771689653396606445e-01 7.401769161224365234e-01 -3.120596647262573242e+00 1.115868091583251953e+00 5.618205070495605469e+00
8.865123391151428223e-01 -2.805328369140625000e+00 -1.313102483749389648e+00 1.056431531906127930e+00 -1.773868083953857422e+00 -8.959911346435546875e+00 4.767824411392211914e-01 -3.711446285247802734e+00 2.365091741085052490e-01 4.349698066711425781e+00
-7.483381032943725586e-01 -6.969680786132812500e-01 1.453722864389419556e-01 -3.676126897335052490e-01 -7.492566108703613281e-01 -1.591665148735046387e+00 -2.265456914901733398e+00 -1.440442919731140137e+00 2.438855022192001343e-01 -3.711688816547393799e-01
4.461471080780029297e+00 -7.446985244750976562e-01 -1.642682075500488281e+00 -1.418988227844238281e+00 -5.431018352508544922e+00 -1.133149504661560059e+00 -3.891533613204956055e+00 -2.192378282546997070e+00 -4.956045627593994141e+00 -7.205254554748535156e+00
2.060715913772583008e+00 3.186597108840942383e+00 -2.040719509124755859e+00 3.363869190216064453e+00 -6.994794607162475586e-01 -3.813810348510742188e-01 -1.153366208076477051e+00 -6.369703412055969238e-01 -2.496672868728637695e+00 -3.963522195816040039e+00
-2.879571318626403809e-01 1.413761615753173828e+00 -2.898343324661254883e+00 1.684071540832519531e+00 -4.519915878772735596e-01 2.536931276321411133e+00 1.364873766899108887e+00 9.764694571495056152e-01 -7.683854579925537109e+00 -4.712598323822021484e+00
-3.487574815750122070e+00 -3.863509178161621094e+00 -4.438922107219696045e-01 4.110896587371826172e+00 -5.707717314362525940e-02 2.851708889007568359e+00 4.293447017669677734e+00 -5.033092498779296875e+00 3.476021766662597656e+00 1.597537755966186523e+00
4.754172801971435547e+00 -3.655673027038574219e+00 2.193632364273071289e+00 1.698397278785705566e+00 -3.804635524749755859e+00 3.456849336624145508e+00 -3.718201518058776855e-01 9.089974761009216309e-01 -2.324434369802474976e-01 1.675171256065368652e+00
-6.155509129166603088e-02 -1.909097194671630859e+00 3.385437428951263428e-01 7.132411003112792969e-01 -3.324491500854492188e+00 1.419479131698608398e+00 -1.755796194076538086e+00 3.008542299270629883e+00 -2.850666046142578125e+00 1.690304130315780640e-01
-6.585804224014282227e-01 2.118862628936767578e+00 -4.993186295032501221e-01 1.105756044387817383e+00 -2.024393320083618164e+00 2.434947013854980469e+00 3.122832536697387695e+00 5.518516898155212402e-01 5.775816440582275391e+00 3.607682138681411743e-02
1.397881060838699341e-01 -1.691602349281311035e+00 1.647322535514831543e+00 -3.127745389938354492e-01 -7.604905962944030762e-02 -2.157340764999389648e+00 -1.961769461631774902e+00 -1.913667678833007812e+00 -1.794087141752243042e-01 -2.826870381832122803e-01
5.901219844818115234e-01 9.009912014007568359e-01 -1.763661384582519531e+00 4.883286058902740479e-01 6.648795604705810547e-01 5.722782611846923828e-01 -1.230406880378723145e+00 -9.689695388078689575e-02 2.206391334533691406e+00 -1.877715289592742920e-01
1.498106122016906738e+00 2.479765892028808594e+00 9.752341508865356445e-01 -3.654703497886657715e-01 6.301257610321044922e-01 1.021177053451538086e+00 1.781549572944641113e+00 -1.689517796039581299e-01 3.945644497871398926e-01 -2.525487184524536133e+00
2.820964574813842773e+00 1.844220995903015137e+00 1.860426515340805054e-01 -5.604267120361328125e-01 1.013915777206420898e+00 3.202893733978271484e+00 6.568429470062255859e-01 -1.225009918212890625e+00 1.944089055061340332e+00 -4.531985759735107422e+00
3.848511695861816406e+00 1.054307460784912109e+00 1.204073905944824219e+00 -1.712153196334838867e+00 1.491078972816467285e+00 2.055674552917480469e+00 -2.842786312103271484e+00 -2.209193706512451172e+00 -1.270071625709533691e+00 -4.577026844024658203e+00
-6.572491168975830078e+00 1.841240286827087402e+00 1.814243793487548828e+00 -2.780069708824157715e-01 -5.299849987030029297e+00 3.251916646957397461e+00 4.124468326568603516e+00 2.199286222457885742e+00 2.138499975204467773e+00 1.559796482324600220e-01
1.548561215400695801e+00 -1.857226133346557617e+00 2.900770902633666992e+00 1.590724229812622070e+00 -1.774847745895385742e+00 -5.717001914978027344e+00 1.367152929306030273e+00 -3.026180028915405273e+00 -2.638411760330200195e+00 4.869085788726806641e+00
-9.590629577636718750e+00 -2.890505790710449219e+00 7.754176139831542969e+00 -1.363584399223327637e+00 -3.483428239822387695e+00 -2.441840887069702148e+00 6.412836074829101562e+00 6.593172550201416016e+00 3.810792446136474609e+00 5.426769256591796875e+00
3.332031667232513428e-01 -2.055842161178588867e+00 2.115632772445678711e+00 -2.562739849090576172e-01 5.727979540824890137e-01 -2.730550050735473633e+00 -1.561719179153442383e+00 -2.129063367843627930e+00 -7.223262637853622437e-02 -3.809737265110015869e-01
-9.029769897460937500e-01 -4.143199622631072998e-01 -1.990599781274795532e-01 -1.824082612991333008e+00 4.618152379989624023e-01 -1.202298045158386230e+00 -3.104741096496582031e+00 -2.360589981079101562e+00 3.443213999271392822e-01 -4.786690175533294678e-01
4.787063300609588623e-01 1.158160805702209473e+00 -1.062486648559570312e+00 5.112070441246032715e-01 3.025729179382324219e+00 -2.068192362785339355e-01 -9.469820857048034668e-01 -5.151451230049133301e-01 1.015354037284851074e+00 1.684140264987945557e-01
2.961139678955078125e-01 2.441500663757324219e+00 1.211835622787475586e+00 -7.201562523841857910e-01 3.627592563629150391e+00 7.923002839088439941e-01 -9.982741475105285645e-01 7.998670935630798340e-01 -1.463784098625183105e+00 6.868704557418823242e-01
-4.274179041385650635e-01 2.244301319122314453e+00 1.711313605308532715e+00 -3.228074550628662109e+00 2.492482662200927734e+00 1.857271790504455566e+00 -1.815405488014221191e+00 -2.130846083164215088e-01 -1.119665026664733887e+00 2.769155979156494141e+00
-3.440396487712860107e-01 2.080628871917724609e+00 1.566868305206298828e+00 -3.158430814743041992e+00 2.140423536300659180e+00 1.518620371818542480e+00 -1.155750036239624023e+00 2.426244691014289856e-02 -1.148271083831787109e+00 2.475901603698730469e+00
1.984345674514770508e+00 -7.673753052949905396e-02 3.828911483287811279e-01 -2.120282888412475586e+00 1.324956417083740234e+00 -2.914611995220184326e-01 2.105919837951660156e+00 -9.075881838798522949e-01 -8.023744225502014160e-01 8.633226901292800903e-02
2.082541227340698242e+00 1.622826159000396729e-01 -6.046576425433158875e-03 -2.210069179534912109e+00 1.028930544853210449e+00 -7.367852330207824707e-02 2.265588283538818359e+00 -1.117825150489807129e+00 -9.080323576927185059e-01 1.326420754194259644e-01
1.962841272354125977e+00 1.020724415779113770e+00 -1.447899699211120605e+00 -2.184304237365722656e+00 -3.683333992958068848e-01 -1.010581731796264648e+00 2.321171045303344727e+00 -5.472016930580139160e-01 -6.797486543655395508e-02 5.151480436325073242e-01
1.746145009994506836e+00 1.208175420761108398e+00 -1.636191129684448242e+00 -2.257609844207763672e+00 -4.845940172672271729e-01 -1.268132925033569336e+00 2.507852554321289062e+00 -2.198871076107025146e-01 -1.398042887449264526e-01 7.572426795959472656e-01
9.666512906551361084e-02 -6.207076907157897949e-01 9.142172336578369141e-01 -1.324669837951660156e+00 -9.324863553047180176e-02 -1.736819744110107422e-01 2.454372644424438477e+00 -7.020967006683349609e-01 7.405121922492980957e-01 -1.660461902618408203e+00
1.520380973815917969e+00 -1.161195710301399231e-01 4.692618176341056824e-02 2.782951891422271729e-01 1.006706595420837402e+00 -1.397020101547241211e+00 -3.655630350112915039e-01 1.667184114456176758e+00 6.448169350624084473e-01 -9.061529040336608887e-01
1.409342765808105469e+00 2.487448930740356445e+00 -1.764717698097229004e+00 -9.941159486770629883e-01 -1.446124315261840820e+00 -2.105356156826019287e-01 -4.509419798851013184e-01 3.518811240792274475e-02 1.741397976875305176e+00 -2.974602222442626953e+00
3.256801843643188477e+00 -1.118053197860717773e-01 2.225325405597686768e-01 4.142373502254486084e-01 3.870778083801269531e+00 1.075897812843322754e+00 -3.113215446472167969e+00 3.857649564743041992e+00 3.051734209060668945e+00 -1.207710862159729004e+00
-8.146609067916870117e-01 1.646967172622680664e+00 2.220583677291870117e+00 -9.643679261207580566e-01 2.186346054077148438e+00 4.132852077484130859e+00 -2.957257986068725586e+00 -1.599574685096740723e+00 -2.541300296783447266e+00 -3.190850257873535156e+00
-4.820022583007812500e+00 -6.751418113708496094e+00 -5.834423542022705078e+00 -4.094451427459716797e+00 1.642865419387817383e+00 3.690065741539001465e-01 -9.265396595001220703e-01 -1.145433783531188965e+00 -2.761963129043579102e+00 3.134784698486328125e+00
-1.725648880004882812e+00 -2.695991992950439453e+00 8.115857839584350586e-01 4.036608695983886719e+00 -5.592386126518249512e-01 -1.331694841384887695e+00 -1.311635375022888184e+00 -1.625036239624023438e+00 -8.944150805473327637e-01 -1.537398397922515869e-01
3.285746335983276367e+00 -2.767952203750610352e+00 4.875596523284912109e+00 -3.435272455215454102e+00 -5.718195438385009766e+00 1.359092593193054199e+00 2.839050769805908203e+00 8.976460456848144531e+00 -2.834979057312011719e+00 -9.066721916198730469e+00
4.614931344985961914e-01 -2.093476533889770508e+00 2.224246501922607422e+00 9.397591650485992432e-02 6.180315613746643066e-01 -2.613368749618530273e+00 -1.316421627998352051e+00 -2.155298709869384766e+00 2.028367966413497925e-01 -5.359413623809814453e-01
-7.127137780189514160e-01 -8.020847439765930176e-01 2.430374920368194580e-01 -2.175717830657958984e+00 6.280732154846191406e-01 -1.652356028556823730e+00 -3.052313566207885742e+00 -2.917487144470214844e+00 2.650061547756195068e-01 -1.928511708974838257e-01
4.499935209751129150e-01 7.906606793403625488e-01 -1.008548259735107422e+00 6.108491420745849609e-01 3.430633306503295898e+00 -3.005426228046417236e-01 -7.791236042976379395e-01 -5.161468386650085449e-01 1.025503277778625488e+00 9.841321408748626709e-02
4.709167480468750000e-01 2.809161424636840820e+00 4.496960639953613281e-01 -7.563917040824890137e-01 3.462395191192626953e+00 5.485732555389404297e-01 -6.864923834800720215e-01 7.252472043037414551e-01 -1.529412746429443359e+00 4.871720373630523682e-01
7.976336777210235596e-02 1.729504823684692383e+00 2.687689781188964844e+00 -2.568718433380126953e+00 4.041798114776611328e+00 1.405135512351989746e+00 -1.759293913841247559e+00 7.220249772071838379e-01 -1.415431261062622070e+00 2.549154043197631836e+00
-3.455710172653198242e+00 4.633048534393310547e+00 3.278202533721923828e+00 -8.623278141021728516e-01 3.001168966293334961e+00 2.855312347412109375e+00 7.546625137329101562e-01 1.492210030555725098e+00 1.392878293991088867e+00 3.663667440414428711e+00
-4.981899261474609375e+00 -4.098682403564453125e+00 -2.831803321838378906e+00 1.667693495750427246e+00 1.968029022216796875e+00 7.359560132026672363e-01 3.408539533615112305e+00 1.883764743804931641e+00 2.330597162246704102e+00 3.666825532913208008e+00
1.560145020484924316e+00 3.753449201583862305e+00 -1.127707004547119141e+00 -4.095110893249511719e+00 -6.139887571334838867e-01 -1.286030411720275879e+00 1.151062726974487305e+00 8.388354182243347168e-01 -1.201986193656921387e+00 3.657881259918212891e+00
1.316241383552551270e+00 1.642053961753845215e+00 -1.585594534873962402e+00 -2.016170740127563477e+00 -5.314463973045349121e-01 -1.894424676895141602e+00 2.147504329681396484e+00 7.522627115249633789e-01 3.085522949695587158e-01 1.767317056655883789e+00
1.162562847137451172e+00 4.636341631412506104e-01 2.488041162490844727e+00 -3.006547927856445312e+00 3.159413337707519531e-01 -1.834819793701171875e+00 3.471941947937011719e+00 5.744032263755798340e-01 -1.805662870407104492e+00 -9.085744023323059082e-01
-2.559059858322143555e-01 2.625742256641387939e-01 2.779693603515625000e-01 -1.502614974975585938e+00 -1.601393103599548340e+00 -1.227157711982727051e+00 -2.680051028728485107e-01 1.779022216796875000e-01 7.862761020660400391e-01 -2.467336207628250122e-01
3.590061068534851074e-01 2.250772714614868164e+00 -4.063486158847808838e-01 -1.584290266036987305e+00 -1.622620940208435059e+00 -8.565038442611694336e-01 -1.221589446067810059e+00 3.103566467761993408e-01 5.633285641670227051e-01 -1.940263956785202026e-01
2.048508882522583008e+00 1.249334573745727539e+00 4.512136876583099365e-01 -8.133741021156311035e-01 7.081592082977294922e-01 -9.747297167778015137e-01 -1.442221641540527344e+00 1.857484579086303711e+00 3.521264791488647461e-01 -1.625603437423706055e+00
1.058182716369628906e+00 3.880997180938720703e+00 -1.613512396812438965e+00 -1.396356105804443359e+00 -1.805974125862121582e+00 -7.230748534202575684e-01 -2.421688318252563477e+00 3.822070062160491943e-01 6.508682966232299805e-01 -2.502572774887084961e+00
-1.343790531158447266e+00 1.310172438621520996e+00 4.106841564178466797e+00 -2.834156990051269531e+00 9.813313484191894531e-01 3.448865175247192383e+00 -4.370113313198089600e-01 -1.209978222846984863e+00 -1.194684505462646484e+00 -3.859887361526489258e+00
3.282903194427490234e+00 8.434704780578613281e+00 3.388909339904785156e+00 3.405972719192504883e+00 -2.948713898658752441e-01 -2.482084035873413086e+00 -3.236927509307861328e+00 -7.684949874877929688e+00 -3.548620343208312988e-01 2.969244480133056641e+00
-1.708353608846664429e-01 -9.723743796348571777e-01 -2.143708318471908569e-01 -1.181602478027343750e+00 -5.797602653503417969e+00 -2.602028846740722656e+00 1.555166721343994141e+00 3.570196866989135742e+00 1.995105504989624023e+00 9.419319629669189453e-01
1.613344550132751465e+00 4.546566009521484375e+00 9.454098701477050781e+00 -5.130444526672363281e+00 -4.920180797576904297e+00 3.362924337387084961e+00 1.050104808807373047e+01 6.452415466308593750e+00 -1.264595699310302734e+01 -3.787495851516723633e+00
3.423192799091339111e-01 -2.071894884109497070e+00 2.410633802413940430e+00 1.201986148953437805e-01 6.195832490921020508e-01 -2.892887115478515625e+00 -1.244840979576110840e+00 -2.206855773925781250e+00 6.991322338581085205e-02 -4.718905985355377197e-01
3.196189105510711670e-01 -1.550066113471984863e+00 1.943228006362915039e+00 -1.766483068466186523e+00 7.764251828193664551e-01 -3.059409856796264648e+00 -2.747710466384887695e+00 -3.460610628128051758e+00 6.576128304004669189e-02 -1.017777919769287109e+00
3.744400143623352051e-01 9.480009078979492188e-01 -9.268209338188171387e-01 5.535057783126831055e-01 3.329700231552124023e+00 -5.349413752555847168e-01 -1.121133565902709961e+00 -7.002323865890502930e-01 1.136450886726379395e+00 7.930032908916473389e-02
3.800145685672760010e-01 8.184763193130493164e-01 -9.202708005905151367e-01 4.984165430068969727e-01 3.476734638214111328e+00 -6.132299304008483887e-01 -9.879479408264160156e-01 -6.076018214225769043e-01 1.066957831382751465e+00 7.292140275239944458e-02
4.582291543483734131e-01 1.005220055580139160e+00 -9.110455513000488281e-01 4.469780623912811279e-01 3.455936908721923828e+00 -3.357149660587310791e-01 -1.075786232948303223e+00 -5.846620798110961914e-01 1.050013661384582520e+00 1.371379047632217407e-01
4.051815569400787354e-01 8.863921165466308594e-01 -9.578201770782470703e-01 5.468074083328247070e-01 3.455893278121948242e+00 -4.411456584930419922e-01 -9.853752255439758301e-01 -6.465207934379577637e-01 1.068745732307434082e+00 8.293741941452026367e-02
-4.516518115997314453e+00 -1.392164468765258789e+00 -2.172521591186523438e+00 2.974308490753173828e+00 -2.728099584579467773e+00 -2.059905678033828735e-01 2.395264625549316406e+00 3.261548280715942383e+00 1.289491534233093262e+00 5.464434146881103516e+00
4.156194627285003662e-01 8.016494512557983398e-01 -7.824655771255493164e-01 4.663257598876953125e-01 3.413626670837402344e+00 -3.552271127700805664e-01 -9.899094104766845703e-01 -6.716679930686950684e-01 1.016542553901672363e+00 1.668625622987747192e-01
-4.042756557464599609e-01 -1.642285287380218506e-01 -1.960310637950897217e-01 -2.181711196899414062e+00 1.163931965827941895e+00 -1.473820805549621582e+00 -2.611173152923583984e+00 -2.303377151489257812e+00 6.601321101188659668e-01 -4.236097633838653564e-01
4.817719161510467529e-01 8.768305182456970215e-01 -9.945822358131408691e-01 4.560850560665130615e-01 3.382108211517333984e+00 -2.452392429113388062e-01 -8.998945355415344238e-01 -5.777557492256164551e-01 1.032497406005859375e+00 7.963735610246658325e-02
3.998712897300720215e-01 7.433093786239624023e-01 -1.013366699218750000e+00 4.428224563598632812e-01 3.459346771240234375e+00 -3.395783901214599609e-01 -9.038176536560058594e-01 -5.108234286308288574e-01 1.128226041793823242e+00 1.515946090221405029e-01
4.314361810684204102e-01 8.066412806510925293e-01 -8.975234031677246094e-01 5.929120182991027832e-01 3.435242176055908203e+00 -2.609647214412689209e-01 -1.047252416610717773e+00 -5.027808547019958496e-01 9.674714207649230957e-01 1.770136207342147827e-01
5.326660275459289551e-01 8.858275413513183594e-01 -1.006991505622863770e+00 6.102886199951171875e-01 3.481937170028686523e+00 -3.289175331592559814e-01 -1.047825217247009277e+00 -4.880332052707672119e-01 1.061735987663269043e+00 1.859391927719116211e-01
4.701400399208068848e-01 7.816548943519592285e-01 -9.149026870727539062e-01 4.653960764408111572e-01 3.411020994186401367e+00 -3.782666325569152832e-01 -8.091259598731994629e-01 -5.837460160255432129e-01 1.032135605812072754e+00 1.829219013452529907e-01
4.755457043647766113e-01 8.950266838073730469e-01 -9.154012203216552734e-01 5.194871425628662109e-01 3.429451227188110352e+00 -3.359398841857910156e-01 -9.149867296218872070e-01 -4.998820126056671143e-01 1.082279562950134277e+00 1.281381845474243164e-01
4.105026423931121826e-01 6.864566802978515625e-01 -7.125979065895080566e-01 5.439982414245605469e-01 3.555982351303100586e+00 -4.227846860885620117e-01 -1.030171751976013184e+00 -5.019519925117492676e-01 1.267467975616455078e+00 -1.111298277974128723e-01
4.141336083412170410e-01 9.091635942459106445e-01 -9.883083105087280273e-01 4.283473789691925049e-01 3.381838798522949219e+00 -2.925574779510498047e-01 -9.247469902038574219e-01 -6.369122266769409180e-01 1.092159986495971680e+00 1.793401539325714111e-01
7.620401978492736816e-01 3.262645483016967773e+00 2.093248128890991211e+00 -6.483066678047180176e-01 3.486488819122314453e+00 3.159950971603393555e-01 1.254024505615234375e+00 3.729518353939056396e-01 3.524069786071777344e-01 3.839111924171447754e-01
3.457920253276824951e-01 3.446963071823120117e+00 1.731907844543457031e+00 -1.581104755401611328e+00 3.941622257232666016e+00 1.813784003257751465e+00 -1.444505214691162109e+00 -9.947958588600158691e-01 -1.684831500053405762e+00 1.160809993743896484e+00
-3.739567101001739502e-02 5.950552940368652344e+00 7.004636287689208984e+00 1.594665288925170898e+00 5.155533790588378906e+00 9.367934465408325195e-01 -1.197039335966110229e-01 3.409685134887695312e+00 -1.895635128021240234e+00 2.345578193664550781e+00
3.445221662521362305e+00 -1.745480656623840332e+00 -5.208846569061279297e+00 -8.791369438171386719e+00 -4.353225529193878174e-01 3.475081175565719604e-02 -1.656752824783325195e+00 -3.768802642822265625e+00 -3.109799623489379883e-01 -1.098822578787803650e-01
3.474881887435913086e+00 -1.424261808395385742e+00 -3.648956775665283203e+00 -5.003859996795654297e+00 -3.009728491306304932e-01 -8.764398694038391113e-01 1.448252797126770020e+00 -1.259065985679626465e+00 -1.331898570060729980e+00 1.285660982131958008e+00
2.865348815917968750e+00 3.702873229980468750e+00 -1.613093614578247070e+00 -1.916361004114151001e-01 2.659703254699707031e+00 -1.048889636993408203e+00 -1.729055643081665039e+00 2.935597658157348633e+00 -1.144517183303833008e+00 3.651224613189697266e+00
1.376772880554199219e+00 6.042596697807312012e-01 2.684273004531860352e+00 -2.987031936645507812e+00 5.330600738525390625e-01 -1.981555223464965820e+00 3.752042770385742188e+00 4.641805887222290039e-01 -1.916876792907714844e+00 -1.093983769416809082e+00
9.173173904418945312e-01 -2.402637600898742676e-01 -2.701239347457885742e+00 9.644734263420104980e-01 1.196559593081474304e-01 -1.118271827697753906e+00 -1.924493551254272461e+00 2.790261745452880859e+00 3.159743785858154297e+00 1.322868585586547852e+00
1.277072668075561523e+00 1.224602937698364258e+00 1.167263865470886230e+00 -2.028380185365676880e-01 -1.278438568115234375e+00 -1.874708890914916992e+00 -2.087659597396850586e+00 5.496693253517150879e-01 1.429131507873535156e+00 -7.883406281471252441e-01
-4.970874786376953125e-01 1.259638428688049316e+00 3.375070691108703613e-01 -1.841116786003112793e+00 -2.327994108200073242e+00 -7.602396607398986816e-01 -4.317605122923851013e-02 -1.462351918220520020e+00 1.326585650444030762e+00 1.926280707120895386e-01
2.542050369083881378e-02 3.040435314178466797e+00 1.039608120918273926e-01 -2.884798765182495117e+00 -2.244625091552734375e+00 3.357104361057281494e-01 -1.531638652086257935e-01 -1.133825778961181641e+00 1.571798563003540039e+00 8.703721165657043457e-01
1.306057453155517578e+00 9.412444829940795898e-01 1.413448452949523926e+00 -1.463299870491027832e+00 7.854371666908264160e-01 -6.629897356033325195e-01 -3.968521356582641602e+00 2.734085559844970703e+00 3.986369818449020386e-02 -5.124932527542114258e-01
3.122706413269042969e+00 1.237333565950393677e-01 -1.676375389099121094e+00 -5.545762062072753906e+00 2.699875116348266602e+00 -1.049726009368896484e+00 4.553169250488281250e+00 1.356697201728820801e+00 2.043842315673828125e+00 -1.134506344795227051e+00
-1.175336986780166626e-01 4.071360111236572266e+00 1.683572769165039062e+00 -3.005577087402343750e+00 -1.283105373382568359e+00 -9.068185091018676758e-01 1.255096912384033203e+00 -3.232951641082763672e+00 1.302436113357543945e+00 2.695973396301269531e+00
2.178582668304443359e+00 3.873648643493652344e+00 -1.850584506988525391e+00 -4.006575107574462891e+00 5.306072235107421875e-01 -5.511402130126953125e+00 1.706105589866638184e+00 1.735891103744506836e+00 1.335036158561706543e-01 -3.092459678649902344e+00
-3.148536443710327148e+00 1.981344670057296753e-01 -2.002203464508056641e+00 5.882036089897155762e-01 -1.764310896396636963e-01 -1.511561751365661621e+00 1.495580196380615234e+00 3.337579727172851562e+00 -1.501893758773803711e+00 2.514497995376586914e+00
5.289171338081359863e-01 -7.470011115074157715e-01 2.021862030029296875e+00 -9.647961705923080444e-02 1.598806500434875488e+00 -1.006876468658447266e+00 -8.232957124710083008e-01 -6.831536293029785156e-01 1.372983306646347046e-01 -1.929764151573181152e+00
-2.792634963989257812e+00 -9.288396239280700684e-01 3.868253469467163086e+00 -1.341121315956115723e+00 3.610560894012451172e-01 1.172160744667053223e+00 2.474179744720458984e+00 -1.310661911964416504e+00 -4.011850357055664062e+00 4.233176112174987793e-01
7.412542104721069336e-01 1.660530090332031250e+00 -9.094112515449523926e-01 2.319880872964859009e-01 4.741753578186035156e+00 -9.455829113721847534e-02 -1.372970223426818848e+00 -9.783133864402770996e-01 5.859920978546142578e-01 5.401655435562133789e-01
-4.754668235778808594e+00 3.657145023345947266e+00 3.102388858795166016e+00 3.057930707931518555e+00 4.763670921325683594e+00 -3.220765113830566406e+00 -1.350454807281494141e+00 2.354592323303222656e+00 3.410379886627197266e+00 4.984734654426574707e-01
4.171794652938842773e-01 1.580366015434265137e+00 1.974915623664855957e+00 -1.559199690818786621e+00 4.996513843536376953e+00 6.965507864952087402e-01 -1.618198037147521973e+00 -8.300158381462097168e-01 -1.894145160913467407e-01 8.567585945129394531e-01
-2.439196586608886719e+00 2.505585908889770508e+00 3.807241439819335938e+00 4.232886061072349548e-02 6.299407005310058594e+00 -1.202460005879402161e-02 -1.964717149734497070e+00 2.290912628173828125e+00 -1.208921909332275391e+00 3.137885808944702148e+00
-4.027609527111053467e-01 1.877807497978210449e+00 -1.364434003829956055e+00 -8.105431199073791504e-01 2.501632690429687500e+00 1.516173183917999268e-01 -1.315690994262695312e+00 -8.335685729980468750e-01 8.328936100006103516e-01 1.194003224372863770e+00
