1.907308697700500488e+00 -2.756144285202026367e+00 -4.117491245269775391e+00 -4.909262359142303467e-01 4.996628761291503906e-01 -2.824343919754028320e+00 -2.156295061111450195e+00 -6.224172115325927734e+00 -1.624562740325927734e+00 -2.776731729507446289e+00
3.709715127944946289e+00 -4.826072216033935547e+00 3.100882470607757568e-01 4.301913738250732422e+00 -2.431279867887496948e-01 -1.232232972979545593e-01 2.421730756759643555e-01 5.374372959136962891e+00 1.206827521324157715e+00 2.301285743713378906e+00
-4.752792358398437500e+00 -2.693428039550781250e+00 -3.596741914749145508e+00 1.211508154869079590e+00 -1.871059894561767578e+00 -8.431493043899536133e-01 -2.407401084899902344e+00 -1.684310585260391235e-01 -1.512788057327270508e+00 -2.935039997100830078e-01
2.175289630889892578e+00 -1.865102529525756836e+00 -9.600836038589477539e-01 2.325287580490112305e+00 5.019515991210937500e+00 1.082711100578308105e+00 -1.258694171905517578e+00 1.229727029800415039e+00 4.519363403320312500e+00 -3.134571790695190430e+00
-2.521679401397705078e+00 -3.066645622253417969e+00 -3.843322038650512695e+00 1.807310581207275391e+00 -1.057129144668579102e+00 3.007956981658935547e+00 -3.698607206344604492e+00 -4.157554149627685547e+00 3.451549291610717773e+00 -1.713362574577331543e+00
-2.754981517791748047e+00 2.211748361587524414e+00 4.807514667510986328e+00 1.688873291015625000e+00 -3.706780195236206055e+00 -2.712632179260253906e+00 -1.457037627696990967e-01 -4.249139785766601562e+00 1.785159945487976074e+00 2.502276420593261719e+00
2.204940557479858398e+00 -1.701886653900146484e+00 7.470158100128173828e+00 4.805525541305541992e-01 -8.599780797958374023e-01 9.499106407165527344e-01 -3.704054832458496094e+00 2.684253692626953125e+00 -7.116277217864990234e-01 5.004379153251647949e-01
3.963264942169189453e+00 -1.025232553482055664e+00 7.320169806480407715e-01 -2.769354104995727539e+00 3.551156997680664062e+00 -3.417162895202636719e+00 -5.061930179595947266e+00 1.730165034532546997e-01 4.539068222045898438e+00 -1.430491924285888672e+00
3.675957679748535156e+00 5.277911186218261719e+00 -1.697085142135620117e+00 -2.756120681762695312e+00 -2.249687194824218750e+00 -1.870405435562133789e+00 -1.193471908569335938e+00 -2.201267480850219727e+00 5.016967058181762695e-01 -4.162652015686035156e+00
1.668269634246826172e+00 -4.753763675689697266e+00 8.621789813041687012e-01 2.128005981445312500e+00 -1.781668186187744141e+00 -6.189121007919311523e-01 -6.166940182447433472e-02 -7.668625712394714355e-01 1.193518280982971191e+00 1.673707246780395508e+00
-3.000512361526489258e+00 -4.393925666809082031e+00 -3.041378498077392578e+00 9.520080089569091797e-01 -1.778540372848510742e+00 1.049980282783508301e+00 -2.258172988891601562e+00 8.747268915176391602e-01 -1.960852384567260742e+00 -1.628912568092346191e+00
-7.428375482559204102e-01 2.122215330600738525e-01 3.123786211013793945e+00 -2.514018535614013672e+00 -1.490945458412170410e+00 3.773564100265502930e+00 -1.351927161216735840e+00 -1.322263330221176147e-01 2.902534008026123047e+00 2.777792930603027344e+00
-1.911179661750793457e+00 5.506280899047851562e+00 6.455587863922119141e+00 7.213146984577178955e-02 -5.504841804504394531e-01 -2.332273006439208984e+00 -4.547710895538330078e+00 -1.578480750322341919e-01 2.933870792388916016e+00 -2.130279779434204102e+00
5.000224709510803223e-01 2.350015640258789062e+00 2.118576765060424805e+00 1.043208122253417969e+00 -1.921243190765380859e+00 1.880033254623413086e+00 3.965096712112426758e+00 -1.260573983192443848e+00 -5.833104252815246582e-01 8.350111842155456543e-01
1.539445757865905762e+00 6.419137716293334961e-01 -1.773320078849792480e+00 1.210860311985015869e-01 -2.933120250701904297e+00 4.969521045684814453e+00 -2.222545623779296875e+00 1.601183772087097168e+00 1.393515348434448242e+00 -6.884836554527282715e-01
4.154398441314697266e+00 5.435848712921142578e+00 -1.466970205307006836e+00 2.108234912157058716e-01 3.989202737808227539e+00 2.879253864288330078e+00 -2.779198646545410156e+00 4.529796123504638672e+00 -2.241400182247161865e-01 2.674398660659790039e+00
-3.997159376740455627e-02 -6.448553562164306641e+00 -1.199145078659057617e+00 -2.001501083374023438e+00 5.918289422988891602e-01 -1.348288416862487793e+00 -1.459874391555786133e+00 3.529420852661132812e+00 5.370112419128417969e+00 -4.210244178771972656e+00
6.156909942626953125e+00 5.329963684082031250e+00 1.937745958566665649e-01 4.280073642730712891e+00 1.496048569679260254e-01 -1.129305735230445862e-01 -2.715789318084716797e+00 5.475753784179687500e+00 -2.598005771636962891e+00 -1.038917660713195801e+00
-1.818866968154907227e+00 -5.984699726104736328e-01 -1.580767393112182617e+00 -1.560585975646972656e+00 -3.531418442726135254e-01 5.049296021461486816e-01 3.751965463161468506e-01 1.151896953582763672e+00 -5.435231328010559082e-01 -2.582711696624755859e+00
3.274061441421508789e+00 2.060972154140472412e-01 -1.288481116294860840e+00 2.595906734466552734e+00 4.784196376800537109e+00 3.918721199035644531e+00 1.117225050926208496e+00 -2.006737232208251953e+00 -2.222772121429443359e+00 -1.284749746322631836e+00
-2.637938499450683594e+00 2.761745825409889221e-02 1.939102292060852051e+00 -2.478589057922363281e+00 1.184118986129760742e+00 2.692078828811645508e+00 -3.680484294891357422e-01 8.744940161705017090e-01 6.892324239015579224e-02 1.643981933593750000e+00
1.348747014999389648e+00 -1.554216265678405762e+00 2.466174602508544922e+00 5.020978927612304688e+00 -3.916781902313232422e+00 2.389173746109008789e+00 -4.476158142089843750e+00 -6.354797482490539551e-01 -1.979734152555465698e-01 -2.421353340148925781e+00
-1.040714383125305176e+00 8.135227560997009277e-01 3.732723236083984375e+00 -1.367031216621398926e+00 2.154748201370239258e+00 1.793535709381103516e+00 -1.652353882789611816e+00 5.804005861282348633e-01 -3.101154088973999023e+00 1.889871716499328613e+00
5.121888637542724609e+00 -3.688442707061767578e-01 1.206782221794128418e+00 4.230463504791259766e+00 1.436550974845886230e+00 2.181916475296020508e+00 3.644409894943237305e+00 -1.296219468116760254e+00 4.324941635131835938e-01 -8.839750885963439941e-01
-2.914363145828247070e+00 5.394456386566162109e-01 1.143035292625427246e-01 1.914855837821960449e+00 -1.050649046897888184e+00 -2.566360950469970703e+00 1.067494869232177734e+00 -7.007678747177124023e-01 -4.413989543914794922e+00 9.613521695137023926e-01
-1.322317004203796387e+00 1.752807974815368652e+00 3.237172842025756836e+00 3.102661669254302979e-02 -2.636033296585083008e+00 -5.136123895645141602e-01 3.796851396560668945e+00 -3.775051355361938477e+00 9.821265935897827148e-01 -4.319668710231781006e-01
-3.212698459625244141e+00 4.838081836700439453e+00 1.840750455856323242e+00 -1.901667118072509766e+00 6.001823544502258301e-01 2.487182140350341797e+00 -1.172088742256164551e+00 -2.914565086364746094e+00 1.389575004577636719e+00 7.857781052589416504e-01
-4.182682037353515625e+00 -2.984456531703472137e-02 -7.241573650389909744e-03 -5.559723854064941406e+00 -2.173392534255981445e+00 3.735760688781738281e+00 2.782377958297729492e+00 -2.868585288524627686e-01 2.210167884826660156e+00 -1.350574851036071777e+00
-7.525960206985473633e-01 1.042315840721130371e+00 1.939867436885833740e-01 -2.241945981979370117e+00 -6.998731940984725952e-02 4.051765441894531250e+00 -2.478941082954406738e-01 1.983524203300476074e+00 -1.052488684654235840e+00 1.042856097221374512e+00
-1.402968525886535645e+00 -5.189975738525390625e+00 3.387014865875244141e+00 -3.649719715118408203e+00 2.783415794372558594e+00 3.836053133010864258e+00 2.104576826095581055e+00 2.598400115966796875e-01 3.413783311843872070e+00 -4.038746356964111328e+00
-3.734552145004272461e+00 4.654653072357177734e+00 2.216037660837173462e-01 -1.512274503707885742e+00 2.485013723373413086e+00 -4.513124465942382812e+00 2.517945766448974609e+00 3.581079483032226562e+00 4.808105945587158203e+00 7.229235172271728516e-01
-5.464785575866699219e+00 -2.018194437026977539e+00 -2.497056245803833008e+00 9.738371372222900391e-01 -2.148413896560668945e+00 1.907324552536010742e+00 8.825578689575195312e-01 -2.768233299255371094e+00 -9.533306956291198730e-01 1.839805364608764648e+00
7.897037267684936523e-02 -1.012431025505065918e+00 3.442980766296386719e+00 2.632498979568481445e+00 1.130958318710327148e+00 2.070641994476318359e+00 -2.598662376403808594e-01 1.279480159282684326e-01 -4.169251918792724609e+00 3.337491989135742188e+00
2.795673847198486328e+00 -1.080116271972656250e+00 -4.410210609436035156e+00 5.547563731670379639e-02 -4.618414878845214844e+00 5.517442226409912109e-01 1.641580462455749512e-01 3.172710657119750977e+00 -5.453280925750732422e+00 2.521626710891723633e+00
-2.071704626083374023e+00 -2.759526014328002930e+00 6.423094868659973145e-02 -5.790692806243896484e+00 2.615613222122192383e+00 1.528653979301452637e+00 -8.538094162940979004e-01 1.171524643898010254e+00 2.264741182327270508e+00 4.221011161804199219e+00
-7.316837906837463379e-01 -1.282408714294433594e+00 1.557937979698181152e+00 2.237664461135864258e+00 -1.615301132202148438e+00 -6.574348807334899902e-01 4.237783327698707581e-02 -1.909489989280700684e+00 -1.591647624969482422e+00 4.675618648529052734e+00
-2.463028669357299805e+00 -1.553275942802429199e+00 -2.947089672088623047e-01 1.547639727592468262e+00 -8.951787352561950684e-01 -2.466265439987182617e+00 -1.129249572753906250e+00 8.946209549903869629e-01 -2.068005084991455078e+00 -2.456871032714843750e+00
-2.362897992134094238e-01 3.286182403564453125e+00 3.481894493103027344e+00 -1.596300244331359863e+00 1.469201087951660156e+00 2.322586774826049805e+00 -2.700319290161132812e+00 -2.529895305633544922e+00 -1.085985541343688965e+00 8.426079154014587402e-01
2.555981874465942383e+00 -4.465414583683013916e-01 -6.817049980163574219e-01 1.881773114204406738e+00 1.167900800704956055e+00 3.476549625396728516e+00 2.659407615661621094e+00 -4.789644777774810791e-01 8.215406537055969238e-01 -1.650477170944213867e+00
-3.068347215652465820e+00 -1.010099798440933228e-01 -8.176636099815368652e-01 3.629177808761596680e-01 -2.634307146072387695e+00 1.194404125213623047e+00 4.028555870056152344e+00 -3.237728118896484375e+00 1.456326007843017578e+00 -3.347967147827148438e+00
2.133342027664184570e+00 -2.225372076034545898e+00 3.935555219650268555e+00 1.689890027046203613e+00 -1.049038767814636230e+00 4.077156543731689453e+00 1.725482046604156494e-01 1.190297007560729980e+00 3.584668397903442383e+00 -2.702623844146728516e+00
-3.294083833694458008e+00 3.060800552368164062e+00 1.749470472335815430e+00 -2.727958917617797852e+00 -1.952672481536865234e+00 -1.611584663391113281e+00 1.340261816978454590e+00 -9.902639985084533691e-01 3.506196975708007812e+00 2.841076374053955078e+00
1.290450572967529297e+00 -1.376796364784240723e+00 -1.054153740406036377e-01 -2.229658365249633789e+00 -5.798910617828369141e+00 3.191000699996948242e+00 -4.340038299560546875e+00 3.347327709197998047e-01 4.684549808502197266e+00 -3.818298101425170898e+00
1.878844380378723145e+00 -1.702224969863891602e+00 5.841314792633056641e-01 5.335235118865966797e+00 -3.102012157440185547e+00 1.170954346656799316e+00 1.477392911911010742e+00 -4.011525154113769531e+00 -1.951585650444030762e+00 3.093336522579193115e-01
-1.683161616325378418e+00 2.385388165712356567e-01 -5.557406902313232422e+00 2.658825159072875977e+00 -2.817238308489322662e-02 -5.270017385482788086e-01 9.696527719497680664e-01 -2.348113059997558594e+00 1.921296238899230957e+00 -1.697027325630187988e+00
-1.246312335133552551e-01 5.026353836059570312e+00 -5.767239928245544434e-01 1.361319661140441895e+00 4.223110198974609375e+00 1.425723671913146973e+00 -4.531493782997131348e-01 -1.616118401288986206e-01 1.713362574577331543e+00 7.249652147293090820e-01
-3.051985025405883789e+00 2.884458005428314209e-01 3.995374143123626709e-01 -6.675456762313842773e-01 2.654769718647003174e-01 1.337499976158142090e+00 2.214936256408691406e+00 -2.130972862243652344e+00 3.961272001266479492e+00 -1.297253489494323730e+00
-3.094603776931762695e+00 -1.569962650537490845e-01 -2.311926484107971191e-01 8.837036490440368652e-01 -2.616503953933715820e+00 4.352605640888214111e-01 3.738171815872192383e+00 -3.631003201007843018e-01 -2.140321493148803711e+00 -1.802610993385314941e+00
4.430375576019287109e+00 1.151751160621643066e+00 -1.643817871809005737e-01 1.442434430122375488e+00 5.583038330078125000e-01 3.125162363052368164e+00 2.623143911361694336e+00 4.626313209533691406e+00 -1.556983113288879395e+00 4.513744831085205078e+00
-2.314407587051391602e+00 -3.910412549972534180e+00 -2.352408409118652344e+00 3.027624368667602539e+00 -1.984257102012634277e+00 1.085731863975524902e+00 2.722044706344604492e+00 -1.440133571624755859e+00 -8.236656785011291504e-01 2.279033184051513672e+00
1.130965709686279297e+00 2.139056205749511719e+00 -4.296794414520263672e+00 -1.363063573837280273e+00 -1.850235700607299805e+00 5.691922664642333984e+00 -2.707702636718750000e+00 2.570642709732055664e+00 5.186550021171569824e-01 7.265016436576843262e-01
1.349189877510070801e+00 4.259122371673583984e+00 1.160238504409790039e+00 -3.370560169219970703e+00 -3.799330890178680420e-01 -1.938446760177612305e+00 6.736784458160400391e+00 3.616910934448242188e+00 6.129401922225952148e-01 -3.651717185974121094e+00
3.962152719497680664e+00 -2.237587928771972656e+00 1.015548825263977051e+00 -1.432261347770690918e+00 -3.275642871856689453e+00 -7.224813103675842285e-01 1.662553995847702026e-01 -1.121261835098266602e+00 2.295689344406127930e+00 2.347756147384643555e+00
4.537835597991943359e+00 -2.462672710418701172e+00 8.813416957855224609e-01 -3.436435699462890625e+00 -7.966669797897338867e-01 3.113137722015380859e+00 7.655698060989379883e-01 9.726995229721069336e-01 3.663023948669433594e+00 -4.441681385040283203e+00
1.031339049339294434e+00 2.479546785354614258e+00 2.912037849426269531e+00 -3.366232633590698242e+00 -9.228686690330505371e-01 -2.785176634788513184e-01 5.785563588142395020e-01 1.323263049125671387e+00 1.179082632064819336e+00 3.380259990692138672e+00
2.055588722229003906e+00 1.216465115547180176e+00 3.113267898559570312e+00 2.987606287002563477e+00 3.508586406707763672e+00 1.349331021308898926e+00 -2.727944374084472656e+00 2.855515956878662109e+00 -3.440406322479248047e+00 -5.761702656745910645e-01
-3.667775154113769531e+00 1.433053970336914062e+00 -2.285036563873291016e+00 -1.498560070991516113e+00 6.738239526748657227e-01 3.961940765380859375e+00 1.128382205963134766e+00 -2.676681518554687500e+00 3.171279191970825195e+00 -3.448077440261840820e+00
-2.436694622039794922e+00 1.712944269180297852e+00 5.628080844879150391e+00 3.065215349197387695e+00 -4.500178337097167969e+00 -1.946240425109863281e+00 -1.021788120269775391e+00 1.434558391571044922e+00 -9.073130041360855103e-02 -3.664770126342773438e+00
-2.754322290420532227e+00 4.836137965321540833e-02 -2.624935626983642578e+00 1.458102464675903320e+00 -2.199754238128662109e+00 3.848188400268554688e+00 -4.078727722167968750e+00 1.248281955718994141e+00 -1.062960743904113770e+00 -3.561320543289184570e+00
1.174052357673645020e+00 -2.424772024154663086e+00 1.618873119354248047e+00 2.336775302886962891e+00 8.871210813522338867e-01 3.268975496292114258e+00 2.527830362319946289e+00 4.490095674991607666e-01 1.856649875640869141e+00 -1.727289795875549316e+00
-5.043025612831115723e-01 3.150742352008819580e-01 7.136405110359191895e-01 2.557444572448730469e+00 -5.260268211364746094e+00 7.322839498519897461e-01 8.862296342849731445e-01 -3.224351406097412109e+00 3.605127334594726562e+00 2.990891218185424805e+00
-2.063915967941284180e+00 -5.518175363540649414e-01 -3.546106338500976562e+00 3.449859619140625000e-01 4.974598586559295654e-01 2.216429471969604492e+00 2.627222776412963867e+00 -1.095433115959167480e+00 -1.725710153579711914e+00 -3.194484233856201172e+00
4.023981094360351562e+00 -3.357180655002593994e-01 -3.549431860446929932e-01 2.752104997634887695e+00 4.085134506225585938e+00 5.823395848274230957e-01 4.360871315002441406e+00 -8.969769477844238281e-01 -2.356900691986083984e+00 7.423628568649291992e-01
-1.552911102771759033e-01 2.988225936889648438e+00 1.235839009284973145e+00 -1.743380784988403320e+00 -1.403965115547180176e+00 2.823019266128540039e+00 4.466274738311767578e+00 1.180397510528564453e+00 2.374820947647094727e+00 -2.764013707637786865e-01
-5.592691302299499512e-01 -4.990653395652770996e-01 -1.765669941902160645e+00 1.318432986736297607e-01 3.484220743179321289e+00 5.572106242179870605e-01 3.313951253890991211e+00 5.452476739883422852e-01 -7.409946918487548828e-01 -1.635823488235473633e+00
1.332962393760681152e+00 3.711477994918823242e+00 -2.101449012756347656e+00 -2.924218893051147461e+00 2.365993738174438477e+00 2.774807214736938477e+00 5.098951339721679688e+00 2.536454498767852783e-01 4.977626800537109375e-01 -1.772446036338806152e+00
-1.797665357589721680e-01 9.003288745880126953e-01 -2.014258503913879395e-01 1.964595913887023926e+00 1.590483307838439941e+00 1.204262018203735352e+00 2.717804670333862305e+00 -2.917843818664550781e+00 -9.670194387435913086e-01 -2.071089982986450195e+00
-2.104509353637695312e+00 -2.309419631958007812e+00 -3.104199171066284180e+00 1.462686181068420410e+00 1.059263572096824646e-01 2.612438917160034180e+00 2.484762191772460938e+00 -1.780294656753540039e+00 -1.960596561431884766e+00 -2.653830051422119141e+00
-7.196187227964401245e-02 1.633278727531433105e+00 1.632326722145080566e+00 -9.158283472061157227e-01 2.399620294570922852e+00 4.886990189552307129e-01 4.014508247375488281e+00 2.389111220836639404e-01 -3.926264762878417969e+00 -1.516187429428100586e+00
-3.167377233505249023e+00 1.367390990257263184e+00 1.541066914796829224e-01 6.911273598670959473e-01 2.477223396301269531e+00 3.034312486648559570e+00 -1.874226808547973633e+00 2.184526175260543823e-01 1.564549088478088379e+00 2.114587068557739258e+00
-1.063759446144104004e+00 8.681343197822570801e-01 -6.988214254379272461e-01 4.134663939476013184e-01 -4.959804117679595947e-01 3.052132368087768555e+00 2.452548265457153320e+00 -2.468468427658081055e+00 -2.356333494186401367e+00 -2.659951210021972656e+00
-3.417018175125122070e+00 -2.854939699172973633e+00 2.721942424774169922e+00 1.310517787933349609e+00 1.452256321907043457e+00 4.413340091705322266e-01 1.000078201293945312e+00 -3.470974922180175781e+00 -1.340031743049621582e+00 2.364197254180908203e+00
-3.321837186813354492e+00 2.316480636596679688e+00 -1.205038666725158691e+00 2.448209285736083984e+00 -3.513021767139434814e-01 -1.350467443466186523e+00 -1.938739418983459473e+00 -9.908226132392883301e-01 1.069788694381713867e+00 -2.809274435043334961e+00
1.527455449104309082e+00 5.389946460723876953e+00 1.293951421976089478e-01 -5.036930441856384277e-01 -3.588409662246704102e+00 -4.715264439582824707e-01 1.457194566726684570e+00 2.621537923812866211e+00 2.615177392959594727e+00 -8.910000920295715332e-01
1.294043302536010742e+00 1.556062340736389160e+00 4.501767158508300781e+00 2.463285923004150391e+00 -3.567350149154663086e+00 -1.709823131561279297e+00 3.601268529891967773e+00 -4.936329841613769531e+00 1.520326375961303711e+00 -3.031601428985595703e+00
1.150439381599426270e+00 2.704484701156616211e+00 -3.305248618125915527e-01 3.544951677322387695e+00 3.040034055709838867e+00 -1.943679809570312500e+00 -5.210740566253662109e-01 -5.071692466735839844e+00 3.226062774658203125e+00 -1.169496417045593262e+00
2.194504976272583008e+00 2.337557792663574219e+00 -4.447644710540771484e+00 1.053200364112854004e+00 -1.360202580690383911e-01 1.505188107490539551e+00 3.176797628402709961e+00 -8.163790106773376465e-01 1.156226754188537598e+00 3.514679556246846914e-04
1.620853304862976074e+00 3.900780200958251953e+00 -2.511330127716064453e+00 3.536581993103027344e+00 2.470062255859375000e+00 -1.876669764518737793e+00 1.132942512631416321e-01 1.139662265777587891e+00 9.552292227745056152e-01 -3.935757637023925781e+00
-2.744583129882812500e+00 -1.577819466590881348e+00 -2.624140501022338867e+00 2.068585395812988281e+00 -3.163300752639770508e+00 3.675511777400970459e-01 3.897163629531860352e+00 -3.662928104400634766e+00 3.295640051364898682e-01 -1.847026109695434570e+00
1.972629189491271973e+00 2.936970233917236328e+00 4.201011657714843750e+00 5.191400647163391113e-01 1.597648024559020996e+00 -4.042325913906097412e-01 2.547037124633789062e+00 -2.925522804260253906e+00 2.668853282928466797e+00 -7.792547941207885742e-01
-2.987900495529174805e+00 1.433404088020324707e+00 -6.720377206802368164e-01 6.481126546859741211e-01 9.927148818969726562e-01 -1.085300803184509277e+00 -9.220279455184936523e-01 -3.412140011787414551e-01 -1.278847903013229370e-01 -1.683671772480010986e-01
-2.941649198532104492e+00 -5.031821250915527344e+00 3.363906621932983398e+00 -4.050362110137939453e+00 -1.211392402648925781e+00 1.445168972015380859e+00 1.318701505661010742e+00 4.010491847991943359e+00 -4.503605842590332031e+00 3.075670003890991211e+00
-4.523070812225341797e+00 1.021761059761047363e+00 -1.472825646400451660e+00 -2.862283468246459961e+00 -9.204277992248535156e-01 -1.580963134765625000e+00 -1.449517011642456055e-01 -2.418740838766098022e-02 3.445784747600555420e-01 5.433354377746582031e+00
2.530222892761230469e+00 1.979130029678344727e+00 -2.676353216171264648e+00 1.189422488212585449e+00 4.552286148071289062e+00 5.416090011596679688e+00 -2.052967071533203125e+00 5.492226600646972656e+00 -8.337070941925048828e-01 3.575393915176391602e+00
-1.918529510498046875e+00 -8.235639333724975586e-01 -3.944130897521972656e+00 -3.682823777198791504e-01 1.282519817352294922e+00 1.060217320919036865e-01 -3.147817611694335938e+00 -4.616586565971374512e-01 2.688784122467041016e+00 -2.098147153854370117e+00
6.047986745834350586e-01 2.133894681930541992e+00 -1.388840436935424805e+00 3.377410888671875000e+00 4.305385589599609375e+00 -1.144113063812255859e+00 3.424024879932403564e-01 -5.000553607940673828e+00 -4.600511074066162109e+00 4.682480812072753906e+00
-1.048466563224792480e+00 -5.959991812705993652e-01 -1.580641865730285645e+00 2.250790596008300781e+00 5.108220577239990234e-01 1.437747597694396973e+00 4.711495876312255859e+00 -7.280142605304718018e-02 8.409862518310546875e-01 -1.032249689102172852e+00
2.836220502853393555e+00 -1.907161355018615723e+00 -2.017028570175170898e+00 4.696860790252685547e+00 -9.228758215904235840e-01 -4.126426219940185547e+00 1.496413350105285645e+00 -6.489961743354797363e-01 2.404623270034790039e+00 -2.520071744918823242e+00
4.532413959503173828e+00 3.785899639129638672e+00 -5.766092985868453979e-02 -3.656685829162597656e+00 1.083776473999023438e+00 3.370712757110595703e+00 5.395458340644836426e-01 1.079923629760742188e+00 2.283995300531387329e-01 -4.774748086929321289e-01
3.828974366188049316e-01 2.663340806961059570e+00 3.771084547042846680e-01 3.475551366806030273e+00 -3.379874825477600098e-01 5.082631111145019531e-01 2.528771162033081055e+00 1.456465363502502441e+00 -2.985912322998046875e+00 -1.448442786931991577e-01
-3.383929967880249023e+00 -1.148484826087951660e+00 3.376970291137695312e+00 -4.939912855625152588e-01 2.021694034337997437e-01 -3.374162435531616211e+00 4.107327938079833984e+00 -1.266732692718505859e+00 3.252241849899291992e+00 -3.177488327026367188e+00
-3.791401386260986328e+00 3.056061744689941406e+00 -5.402694270014762878e-02 -2.466982364654541016e+00 4.447393715381622314e-01 5.134697437286376953e+00 -2.337195158004760742e+00 -8.816121220588684082e-01 -6.438758969306945801e-01 -3.194750547409057617e+00
-3.845208406448364258e+00 6.050414443016052246e-01 -2.567782402038574219e+00 9.707234501838684082e-01 2.402616024017333984e+00 2.061060428619384766e+00 -2.808528900146484375e+00 -1.348694324493408203e+00 7.950616478919982910e-01 -2.143022775650024414e+00
-8.141680061817169189e-02 7.024201750755310059e-01 1.608308106660842896e-01 -2.282575845718383789e+00 2.988139629364013672e+00 2.107418060302734375e+00 4.314699172973632812e+00 6.794319152832031250e-01 2.422258444130420685e-02 -3.832851886749267578e+00
