3.632146120071411133e-01
-1.736462712287902832e+00
-1.374382972717285156e+00
2.712630331516265869e-01
-8.933552503585815430e-01
2.803546190261840820e+00
1.367568373680114746e-01
-4.570219039916992188e+00
1.088800549507141113e+00
-7.626685500144958496e-01
2.191481828689575195e+00
-7.067505121231079102e-01
-8.730447292327880859e-01
-1.400576680898666382e-01
-3.271088004112243652e-01
1.243271470069885254e+00
3.232561826705932617e+00
-2.239147663116455078e+00
7.162863016128540039e-01
5.528100132942199707e-01
3.162053823471069336e+00
1.456511259078979492e+00
8.336164355278015137e-01
1.172304034233093262e+00
1.206855773925781250e+00
2.775340557098388672e+00
1.453548192977905273e+00
-7.863900661468505859e-01
1.850672960281372070e+00
1.031159639358520508e+00
-1.301591157913208008e+00
-1.133103966712951660e+00
-1.189838767051696777e+00
-2.829295635223388672e+00
2.271064758300781250e+00
-3.091462612152099609e+00
7.277593612670898438e-01
-6.249518990516662598e-01
1.872202306985855103e-01
-3.492603311315178871e-03
-3.364665508270263672e+00
-6.822257637977600098e-01
-5.503873229026794434e-01
2.680047512054443359e+00
-1.595861792564392090e+00
-2.145858764648437500e+00
-1.765570998191833496e+00
-8.446518778800964355e-01
9.760420322418212891e-01
2.582532644271850586e+00
