1.745651721954345703e+00
1.535793542861938477e+00
-1.836063504219055176e+00
-8.286806941032409668e-01
2.323387712240219116e-01
2.222130298614501953e+00
-8.517511487007141113e-01
2.249378442764282227e+00
-1.707884430885314941e+00
-2.056294918060302734e+00
-1.812347412109375000e+00
2.988805472850799561e-01
8.905643224716186523e-01
-1.192526444792747498e-01
-2.179231405258178711e+00
4.229360818862915039e-01
-9.352630376815795898e-02
2.155853986740112305e+00
5.380640551447868347e-02
4.691487848758697510e-01
1.585776209831237793e+00
-2.943583726882934570e+00
-1.210346579551696777e+00
-2.615222334861755371e-01
-3.328037977218627930e+00
-6.823806762695312500e-01
3.016329109668731689e-01
-2.625534534454345703e+00
-2.906404972076416016e+00
-4.097918570041656494e-01
-3.059140443801879883e+00
-1.149336814880371094e+00
9.258337020874023438e-01
2.177824825048446655e-01
1.264737963676452637e+00
1.378496050834655762e+00
-1.565423250198364258e+00
-1.095129132270812988e+00
-9.785852432250976562e-01
1.462900876998901367e+00
-4.601200222969055176e-01
2.924472391605377197e-01
1.257984489202499390e-01
1.155605241656303406e-01
3.726914882659912109e+00
-1.861524820327758789e+00
2.095239311456680298e-01
-3.254569768905639648e+00
-7.156078219413757324e-01
-1.744525313377380371e+00
