5.884454250335693359e-01
1.727030873298645020e+00
-2.134671211242675781e+00
-9.142503142356872559e-01
8.371435403823852539e-01
-1.363584041595458984e+00
5.551899075508117676e-01
2.177097052335739136e-01
6.342913508415222168e-01
-1.985862493515014648e+00
9.905684590339660645e-01
-2.135976791381835938e+00
-9.210608899593353271e-02
1.230943560600280762e+00
-1.008545398712158203e+00
1.864844858646392822e-01
-1.396427035331726074e+00
-1.579647779464721680e+00
2.474786899983882904e-02
-1.867920041084289551e+00
1.266456246376037598e-01
-3.546747267246246338e-01
-9.369823932647705078e-01
4.137916266918182373e-01
1.064508199691772461e+00
-1.414995551109313965e+00
6.947641968727111816e-01
-1.840884536504745483e-01
4.604711234569549561e-01
1.171456456184387207e+00
1.140037328004837036e-01
9.258562922477722168e-01
1.217765331268310547e+00
4.979357421398162842e-01
-4.112978279590606689e-01
8.505266904830932617e-01
-4.144574105739593506e-01
1.435637950897216797e+00
-6.084713339805603027e-01
-3.137387335300445557e-01
-8.992739319801330566e-01
8.871594667434692383e-01
1.209613442420959473e+00
-1.945185959339141846e-01
7.316262722015380859e-01
1.402579307556152344e+00
-1.534741997718811035e+00
5.659741759300231934e-01
-1.100620150566101074e+00
1.075960278511047363e+00
