2.278536558151245117e+00
5.578988075256347656e+00
3.220655918121337891e+00
-9.574208259582519531e-01
-4.298484802246093750e+00
-1.783095359802246094e+00
-2.478127241134643555e+00
3.446883916854858398e+00
7.132804393768310547e+00
8.612062454223632812e+00
-6.143166542053222656e+00
-2.610532045364379883e+00
-1.230072689056396484e+01
5.621541500091552734e+00
1.820926189422607422e+00
1.208482265472412109e+00
5.823195457458496094e+00
3.148125648498535156e+00
1.732541203498840332e+00
4.708427906036376953e+00
-2.070192337036132812e+00
5.314071178436279297e-01
-6.044735431671142578e+00
-3.801746845245361328e+00
-8.645644187927246094e-01
-3.560523271560668945e+00
4.394116878509521484e+00
1.620952785015106201e-02
-6.706401824951171875e+00
-5.059470176696777344e+00
-4.727103710174560547e+00
4.783407688140869141e+00
7.425740242004394531e+00
-2.456791877746582031e+00
-6.635268926620483398e-01
-3.500869512557983398e+00
7.151539802551269531e+00
-5.893237113952636719e+00
3.837274074554443359e+00
-5.386754989624023438e+00
4.241222381591796875e+00
5.260447978973388672e+00
-4.162478446960449219e+00
-4.085132122039794922e+00
4.117221355438232422e+00
-1.848515272140502930e+00
-4.419191479682922363e-01
-1.865101099014282227e+00
-6.991936683654785156e+00
6.558034896850585938e+00
