1.247195228934288025e-01
1.628964304924011230e+00
-3.290913581848144531e+00
-2.770210206508636475e-01
2.712652444839477539e+00
-3.006275594234466553e-01
1.579502463340759277e+00
-1.249181389808654785e+00
6.672187447547912598e-01
-3.115866482257843018e-01
-6.405594944953918457e-01
4.397800862789154053e-01
-1.722834825515747070e+00
9.658750295639038086e-01
8.817652463912963867e-01
-2.118946313858032227e+00
-4.677576720714569092e-01
-2.667016506195068359e+00
-6.066190451383590698e-02
-3.568355739116668701e-01
-1.216976404190063477e+00
8.710640072822570801e-01
-2.079340934753417969e+00
8.688486218452453613e-01
3.910539746284484863e-01
1.844384312629699707e+00
-1.048461556434631348e+00
1.898632884025573730e+00
-4.369198158383369446e-02
1.101444125175476074e+00
