5.712625980377197266e-01
-6.615335494279861450e-02
-2.315856069326400757e-01
1.284447431564331055e+00
1.560897469520568848e+00
-5.877003669738769531e-01
9.391126632690429688e-01
1.472087502479553223e+00
7.605999112129211426e-01
4.922347143292427063e-02
-1.604484081268310547e+00
-1.671054363250732422e-01
1.091991066932678223e+00
-3.372325897216796875e-01
1.885907649993896484e+00
2.449549287557601929e-01
2.438954114913940430e+00
-1.339698672294616699e+00
7.354950308799743652e-01
2.397640943527221680e+00
6.335791349411010742e-01
2.359428882598876953e+00
7.077888846397399902e-01
-1.827218294143676758e+00
6.235438585281372070e-01
6.148800849914550781e-01
-7.352113723754882812e-01
-7.076378166675567627e-02
4.245574176311492920e-01
-1.313438653945922852e+00
-3.497974574565887451e-01
2.015139013528823853e-01
-1.056588768959045410e+00
3.621096909046173096e-02
-2.222619652748107910e-01
1.648067355155944824e+00
-1.300447702407836914e+00
-2.998755872249603271e-01
4.625016152858734131e-01
2.288978338241577148e+00
-6.164617538452148438e-01
-5.030167475342750549e-02
-9.050879478454589844e-01
2.746690511703491211e-01
6.487606763839721680e-01
-4.801788032054901123e-01
5.592030286788940430e-01
-7.852166891098022461e-01
1.511253356933593750e+00
2.692614495754241943e-01
1.167585372924804688e+00
-2.910683155059814453e-01
-1.420020818710327148e+00
1.894804358482360840e+00
-1.198782324790954590e+00
-1.204112052917480469e+00
5.199034512042999268e-02
-7.979249954223632812e-01
-1.066638588905334473e+00
3.862959146499633789e-02
-8.613553643226623535e-01
4.410181567072868347e-02
1.085646986961364746e+00
-1.134948253631591797e+00
-1.171228289604187012e-01
-1.378423690795898438e+00
-1.398107051849365234e+00
-3.705700933933258057e-01
4.420877695083618164e-01
-9.608916640281677246e-01
-8.664932250976562500e-01
1.042863011360168457e+00
-3.893656730651855469e-01
1.422271847724914551e+00
7.653806209564208984e-01
-6.588188409805297852e-01
-6.531615853309631348e-01
-8.539732694625854492e-01
9.558496475219726562e-01
-4.287170469760894775e-01
