-9.340394735336303711e-01 -1.364112347364425659e-01
-1.509534418582916260e-01 -8.911280632019042969e-01
-1.715580523014068604e-01 -7.322118282318115234e-01
2.580040693283081055e-01 1.169400930404663086e+00
5.648895502090454102e-01 1.548014402389526367e+00
1.284318119287490845e-01 -8.388357162475585938e-01
-6.509010791778564453e-01 2.205537557601928711e-01
-6.330071687698364258e-01 -1.341777920722961426e+00
3.030934929847717285e-01 -7.050534486770629883e-01
-7.178027927875518799e-02 6.777752041816711426e-01
-7.511174678802490234e-01 -2.161412239074707031e-01
1.352554678916931152e+00 3.261334896087646484e-01
-1.920930743217468262e-01 8.023003935813903809e-01
-5.839667320251464844e-01 3.067415356636047363e-01
9.127161502838134766e-01 -6.091825366020202637e-01
9.712251424789428711e-01 4.800696298480033875e-02
-4.172298312187194824e-01 1.234908923506736755e-01
-6.561272591352462769e-02 4.895196259021759033e-01
2.687533497810363770e-01 8.977434635162353516e-01
-1.384756326675415039e+00 -5.150429010391235352e-01
-9.730708003044128418e-01 -3.115532398223876953e-01
-1.409825444221496582e+00 -6.697120070457458496e-01
-4.810617268085479736e-01 1.914430707693099976e-01
4.861913025379180908e-01 1.041377305984497070e+00
-5.005871653556823730e-01 2.861211597919464111e-01
4.607259929180145264e-01 -2.106982767581939697e-01
6.511658430099487305e-01 4.668543487787246704e-02
8.488473296165466309e-01 -1.266113221645355225e-01
-2.089724540710449219e-01 4.181053936481475830e-01
-3.682836890220642090e-02 -9.145005345344543457e-01
9.058054089546203613e-01 3.094431757926940918e-01
-1.359836697578430176e+00 3.763538002967834473e-01
1.371182918548583984e+00 5.923409461975097656e-01
-1.461567431688308716e-01 8.538089990615844727e-01
5.445024371147155762e-01 -1.835345476865768433e-01
-1.168983578681945801e+00 -6.879442930221557617e-02
2.043254673480987549e-02 6.844714283943176270e-01
5.963485240936279297e-01 -2.886308431625366211e-01
-2.119739055633544922e-01 -9.399275779724121094e-01
1.990699917078018188e-01 7.420268058776855469e-01
1.055846884846687317e-01 1.005914926528930664e+00
1.074535131454467773e+00 4.492826759815216064e-01
8.995037674903869629e-01 8.481214940547943115e-02
1.387902498245239258e+00 4.613477289676666260e-01
1.417507767677307129e+00 5.923312306404113770e-01
1.446423828601837158e-01 -7.970938682556152344e-01
-9.001617431640625000e-01 -2.697158157825469971e-01
1.483767628669738770e-01 -6.000756025314331055e-01
-5.451598167419433594e-01 2.683643698692321777e-01
-7.489375472068786621e-01 1.551888585090637207e-01
1.171082258224487305e+00 9.803641587495803833e-02
-1.394701838493347168e+00 -3.107944130897521973e-01
-1.092337131500244141e+00 1.220730662345886230e+00
-5.369784832000732422e-01 -1.395544409751892090e+00
2.939128875732421875e-01 -2.888064980506896973e-01
-7.701538205146789551e-01 -4.676403477787971497e-02
-8.485755324363708496e-01 -1.371931880712509155e-01
1.966927051544189453e-01 -7.327243685722351074e-01
-3.087298274040222168e-01 -1.637061238288879395e+00
1.423872709274291992e+00 2.233072757720947266e+00
