-1.086576357483863831e-01 -5.163074135780334473e-01
-2.288170605897903442e-01 -5.731015205383300781e-01
-8.148924708366394043e-01 -3.918171823024749756e-01
-1.668562412261962891e+00 -5.259391069412231445e-01
6.160620450973510742e-01 1.286333203315734863e-01
1.960427910089492798e-01 5.516631007194519043e-01
4.928353130817413330e-01 8.885187506675720215e-01
-6.473528146743774414e-01 -2.435514181852340698e-01
1.477461695671081543e+00 1.007252573966979980e+00
7.625806927680969238e-01 2.398078888654708862e-01
7.333356142044067383e-01 1.072195410728454590e+00
2.713274955749511719e-01 -3.973229229450225830e-01
-2.654258310794830322e-01 1.674557477235794067e-01
6.415210962295532227e-01 2.725322544574737549e-01
-7.565664052963256836e-01 -1.271599650382995605e+00
-1.802914962172508240e-02 -4.214347004890441895e-01
-4.193441867828369141e-01 -8.222878575325012207e-01
-1.435900568962097168e+00 -1.766713023185729980e+00
2.694539427757263184e-01 -6.758446246385574341e-02
9.273611903190612793e-01 1.326558947563171387e+00
3.049047291278839111e-01 -4.038105905055999756e-02
2.919105887413024902e-01 5.886009931564331055e-01
-1.688954085111618042e-01 2.915741503238677979e-01
-7.097824215888977051e-01 -2.695181667804718018e-01
3.311209380626678467e-01 -6.521639972925186157e-02
7.941401600837707520e-01 3.830762207508087158e-01
-6.933106184005737305e-01 -2.723272144794464111e-01
-2.012927383184432983e-01 -6.209014654159545898e-01
-5.371743440628051758e-01 -8.040469884872436523e-01
-9.982768893241882324e-01 -5.932077169418334961e-01
-1.218176707625389099e-01 -5.888679027557373047e-01
-6.430088877677917480e-01 -1.126896262168884277e+00
-3.038284778594970703e-01 -7.790641188621520996e-01
-5.197011828422546387e-01 -4.336436279118061066e-03
1.459594070911407471e-01 -2.621977031230926514e-01
1.094468951225280762e+00 6.536825299263000488e-01
3.462208509445190430e-01 -5.068545788526535034e-02
1.162961244583129883e+00 8.677495121955871582e-01
1.058711767196655273e+00 5.924897193908691406e-01
-1.422470360994338989e-01 -5.822498202323913574e-01
5.139604210853576660e-01 9.520150423049926758e-01
-1.327364444732666016e-01 3.797079026699066162e-01
-4.360297620296478271e-01 -1.130427233874797821e-03
1.360154598951339722e-01 -2.030598521232604980e-01
3.470230102539062500e-01 6.916995644569396973e-01
8.588771820068359375e-01 4.781490862369537354e-01
4.483756422996520996e-01 1.519223768264055252e-02
2.238114476203918457e-01 -1.121596097946166992e-01
3.202673494815826416e-01 -1.018393412232398987e-01
-7.912368774414062500e-01 -2.126423567533493042e-01
5.876954197883605957e-01 2.062060385942459106e-01
-5.521210432052612305e-01 -3.032505884766578674e-02
4.028097689151763916e-01 -1.169123277068138123e-01
3.942534625530242920e-01 1.501507461071014404e-01
-9.118133783340454102e-01 -5.026853084564208984e-01
-6.828094720840454102e-01 -1.990989744663238525e-01
-7.236585021018981934e-01 -4.379559755325317383e-01
1.599686592817306519e-01 -2.436824142932891846e-01
1.055748939514160156e+00 7.369492053985595703e-01
1.470973789691925049e-01 4.785228371620178223e-01
2.257831394672393799e-01 5.985127687454223633e-01
-1.266085386276245117e+00 -8.841953277587890625e-01
-1.747256755828857422e+00 -1.342102050781250000e+00
-2.788844704627990723e-01 -7.532799243927001953e-01
-6.663712859153747559e-01 -1.081761837005615234e+00
2.732403278350830078e-01 5.720337629318237305e-01
1.059362739324569702e-01 3.811638355255126953e-01
-8.460810035467147827e-02 5.373986959457397461e-01
8.569597005844116211e-01 3.670063614845275879e-01
-1.490828514099121094e+00 -9.362118244171142578e-01
-1.134522795677185059e+00 -1.526325702667236328e+00
5.779427886009216309e-01 1.060977101325988770e+00
4.555445015430450439e-01 2.573404833674430847e-02
-1.250424534082412720e-01 3.884995579719543457e-01
-1.850789636373519897e-01 2.959065437316894531e-01
4.777075955644249916e-04 -3.032727837562561035e-01
4.977170825004577637e-01 4.262221604585647583e-02
-2.009320557117462158e-01 -5.168298482894897461e-01
-3.079213201999664307e-01 -7.275193333625793457e-01
-1.634770929813385010e-01 -5.787792801856994629e-01
