6.460893154144287109e-01 3.057254664599895477e-02
1.056727409362792969e+00 3.269752860069274902e-01
1.652816176414489746e+00 9.469880461692810059e-01
-1.009751915931701660e+00 -4.034233987331390381e-01
4.317301511764526367e-01 -3.236835300922393799e-01
5.497201681137084961e-01 1.268624424934387207e+00
-4.754272699356079102e-01 1.096099615097045898e-01
2.822065055370330811e-01 -2.958887219429016113e-01
1.888871937990188599e-01 -3.394457995891571045e-01
-7.684760689735412598e-01 -1.878778487443923950e-01
8.815290331840515137e-01 1.392641216516494751e-01
2.645767629146575928e-01 7.826202511787414551e-01
1.008551836013793945e+00 4.720760285854339600e-01
8.478056788444519043e-01 3.364689052104949951e-01
4.063159227371215820e-01 -2.109866589307785034e-01
5.955409407615661621e-01 8.525425195693969727e-02
1.479747612029314041e-02 -6.794316172599792480e-01
-6.196128129959106445e-01 -1.112405061721801758e+00
1.290317893028259277e+00 5.139575004577636719e-01
-1.108813807368278503e-01 7.426806092262268066e-01
-1.080952167510986328e+00 -1.600898027420043945e+00
-1.070766523480415344e-01 4.609006941318511963e-01
-2.122451812028884888e-01 -8.686700463294982910e-01
-5.832764506340026855e-01 -5.340073630213737488e-02
5.967426896095275879e-01 1.088166594505310059e+00
-8.934960365295410156e-01 -3.754125833511352539e-01
1.273046255111694336e+00 8.709157109260559082e-01
1.422911405563354492e+00 7.055704593658447266e-01
4.208919033408164978e-02 -5.508982539176940918e-01
3.924088552594184875e-02 6.074391603469848633e-01
-1.178522827103734016e-03 -5.791774988174438477e-01
1.732686767354607582e-03 -5.936427116394042969e-01
8.974853157997131348e-01 2.603774964809417725e-01
-1.837243139743804932e-01 -7.669836282730102539e-01
1.971727162599563599e-01 -3.466586470603942871e-01
3.370692431926727295e-01 -2.937150001525878906e-01
6.007852554321289062e-01 -2.191127240657806396e-01
6.329454183578491211e-01 1.219096541404724121e+00
-1.130695715546607971e-01 3.980959057807922363e-01
-1.371758282184600830e-01 4.720551371574401855e-01
3.063645362854003906e-01 8.349223732948303223e-01
-7.668495178222656250e-01 -2.780417352914810181e-02
2.399130910634994507e-01 -6.475846171379089355e-01
9.875544905662536621e-01 3.961901068687438965e-01
-5.562271475791931152e-01 3.101867251098155975e-02
7.031625509262084961e-01 1.302227139472961426e+00
-8.423880487680435181e-02 4.742603898048400879e-01
7.174921035766601562e-01 1.444825530052185059e-01
1.863039612770080566e+00 1.405440092086791992e+00
-3.980672359466552734e-01 5.821018815040588379e-01
-2.540770359337329865e-02 5.736343264579772949e-01
2.796917259693145752e-01 -3.401068449020385742e-01
-1.390548199415206909e-01 4.663252830505371094e-01
1.027754545211791992e+00 6.077153086662292480e-01
6.649404764175415039e-01 2.316792681813240051e-02
-9.957624077796936035e-01 -1.449516654014587402e+00
4.210608601570129395e-01 -2.133073210716247559e-01
3.632355332374572754e-01 8.398294448852539062e-01
2.092643082141876221e-01 1.072914004325866699e+00
4.929278492927551270e-01 -8.833641558885574341e-02
