0.333984375 0.3342387080192566 1844.0 17083.0 7016.0 565.0
0.888671875 0.8859589695930481 739.0 1353.0 22746.0 1670.0
0.88671875 0.8987098336219788 728.0 1004.0 23095.0 1681.0
0.908203125 0.9059906601905823 729.0 812.0 23287.0 1680.0
0.880859375 0.8911649584770203 1005.0 1481.0 22618.0 1404.0
0.91015625 0.8947487473487854 1023.0 1404.0 22695.0 1386.0
0.908203125 0.8978798985481262 1045.0 1343.0 22756.0 1364.0
0.89453125 0.8994265794754028 1125.0 1382.0 22717.0 1284.0
0.91015625 0.9021804928779602 1103.0 1287.0 22812.0 1306.0
0.912109375 0.9062169790267944 1105.0 1182.0 22917.0 1304.0
0.875 0.8986721038818359 1253.0 1530.0 22569.0 1156.0
0.90625 0.8928248286247253 1348.0 1780.0 22319.0 1061.0
0.927734375 0.9097630977630615 1224.0 1207.0 22892.0 1185.0
0.921875 0.9124415516853333 1132.0 1044.0 23055.0 1277.0
0.890625 0.90489661693573 1275.0 1387.0 22712.0 1134.0
0.912109375 0.9044439196586609 1303.0 1427.0 22672.0 1106.0
0.92578125 0.9036139845848083 1369.0 1515.0 22584.0 1040.0
0.896484375 0.9108193516731262 1274.0 1229.0 22870.0 1135.0
0.9140625 0.9094989895820618 1328.0 1318.0 22781.0 1081.0
0.923828125 0.910857081413269 1347.0 1301.0 22798.0 1062.0
0.93359375 0.9161385297775269 1226.0 1040.0 23059.0 1183.0
0.9296875 0.9127056002616882 1342.0 1247.0 22852.0 1067.0
0.9140625 0.9138373136520386 1284.0 1159.0 22940.0 1125.0
0.919921875 0.9077637195587158 1436.0 1472.0 22627.0 973.0
0.904296875 0.9064433574676514 1420.0 1491.0 22608.0 989.0
0.91796875 0.918515145778656 1340.0 1091.0 23008.0 1069.0
0.916015625 0.9157235622406006 1392.0 1217.0 22882.0 1017.0
0.89453125 0.9136864542961121 1382.0 1261.0 22838.0 1027.0
0.93359375 0.9176474809646606 1375.0 1149.0 22950.0 1034.0
0.92578125 0.9150068163871765 1331.0 1175.0 22924.0 1078.0
0.923828125 0.9145163893699646 1421.0 1278.0 22821.0 988.0
0.923828125 0.9062924385070801 1496.0 1571.0 22528.0 913.0
0.935546875 0.9099516868591309 1466.0 1444.0 22655.0 943.0
0.923828125 0.917534351348877 1371.0 1148.0 22951.0 1038.0
0.91796875 0.9150822162628174 1406.0 1248.0 22851.0 1003.0
0.9140625 0.9045571088790894 1573.0 1694.0 22405.0 836.0
0.916015625 0.9126301407814026 1420.0 1327.0 22772.0 989.0
0.923828125 0.91538405418396 1457.0 1291.0 22808.0 952.0
0.9140625 0.9196091890335083 1290.0 1012.0 23087.0 1119.0
0.91015625 0.9098385572433472 1493.0 1474.0 22625.0 916.0
0.94140625 0.912064254283905 1421.0 1343.0 22756.0 988.0
0.892578125 0.9131960272789001 1497.0 1389.0 22710.0 912.0
0.927734375 0.9040666818618774 1576.0 1710.0 22389.0 833.0
0.912109375 0.9129696488380432 1422.0 1320.0 22779.0 987.0
0.931640625 0.9147427082061768 1473.0 1324.0 22775.0 936.0
0.904296875 0.914176881313324 1483.0 1349.0 22750.0 926.0
0.921875 0.9172325134277344 1373.0 1158.0 22941.0 1036.0
0.90625 0.9073487520217896 1500.0 1547.0 22552.0 909.0
0.876953125 0.9112343192100525 1504.0 1448.0 22651.0 905.0
0.90625 0.9099516868591309 1499.0 1477.0 22622.0 910.0
0.89453125 0.9115361571311951 1499.0 1435.0 22664.0 910.0
0.935546875 0.9207031726837158 1346.0 1039.0 23060.0 1063.0
0.92578125 0.9171947836875916 1431.0 1217.0 22882.0 978.0
0.8984375 0.9144786596298218 1426.0 1284.0 22815.0 983.0
0.927734375 0.914440929889679 1432.0 1291.0 22808.0 977.0
0.90625 0.9135355353355408 1475.0 1358.0 22741.0 934.0
0.904296875 0.9192319512367249 1392.0 1124.0 22975.0 1017.0
0.91796875 0.9040289521217346 1576.0 1711.0 22388.0 833.0
0.91796875 0.9141391515731812 1513.0 1380.0 22719.0 896.0
0.91796875 0.917534351348877 1419.0 1196.0 22903.0 990.0
0.921875 0.911083459854126 1483.0 1431.0 22668.0 926.0
0.923828125 0.9179493188858032 1446.0 1212.0 22887.0 963.0
0.931640625 0.9184397459030151 1413.0 1166.0 22933.0 996.0
0.91015625 0.9118756651878357 1499.0 1426.0 22673.0 910.0
0.9140625 0.9207409024238586 1424.0 1116.0 22983.0 985.0
0.935546875 0.9164780378341675 1453.0 1258.0 22841.0 956.0
0.927734375 0.9150068163871765 1501.0 1345.0 22754.0 908.0
0.927734375 0.9098008275032043 1563.0 1545.0 22554.0 846.0
0.916015625 0.9136487245559692 1503.0 1383.0 22716.0 906.0
0.923828125 0.9151954054832458 1449.0 1288.0 22811.0 960.0
0.9140625 0.9145541191101074 1508.0 1364.0 22735.0 901.0
0.89453125 0.9168552756309509 1508.0 1303.0 22796.0 901.0
0.90234375 0.9073110222816467 1555.0 1603.0 22496.0 854.0
0.935546875 0.9236079454421997 1416.0 1032.0 23067.0 993.0
0.92578125 0.9064433574676514 1596.0 1667.0 22432.0 813.0
0.927734375 0.9184020161628723 1395.0 1149.0 22950.0 1014.0
0.923828125 0.9168930053710938 1467.0 1261.0 22838.0 942.0
0.9296875 0.9173457026481628 1517.0 1299.0 22800.0 892.0
0.92578125 0.9147049784660339 1450.0 1302.0 22797.0 959.0
0.916015625 0.9181001782417297 1472.0 1234.0 22865.0 937.0
0.916015625 0.9183642864227295 1492.0 1247.0 22852.0 917.0
0.916015625 0.9180624485015869 1434.0 1197.0 22902.0 975.0
0.92578125 0.9147427082061768 1535.0 1386.0 22713.0 874.0
0.912109375 0.9131205677986145 1544.0 1438.0 22661.0 865.0
0.90625 0.9103666543960571 1569.0 1536.0 22563.0 840.0
0.93359375 0.9105930328369141 1582.0 1543.0 22556.0 827.0
0.923828125 0.9166666865348816 1470.0 1270.0 22829.0 939.0
0.9140625 0.9127810597419739 1541.0 1444.0 22655.0 868.0
0.912109375 0.9090086221694946 1547.0 1550.0 22549.0 862.0
0.919921875 0.9189301133155823 1502.0 1242.0 22857.0 907.0
0.931640625 0.9181756377220154 1511.0 1271.0 22828.0 898.0
0.927734375 0.9193073511123657 1431.0 1161.0 22938.0 978.0
0.935546875 0.9187037944793701 1480.0 1226.0 22873.0 929.0
0.9296875 0.9215331077575684 1441.0 1112.0 22987.0 968.0
0.91015625 0.9217972159385681 1488.0 1152.0 22947.0 921.0
0.908203125 0.9159876108169556 1459.0 1277.0 22822.0 950.0
0.9375 0.9076128005981445 1621.0 1661.0 22438.0 788.0
0.9140625 0.9143277406692505 1514.0 1376.0 22723.0 895.0
0.9296875 0.9153085947036743 1500.0 1336.0 22763.0 909.0
0.92578125 0.9073864221572876 1596.0 1642.0 22457.0 813.0
0.91796875 0.9188923835754395 1483.0 1224.0 22875.0 926.0
0.92578125 0.9217217564582825 1427.0 1093.0 23006.0 982.0
0.921875 0.9078768491744995 1555.0 1588.0 22511.0 854.0
0.921875 0.9164403080940247 1483.0 1289.0 22810.0 926.0
0.912109375 0.9193828105926514 1489.0 1217.0 22882.0 920.0
0.916015625 0.9171947836875916 1514.0 1300.0 22799.0 895.0
0.9296875 0.9111589193344116 1564.0 1510.0 22589.0 845.0
0.9140625 0.907990038394928 1613.0 1643.0 22456.0 796.0
0.908203125 0.9056134223937988 1582.0 1675.0 22424.0 827.0
0.9140625 0.9203636646270752 1487.0 1189.0 22910.0 922.0
0.94921875 0.9200241565704346 1493.0 1204.0 22895.0 916.0
0.919921875 0.9080277681350708 1602.0 1631.0 22468.0 807.0
0.92578125 0.9171193838119507 1484.0 1272.0 22827.0 925.0
0.931640625 0.9214199781417847 1422.0 1096.0 23003.0 987.0
0.90234375 0.913233757019043 1555.0 1446.0 22653.0 854.0
0.923828125 0.9153463244438171 1548.0 1383.0 22716.0 861.0
0.921875 0.9178738594055176 1530.0 1298.0 22801.0 879.0
0.9140625 0.9144032001495361 1571.0 1431.0 22668.0 838.0
0.90625 0.9159121513366699 1528.0 1348.0 22751.0 881.0
0.93359375 0.9166666865348816 1527.0 1327.0 22772.0 882.0
0.908203125 0.9158744812011719 1534.0 1355.0 22744.0 875.0
0.92578125 0.9143277406692505 1546.0 1408.0 22691.0 863.0
0.91015625 0.9168930053710938 1516.0 1310.0 22789.0 893.0
0.921875 0.9157235622406006 1545.0 1370.0 22729.0 864.0
0.939453125 0.9187792539596558 1550.0 1294.0 22805.0 859.0
0.939453125 0.9155349135398865 1540.0 1370.0 22729.0 869.0
0.939453125 0.9167798161506653 1516.0 1313.0 22786.0 893.0
0.912109375 0.9114229679107666 1578.0 1517.0 22582.0 831.0
0.92578125 0.920137345790863 1499.0 1207.0 22892.0 910.0
0.92578125 0.9170061945915222 1491.0 1282.0 22817.0 918.0
0.904296875 0.9152708649635315 1572.0 1409.0 22690.0 837.0
0.9296875 0.912064254283905 1565.0 1487.0 22612.0 844.0
0.931640625 0.9200618863105774 1491.0 1201.0 22898.0 918.0
0.935546875 0.91730797290802 1527.0 1310.0 22789.0 882.0
0.9140625 0.9100271463394165 1649.0 1625.0 22474.0 760.0
0.9140625 0.9131960272789001 1523.0 1415.0 22684.0 886.0
0.90625 0.9214199781417847 1452.0 1126.0 22973.0 957.0
0.912109375 0.9187415242195129 1532.0 1277.0 22822.0 877.0
0.9375 0.9131205677986145 1582.0 1476.0 22623.0 827.0
0.919921875 0.9097253680229187 1615.0 1599.0 22500.0 794.0
0.935546875 0.9212313294410706 1495.0 1174.0 22925.0 914.0
0.931640625 0.913497805595398 1567.0 1451.0 22648.0 842.0
0.953125 0.9186660647392273 1513.0 1260.0 22839.0 896.0
0.951171875 0.9187792539596558 1533.0 1277.0 22822.0 876.0
0.916015625 0.9206277132034302 1489.0 1184.0 22915.0 920.0
0.9296875 0.913497805595398 1549.0 1433.0 22666.0 860.0
0.92578125 0.9209672808647156 1489.0 1175.0 22924.0 920.0
0.943359375 0.9102912545204163 1584.0 1553.0 22546.0 825.0
0.90625 0.9160253405570984 1538.0 1355.0 22744.0 871.0
0.904296875 0.9179115891456604 1530.0 1297.0 22802.0 879.0
0.91015625 0.9149690866470337 1548.0 1393.0 22706.0 861.0
0.91796875 0.9224762320518494 1452.0 1098.0 23001.0 957.0
0.912109375 0.912290632724762 1546.0 1462.0 22637.0 863.0
0.91796875 0.9216462969779968 1488.0 1156.0 22943.0 921.0
0.9296875 0.9185528755187988 1489.0 1239.0 22860.0 920.0
0.9140625 0.9166289567947388 1537.0 1338.0 22761.0 872.0
0.916015625 0.9116492867469788 1589.0 1522.0 22577.0 820.0
0.916015625 0.9131582975387573 1622.0 1515.0 22584.0 787.0
0.931640625 0.9187415242195129 1485.0 1230.0 22869.0 924.0
0.90625 0.9153085947036743 1600.0 1436.0 22663.0 809.0
0.921875 0.9167798161506653 1548.0 1345.0 22754.0 861.0
0.9140625 0.9164025783538818 1538.0 1345.0 22754.0 871.0
0.943359375 0.9210426807403564 1548.0 1232.0 22867.0 861.0
0.9296875 0.9184774160385132 1493.0 1245.0 22854.0 916.0
0.921875 0.9178738594055176 1450.0 1218.0 22881.0 959.0
0.923828125 0.9162139892578125 1496.0 1308.0 22791.0 913.0
0.916015625 0.9134223461151123 1563.0 1449.0 22650.0 846.0
0.908203125 0.9175720810890198 1534.0 1310.0 22789.0 875.0
0.9140625 0.9158744812011719 1568.0 1389.0 22710.0 841.0
0.92578125 0.9126301407814026 1587.0 1494.0 22605.0 822.0
0.923828125 0.9142522811889648 1564.0 1428.0 22671.0 845.0
0.92578125 0.9165157675743103 1535.0 1339.0 22760.0 874.0
0.923828125 0.9193450808525085 1500.0 1229.0 22870.0 909.0
0.919921875 0.9126678705215454 1592.0 1498.0 22601.0 817.0
0.923828125 0.9254941940307617 1410.0 976.0 23123.0 999.0
0.94921875 0.9192696809768677 1529.0 1260.0 22839.0 880.0
0.9375 0.9210049510002136 1514.0 1199.0 22900.0 895.0
0.916015625 0.9155726432800293 1583.0 1412.0 22687.0 826.0
0.93359375 0.9137618541717529 1591.0 1468.0 22631.0 818.0
0.90625 0.9130828380584717 1608.0 1503.0 22596.0 801.0
0.91015625 0.9219480752944946 1508.0 1168.0 22931.0 901.0
0.943359375 0.9234193563461304 1447.0 1068.0 23031.0 962.0
0.92578125 0.9210804104804993 1466.0 1149.0 22950.0 943.0
0.91796875 0.9167044162750244 1535.0 1334.0 22765.0 874.0
0.923828125 0.9195337295532227 1491.0 1215.0 22884.0 918.0
0.9375 0.9171947836875916 1544.0 1330.0 22769.0 865.0
0.904296875 0.9187792539596558 1562.0 1306.0 22793.0 847.0
