0.568359375 0.5566998720169067 979.0 10321.0 13778.0 1430.0
0.8115234375 0.8086992502212524 511.0 3173.0 20926.0 1898.0
0.8330078125 0.8321261405944824 542.0 2583.0 21516.0 1867.0
0.8330078125 0.8491021394729614 520.0 2111.0 21988.0 1889.0
0.86328125 0.8624566197395325 520.0 1757.0 22342.0 1889.0
0.87890625 0.8745284676551819 497.0 1414.0 22685.0 1912.0
0.888671875 0.883620023727417 491.0 1167.0 22932.0 1918.0
0.89453125 0.8890146613121033 512.0 1045.0 23054.0 1897.0
0.88671875 0.8947487473487854 441.0 822.0 23277.0 1968.0
0.8974609375 0.8970499634742737 480.0 800.0 23299.0 1929.0
0.9072265625 0.8971254229545593 512.0 830.0 23269.0 1897.0
0.896484375 0.8998415470123291 478.0 724.0 23375.0 1931.0
0.8916015625 0.9013882875442505 498.0 703.0 23396.0 1911.0
0.8955078125 0.9010864496231079 547.0 760.0 23339.0 1862.0
0.89453125 0.9023313522338867 489.0 669.0 23430.0 1920.0
0.9091796875 0.9024445414543152 506.0 683.0 23416.0 1903.0
0.9052734375 0.9041421413421631 455.0 587.0 23512.0 1954.0
0.90625 0.9029726982116699 527.0 690.0 23409.0 1882.0
0.9072265625 0.9038780927658081 506.0 645.0 23454.0 1903.0
0.90234375 0.9039158225059509 524.0 662.0 23437.0 1885.0
0.9052734375 0.9027085900306702 575.0 745.0 23354.0 1834.0
0.904296875 0.9035008549690247 566.0 715.0 23384.0 1843.0
0.8974609375 0.9028972387313843 569.0 734.0 23365.0 1840.0
0.900390625 0.9042176008224487 550.0 680.0 23419.0 1859.0
0.9052734375 0.9036139845848083 596.0 742.0 23357.0 1813.0
0.904296875 0.9033499360084534 605.0 758.0 23341.0 1804.0
0.9052734375 0.9041421413421631 582.0 714.0 23385.0 1827.0
0.908203125 0.9044439196586609 589.0 713.0 23386.0 1820.0
0.9013671875 0.9050852656364441 592.0 699.0 23400.0 1817.0
0.904296875 0.9044061899185181 618.0 743.0 23356.0 1791.0
0.8984375 0.9040666818618774 643.0 777.0 23322.0 1766.0
0.8994140625 0.9044816493988037 640.0 763.0 23336.0 1769.0
0.900390625 0.9061415195465088 607.0 686.0 23413.0 1802.0
0.9111328125 0.9049720764160156 648.0 758.0 23341.0 1761.0
0.904296875 0.9068583250045776 615.0 675.0 23424.0 1794.0
0.912109375 0.9065187573432922 627.0 696.0 23403.0 1782.0
0.90234375 0.9051984548568726 673.0 777.0 23322.0 1736.0
0.904296875 0.9056134223937988 663.0 756.0 23343.0 1746.0
0.912109375 0.9055379629135132 666.0 761.0 23338.0 1743.0
0.9052734375 0.9059529304504395 663.0 747.0 23352.0 1746.0
0.9169921875 0.9065564870834351 659.0 727.0 23372.0 1750.0
0.9013671875 0.9047080278396606 686.0 803.0 23296.0 1723.0
0.9052734375 0.9069337844848633 655.0 713.0 23386.0 1754.0
0.9111328125 0.9064056277275085 687.0 759.0 23340.0 1722.0
0.9091796875 0.907046914100647 678.0 733.0 23366.0 1731.0
0.89453125 0.9065187573432922 688.0 757.0 23342.0 1721.0
0.90625 0.907046914100647 690.0 745.0 23354.0 1719.0
0.9091796875 0.9074618816375732 686.0 730.0 23369.0 1723.0
0.9091796875 0.9074618816375732 698.0 742.0 23357.0 1711.0
0.91015625 0.907990038394928 685.0 715.0 23384.0 1724.0
0.9072265625 0.9060661196708679 701.0 782.0 23317.0 1708.0
0.9072265625 0.9064433574676514 737.0 808.0 23291.0 1672.0
0.919921875 0.9068205952644348 721.0 782.0 23317.0 1688.0
0.892578125 0.9065187573432922 737.0 806.0 23293.0 1672.0
0.9052734375 0.9074241518974304 726.0 771.0 23328.0 1683.0
0.912109375 0.9076882600784302 733.0 771.0 23328.0 1676.0
0.8935546875 0.9068960547447205 734.0 793.0 23306.0 1675.0
0.9033203125 0.9072355628013611 736.0 786.0 23313.0 1673.0
0.904296875 0.9064810872077942 752.0 822.0 23277.0 1657.0
0.900390625 0.9063301682472229 770.0 844.0 23255.0 1639.0
0.9052734375 0.906782865524292 748.0 810.0 23289.0 1661.0
0.900390625 0.9056134223937988 775.0 868.0 23231.0 1634.0
0.908203125 0.9062169790267944 773.0 850.0 23249.0 1636.0
0.9189453125 0.9072355628013611 742.0 792.0 23307.0 1667.0
0.9033203125 0.9068205952644348 755.0 816.0 23283.0 1654.0
0.9091796875 0.9069337844848633 764.0 822.0 23277.0 1645.0
0.9091796875 0.9064056277275085 771.0 843.0 23256.0 1638.0
0.912109375 0.9076128005981445 748.0 788.0 23311.0 1661.0
0.908203125 0.9069714546203613 771.0 828.0 23271.0 1638.0
0.9189453125 0.906103789806366 775.0 855.0 23244.0 1634.0
0.9111328125 0.9065942168235779 763.0 830.0 23269.0 1646.0
0.8984375 0.9076882600784302 747.0 785.0 23314.0 1662.0
0.9033203125 0.9067451357841492 773.0 836.0 23263.0 1636.0
0.90625 0.9064433574676514 782.0 853.0 23246.0 1627.0
0.9169921875 0.9069337844848633 777.0 835.0 23264.0 1632.0
0.908203125 0.9070091843605042 778.0 834.0 23265.0 1631.0
0.9140625 0.9068960547447205 782.0 841.0 23258.0 1627.0
0.90625 0.9073110222816467 781.0 829.0 23270.0 1628.0
0.8935546875 0.9068960547447205 791.0 850.0 23249.0 1618.0
0.90234375 0.9065564870834351 784.0 852.0 23247.0 1625.0
0.90625 0.9068205952644348 797.0 858.0 23241.0 1612.0
0.9189453125 0.9072732925415039 777.0 826.0 23273.0 1632.0
0.9111328125 0.906782865524292 784.0 846.0 23253.0 1625.0
0.9130859375 0.9071601033210754 798.0 850.0 23249.0 1611.0
0.9140625 0.9062169790267944 800.0 877.0 23222.0 1609.0
0.9091796875 0.9067451357841492 810.0 873.0 23226.0 1599.0
0.90234375 0.9062169790267944 825.0 902.0 23197.0 1584.0
0.9052734375 0.9053870439529419 821.0 920.0 23179.0 1588.0
0.90625 0.9067451357841492 800.0 863.0 23236.0 1609.0
0.91015625 0.9075750708580017 794.0 835.0 23264.0 1615.0
0.91015625 0.9076505303382874 806.0 845.0 23254.0 1603.0
0.91015625 0.9070091843605042 831.0 887.0 23212.0 1578.0
0.91796875 0.9066696763038635 831.0 896.0 23203.0 1578.0
0.9169921875 0.9081032276153564 825.0 852.0 23247.0 1584.0
0.9072265625 0.9068205952644348 850.0 911.0 23188.0 1559.0
0.892578125 0.9068960547447205 832.0 891.0 23208.0 1577.0
0.9111328125 0.9078391194343567 833.0 867.0 23232.0 1576.0
0.9150390625 0.9070091843605042 847.0 903.0 23196.0 1562.0
0.9052734375 0.9072355628013611 841.0 891.0 23208.0 1568.0
0.9111328125 0.907046914100647 847.0 902.0 23197.0 1562.0
0.91796875 0.908254086971283 806.0 829.0 23270.0 1603.0
0.90625 0.9074996113777161 844.0 887.0 23212.0 1565.0
0.912109375 0.9073110222816467 844.0 892.0 23207.0 1565.0
0.9072265625 0.9073110222816467 836.0 884.0 23215.0 1573.0
0.9130859375 0.9068960547447205 859.0 918.0 23181.0 1550.0
0.8984375 0.9075373411178589 843.0 885.0 23214.0 1566.0
0.91015625 0.9067451357841492 861.0 924.0 23175.0 1548.0
0.9140625 0.9078391194343567 844.0 878.0 23221.0 1565.0
0.916015625 0.9069714546203613 857.0 914.0 23185.0 1552.0
0.9150390625 0.9074996113777161 851.0 894.0 23205.0 1558.0
0.9140625 0.9083672761917114 847.0 867.0 23232.0 1562.0
0.900390625 0.9070091843605042 858.0 914.0 23185.0 1551.0
0.9013671875 0.907990038394928 854.0 884.0 23215.0 1555.0
0.916015625 0.9073864221572876 857.0 903.0 23196.0 1552.0
0.900390625 0.9069337844848633 864.0 922.0 23177.0 1545.0
0.9072265625 0.9076128005981445 859.0 899.0 23200.0 1550.0
0.916015625 0.9068960547447205 850.0 909.0 23190.0 1559.0
0.9228515625 0.9069337844848633 868.0 926.0 23173.0 1541.0
0.91015625 0.9085936546325684 856.0 870.0 23229.0 1553.0
0.9072265625 0.9075750708580017 873.0 914.0 23185.0 1536.0
0.916015625 0.908706784248352 841.0 852.0 23247.0 1568.0
0.9052734375 0.9074996113777161 871.0 914.0 23185.0 1538.0
0.9091796875 0.9074618816375732 871.0 915.0 23184.0 1538.0
0.9150390625 0.9073110222816467 872.0 920.0 23179.0 1537.0
0.90625 0.9076128005981445 883.0 923.0 23176.0 1526.0
0.912109375 0.9074996113777161 886.0 929.0 23170.0 1523.0
0.9140625 0.9070846438407898 878.0 932.0 23167.0 1531.0
0.9248046875 0.9087822437286377 851.0 860.0 23239.0 1558.0
0.9140625 0.907725989818573 879.0 916.0 23183.0 1530.0
0.9091796875 0.9084427356719971 873.0 891.0 23208.0 1536.0
0.896484375 0.9074996113777161 917.0 960.0 23139.0 1492.0
0.9052734375 0.908706784248352 879.0 890.0 23209.0 1530.0
0.9150390625 0.9082918167114258 897.0 919.0 23180.0 1512.0
