2.484668970108032227e+00 1.219942644238471985e-01 -3.980200052261352539e+00 -2.445946216583251953e+00 4.167342662811279297e+00 -1.307438373565673828e+00
-9.503564983606338501e-02 -6.624942302703857422e+00 -2.624525547027587891e+00 -3.183599472045898438e+00 3.094823598861694336e+00 -9.938609600067138672e-02
1.596417427062988281e-01 -7.796817421913146973e-01 -2.292404323816299438e-01 2.850244753062725067e-02 -5.311859846115112305e-01 3.114888966083526611e-01
-5.000513553619384766e+00 -1.627934455871582031e+00 -1.134257316589355469e+00 3.941810131072998047e-02 2.299125671386718750e+00 -6.833248138427734375e-01
-2.536350302398204803e-02 5.727245807647705078e-01 4.442915022373199463e-01 -9.381920099258422852e-01 1.314733386039733887e+00 2.053493738174438477e+00
-1.775623679161071777e+00 -3.424088716506958008e+00 -1.092300057411193848e+00 1.914855480194091797e+00 8.696343749761581421e-02 4.318306446075439453e-01
-9.980314373970031738e-01 -3.755557060241699219e+00 4.132945060729980469e+00 6.069664955139160156e-01 3.319761514663696289e+00 6.848004460334777832e-01
1.893431097269058228e-01 1.129147768020629883e+00 -2.185443341732025146e-01 3.644114732742309570e+00 7.217451572418212891e+00 -5.731968283653259277e-01
2.435880899429321289e+00 -1.265262126922607422e+00 2.707581281661987305e+00 -4.463220119476318359e+00 2.458992481231689453e+00 9.385194629430770874e-02
-6.436377048492431641e+00 -3.438289642333984375e+00 -3.197391986846923828e+00 -3.579671382904052734e-01 -1.661311626434326172e+00 -2.322387695312500000e+00
-2.764537632465362549e-01 -2.424535453319549561e-01 -2.069578170776367188e+00 -1.042469501495361328e+00 3.472410142421722412e-02 -1.910790324211120605e+00
-2.299850434064865112e-01 3.681721985340118408e-01 -1.227445244789123535e+00 9.646756947040557861e-02 -1.389619946479797363e+00 -9.740652143955230713e-02
-7.549070119857788086e-01 5.902931690216064453e-01 -2.033284306526184082e-01 5.723149776458740234e-01 -3.709411323070526123e-01 1.627011060714721680e+00
-6.746045351028442383e-01 2.687907814979553223e-01 -6.695658564567565918e-01 8.883743882179260254e-01 -1.698977202177047729e-01 2.581851720809936523e+00
4.976923465728759766e+00 -6.235148429870605469e+00 5.369212627410888672e+00 4.141848087310791016e+00 3.871623873710632324e-01 -5.750022411346435547e+00
-2.289529561996459961e+00 -4.090441703796386719e+00 1.908298015594482422e+00 -4.529190063476562500e+00 -2.797555208206176758e+00 -3.706563711166381836e+00
-8.906385302543640137e-01 -5.283472061157226562e+00 2.858389377593994141e+00 -3.711664438247680664e+00 -1.398373007774353027e+00 -6.016055345535278320e-01
4.456768512725830078e+00 2.872174501419067383e+00 4.955527305603027344e+00 -5.666935443878173828e-01 2.969944238662719727e+00 3.960277318954467773e+00
-3.065803945064544678e-01 -2.140618413686752319e-01 -2.152174949645996094e+00 -1.130286455154418945e+00 -2.923160418868064880e-02 -1.910414338111877441e+00
4.838056564331054688e-01 -9.626994282007217407e-02 -1.694426059722900391e+00 -8.325069397687911987e-02 -1.015965104103088379e+00 1.239898279309272766e-01
4.616576135158538818e-01 1.015556931495666504e+00 -1.487125039100646973e+00 -4.544696807861328125e-01 -1.230924725532531738e+00 7.387183904647827148e-01
-3.209138154983520508e+00 -2.191696614027023315e-01 -9.775753021240234375e-01 -1.060444116592407227e+00 -1.264809668064117432e-01 9.911574125289916992e-01
-3.133266687393188477e+00 -3.022787570953369141e-01 -9.808662533760070801e-01 -1.521116852760314941e+00 2.919794619083404541e-01 1.257984757423400879e+00
2.857571125030517578e+00 -7.236821204423904419e-02 1.763805270195007324e+00 1.615888595581054688e+00 -1.282334446907043457e+00 2.699949443340301514e-01
3.386142849922180176e-01 8.098150491714477539e-01 8.850073814392089844e-01 2.204257249832153320e-01 -7.362141609191894531e-01 3.411228656768798828e-01
-1.906099796295166016e+00 1.091054201126098633e+00 5.260180234909057617e-01 -8.165297508239746094e-01 -6.598817557096481323e-02 7.033479809761047363e-01
1.405477076768875122e-01 1.316486358642578125e+00 1.394114017486572266e+00 6.337650120258331299e-02 -5.972691774368286133e-01 2.338847965002059937e-01
-1.862117409706115723e+00 9.562017917633056641e-01 8.064786791801452637e-01 -5.610440969467163086e-01 -2.943201363086700439e-01 6.024901270866394043e-01
-1.221409201622009277e+00 4.156755208969116211e-01 7.485039234161376953e-01 -2.402852773666381836e-01 -5.132399797439575195e-01 3.551124036312103271e-01
-2.306200742721557617e+00 1.269148588180541992e+00 1.244706034660339355e+00 -1.091810584068298340e+00 2.521564662456512451e-01 1.971549838781356812e-01
-7.200509309768676758e-01 5.791176557540893555e-01 -1.280497312545776367e-01 5.970656871795654297e-01 -3.615142703056335449e-01 1.633316874504089355e+00
1.477775335311889648e+00 -6.935821175575256348e-01 -1.735436081886291504e+00 5.887049674987792969e+00 -3.059017181396484375e+00 -2.268865108489990234e+00
1.199719429016113281e+00 1.426941633224487305e+00 3.456122398376464844e+00 -6.451814651489257812e+00 -3.501023054122924805e+00 -3.419502258300781250e+00
1.536434769630432129e+00 2.598463535308837891e+00 1.221035607159137726e-02 -1.202101588249206543e+00 -1.617687344551086426e+00 -7.332635402679443359e+00
3.690104484558105469e+00 -2.645837783813476562e+00 9.022801518440246582e-01 -2.803177595138549805e+00 2.064973831176757812e+00 5.636848807334899902e-01
-2.588652633130550385e-02 1.794938683509826660e+00 -2.251359939575195312e+00 -2.120125770568847656e+00 7.059187293052673340e-01 -2.351254224777221680e+00
-2.465372681617736816e-01 -2.622469663619995117e-01 -2.263399124145507812e+00 -1.156258583068847656e+00 -1.476353406906127930e-01 -2.031891822814941406e+00
5.475826859474182129e-01 -1.523389816284179688e-01 -1.883953571319580078e+00 -1.670067161321640015e-01 -9.896838665008544922e-01 3.919202834367752075e-02
4.382474124431610107e-01 9.353448152542114258e-01 -1.631152749061584473e+00 -4.587315618991851807e-01 -1.207531094551086426e+00 6.639159321784973145e-01
-4.987634658813476562e+00 -4.350240230560302734e+00 8.316222429275512695e-01 7.927635312080383301e-01 -1.778336428105831146e-02 -3.087708711624145508e+00
-3.382312774658203125e+00 -4.137081503868103027e-01 -1.127776861190795898e+00 -1.586068391799926758e+00 2.730529010295867920e-01 1.316696166992187500e+00
-3.320322275161743164e+00 -1.121981143951416016e+00 -1.077173233032226562e+00 -2.228548526763916016e+00 5.805430412292480469e-01 1.745793700218200684e+00
5.028492450714111328e+00 -6.576207876205444336e-01 3.750680685043334961e+00 2.934838533401489258e+00 -1.922953605651855469e+00 -1.696331351995468140e-01
5.896731615066528320e-01 2.206321001052856445e+00 2.672520875930786133e+00 -4.886291027069091797e-01 -3.520041406154632568e-01 -2.840453758835792542e-02
6.503607034683227539e-01 2.431527137756347656e+00 2.598752975463867188e+00 -5.938615202903747559e-01 -3.229281604290008545e-01 2.225551307201385498e-01
-1.859264135360717773e+00 1.062646985054016113e+00 1.210998773574829102e+00 -5.105749368667602539e-01 -3.341717123985290527e-01 5.221043229103088379e-01
-2.820082604885101318e-01 -3.512966036796569824e-01 -4.287151992321014404e-02 7.839604467153549194e-02 -8.082924485206604004e-01 1.863978244364261627e-02
-1.798699051141738892e-01 -4.995504617691040039e-01 -5.275968313217163086e-01 -1.017243191599845886e-01 -9.913788437843322754e-01 6.656492352485656738e-01
-5.625519156455993652e-01 4.485278725624084473e-01 -9.524070471525192261e-02 8.289927840232849121e-01 -2.412397563457489014e-01 1.845269560813903809e+00
-5.412910580635070801e-01 1.922625750303268433e-01 -3.513415157794952393e-01 8.659754395484924316e-01 -2.349710613489151001e-01 2.227579832077026367e+00
3.515779972076416016e+00 -1.099073410034179688e+00 3.384984254837036133e+00 7.682002782821655273e-01 1.628013968467712402e+00 3.410768270492553711e+00
2.599917888641357422e+00 -1.936559557914733887e+00 -5.277184009552001953e+00 -3.642502307891845703e+00 -1.512490272521972656e+00 1.662688970565795898e+00
8.607958793640136719e+00 -3.760023117065429688e-01 3.796531260013580322e-02 2.392884731292724609e+00 1.189450979232788086e+00 -1.430824875831604004e+00
9.569318890571594238e-01 -6.898518204689025879e-01 5.143606662750244141e+00 -3.273466825485229492e+00 -8.382035046815872192e-02 2.168033599853515625e+00
-1.995326131582260132e-01 -2.053944170475006104e-01 -2.230080842971801758e+00 -1.107993841171264648e+00 -9.898862987756729126e-02 -2.049280405044555664e+00
7.827643156051635742e-01 -2.515433132648468018e-01 -2.056327342987060547e+00 -1.726958602666854858e-01 -9.265815615653991699e-01 2.894210070371627808e-02
6.014516353607177734e-01 9.356486797332763672e-01 -1.666914224624633789e+00 -5.159422159194946289e-01 -1.231734275817871094e+00 5.799376964569091797e-01
4.812659919261932373e-01 9.513309001922607422e-01 -1.683174014091491699e+00 -4.176976382732391357e-01 -1.286001086235046387e+00 5.616930723190307617e-01
4.280971288681030273e-01 1.028579950332641602e+00 -1.591853499412536621e+00 -4.439392983913421631e-01 -1.236058235168457031e+00 5.836902260780334473e-01
4.448963403701782227e-01 8.686683773994445801e-01 -1.676701545715332031e+00 -4.486941099166870117e-01 -1.180415153503417969e+00 5.589317083358764648e-01
1.985785245895385742e+00 -1.234360218048095703e+00 -3.250714540481567383e+00 -4.289209842681884766e+00 -4.719820916652679443e-01 7.030531018972396851e-02
4.191999137401580811e-01 9.469854831695556641e-01 -1.703011751174926758e+00 -5.620132684707641602e-01 -1.227229714393615723e+00 5.760071277618408203e-01
4.638782441616058350e-01 3.065998554229736328e-01 -1.750625371932983398e+00 -3.258367180824279785e-01 -1.186184763908386230e+00 5.144690275192260742e-01
4.443300068378448486e-01 1.032401084899902344e+00 -1.554920434951782227e+00 -4.161008000373840332e-01 -1.285677790641784668e+00 6.110493540763854980e-01
4.574627876281738281e-01 9.702608585357666016e-01 -1.669003009796142578e+00 -5.343447923660278320e-01 -1.243523001670837402e+00 5.716722011566162109e-01
4.675014317035675049e-01 1.011489987373352051e+00 -1.538493633270263672e+00 -5.193890929222106934e-01 -1.189326405525207520e+00 5.714711546897888184e-01
4.586653709411621094e-01 9.839001893997192383e-01 -1.646086931228637695e+00 -4.538813233375549316e-01 -1.229266405105590820e+00 5.964282751083374023e-01
4.280898869037628174e-01 9.985370039939880371e-01 -1.593688726425170898e+00 -5.270809531211853027e-01 -1.250342845916748047e+00 6.224253773689270020e-01
4.370857477188110352e-01 1.008274793624877930e+00 -1.526044607162475586e+00 -4.778380095958709717e-01 -1.242775678634643555e+00 6.150850653648376465e-01
4.820093810558319092e-01 9.089142680168151855e-01 -1.604412674903869629e+00 -4.712461531162261963e-01 -1.205214858055114746e+00 5.582581758499145508e-01
4.540866911411285400e-01 1.038511276245117188e+00 -1.596433520317077637e+00 -4.411714971065521240e-01 -1.239496827125549316e+00 6.165015101432800293e-01
-3.021256923675537109e+00 1.190720051527023315e-01 -7.998530864715576172e-01 -9.294703006744384766e-01 -4.520233571529388428e-01 9.859367609024047852e-01
-3.540835857391357422e+00 -6.395782828330993652e-01 -1.169560909271240234e+00 -1.649625301361083984e+00 3.957686424255371094e-01 1.214055418968200684e+00
-1.905271410942077637e+00 -2.236618995666503906e+00 -1.800329446792602539e+00 -1.022761917114257812e+01 3.799398243427276611e-01 -7.219023704528808594e-01
-3.335759639739990234e+00 -1.380025386810302734e+00 -5.291959047317504883e-01 -2.726030588150024414e+00 7.415254712104797363e-01 2.756373643875122070e+00
5.858898162841796875e-01 2.190572738647460938e+00 2.863270044326782227e+00 -4.921632409095764160e-01 -2.882616817951202393e-01 -1.480014324188232422e-01
9.504764676094055176e-01 1.287603735923767090e+00 2.771870136260986328e+00 2.693818211555480957e-01 -7.498214244842529297e-01 5.567649602890014648e-01
6.386514306068420410e-01 9.010360240936279297e-01 2.077383756637573242e+00 5.636015534400939941e-01 -6.814298033714294434e-01 1.021191358566284180e+00
5.568369865417480469e+00 2.141456365585327148e+00 4.903372764587402344e+00 -2.025406122207641602e+00 3.253190994262695312e+00 9.495215415954589844e-01
6.066934466361999512e-01 -1.913797855377197266e-01 -1.656062602996826172e+00 1.475931048393249512e+00 5.076256394386291504e-01 1.105099678039550781e+00
-1.077383756637573242e+00 6.618517041206359863e-01 -1.080780506134033203e+00 -1.235412955284118652e+00 -9.674627780914306641e-01 -2.064100980758666992e+00
-1.741531193256378174e-01 -1.503083854913711548e-01 -6.565828323364257812e-01 1.466849446296691895e+00 -9.434195607900619507e-02 1.352950811386108398e+00
-1.385024636983871460e-01 -3.035802841186523438e-01 -1.089811682701110840e+00 1.235030174255371094e+00 -1.740194857120513916e-01 1.905000805854797363e+00
-3.561165094375610352e+00 5.225607395172119141e+00 -2.435878038406372070e+00 8.942673355340957642e-02 -2.600758552551269531e+00 -3.279577255249023438e+00
1.873400449752807617e+00 2.383989334106445312e+00 -2.376260049641132355e-02 4.455631375312805176e-01 -1.250253796577453613e+00 4.265598773956298828e+00
1.832956790924072266e+00 1.297618985176086426e+00 8.070249557495117188e-01 3.325452804565429688e+00 -1.201358556747436523e+00 9.750947356224060059e-01
5.044410705566406250e+00 5.192435264587402344e+00 -1.074255943298339844e+00 -2.098646759986877441e-01 1.935073137283325195e-01 7.003362476825714111e-02
9.342282414436340332e-01 -2.906872332096099854e-01 -7.556477189064025879e-02 6.487020850181579590e-01 -1.084060668945312500e+00 -4.491030871868133545e-01
-2.041696459054946899e-01 4.455577373504638672e+00 -3.249247550964355469e+00 3.562066555023193359e+00 5.906712055206298828e+00 -2.724007129669189453e+00
3.542636036872863770e-01 9.635394215583801270e-01 -1.870357871055603027e+00 -5.138379335403442383e-01 -1.243684172630310059e+00 8.167440891265869141e-01
1.046810030937194824e+00 -2.066914796829223633e+00 -5.304281115531921387e-01 4.109561443328857422e+00 -5.271117016673088074e-02 2.059467792510986328e+00
4.026002883911132812e+00 -1.536993861198425293e+00 2.384434223175048828e+00 2.341367006301879883e+00 -2.916925907135009766e+00 3.116508722305297852e-01
2.129021644592285156e+00 7.976980209350585938e-01 -5.108225941658020020e-01 6.381912156939506531e-03 -1.398541808128356934e+00 4.679120481014251709e-01
4.362767636775970459e-01 1.089863657951354980e+00 -1.586991548538208008e+00 -4.846269190311431885e-01 -1.207471966743469238e+00 5.993419289588928223e-01
