3.453401327133178711e+00 3.787116110324859619e-01 -1.157257795333862305e+00 6.614006519317626953e+00 1.662222146987915039e+00 -1.214698910713195801e+00
3.274302959442138672e+00 -3.303847789764404297e+00 -1.534231781959533691e+00 7.359499931335449219e+00 -2.142061442136764526e-01 -8.769884109497070312e-01
2.249152898788452148e+00 -1.679358243942260742e+00 1.378348946571350098e+00 -5.352822542190551758e-01 9.163469672203063965e-01 7.199563980102539062e-01
1.426475882530212402e+00 -1.468465805053710938e+00 -7.557759284973144531e-01 -1.990887284278869629e+00 -2.923970818519592285e-01 1.106604814529418945e+00
4.243142604827880859e-01 -1.735282242298126221e-01 -4.517836868762969971e-01 -2.057989358901977539e+00 -4.880440235137939453e-01 1.048495173454284668e+00
2.375964879989624023e+00 1.280267596244812012e+00 9.583546519279479980e-01 -1.629868030548095703e+00 -2.540395498275756836e+00 1.997526645660400391e+00
1.323337674140930176e+00 -2.905077457427978516e+00 1.868548512458801270e+00 -4.410744190216064453e+00 -7.298714637756347656e+00 1.273725032806396484e+00
-5.837271809577941895e-01 5.447805523872375488e-01 4.419499874114990234e+00 2.715145826339721680e+00 -5.941922187805175781e+00 -2.682285547256469727e+00
-4.875696659088134766e+00 -1.965758442878723145e+00 2.516434192657470703e+00 -1.919171214103698730e-01 -6.748828887939453125e+00 -8.140767097473144531e+00
-2.520050525665283203e+00 7.590492725372314453e+00 -2.648176550865173340e-01 -5.878683090209960938e+00 3.400879621505737305e+00 7.200653076171875000e+00
2.240006923675537109e+00 -2.562132835388183594e+00 -8.259268403053283691e-01 4.446094632148742676e-01 1.449128985404968262e+00 -1.920307040214538574e+00
7.972376942634582520e-01 -9.733688831329345703e-01 1.138583779335021973e+00 -1.691769242286682129e+00 1.177291274070739746e+00 -8.258704096078872681e-02
-1.540357470512390137e+00 -2.740887999534606934e-01 4.214834570884704590e-01 -1.695047855377197266e+00 2.226080298423767090e-01 8.413495421409606934e-01
-2.244954824447631836e+00 -2.047539710998535156e+00 -7.877007722854614258e-01 -3.151286602020263672e+00 3.198014199733734131e-01 -5.768439769744873047e-01
4.313570499420166016e+00 1.554298043251037598e+00 -7.117656230926513672e+00 -8.861355185508728027e-01 -2.883147001266479492e+00 -1.348732233047485352e+00
-5.885515213012695312e+00 -5.286341667175292969e+00 2.936675548553466797e+00 5.944456100463867188e+00 -6.894540786743164062e-01 4.930418729782104492e-01
1.287708878517150879e+00 -2.235281944274902344e+00 -1.908978581428527832e+00 7.215049266815185547e-01 -9.614911079406738281e+00 2.323713779449462891e+00
-8.716311454772949219e+00 4.118472576141357422e+00 2.803422510623931885e-01 -6.018439292907714844e+00 -3.085010528564453125e+00 4.476530551910400391e+00
2.207416772842407227e+00 -2.373467922210693359e+00 -8.704438209533691406e-01 4.533953666687011719e-01 1.536895513534545898e+00 -1.996944308280944824e+00
2.743911743164062500e+00 -1.816102862358093262e+00 -2.946411967277526855e-01 -3.187415599822998047e-01 2.848735809326171875e+00 6.262504309415817261e-02
-8.341110944747924805e-01 1.282983660697937012e+00 -1.324199914932250977e+00 -3.384285569190979004e-01 1.169545888900756836e+00 9.542181491851806641e-01
-1.822036504745483398e+00 1.034821629524230957e+00 -2.629774570465087891e+00 -9.315130114555358887e-01 2.928245067596435547e-01 -5.545518994331359863e-01
-2.225891828536987305e+00 6.108615994453430176e-01 -2.690196752548217773e+00 -5.346060991287231445e-01 7.553318142890930176e-01 -1.051692843437194824e+00
-3.043701410293579102e+00 1.491696476936340332e+00 -1.227155566215515137e+00 -3.170832097530364990e-01 6.948118805885314941e-01 -1.172736525535583496e+00
-3.815935850143432617e-01 3.689152002334594727e-01 5.032460391521453857e-02 -1.333204388618469238e+00 9.261994361877441406e-01 -4.934565722942352295e-01
-2.450875520706176758e+00 1.663431763648986816e+00 1.721978336572647095e-01 -5.021330118179321289e-01 2.667584121227264404e-01 -2.021410763263702393e-01
-1.601248502731323242e+00 2.573979377746582031e+00 2.076448917388916016e+00 -6.860793381929397583e-02 -8.241394758224487305e-01 1.785224199295043945e+00
-1.484070181846618652e+00 2.891261100769042969e+00 2.215342044830322266e+00 -5.439398437738418579e-02 -9.961764812469482422e-01 1.978985190391540527e+00
1.029229044914245605e+00 -5.865261554718017578e-01 2.006583213806152344e+00 -9.850797653198242188e-01 1.294632315635681152e+00 1.728401631116867065e-01
8.190764784812927246e-01 -7.961704134941101074e-01 1.062983036041259766e+00 -1.668182134628295898e+00 1.102315902709960938e+00 5.581855308264493942e-03
-1.206532597541809082e+00 -3.488760590553283691e-01 1.155237197875976562e+00 -1.397081851959228516e+00 1.275828331708908081e-01 2.087307929992675781e+00
-2.167116165161132812e+00 -2.079487085342407227e+00 -7.034397125244140625e-01 -3.223880529403686523e+00 4.538273215293884277e-01 -6.215032339096069336e-01
-2.690813302993774414e+00 -8.696836829185485840e-01 8.713756203651428223e-01 -4.115082919597625732e-01 -7.599042654037475586e-01 4.473289966583251953e+00
7.215717434883117676e-01 5.490586757659912109e+00 3.384822368621826172e+00 6.240889072418212891e+00 2.994892835617065430e+00 -6.397527456283569336e-01
-2.543921470642089844e+00 -1.149430274963378906e+00 -3.017472505569458008e+00 9.228523254394531250e+00 1.312029361724853516e+00 5.081287622451782227e-01
2.341322898864746094e+00 -3.079492568969726562e+00 -5.158607959747314453e+00 9.421104788780212402e-01 6.183732032775878906e+00 -5.239197731018066406e+00
2.190620899200439453e+00 -2.675655126571655273e+00 -1.057374358177185059e+00 8.040616512298583984e-01 1.437946319580078125e+00 -2.067691326141357422e+00
2.871019363403320312e+00 -1.788579225540161133e+00 -5.203494429588317871e-01 -1.280034184455871582e-01 2.934647321701049805e+00 2.126826643943786621e-01
-6.914112567901611328e-01 1.460044145584106445e+00 -1.451622247695922852e+00 -2.485992163419723511e-01 1.329902529716491699e+00 1.135347366333007812e+00
-1.907267808914184570e+00 1.051133751869201660e+00 -3.080853223800659180e+00 -1.106585264205932617e+00 2.968242168426513672e-01 -4.099694490432739258e-01
-2.318544387817382812e+00 8.881530165672302246e-01 -3.231207370758056641e+00 -6.118443012237548828e-01 4.659296870231628418e-01 -6.707698702812194824e-01
1.203002810478210449e+00 2.083972692489624023e+00 -2.139928340911865234e+00 -2.964752912521362305e-01 2.167621850967407227e+00 -3.230596542358398438e+00
-5.349354743957519531e+00 -5.992127895355224609e+00 -1.043394088745117188e+00 -1.912954926490783691e+00 1.217053174972534180e+00 -1.423143625259399414e+00
4.472804963588714600e-01 3.054897308349609375e+00 -2.021979808807373047e+00 -2.385712385177612305e+00 1.066080033779144287e-01 -5.669891834259033203e+00
2.608722925186157227e+00 4.346079826354980469e+00 -2.124882698059082031e+00 -2.589727163314819336e+00 -1.406540393829345703e+00 -4.922244548797607422e+00
-6.487439870834350586e-01 1.926214933395385742e+00 2.981415748596191406e+00 1.675212532281875610e-01 -2.629280686378479004e-01 2.881481170654296875e+00
9.508225321769714355e-01 -7.342759966850280762e-01 2.272618532180786133e+00 -9.055048823356628418e-01 1.213345170021057129e+00 -4.891065508127212524e-02
8.338595628738403320e-01 -5.323244929313659668e-01 5.505601167678833008e-01 -1.596545875072479248e-01 -1.965812742710113525e-01 3.267375707626342773e+00
-1.241361618041992188e+00 -4.085336625576019287e-01 9.724655151367187500e-01 -1.180285096168518066e+00 -2.617678605020046234e-03 2.305064439773559570e+00
-1.370307683944702148e+00 -2.851959764957427979e-01 1.524953365325927734e+00 -1.133588910102844238e+00 -4.481983184814453125e-01 3.175629377365112305e+00
-2.716581106185913086e+00 -6.922099590301513672e-01 4.932260513305664062e-01 -9.506492614746093750e-01 -4.414271712303161621e-01 2.827580213546752930e+00
-2.471050739288330078e+00 -9.417929053306579590e-01 -3.022290468215942383e-01 2.023345708847045898e+00 -2.015009641647338867e+00 6.415827274322509766e+00
8.941746354103088379e-01 -2.943773984909057617e+00 -5.016453266143798828e+00 6.306987285614013672e+00 3.350546598434448242e+00 1.436031699180603027e+00
2.253812074661254883e+00 -5.189720630645751953e+00 -1.076141262054443359e+01 -6.201699003577232361e-02 6.727053165435791016e+00 -1.467175483703613281e+01
2.291632652282714844e+00 -2.571705818176269531e+00 -1.088790178298950195e+00 7.261055111885070801e-01 1.787347793579101562e+00 -2.113838672637939453e+00
2.829804897308349609e+00 -1.811748266220092773e+00 -7.741618752479553223e-01 -2.569763958454132080e-01 3.008781909942626953e+00 2.519915066659450531e-02
-8.971083164215087891e-01 1.468146681785583496e+00 -1.504160046577453613e+00 -8.108716458082199097e-02 1.345211863517761230e+00 1.194477081298828125e+00
-1.002811908721923828e+00 1.384657144546508789e+00 -1.390904307365417480e+00 -1.766372919082641602e-01 1.432173490524291992e+00 9.952955245971679688e-01
-9.048961400985717773e-01 1.320520758628845215e+00 -1.396634459495544434e+00 -1.617333590984344482e-01 1.321117639541625977e+00 1.193389892578125000e+00
-9.276202917098999023e-01 1.345468044281005859e+00 -1.491130471229553223e+00 -1.545982062816619873e-01 1.337140560150146484e+00 9.345038533210754395e-01
2.834824919700622559e-01 -1.642517685890197754e+00 -2.101503610610961914e-01 -2.598499059677124023e-01 2.614728450775146484e+00 1.545243859291076660e-01
-8.668484687805175781e-01 1.352660298347473145e+00 -1.472600460052490234e+00 -1.977180093526840210e-01 1.360627293586730957e+00 1.009451031684875488e+00
2.244564533233642578e+00 -1.674642205238342285e+00 -7.546530961990356445e-01 -5.879247784614562988e-01 3.034499645233154297e+00 4.502932429313659668e-01
-7.877215743064880371e-01 1.376474976539611816e+00 -1.410469412803649902e+00 -2.094427049160003662e-01 1.374043345451354980e+00 1.111901521682739258e+00
-8.409526944160461426e-01 1.309327840805053711e+00 -1.442234516143798828e+00 -2.201993465423583984e-01 1.375769853591918945e+00 9.741951227188110352e-01
-7.896129488945007324e-01 1.425775647163391113e+00 -1.605510950088500977e+00 -2.486245334148406982e-01 1.415288209915161133e+00 9.198680520057678223e-01
-7.634497880935668945e-01 1.437710285186767578e+00 -1.413909792900085449e+00 -2.614407837390899658e-01 1.432682037353515625e+00 1.122433900833129883e+00
-8.725021481513977051e-01 1.363334417343139648e+00 -1.468418478965759277e+00 -1.477571129798889160e-01 1.409622073173522949e+00 1.024910330772399902e+00
-8.408630490303039551e-01 1.043603777885437012e+00 -1.410982608795166016e+00 -3.257678076624870300e-02 1.387824654579162598e+00 1.049412608146667480e+00
-7.715750932693481445e-01 1.129717826843261719e+00 -1.371666550636291504e+00 -1.694657355546951294e-01 1.506037950515747070e+00 1.037645339965820312e+00
-6.978685259819030762e-01 1.421802282333374023e+00 -1.471737623214721680e+00 -2.306290119886398315e-01 1.326716780662536621e+00 1.023777961730957031e+00
-2.068443775177001953e+00 1.241894245147705078e+00 -2.690049409866333008e+00 -9.861039519309997559e-01 2.290915250778198242e-01 -4.770806431770324707e-01
-2.298338174819946289e+00 7.529305815696716309e-01 -3.488763570785522461e+00 -6.518953442573547363e-01 6.632764935493469238e-01 -7.200920581817626953e-01
8.184774518013000488e-01 -1.550179570913314819e-01 -4.354308128356933594e+00 -1.334440469741821289e+00 3.105563402175903320e+00 -3.838467836380004883e+00
-6.691943407058715820e-01 2.121178865432739258e+00 -2.252827167510986328e+00 -7.315342426300048828e-01 1.832050085067749023e+00 -4.759293556213378906e+00
2.870877027511596680e+00 3.856944322586059570e+00 -2.248003482818603516e+00 -1.903837323188781738e+00 -1.266962289810180664e+00 -4.854337692260742188e+00
-5.946993350982666016e+00 -6.054519653320312500e+00 -8.762543201446533203e-01 -1.386092305183410645e+00 1.409140348434448242e+00 5.854164808988571167e-02
-3.688899755477905273e+00 8.893153816461563110e-02 1.322236299514770508e+00 -8.748937249183654785e-01 4.568142294883728027e-01 1.007434487342834473e+00
1.038881301879882812e+00 -1.291123676300048828e+01 3.563680648803710938e+00 5.147921085357666016e+00 -1.052911877632141113e+00 -1.115595102310180664e-01
4.660142362117767334e-01 -2.225776910781860352e+00 -7.581180930137634277e-01 5.434445142745971680e-01 -9.991000294685363770e-01 2.281362533569335938e+00
-1.375886678695678711e+00 9.074345827102661133e-01 -2.309334278106689453e+00 4.501683712005615234e+00 -5.615056753158569336e-01 1.615352511405944824e+00
-1.058087944984436035e+00 -5.079946666955947876e-02 2.846998214721679688e+00 -3.012553155422210693e-01 2.849577188491821289e+00 -2.544154167175292969e+00
1.008967757225036621e+00 1.093517780303955078e+00 -4.601694583892822266e+00 1.790696740150451660e+00 -1.315996170043945312e+00 1.783888220787048340e+00
2.983117818832397461e+00 1.419903159141540527e+00 2.630428969860076904e-01 -5.999145030975341797e+00 1.120119690895080566e+00 5.473598480224609375e+00
8.554326295852661133e-01 1.872598230838775635e-01 -2.157013416290283203e+00 -4.041326045989990234e+00 -4.737803459167480469e+00 -1.405044496059417725e-01
-2.858006477355957031e+00 3.402784824371337891e+00 1.714403986930847168e+00 6.066385507583618164e-01 -2.207805395126342773e+00 6.633605957031250000e-01
-2.479797124862670898e+00 3.793290853500366211e+00 2.782042026519775391e+00 2.047615528106689453e+00 -4.817073345184326172e-01 -1.680401802062988281e+00
-2.285594344139099121e-01 -1.002352714538574219e+00 1.103443279862403870e-01 -3.681144714355468750e-01 1.313591003417968750e+00 -3.465316295623779297e-01
-1.352830767631530762e+00 2.992893457412719727e-01 3.346710920333862305e+00 2.683278799057006836e+00 3.560243129730224609e+00 -2.826471805572509766e+00
-1.288488864898681641e+00 2.121393680572509766e+00 -2.072734832763671875e+00 -3.793824464082717896e-02 1.243254184722900391e+00 1.056557655334472656e+00
-1.130309224128723145e+00 8.765814304351806641e-01 -4.534546852111816406e+00 4.322374761104583740e-01 1.529885888099670410e+00 4.034334123134613037e-01
-1.633388161659240723e+00 1.179709315299987793e+00 -3.514173746109008789e+00 -7.518139481544494629e-01 1.799124240875244141e+00 -4.434887766838073730e-01
-7.222759127616882324e-01 2.388681888580322266e+00 -3.007764101028442383e+00 2.131025344133377075e-01 1.777046084403991699e+00 3.289442509412765503e-02
-3.651877641677856445e-01 5.193699598312377930e-01 -1.174688220024108887e+00 -1.045188903808593750e+00 1.766940236091613770e+00 -3.923537433147430420e-01
