-2.122788667678833008e+00 -2.995834589004516602e+00 -8.895997405052185059e-01 4.101102054119110107e-01 4.080904960632324219e+00 3.735655784606933594e+00
1.210581541061401367e+00 1.098364591598510742e+00 2.787076234817504883e+00 -9.275425076484680176e-01 7.655273079872131348e-01 -4.001416683197021484e+00
-7.265608757734298706e-02 -1.054010272026062012e+00 -2.259447425603866577e-01 2.636333107948303223e-01 -1.789248883724212646e-01 -3.019059658050537109e+00
-3.237518787384033203e+00 -2.234448432922363281e+00 -9.871815145015716553e-02 -2.360285520553588867e+00 -2.857623577117919922e+00 -1.202955365180969238e+00
-3.620463848114013672e+00 -3.767170429229736328e+00 2.414499044418334961e+00 5.436792969703674316e-01 1.820477366447448730e+00 2.515317916870117188e+00
7.307460159063339233e-02 -4.055777072906494141e+00 1.412266254425048828e+00 6.502879858016967773e-01 3.614139795303344727e+00 3.274523019790649414e-01
-1.961070299148559570e+00 2.297189712524414062e+00 1.849097013473510742e+00 -1.702005863189697266e+00 1.994144439697265625e+00 -4.071727752685546875e+00
1.167628407478332520e+00 -5.646544933319091797e+00 -5.731455802917480469e+00 3.850425779819488525e-01 -8.084176778793334961e-01 1.571308255195617676e+00
2.314590692520141602e+00 6.285549163818359375e+00 4.490625858306884766e+00 1.419490337371826172e+00 4.094298839569091797e+00 5.803363323211669922e+00
2.888801813125610352e+00 1.170141577720642090e+00 -1.982372045516967773e+00 -3.341820240020751953e+00 7.076756358146667480e-01 4.912965297698974609e+00
1.422913789749145508e+00 8.088662624359130859e-01 -2.100875854492187500e+00 8.654351234436035156e-01 1.944723874330520630e-01 8.627520799636840820e-01
8.577250242233276367e-01 1.763429880142211914e+00 1.822910428047180176e+00 8.826918154954910278e-02 3.344016551971435547e+00 6.999394297599792480e-01
-3.355736970901489258e+00 -2.058982849121093750e+00 1.885313153266906738e+00 2.530327081680297852e+00 1.256967067718505859e+00 1.118596792221069336e+00
-4.290517568588256836e-01 -1.774442672729492188e+00 3.899492979049682617e+00 2.571226358413696289e+00 2.136014461517333984e+00 -6.154131889343261719e-01
2.075143098831176758e+00 -1.443100452423095703e+00 3.712065815925598145e-01 5.734593868255615234e+00 1.816335678100585938e+00 -1.270035505294799805e+00
-3.805807828903198242e+00 1.807994395494461060e-01 -1.454650282859802246e+00 1.219120383262634277e+00 -6.923653125762939453e+00 1.240440964698791504e+00
9.012426137924194336e-01 4.057635784149169922e+00 -5.607259750366210938e+00 2.460031747817993164e+00 2.391673088073730469e+00 5.784782409667968750e+00
-2.336232423782348633e+00 -3.833343505859375000e+00 4.146634578704833984e+00 5.937364101409912109e-01 1.675986766815185547e+00 -5.908530235290527344e+00
-7.383077144622802734e-01 1.864935159683227539e+00 -3.167505979537963867e+00 -1.243344187736511230e+00 1.178833365440368652e+00 1.241925001144409180e+00
-6.175701618194580078e-01 -2.407733947038650513e-01 4.453657269477844238e-01 -1.217467069625854492e+00 1.029596570879220963e-02 -2.266860961914062500e+00
-1.278378963470458984e+00 -1.317277431488037109e+00 3.932924270629882812e+00 3.830783963203430176e-01 -2.731840372085571289e+00 -2.085461616516113281e-01
-2.975413389503955841e-02 1.038310527801513672e+00 2.756515264511108398e+00 -1.234621286392211914e+00 -9.284573793411254883e-01 -1.270472168922424316e+00
-2.125646591186523438e+00 3.761621952056884766e+00 -3.270720720291137695e+00 -6.559782475233078003e-02 -8.225361704826354980e-01 1.462946414947509766e+00
7.221350818872451782e-02 1.523206382989883423e-01 3.139916181564331055e+00 -6.932313442230224609e-01 -1.033322811126708984e+00 1.589357376098632812e+00
-5.044964551925659180e-01 4.882098436355590820e-01 -4.660978317260742188e+00 2.637356519699096680e+00 1.178509116172790527e+00 -3.198781490325927734e+00
2.225208759307861328e+00 1.938536614179611206e-01 3.014888763427734375e+00 -6.096077561378479004e-01 -1.868413448333740234e+00 -1.331355333328247070e+00
-1.499254822731018066e+00 -8.754099607467651367e-01 2.348314046859741211e+00 -2.586663722991943359e+00 1.920589923858642578e+00 -2.150362581014633179e-01
6.441034674644470215e-01 -5.007812976837158203e-01 3.069542646408081055e+00 2.385791063308715820e+00 -1.367217421531677246e+00 -2.199429750442504883e+00
-1.751501560211181641e+00 -1.021740436553955078e+00 1.348252534866333008e+00 2.532359361648559570e+00 -8.865339159965515137e-01 1.737483024597167969e+00
-4.686163663864135742e-01 -1.379343509674072266e+00 1.818738460540771484e+00 1.545797824859619141e+00 -1.317361742258071899e-01 -2.544917538762092590e-02
-2.007622718811035156e+00 -1.226777911186218262e+00 -2.995818614959716797e+00 4.552057743072509766e+00 2.850049018859863281e+00 -2.094960212707519531e+00
-3.867511510848999023e+00 4.023677349090576172e+00 -6.688960552215576172e+00 -5.732790470123291016e+00 -6.020780086517333984e+00 6.775777935981750488e-01
3.818495988845825195e+00 7.278913855552673340e-01 -9.128002524375915527e-01 -1.860674858093261719e+00 -6.257317066192626953e+00 3.064816236495971680e+00
4.257309138774871826e-01 -4.117789268493652344e+00 -2.732079029083251953e+00 -6.760368824005126953e+00 1.576988101005554199e+00 1.491739273071289062e+00
-9.909384846687316895e-01 6.424305438995361328e-01 -1.125737428665161133e+00 -1.150858640670776367e+00 5.442093849182128906e+00 1.755878567695617676e+00
-1.602337002754211426e+00 -1.959894895553588867e+00 -1.956694602966308594e+00 -2.220217466354370117e+00 -4.180601537227630615e-01 5.523366451263427734e+00
1.459149599075317383e+00 1.377360224723815918e+00 -2.939398050308227539e+00 1.378798007965087891e+00 7.374785542488098145e-01 1.337191104888916016e+00
4.735863685607910156e+00 -3.059754073619842529e-01 4.030484259128570557e-01 5.853244662284851074e-01 -2.385984659194946289e+00 -1.897350847721099854e-01
2.450970888137817383e+00 1.629573106765747070e+00 3.589781224727630615e-01 3.352928638458251953e+00 -9.521849751472473145e-01 2.153291702270507812e-01
-1.342488884925842285e+00 4.798339307308197021e-01 1.116820216178894043e+00 -1.854708075523376465e+00 5.772757530212402344e-02 -4.139538288116455078e+00
-1.011040091514587402e+00 3.544190153479576111e-02 1.812368035316467285e+00 -2.591466426849365234e+00 2.235944509506225586e+00 9.835852980613708496e-01
2.513803958892822266e+00 6.467401981353759766e-01 -7.313209772109985352e-02 3.597095727920532227e+00 -1.986177086830139160e+00 -3.984329700469970703e+00
2.096939563751220703e+00 -4.545432567596435547e+00 3.581606626510620117e+00 4.556621611118316650e-01 2.172242879867553711e+00 -2.353735446929931641e+00
6.006428241729736328e+00 -2.241163730621337891e+00 -4.713948249816894531e+00 -1.087208986282348633e+00 3.993610858917236328e+00 7.227581501007080078e+00
-1.789035320281982422e+00 -1.989904284477233887e+00 1.554717898368835449e+00 -4.175259113311767578e+00 -1.360599398612976074e+00 2.079392910003662109e+00
-3.292052745819091797e+00 -2.144911527633666992e+00 2.496918916702270508e+00 4.319905757904052734e+00 -1.225643634796142578e+00 3.257910013198852539e+00
1.910010457038879395e+00 -2.380397319793701172e-01 -4.367339015007019043e-01 7.550643682479858398e-01 8.474849462509155273e-01 1.467459797859191895e+00
-2.038809299468994141e+00 -5.793971419334411621e-01 3.017426013946533203e+00 -1.630188822746276855e+00 -2.934932231903076172e+00 -3.363438129425048828e+00
2.919483661651611328e+00 -2.027449846267700195e+00 1.364839076995849609e+00 3.053399085998535156e+00 2.688985347747802734e+00 2.573456287384033203e+00
-8.924250602722167969e-01 5.320340156555175781e+00 -5.491188526153564453e+00 -2.305997848510742188e+00 -1.579347550868988037e-01 -3.001086711883544922e+00
4.574324131011962891e+00 -3.527187705039978027e-01 3.401038408279418945e+00 -7.702360153198242188e-01 3.170181512832641602e-01 6.491048932075500488e-01
-3.119251728057861328e+00 -5.614510551095008850e-02 -1.283034920692443848e+00 9.900800585746765137e-01 -6.650086879730224609e+00 9.038901925086975098e-01
-4.408772468566894531e+00 3.583955287933349609e+00 -1.428226351737976074e+00 -1.737225800752639771e-01 -7.115001082420349121e-01 -2.255043983459472656e+00
-8.943564891815185547e-01 -3.840184211730957031e+00 -1.026761651039123535e+00 3.046206951141357422e+00 -2.285186052322387695e+00 6.107446193695068359e+00
-6.942254900932312012e-01 2.571484565734863281e+00 -3.228840112686157227e+00 -9.089672565460205078e-01 1.402005195617675781e+00 1.692741036415100098e+00
-2.804366827011108398e+00 -4.934483021497726440e-02 -3.380248308181762695e+00 2.930232763290405273e+00 -5.508260726928710938e-01 1.723992705345153809e+00
-2.399382591247558594e-01 1.834194064140319824e+00 -9.616135954856872559e-01 -2.262748003005981445e+00 1.346970081329345703e+00 2.888251245021820068e-01
9.280867129564285278e-02 5.538254976272583008e-01 3.202965021133422852e+00 -1.307674765586853027e+00 2.559293247759342194e-02 1.704364657402038574e+00
-3.142513990402221680e+00 1.608796715736389160e+00 -9.510894417762756348e-01 1.413563251495361328e+00 -9.822070598602294922e-01 1.990434527397155762e+00
3.326350152492523193e-01 2.536895036697387695e+00 -1.985232472419738770e+00 1.595440387725830078e+00 -4.687457680702209473e-01 -1.248369336128234863e+00
1.452726483345031738e+00 1.603517293930053711e+00 -2.396774478256702423e-02 -2.575188636779785156e+00 -1.803551912307739258e+00 -4.467001914978027344e+00
2.406834840774536133e+00 1.891784787178039551e+00 1.812482476234436035e-01 2.699553251266479492e+00 -9.878488183021545410e-01 6.311469525098800659e-02
2.889955520629882812e+00 3.004481554031372070e+00 -1.207432866096496582e+00 -1.784301280975341797e+00 2.926045954227447510e-01 -1.927665829658508301e+00
2.343424797058105469e+00 4.426278769969940186e-01 3.570015132427215576e-01 3.066024541854858398e+00 -5.164043903350830078e-01 -1.668968558311462402e+00
-2.237156391143798828e+00 -8.846771717071533203e-01 1.001750111579895020e+00 2.015247583389282227e+00 -7.691055536270141602e-01 -1.579141736030578613e+00
-2.565443515777587891e+00 2.282083511352539062e+00 -8.193947076797485352e-01 -3.553189516067504883e+00 4.225676655769348145e-01 -1.846680641174316406e+00
2.577152729034423828e+00 9.248142242431640625e-01 -2.416236162185668945e+00 -1.382095336914062500e+00 2.326513528823852539e+00 2.407728910446166992e+00
3.828022480010986328e+00 -5.877337455749511719e-01 -1.594821453094482422e+00 2.690840065479278564e-01 1.942646145820617676e+00 3.870876789093017578e+00
-3.984034299850463867e+00 1.209139302372932434e-01 -1.375177651643753052e-01 -2.635817527770996094e+00 2.718809247016906738e-01 -5.564104318618774414e-01
-2.712734699249267578e+00 -2.378945350646972656e+00 2.634465456008911133e+00 -1.265684366226196289e+00 -5.927138924598693848e-01 -2.379534482955932617e+00
-3.721524775028228760e-01 1.564664483070373535e+00 2.739399194717407227e+00 2.094890117645263672e+00 -5.753201246261596680e-01 8.776212930679321289e-01
-3.688200712203979492e+00 -2.154916763305664062e+00 3.260425329208374023e+00 9.888070225715637207e-01 -7.854268550872802734e-01 1.266401648521423340e+00
-3.961139678955078125e+00 -1.398211121559143066e+00 1.605137586593627930e+00 1.670113205909729004e+00 -1.465917944908142090e+00 -6.806273013353347778e-02
2.030643701553344727e+00 8.335894346237182617e-01 -5.144225358963012695e-01 4.820565700531005859e+00 -1.213102102279663086e+00 -4.162595272064208984e+00
-3.580452203750610352e-01 3.222342014312744141e+00 -5.060535669326782227e-01 4.226924896240234375e+00 -2.754533529281616211e+00 1.149430349469184875e-01
2.976652145385742188e+00 1.763924479484558105e+00 -4.571401596069335938e+00 3.251365423202514648e-01 1.645206928253173828e+00 -3.673101663589477539e-01
6.583510637283325195e-01 -2.862848281860351562e+00 2.936856985092163086e+00 -2.542912721633911133e+00 -2.034450531005859375e+00 2.856922447681427002e-01
-7.486365437507629395e-01 -3.157927989959716797e+00 6.001601815223693848e-01 -4.625023365020751953e+00 -1.490288376808166504e-01 -8.880674242973327637e-01
4.604563713073730469e+00 1.709000170230865479e-01 1.544885277748107910e+00 1.833635926246643066e+00 3.570341110229492188e+00 -2.301716089248657227e+00
-4.050406217575073242e-01 8.220165967941284180e-01 -3.653452873229980469e+00 1.241916179656982422e+00 3.121433496475219727e+00 2.379801750183105469e+00
3.126407384872436523e+00 1.266193985939025879e+00 -1.109373450279235840e+00 1.415274739265441895e+00 1.455048799514770508e+00 9.239671826362609863e-01
-2.038812398910522461e+00 2.051396608352661133e+00 8.760233409702777863e-03 8.153575062751770020e-01 4.638534486293792725e-01 2.675185441970825195e+00
-1.864341855049133301e+00 4.499377310276031494e-01 1.654452919960021973e+00 1.053367733955383301e+00 4.318751394748687744e-01 -2.844418287277221680e-01
7.880181670188903809e-01 2.004267647862434387e-02 1.112713694572448730e+00 2.291907310485839844e+00 3.211760044097900391e+00 -5.841528892517089844e+00
2.853371858596801758e+00 1.653311491012573242e+00 3.045794248580932617e+00 -2.520592212677001953e+00 -1.507662177085876465e+00 6.949766874313354492e-01
2.727472782135009766e+00 3.737227916717529297e+00 1.499293565750122070e+00 -3.130290508270263672e+00 -2.439178943634033203e+00 -6.714251041412353516e-01
-8.284294605255126953e-01 -5.481160163879394531e+00 3.752081394195556641e-01 5.759957790374755859e+00 -3.344550848007202148e+00 2.017249584197998047e+00
4.006892204284667969e+00 -2.087155580520629883e+00 5.564216971397399902e-01 4.929343461990356445e-01 2.668824434280395508e+00 3.624197244644165039e+00
2.645209550857543945e+00 6.285636425018310547e-01 -1.971646666526794434e+00 4.933575689792633057e-01 4.062581539154052734e+00 1.074456691741943359e+00
-1.681247591972351074e+00 1.981397032737731934e+00 -1.424398303031921387e+00 -5.865288972854614258e-01 2.352207422256469727e+00 -1.372466206550598145e+00
-3.898051500320434570e+00 -1.300007939338684082e+00 -5.047327041625976562e+00 -3.053845763206481934e-01 -3.227233648300170898e+00 1.007274985313415527e+00
3.079175233840942383e+00 -1.145437955856323242e+00 3.160511732101440430e+00 2.125139534473419189e-01 -2.481046438217163086e+00 3.238463163375854492e+00
9.856061935424804688e-01 5.307108759880065918e-01 2.723360061645507812e+00 -1.605317950248718262e+00 2.513578891754150391e+00 1.989320874214172363e+00
-2.988831102848052979e-01 -2.739968895912170410e-01 1.257114648818969727e+00 -3.118144750595092773e+00 1.449014663696289062e+00 -1.473551988601684570e+00
