5.990872383117675781e+00
1.531687974929809570e+00
-8.244752883911132812e+00
-7.179145336151123047e+00
-1.080007934570312500e+01
7.102859020233154297e+00
-9.806078910827636719e+00
-4.383642196655273438e+00
2.250357151031494141e+00
1.719954371452331543e+00
-3.500758484005928040e-02
-6.836769580841064453e+00
4.402222111821174622e-02
-4.297284126281738281e+00
-4.225366115570068359e+00
6.761336326599121094e+00
7.662462711334228516e+00
-2.555444478988647461e+00
8.112258911132812500e+00
-8.623799324035644531e+00
5.491249561309814453e+00
-6.659034729003906250e+00
-9.049468040466308594e+00
1.375361800193786621e+00
-1.072229194641113281e+01
1.701662063598632812e+00
2.604292631149291992e+00
-6.063416957855224609e+00
6.162139415740966797e+00
8.989179611206054688e+00
8.200664520263671875e+00
2.547101020812988281e+00
4.656855106353759766e+00
-4.280225753784179688e+00
-7.791923046112060547e+00
5.737791061401367188e+00
-5.912037372589111328e+00
2.933530569076538086e+00
-3.950256347656250000e+00
7.554414272308349609e+00
-1.943865537643432617e+00
8.592651039361953735e-02
-9.201096534729003906e+00
7.879275321960449219e+00
9.048492431640625000e+00
7.543609619140625000e+00
1.034882736206054688e+01
8.683434486389160156e+00
7.647244453430175781e+00
2.640079975128173828e+00
8.449052810668945312e+00
6.838946342468261719e+00
-7.491003513336181641e+00
-1.575807809829711914e+00
-8.108576774597167969e+00
-2.030979394912719727e+00
3.344245672225952148e+00
-6.475127696990966797e+00
7.201139450073242188e+00
1.666501998901367188e+00
