7.223670005798339844e+00
-5.829889774322509766e+00
3.173049688339233398e+00
-8.407627105712890625e+00
7.208924293518066406e+00
2.751276493072509766e+00
-7.471498966217041016e+00
4.399911403656005859e+00
6.201543807983398438e+00
6.440125465393066406e+00
2.854515552520751953e+00
-3.978426754474639893e-01
-1.645338177680969238e+00
-3.132180452346801758e+00
-7.137176990509033203e+00
4.553022861480712891e+00
-1.485890150070190430e+00
3.821252822875976562e+00
6.345720291137695312e+00
7.506315231323242188e+00
-5.800251007080078125e+00
4.049102783203125000e+00
-8.175132751464843750e+00
2.693341732025146484e+00
4.696193695068359375e+00
1.115887355804443359e+01
-6.599067687988281250e+00
-8.446733474731445312e+00
-2.076662540435791016e+00
7.766809940338134766e+00
-4.490271568298339844e+00
-4.718244075775146484e+00
7.061782360076904297e+00
-2.897456884384155273e+00
3.768589258193969727e+00
5.776642322540283203e+00
-5.437450885772705078e+00
3.702145099639892578e+00
4.358967781066894531e+00
5.159909725189208984e+00
6.921818733215332031e+00
-4.020564079284667969e+00
5.357968330383300781e+00
-3.325446844100952148e+00
5.665682315826416016e+00
1.577050983905792236e-01
5.649566650390625000e+00
-7.787234306335449219e+00
4.859503269195556641e+00
-6.136782646179199219e+00
