-2.587706744670867920e-01
-7.349522113800048828e-01
1.542068123817443848e+00
-1.249967694282531738e+00
-7.868782877922058105e-01
-1.444949150085449219e+00
1.631337761878967285e+00
8.115205764770507812e-01
-1.228031992912292480e+00
3.994509279727935791e-01
3.674153387546539307e-01
5.587349534034729004e-01
6.624687910079956055e-01
-5.555671453475952148e-02
-1.106824278831481934e-01
-1.392907500267028809e+00
-2.628931999206542969e-01
-1.577673673629760742e+00
-6.039830446243286133e-01
-3.268058300018310547e-01
1.207408905029296875e-01
1.835949569940567017e-01
-6.427062153816223145e-01
-6.200764775276184082e-01
-8.843935728073120117e-01
1.438435435295104980e+00
1.137543678283691406e+00
-1.724506378173828125e+00
1.112533450126647949e+00
-1.202905416488647461e+00
1.630942940711975098e+00
1.843700408935546875e-01
-3.048398196697235107e-01
-3.562210798263549805e-01
1.072604179382324219e+00
-5.821132659912109375e-01
-1.772593706846237183e-01
-1.113759055733680725e-01
9.275390505790710449e-01
-4.484672546386718750e-01
-3.549505472183227539e-01
-2.681936025619506836e-01
2.230099216103553772e-02
2.108331918716430664e+00
-6.829611063003540039e-01
-5.169951319694519043e-01
-1.375237107276916504e+00
-7.918013334274291992e-01
-5.032567381858825684e-01
7.186627388000488281e-01
1.608840674161911011e-01
1.189506053924560547e-01
-8.552910685539245605e-01
-7.827024906873703003e-02
1.398269645869731903e-02
2.591410160064697266e+00
-9.774787425994873047e-01
-1.279944032430648804e-01
-2.865790724754333496e-01
-7.599903345108032227e-01
-6.402535438537597656e-01
6.293964385986328125e-01
-1.029930040240287781e-01
1.045535087585449219e+00
2.314864546060562134e-01
1.362701654434204102e+00
-1.099386453628540039e+00
6.378981284797191620e-03
5.967661738395690918e-01
-1.712140560150146484e+00
7.774066925048828125e-02
9.169027805328369141e-01
-4.843975305557250977e-01
-7.552279233932495117e-01
-1.721390843391418457e+00
1.502472281455993652e+00
6.637198925018310547e-01
2.901840806007385254e-01
-2.281756699085235596e-01
-5.805283784866333008e-01
