6.740888357162475586e-01
1.262985944747924805e+00
-5.269724726676940918e-01
1.428657054901123047e+00
4.216287136077880859e-01
-4.141940176486968994e-01
-5.693983435630798340e-01
-1.227391481399536133e+00
-5.593039393424987793e-01
1.004863679409027100e-01
1.397787332534790039e+00
1.810237050056457520e+00
1.317569494247436523e+00
6.393962502479553223e-01
-5.779095888137817383e-01
4.281435906887054443e-01
1.748401820659637451e-01
-7.875832915306091309e-01
1.524674534797668457e+00
-9.628597646951675415e-02
9.696611166000366211e-01
-4.367017745971679688e-01
-5.139734148979187012e-01
1.430071741342544556e-01
1.245903596282005310e-01
5.536958575248718262e-01
1.793973892927169800e-01
-3.808813393115997314e-01
-6.832181811332702637e-01
1.551438450813293457e+00
7.551782131195068359e-01
-5.261937379837036133e-01
1.319552898406982422e+00
-2.192076444625854492e-01
-6.087888032197952271e-02
-1.025808900594711304e-01
-1.055245876312255859e+00
4.300754368305206299e-01
5.792022496461868286e-02
1.079928040504455566e+00
-1.977061390876770020e+00
3.558401167392730713e-01
-1.122403368353843689e-01
6.466742753982543945e-01
-4.235859811305999756e-01
-1.269175648689270020e+00
-2.198457121849060059e-01
-3.361754715442657471e-01
-1.325861334800720215e+00
-7.807522416114807129e-01
