8.947284519672393799e-02
-3.594757080078125000e+00
-3.532730340957641602e+00
1.819514274597167969e+00
4.266410827636718750e+00
-3.286683320999145508e+00
-2.421942949295043945e+00
-7.243927001953125000e+00
2.272037982940673828e+00
2.069989442825317383e+00
1.218705058097839355e+00
-6.855415344238281250e+00
4.425009727478027344e+00
-1.774226188659667969e+00
7.233361154794692993e-02
5.341168642044067383e-01
-7.991173863410949707e-01
7.947317123413085938e+00
-1.884170532226562500e+00
-7.785959720611572266e+00
-2.797949552536010742e+00
-3.151582002639770508e+00
-3.080089092254638672e+00
1.890772819519042969e+00
2.119145631790161133e+00
5.013692378997802734e-01
-2.585935115814208984e+00
9.111962914466857910e-01
-4.726173877716064453e+00
3.952640533447265625e+00
-1.017916679382324219e+00
3.806105852127075195e+00
3.704931020736694336e+00
2.177667856216430664e+00
-4.805065095424652100e-01
1.720932483673095703e+00
-9.514112472534179688e-01
8.379028320312500000e+00
-2.442227840423583984e+00
-5.358092188835144043e-01
3.720130443572998047e+00
-4.264293670654296875e+00
-1.487352728843688965e+00
2.478037357330322266e+00
-2.301614284515380859e+00
2.152917861938476562e+00
-5.083163261413574219e+00
-1.848584711551666260e-01
-3.722980260848999023e+00
6.168777465820312500e+00
