1.378912925720214844e+00
3.521955728530883789e+00
-8.580539822578430176e-01
-6.754077225923538208e-02
6.844450831413269043e-01
-2.889095842838287354e-01
9.616385698318481445e-01
-3.214102387428283691e-01
2.087235212326049805e+00
-1.292520523071289062e+00
5.105741620063781738e-01
5.250263810157775879e-01
-6.480073332786560059e-01
-2.013453394174575806e-01
1.104317069053649902e+00
1.769262909889221191e+00
-1.348395228385925293e+00
1.286386251449584961e+00
5.566256046295166016e-01
-1.346516162157058716e-01
-5.541210174560546875e-01
1.116302847862243652e+00
1.554606407880783081e-01
7.712171673774719238e-01
2.909812629222869873e-01
-7.136478424072265625e-01
3.921368360519409180e+00
-1.728683471679687500e+00
2.282422304153442383e+00
3.331229090690612793e-01
-1.078872799873352051e+00
-1.790436267852783203e+00
-3.809300661087036133e-01
1.246474266052246094e+00
-2.291240096092224121e-01
3.746767938137054443e-01
4.129657447338104248e-01
9.979842901229858398e-01
2.080332994461059570e+00
1.124355435371398926e+00
1.490121722221374512e+00
4.416969120502471924e-01
6.850566864013671875e-01
-4.281117618083953857e-01
1.815526962280273438e+00
2.240323781967163086e+00
2.315747141838073730e-01
-5.835904479026794434e-01
8.569808006286621094e-01
6.517517566680908203e-01
1.595787763595581055e+00
-4.377271831035614014e-01
-5.648546814918518066e-01
-7.479403167963027954e-02
-9.288187026977539062e-01
-1.354341059923171997e-01
-1.390337824821472168e+00
1.760721564292907715e+00
9.730111956596374512e-01
-1.125933229923248291e-01
