-4.162234365940093994e-01 9.952981770038604736e-02
-5.038805007934570312e-01 -2.718911468982696533e-01
-1.815724968910217285e+00 -1.842026710510253906e+00
-6.303624808788299561e-02 -2.093555033206939697e-01
5.285496711730957031e-01 2.517192959785461426e-01
-1.975617855787277222e-01 -2.874694764614105225e-01
-1.121501564979553223e+00 -6.483705639839172363e-01
-2.301018834114074707e-01 -1.321358978748321533e-01
-1.511515736579895020e+00 -8.963016867637634277e-01
-8.460560441017150879e-02 6.500138901174068451e-03
-5.210032686591148376e-02 2.855240702629089355e-01
-8.645237684249877930e-01 -9.308723807334899902e-01
-2.591903209686279297e-01 -2.230051755905151367e-01
9.620209336280822754e-01 7.638769149780273438e-01
1.005825996398925781e-01 3.586885705590248108e-02
9.066834300756454468e-02 -4.662557691335678101e-02
-2.957297861576080322e-01 -6.950579285621643066e-01
-9.349701404571533203e-01 -1.264741659164428711e+00
-1.085576534271240234e+00 -7.978820800781250000e-01
1.490969657897949219e+00 1.753365755081176758e+00
1.395097225904464722e-01 2.938508987426757812e-01
3.439301624894142151e-03 2.039642930030822754e-01
-6.151126325130462646e-02 5.109777674078941345e-02
-1.360360234975814819e-01 -2.264609187841415405e-02
7.812038064002990723e-01 7.472321391105651855e-01
-8.597572445869445801e-01 -1.023064970970153809e+00
-5.594623088836669922e-01 -3.058488070964813232e-01
-1.856231391429901123e-01 1.368959248065948486e-01
7.140431404113769531e-01 4.188328385353088379e-01
7.433156967163085938e-01 5.441861152648925781e-01
1.452978551387786865e-01 5.345395207405090332e-01
3.458766937255859375e-01 1.206174492835998535e-02
7.485650777816772461e-01 1.085689663887023926e+00
3.473325371742248535e-01 7.644948959350585938e-01
-7.131923437118530273e-01 -5.981870293617248535e-01
2.138276845216751099e-01 -1.084229256957769394e-02
4.891541898250579834e-01 3.109387159347534180e-01
1.047273516654968262e+00 7.720920443534851074e-01
-8.099027872085571289e-01 -9.106020331382751465e-01
5.618016123771667480e-01 7.268129587173461914e-01
1.336439132690429688e+00 1.464198708534240723e+00
1.610201299190521240e-01 -1.062750443816184998e-01
-6.718847751617431641e-01 -3.675318360328674316e-01
-2.216896712779998779e-01 1.747204363346099854e-02
-1.741599440574645996e-01 -3.950985372066497803e-01
-8.755065202713012695e-01 -5.802264213562011719e-01
-9.264192730188369751e-02 -2.407186776399612427e-01
-1.167165040969848633e+00 -1.734171390533447266e+00
4.031368196010589600e-01 4.936183243989944458e-02
-1.759427666664123535e+00 -1.417568683624267578e+00
5.316941142082214355e-01 4.973223805427551270e-01
-2.598181664943695068e-01 -4.483149349689483643e-01
-4.058688580989837646e-01 -4.669468998908996582e-01
1.074232578277587891e+00 1.140971899032592773e+00
-8.889414668083190918e-01 -8.810726404190063477e-01
-2.701682224869728088e-02 -2.874828577041625977e-01
1.300514578819274902e+00 8.410633206367492676e-01
-6.215637326240539551e-01 -3.903181254863739014e-01
-8.323271870613098145e-01 -6.057195067405700684e-01
1.736271530389785767e-01 -8.161834627389907837e-02
