3.630213737487792969e-01 -9.586641937494277954e-02
-1.045321583747863770e+00 -1.350547313690185547e+00
4.796223342418670654e-01 9.240911900997161865e-02
2.691061496734619141e-01 1.143630743026733398e+00
-1.844284087419509888e-01 -9.382088184356689453e-01
3.091183304786682129e-01 4.985879659652709961e-01
-6.203251481056213379e-01 -4.511026740074157715e-01
5.524202585220336914e-01 8.328792452812194824e-01
7.398235797882080078e-01 2.693127691745758057e-01
8.942854404449462891e-02 -7.021099328994750977e-01
-4.278280138969421387e-01 -8.458232879638671875e-01
1.960630118846893311e-01 1.826338768005371094e+00
-1.444965749979019165e-01 -8.124267458915710449e-01
-4.024915397167205811e-01 -7.823495864868164062e-01
-2.383740432560443878e-02 -4.050856530666351318e-01
1.758903414011001587e-01 -1.694490611553192139e-01
6.999850273132324219e-01 4.211916625499725342e-01
-2.954681590199470520e-02 -2.770565748214721680e-01
-1.146623015403747559e+00 -5.441469550132751465e-01
-4.459525644779205322e-01 -5.682152509689331055e-01
-1.622786819934844971e-01 9.860572218894958496e-01
4.240101277828216553e-01 -7.611574232578277588e-02
-3.207338750362396240e-01 -9.916123747825622559e-01
2.350505292415618896e-01 6.082403063774108887e-01
7.497035264968872070e-01 -2.762772440910339355e-01
1.104357123374938965e+00 2.227823734283447266e-01
4.153577089309692383e-01 -7.877133041620254517e-02
6.247913092374801636e-02 -9.307833313941955566e-01
1.456754326820373535e+00 8.058704137802124023e-01
-4.056580066680908203e-01 -1.041720867156982422e+00
