0.30078125 0.3301454186439514 1806.0 33297.0 14902.0 603.0
0.955078125 0.9522407650947571 0.0 8.0 48191.0 2409.0
0.953125 0.9523988366127014 1.0 1.0 48198.0 2408.0
0.953125 0.9524383544921875 2.0 0.0 48199.0 2407.0
0.953125 0.9523988366127014 0.0 0.0 48199.0 2409.0
0.953125 0.952379047870636 0.0 1.0 48198.0 2409.0
0.953125 0.9523395299911499 0.0 3.0 48196.0 2409.0
0.953125 0.9523395299911499 1.0 4.0 48195.0 2408.0
0.953125 0.9523988366127014 0.0 0.0 48199.0 2409.0
0.951171875 0.9491187334060669 108.0 274.0 47925.0 2301.0
0.953125 0.9506402015686035 170.0 259.0 47940.0 2239.0
0.955078125 0.9456607699394226 363.0 704.0 47495.0 2046.0
0.951171875 0.9470241665840149 407.0 679.0 47520.0 2002.0
0.958984375 0.9497510194778442 402.0 536.0 47663.0 2007.0
0.943359375 0.9510156512260437 372.0 442.0 47757.0 2037.0
0.953125 0.9509366154670715 458.0 532.0 47667.0 1951.0
0.9453125 0.9507192373275757 478.0 563.0 47636.0 1931.0
0.94140625 0.9466685056686401 643.0 933.0 47266.0 1766.0
0.951171875 0.9524383544921875 338.0 336.0 47863.0 2071.0
0.9609375 0.9482295513153076 610.0 821.0 47378.0 1799.0
0.953125 0.9453051090240479 641.0 1000.0 47199.0 1768.0
0.953125 0.9531299471855164 350.0 313.0 47886.0 2059.0
0.943359375 0.950699508190155 562.0 648.0 47551.0 1847.0
0.953125 0.9517862796783447 474.0 505.0 47694.0 1935.0
0.931640625 0.9461349844932556 626.0 943.0 47256.0 1783.0
0.947265625 0.949336051940918 579.0 734.0 47465.0 1830.0
0.951171875 0.9497708082199097 564.0 697.0 47502.0 1845.0
0.958984375 0.9531891942024231 392.0 352.0 47847.0 2017.0
0.94921875 0.9503635764122009 530.0 633.0 47566.0 1879.0
0.947265625 0.9495139122009277 570.0 716.0 47483.0 1839.0
0.962890625 0.951134204864502 515.0 579.0 47620.0 1894.0
0.935546875 0.9500671625137329 544.0 662.0 47537.0 1865.0
0.951171875 0.9530706405639648 383.0 349.0 47850.0 2026.0
0.97265625 0.9485061764717102 612.0 809.0 47390.0 1797.0
0.947265625 0.9507982730865479 547.0 628.0 47571.0 1862.0
0.951171875 0.9505414366722107 554.0 648.0 47551.0 1855.0
0.955078125 0.9487037658691406 632.0 819.0 47380.0 1777.0
0.955078125 0.9527544975280762 455.0 437.0 47762.0 1954.0
0.94921875 0.950106680393219 567.0 683.0 47516.0 1842.0
0.943359375 0.9440799951553345 712.0 1133.0 47066.0 1697.0
0.939453125 0.949158251285553 556.0 720.0 47479.0 1853.0
0.935546875 0.9513713121414185 514.0 566.0 47633.0 1895.0
0.955078125 0.9522604942321777 462.0 469.0 47730.0 1947.0
0.955078125 0.9513120651245117 502.0 557.0 47642.0 1907.0
0.953125 0.9500276446342468 518.0 638.0 47561.0 1891.0
0.953125 0.9520431756973267 502.0 520.0 47679.0 1907.0
0.9375 0.9525371193885803 505.0 498.0 47701.0 1904.0
0.947265625 0.9483678340911865 600.0 804.0 47395.0 1809.0
0.955078125 0.9512725472450256 521.0 578.0 47621.0 1888.0
0.955078125 0.9500079154968262 573.0 694.0 47505.0 1836.0
0.955078125 0.9481505155563354 629.0 844.0 47355.0 1780.0
0.958984375 0.9509366154670715 575.0 649.0 47550.0 1834.0
0.95703125 0.9479726552963257 638.0 862.0 47337.0 1771.0
0.953125 0.9481505155563354 643.0 858.0 47341.0 1766.0
0.94140625 0.9504426121711731 557.0 656.0 47543.0 1852.0
0.958984375 0.9490792155265808 648.0 816.0 47383.0 1761.0
0.95703125 0.9509168267250061 582.0 657.0 47542.0 1827.0
0.95703125 0.9528335332870483 448.0 426.0 47773.0 1961.0
0.94921875 0.9491384625434875 616.0 781.0 47418.0 1793.0
0.951171875 0.9499683976173401 603.0 726.0 47473.0 1806.0
0.953125 0.9484468698501587 558.0 758.0 47441.0 1851.0
0.94140625 0.9505611658096313 573.0 666.0 47533.0 1836.0
0.958984375 0.9523000121116638 520.0 525.0 47674.0 1889.0
0.9453125 0.9493953585624695 626.0 778.0 47421.0 1783.0
0.95703125 0.9492768049240112 617.0 775.0 47424.0 1792.0
0.951171875 0.9422225952148438 723.0 1238.0 46961.0 1686.0
0.951171875 0.9513713121414185 529.0 581.0 47618.0 1880.0
0.96484375 0.9500474333763123 577.0 696.0 47503.0 1832.0
0.95703125 0.947834312915802 643.0 874.0 47325.0 1766.0
0.947265625 0.9500276446342468 575.0 695.0 47504.0 1834.0
0.9453125 0.9500474333763123 587.0 706.0 47493.0 1822.0
0.94921875 0.9508377909660339 571.0 650.0 47549.0 1838.0
0.9453125 0.9500671625137329 606.0 724.0 47475.0 1803.0
0.9453125 0.949375569820404 589.0 742.0 47457.0 1820.0
0.9609375 0.9502845406532288 568.0 675.0 47524.0 1841.0
0.947265625 0.9500671625137329 603.0 721.0 47478.0 1806.0
0.9453125 0.9490001797676086 615.0 787.0 47412.0 1794.0
0.95703125 0.9502845406532288 573.0 680.0 47519.0 1836.0
0.955078125 0.9490396976470947 630.0 800.0 47399.0 1779.0
0.955078125 0.9480516910552979 613.0 833.0 47366.0 1796.0
0.953125 0.9512330293655396 565.0 624.0 47575.0 1844.0
0.951171875 0.9503043293952942 620.0 726.0 47473.0 1789.0
0.953125 0.9517269730567932 543.0 577.0 47622.0 1866.0
0.947265625 0.9458188414573669 681.0 1014.0 47185.0 1728.0
0.953125 0.9501659870147705 623.0 736.0 47463.0 1786.0
0.9375 0.9494743943214417 604.0 752.0 47447.0 1805.0
0.9453125 0.9487828016281128 624.0 807.0 47392.0 1785.0
0.9609375 0.9495732188224792 622.0 765.0 47434.0 1787.0
0.955078125 0.947834312915802 643.0 874.0 47325.0 1766.0
0.947265625 0.9481900334358215 642.0 855.0 47344.0 1767.0
0.953125 0.9523395299911499 540.0 543.0 47656.0 1869.0
0.96484375 0.9506797194480896 600.0 687.0 47512.0 1809.0
0.953125 0.9484468698501587 641.0 841.0 47358.0 1768.0
0.95703125 0.9463918805122375 688.0 992.0 47207.0 1721.0
0.951171875 0.9495929479598999 612.0 754.0 47445.0 1797.0
0.953125 0.9530904293060303 449.0 414.0 47785.0 1960.0
0.94921875 0.9480714797973633 682.0 901.0 47298.0 1727.0
0.9375 0.9492372870445251 652.0 812.0 47387.0 1757.0
0.947265625 0.9482887983322144 644.0 852.0 47347.0 1765.0
0.9609375 0.9532089829444885 460.0 419.0 47780.0 1949.0
0.95703125 0.9508575797080994 594.0 672.0 47527.0 1815.0
0.953125 0.9482295513153076 657.0 868.0 47331.0 1752.0
0.951171875 0.9506006836891174 572.0 663.0 47536.0 1837.0
0.958984375 0.9479528665542603 642.0 867.0 47332.0 1767.0
0.951171875 0.9518851041793823 537.0 563.0 47636.0 1872.0
0.95703125 0.9519838690757751 549.0 570.0 47629.0 1860.0
0.947265625 0.9487432837486267 662.0 847.0 47352.0 1747.0
0.958984375 0.9501659870147705 606.0 719.0 47480.0 1803.0
0.951171875 0.9498103260993958 622.0 753.0 47446.0 1787.0
0.9375 0.9465301632881165 701.0 998.0 47201.0 1708.0
0.96484375 0.951647937297821 594.0 632.0 47567.0 1815.0
0.951171875 0.9510353803634644 595.0 664.0 47535.0 1814.0
0.955078125 0.9504624009132385 580.0 678.0 47521.0 1829.0
0.955078125 0.950659990310669 615.0 703.0 47496.0 1794.0
0.9609375 0.9493558406829834 643.0 797.0 47402.0 1766.0
0.951171875 0.9479528665542603 645.0 870.0 47329.0 1764.0
0.951171875 0.9524580836296082 557.0 554.0 47645.0 1852.0
0.962890625 0.9483481049537659 676.0 881.0 47318.0 1733.0
0.958984375 0.9476367235183716 657.0 898.0 47301.0 1752.0
0.95703125 0.9503043293952942 614.0 720.0 47479.0 1795.0
0.96484375 0.948901355266571 654.0 831.0 47368.0 1755.0
0.958984375 0.9506797194480896 629.0 716.0 47483.0 1780.0
0.955078125 0.9487234950065613 649.0 835.0 47364.0 1760.0
0.9453125 0.9515096545219421 556.0 601.0 47598.0 1853.0
0.962890625 0.9513911008834839 576.0 627.0 47572.0 1833.0
0.93359375 0.9501857161521912 634.0 746.0 47453.0 1775.0
0.958984375 0.9480121731758118 667.0 889.0 47310.0 1742.0
0.955078125 0.9491977691650391 664.0 826.0 47373.0 1745.0
0.958984375 0.9542760252952576 427.0 332.0 47867.0 1982.0
0.95703125 0.9508970975875854 599.0 675.0 47524.0 1810.0
0.955078125 0.9511539936065674 617.0 680.0 47519.0 1792.0
0.953125 0.9498893618583679 611.0 738.0 47461.0 1798.0
0.953125 0.948387622833252 668.0 871.0 47328.0 1741.0
0.953125 0.9494941234588623 650.0 797.0 47402.0 1759.0
0.943359375 0.946154773235321 719.0 1035.0 47164.0 1690.0
0.947265625 0.9496719837188721 605.0 743.0 47456.0 1804.0
0.94140625 0.9479528665542603 692.0 917.0 47282.0 1717.0
0.953125 0.9516677260398865 586.0 623.0 47576.0 1823.0
0.94921875 0.948427140712738 665.0 866.0 47333.0 1744.0
0.951171875 0.952675461769104 546.0 532.0 47667.0 1863.0
0.943359375 0.9515096545219421 569.0 614.0 47585.0 1840.0
0.958984375 0.9471427202224731 672.0 938.0 47261.0 1737.0
0.94140625 0.9488025903701782 602.0 784.0 47415.0 1807.0
0.955078125 0.9502055048942566 656.0 767.0 47432.0 1753.0
0.9609375 0.9507785439491272 632.0 714.0 47485.0 1777.0
0.953125 0.953880786895752 430.0 355.0 47844.0 1979.0
0.95703125 0.9516874551773071 543.0 579.0 47620.0 1866.0
0.9453125 0.9515689015388489 572.0 614.0 47585.0 1837.0
0.951171875 0.9501461982727051 608.0 722.0 47477.0 1801.0
0.943359375 0.9467673301696777 687.0 972.0 47227.0 1722.0
0.94140625 0.9503240585327148 597.0 702.0 47497.0 1812.0
0.951171875 0.9511144757270813 532.0 597.0 47602.0 1877.0
0.9453125 0.9506204724311829 602.0 692.0 47507.0 1807.0
0.955078125 0.9496917724609375 623.0 760.0 47439.0 1786.0
0.96484375 0.950403094291687 598.0 699.0 47500.0 1811.0
0.955078125 0.9515689015388489 593.0 635.0 47564.0 1816.0
0.94921875 0.9507390260696411 618.0 702.0 47497.0 1791.0
0.947265625 0.9498498439788818 641.0 770.0 47429.0 1768.0
0.951171875 0.9497905373573303 611.0 743.0 47456.0 1798.0
0.951171875 0.9500474333763123 602.0 721.0 47478.0 1807.0
0.9609375 0.9503833651542664 625.0 727.0 47472.0 1784.0
0.953125 0.9497510194778442 644.0 778.0 47421.0 1765.0
0.953125 0.9499090909957886 602.0 728.0 47471.0 1807.0
0.95703125 0.9500671625137329 560.0 678.0 47521.0 1849.0
0.931640625 0.9457595348358154 706.0 1042.0 47157.0 1703.0
0.947265625 0.9501461982727051 611.0 725.0 47474.0 1798.0
0.953125 0.9493558406829834 612.0 766.0 47433.0 1797.0
0.951171875 0.9486444592475891 630.0 820.0 47379.0 1779.0
0.939453125 0.9511935114860535 577.0 638.0 47561.0 1832.0
0.943359375 0.949928879737854 636.0 761.0 47438.0 1773.0
0.951171875 0.9503043293952942 590.0 696.0 47503.0 1819.0
0.935546875 0.9494150876998901 587.0 738.0 47461.0 1822.0
0.953125 0.95087730884552 600.0 677.0 47522.0 1809.0
0.962890625 0.950699508190155 638.0 724.0 47475.0 1771.0
0.951171875 0.9512330293655396 533.0 592.0 47607.0 1876.0
0.958984375 0.9503833651542664 645.0 747.0 47452.0 1764.0
0.951171875 0.9518257975578308 577.0 606.0 47593.0 1832.0
0.953125 0.9502252340316772 625.0 735.0 47464.0 1784.0
0.955078125 0.9510353803634644 599.0 668.0 47531.0 1810.0
0.95703125 0.9480516910552979 651.0 871.0 47328.0 1758.0
0.94921875 0.9510749578475952 579.0 646.0 47553.0 1830.0
0.94921875 0.9518257975578308 557.0 586.0 47613.0 1852.0
0.95703125 0.9514898657798767 607.0 653.0 47546.0 1802.0
0.943359375 0.9512330293655396 594.0 653.0 47546.0 1815.0
0.94921875 0.9495732188224792 664.0 807.0 47392.0 1745.0
0.951171875 0.9480912089347839 675.0 893.0 47306.0 1734.0
0.966796875 0.9489408731460571 685.0 860.0 47339.0 1724.0
0.953125 0.9496522545814514 656.0 795.0 47404.0 1753.0
0.951171875 0.9520233869552612 565.0 584.0 47615.0 1844.0
0.9453125 0.9503240585327148 613.0 718.0 47481.0 1796.0
0.958984375 0.9491187334060669 658.0 824.0 47375.0 1751.0
0.962890625 0.9496917724609375 640.0 777.0 47422.0 1769.0
0.966796875 0.946589469909668 709.0 1003.0 47196.0 1700.0
0.96484375 0.9505809545516968 616.0 708.0 47491.0 1793.0
0.966796875 0.9501659870147705 603.0 716.0 47483.0 1806.0
0.955078125 0.9500474333763123 636.0 755.0 47444.0 1773.0
0.955078125 0.951608419418335 613.0 653.0 47546.0 1796.0
0.94921875 0.9513911008834839 590.0 641.0 47558.0 1819.0
0.9453125 0.9503438472747803 605.0 709.0 47490.0 1804.0
0.951171875 0.949928879737854 592.0 717.0 47482.0 1817.0
0.953125 0.948427140712738 659.0 860.0 47339.0 1750.0
0.955078125 0.9506797194480896 629.0 716.0 47483.0 1780.0
0.947265625 0.947656512260437 645.0 885.0 47314.0 1764.0
0.95703125 0.9517862796783447 571.0 602.0 47597.0 1838.0
0.94921875 0.9473798871040344 701.0 955.0 47244.0 1708.0
0.94921875 0.9492768049240112 634.0 792.0 47407.0 1775.0
0.95703125 0.9505216479301453 605.0 700.0 47499.0 1804.0
0.94921875 0.9458978772163391 725.0 1054.0 47145.0 1684.0
0.94921875 0.9488421082496643 613.0 793.0 47406.0 1796.0
0.94140625 0.9480516910552979 662.0 882.0 47317.0 1747.0
0.951171875 0.9524976015090942 483.0 478.0 47721.0 1926.0
0.94140625 0.9494348764419556 660.0 810.0 47389.0 1749.0
0.94921875 0.951134204864502 584.0 648.0 47551.0 1825.0
0.966796875 0.9502450227737427 626.0 735.0 47464.0 1783.0
0.94921875 0.951134204864502 625.0 689.0 47510.0 1784.0
0.943359375 0.9499683976173401 626.0 749.0 47450.0 1783.0
0.955078125 0.9503043293952942 624.0 730.0 47469.0 1785.0
0.958984375 0.9518455862998962 584.0 612.0 47587.0 1825.0
0.947265625 0.950106680393219 650.0 766.0 47433.0 1759.0
0.951171875 0.9513515830039978 593.0 646.0 47553.0 1816.0
0.94921875 0.951173722743988 594.0 656.0 47543.0 1815.0
0.953125 0.9502055048942566 619.0 730.0 47469.0 1790.0
0.955078125 0.9502252340316772 655.0 765.0 47434.0 1754.0
0.958984375 0.9502450227737427 625.0 734.0 47465.0 1784.0
0.947265625 0.9519443511962891 558.0 581.0 47618.0 1851.0
0.96875 0.9497905373573303 617.0 749.0 47450.0 1792.0
0.94921875 0.9520629048347473 551.0 568.0 47631.0 1858.0
0.962890625 0.9500869512557983 657.0 774.0 47425.0 1752.0
0.953125 0.9497905373573303 633.0 765.0 47434.0 1776.0
0.953125 0.9480516910552979 674.0 894.0 47305.0 1735.0
0.958984375 0.9507982730865479 626.0 707.0 47492.0 1783.0
0.9453125 0.9474194049835205 714.0 966.0 47233.0 1695.0
0.953125 0.9501857161521912 633.0 745.0 47454.0 1776.0
0.95703125 0.9510353803634644 660.0 729.0 47470.0 1749.0
0.94921875 0.9520036578178406 600.0 620.0 47579.0 1809.0
0.943359375 0.948387622833252 674.0 877.0 47322.0 1735.0
0.958984375 0.9503833651542664 650.0 752.0 47447.0 1759.0
0.953125 0.95143061876297 583.0 632.0 47567.0 1826.0
0.943359375 0.9490989446640015 657.0 824.0 47375.0 1752.0
0.95703125 0.951470136642456 594.0 641.0 47558.0 1815.0
0.953125 0.9486444592475891 707.0 897.0 47302.0 1702.0
0.96875 0.9492965340614319 633.0 790.0 47409.0 1776.0
0.94921875 0.9494150876998901 657.0 808.0 47391.0 1752.0
0.947265625 0.9456607699394226 701.0 1042.0 47157.0 1708.0
0.94921875 0.9475576877593994 709.0 954.0 47245.0 1700.0
0.958984375 0.9524778723716736 585.0 581.0 47618.0 1824.0
0.958984375 0.9518060088157654 614.0 644.0 47555.0 1795.0
0.95703125 0.9490792155265808 671.0 839.0 47360.0 1738.0
0.955078125 0.9496719837188721 615.0 753.0 47446.0 1794.0
0.95703125 0.9503240585327148 653.0 758.0 47441.0 1756.0
0.955078125 0.9494348764419556 685.0 835.0 47364.0 1724.0
0.96484375 0.9495336413383484 662.0 807.0 47392.0 1747.0
0.943359375 0.9495139122009277 641.0 787.0 47412.0 1768.0
0.94140625 0.9509563446044922 634.0 707.0 47492.0 1775.0
0.951171875 0.9500869512557983 628.0 745.0 47454.0 1781.0
0.955078125 0.9511935114860535 640.0 701.0 47498.0 1769.0
0.958984375 0.9515096545219421 602.0 647.0 47552.0 1807.0
0.9453125 0.9499486088752747 656.0 780.0 47419.0 1753.0
0.955078125 0.9499683976173401 643.0 766.0 47433.0 1766.0
0.953125 0.949632465839386 660.0 800.0 47399.0 1749.0
0.947265625 0.9517664909362793 640.0 672.0 47527.0 1769.0
0.953125 0.949632465839386 635.0 775.0 47424.0 1774.0
0.951171875 0.9512132406234741 624.0 684.0 47515.0 1785.0
0.951171875 0.9489803910255432 649.0 822.0 47377.0 1760.0
0.94921875 0.9490594267845154 656.0 825.0 47374.0 1753.0
0.94140625 0.9492174983024597 641.0 802.0 47397.0 1768.0
0.9609375 0.9497510194778442 662.0 796.0 47403.0 1747.0
0.943359375 0.9513120651245117 635.0 690.0 47509.0 1774.0
0.947265625 0.9504426121711731 621.0 720.0 47479.0 1788.0
0.96484375 0.9500079154968262 657.0 778.0 47421.0 1752.0
0.9453125 0.9485259056091309 680.0 876.0 47323.0 1729.0
0.95703125 0.9501461982727051 614.0 728.0 47471.0 1795.0
0.94140625 0.9501264691352844 610.0 725.0 47474.0 1799.0
0.955078125 0.9502055048942566 655.0 766.0 47433.0 1754.0
0.958984375 0.9482295513153076 672.0 883.0 47316.0 1737.0
0.94921875 0.9515689015388489 588.0 630.0 47569.0 1821.0
0.95703125 0.9483085870742798 631.0 838.0 47361.0 1778.0
0.962890625 0.9482492804527283 681.0 891.0 47308.0 1728.0
0.95703125 0.9510946869850159 623.0 689.0 47510.0 1786.0
0.953125 0.9513317942619324 597.0 651.0 47548.0 1812.0
0.94140625 0.9486839771270752 671.0 859.0 47340.0 1738.0
0.958984375 0.9504228830337524 627.0 727.0 47472.0 1782.0
0.943359375 0.9509366154670715 649.0 723.0 47476.0 1760.0
0.9453125 0.9489803910255432 675.0 848.0 47351.0 1734.0
0.955078125 0.9515886902809143 626.0 667.0 47532.0 1783.0
0.943359375 0.9473008513450623 654.0 912.0 47287.0 1755.0
0.9453125 0.9471625089645386 710.0 975.0 47224.0 1699.0
0.9453125 0.9482887983322144 661.0 869.0 47330.0 1748.0
0.935546875 0.9455422163009644 710.0 1057.0 47142.0 1699.0
0.943359375 0.9507982730865479 614.0 695.0 47504.0 1795.0
0.953125 0.9511144757270813 594.0 659.0 47540.0 1815.0
0.953125 0.9502055048942566 651.0 762.0 47437.0 1758.0
0.9453125 0.949632465839386 668.0 808.0 47391.0 1741.0
0.95703125 0.95087730884552 611.0 688.0 47511.0 1798.0
0.939453125 0.9493953585624695 667.0 819.0 47380.0 1742.0
0.9453125 0.9509563446044922 632.0 705.0 47494.0 1777.0
0.955078125 0.9515886902809143 599.0 640.0 47559.0 1810.0
0.935546875 0.9506797194480896 605.0 692.0 47507.0 1804.0
0.94921875 0.9495336413383484 669.0 814.0 47385.0 1740.0
0.951171875 0.946332573890686 692.0 999.0 47200.0 1717.0
0.947265625 0.9508180618286133 651.0 731.0 47468.0 1758.0
0.95703125 0.9517072439193726 583.0 618.0 47581.0 1826.0
0.9375 0.9483085870742798 679.0 886.0 47313.0 1730.0
0.939453125 0.9490396976470947 674.0 844.0 47355.0 1735.0
0.95703125 0.9498695731163025 675.0 803.0 47396.0 1734.0
0.953125 0.9488421082496643 676.0 856.0 47343.0 1733.0
0.958984375 0.9478936195373535 699.0 927.0 47272.0 1710.0
0.953125 0.9490594267845154 655.0 824.0 47375.0 1754.0
0.947265625 0.9517664909362793 589.0 621.0 47578.0 1820.0
0.951171875 0.9510946869850159 612.0 678.0 47521.0 1797.0
0.958984375 0.9523395299911499 580.0 583.0 47616.0 1829.0
0.955078125 0.9490001797676086 652.0 824.0 47375.0 1757.0
0.955078125 0.9496522545814514 669.0 808.0 47391.0 1740.0
0.94921875 0.9501659870147705 630.0 743.0 47456.0 1779.0
0.94921875 0.9489803910255432 651.0 824.0 47375.0 1758.0
0.939453125 0.9491187334060669 666.0 832.0 47367.0 1743.0
0.95703125 0.9506797194480896 652.0 739.0 47460.0 1757.0
0.953125 0.9511144757270813 614.0 679.0 47520.0 1795.0
0.966796875 0.9469846487045288 725.0 999.0 47200.0 1684.0
0.955078125 0.9502450227737427 627.0 736.0 47463.0 1782.0
0.9609375 0.9492768049240112 662.0 820.0 47379.0 1747.0
0.953125 0.9507192373275757 634.0 719.0 47480.0 1775.0
0.9453125 0.9497510194778442 658.0 792.0 47407.0 1751.0
0.9453125 0.9449691772460938 756.0 1132.0 47067.0 1653.0
0.95703125 0.9501659870147705 628.0 741.0 47458.0 1781.0
0.9453125 0.9498103260993958 646.0 777.0 47422.0 1763.0
0.951171875 0.9494941234588623 666.0 813.0 47386.0 1743.0
0.947265625 0.9509366154670715 624.0 698.0 47501.0 1785.0
0.955078125 0.950659990310669 633.0 721.0 47478.0 1776.0
0.951171875 0.9502252340316772 640.0 750.0 47449.0 1769.0
0.95703125 0.950403094291687 619.0 720.0 47479.0 1790.0
0.95703125 0.9502845406532288 635.0 742.0 47457.0 1774.0
0.9453125 0.9490396976470947 633.0 803.0 47396.0 1776.0
0.939453125 0.9505216479301453 662.0 757.0 47442.0 1747.0
0.953125 0.9502845406532288 649.0 756.0 47443.0 1760.0
0.951171875 0.9505414366722107 625.0 719.0 47480.0 1784.0
0.958984375 0.9506006836891174 626.0 717.0 47482.0 1783.0
0.955078125 0.951904833316803 564.0 589.0 47610.0 1845.0
0.966796875 0.9503833651542664 659.0 761.0 47438.0 1750.0
0.953125 0.946115255355835 695.0 1013.0 47186.0 1714.0
0.953125 0.9525173902511597 581.0 575.0 47624.0 1828.0
0.953125 0.9515491724014282 585.0 628.0 47571.0 1824.0
0.94921875 0.9485259056091309 625.0 821.0 47378.0 1784.0
0.95703125 0.9507982730865479 643.0 724.0 47475.0 1766.0
0.958984375 0.9505611658096313 663.0 756.0 47443.0 1746.0
0.96484375 0.9480912089347839 677.0 895.0 47304.0 1732.0
0.95703125 0.9485061764717102 654.0 851.0 47348.0 1755.0
0.953125 0.95087730884552 576.0 653.0 47546.0 1833.0
0.951171875 0.9494941234588623 640.0 787.0 47412.0 1769.0
0.951171875 0.9496917724609375 648.0 785.0 47414.0 1761.0
0.955078125 0.9502055048942566 642.0 753.0 47446.0 1767.0
0.94921875 0.9507785439491272 638.0 720.0 47479.0 1771.0
0.953125 0.9512527585029602 596.0 654.0 47545.0 1813.0
0.955078125 0.9516677260398865 582.0 619.0 47580.0 1827.0
0.9453125 0.9480121731758118 703.0 925.0 47274.0 1706.0
0.96484375 0.9520629048347473 570.0 587.0 47612.0 1839.0
0.953125 0.9508377909660339 611.0 690.0 47509.0 1798.0
0.939453125 0.9493558406829834 663.0 817.0 47382.0 1746.0
0.955078125 0.9521222114562988 598.0 612.0 47587.0 1811.0
0.94921875 0.9506204724311829 615.0 705.0 47494.0 1794.0
0.943359375 0.9503833651542664 646.0 748.0 47451.0 1763.0
0.951171875 0.9490989446640015 656.0 823.0 47376.0 1753.0
0.958984375 0.9490001797676086 683.0 855.0 47344.0 1726.0
0.94140625 0.9495139122009277 693.0 839.0 47360.0 1716.0
0.951171875 0.9508575797080994 631.0 709.0 47490.0 1778.0
0.947265625 0.9503240585327148 646.0 751.0 47448.0 1763.0
0.9453125 0.9483283162117004 699.0 905.0 47294.0 1710.0
0.962890625 0.9518653154373169 607.0 634.0 47565.0 1802.0
0.951171875 0.9516282081604004 629.0 668.0 47531.0 1780.0
0.94921875 0.9510156512260437 628.0 698.0 47501.0 1781.0
0.953125 0.9460362195968628 729.0 1051.0 47148.0 1680.0
0.9453125 0.9523000121116638 580.0 585.0 47614.0 1829.0
0.95703125 0.9513120651245117 605.0 660.0 47539.0 1804.0
0.939453125 0.9475774765014648 680.0 924.0 47275.0 1729.0
0.94140625 0.9500474333763123 648.0 767.0 47432.0 1761.0
0.9453125 0.9489408731460571 665.0 840.0 47359.0 1744.0
0.955078125 0.9481109976768494 692.0 909.0 47290.0 1717.0
0.955078125 0.9485654234886169 652.0 846.0 47353.0 1757.0
0.958984375 0.9521024227142334 559.0 574.0 47625.0 1850.0
0.958984375 0.9502055048942566 643.0 754.0 47445.0 1766.0
0.9453125 0.9505019187927246 656.0 752.0 47447.0 1753.0
0.951171875 0.9501857161521912 636.0 748.0 47451.0 1773.0
0.9453125 0.9498695731163025 672.0 800.0 47399.0 1737.0
0.947265625 0.951134204864502 638.0 702.0 47497.0 1771.0
0.96875 0.9509761333465576 620.0 692.0 47507.0 1789.0
0.94921875 0.9469254016876221 716.0 993.0 47206.0 1693.0
0.943359375 0.9504426121711731 609.0 708.0 47491.0 1800.0
0.96484375 0.9505611658096313 595.0 688.0 47511.0 1814.0
0.955078125 0.9507785439491272 625.0 707.0 47492.0 1784.0
0.94921875 0.9514503479003906 635.0 683.0 47516.0 1774.0
0.955078125 0.9501857161521912 627.0 739.0 47460.0 1782.0
0.951171875 0.9510749578475952 636.0 703.0 47496.0 1773.0
0.93359375 0.9484468698501587 670.0 870.0 47329.0 1739.0
0.955078125 0.9518060088157654 620.0 650.0 47549.0 1789.0
0.95703125 0.9500474333763123 664.0 783.0 47416.0 1745.0
0.939453125 0.9487630128860474 689.0 873.0 47326.0 1720.0
0.953125 0.9516874551773071 601.0 637.0 47562.0 1808.0
0.94921875 0.9513713121414185 607.0 659.0 47540.0 1802.0
0.953125 0.9519246220588684 620.0 644.0 47555.0 1789.0
0.953125 0.9485654234886169 693.0 887.0 47312.0 1716.0
0.947265625 0.9509958624839783 658.0 729.0 47470.0 1751.0
0.951171875 0.9483481049537659 665.0 870.0 47329.0 1744.0
0.953125 0.9496917724609375 671.0 808.0 47391.0 1738.0
0.95703125 0.9505809545516968 658.0 750.0 47449.0 1751.0
0.947265625 0.9475379586219788 702.0 948.0 47251.0 1707.0
0.95703125 0.9488025903701782 677.0 859.0 47340.0 1732.0
0.955078125 0.9516677260398865 610.0 647.0 47552.0 1799.0
0.955078125 0.9493163228034973 661.0 817.0 47382.0 1748.0
0.94140625 0.9507587552070618 639.0 722.0 47477.0 1770.0
0.955078125 0.9491779804229736 663.0 826.0 47373.0 1746.0
0.962890625 0.9506402015686035 642.0 731.0 47468.0 1767.0
0.93359375 0.949158251285553 668.0 832.0 47367.0 1741.0
0.958984375 0.9476169943809509 671.0 913.0 47286.0 1738.0
0.94921875 0.9491779804229736 638.0 801.0 47398.0 1771.0
0.958984375 0.9489606618881226 672.0 846.0 47353.0 1737.0
0.947265625 0.9495534300804138 632.0 776.0 47423.0 1777.0
0.935546875 0.947063684463501 685.0 955.0 47244.0 1724.0
0.951171875 0.9501659870147705 651.0 764.0 47435.0 1758.0
0.951171875 0.9499486088752747 657.0 781.0 47418.0 1752.0
0.943359375 0.9512330293655396 603.0 662.0 47537.0 1806.0
0.951171875 0.9492174983024597 651.0 812.0 47387.0 1758.0
0.94921875 0.9481109976768494 682.0 899.0 47300.0 1727.0
0.953125 0.9515886902809143 620.0 661.0 47538.0 1789.0
0.953125 0.9480714797973633 710.0 929.0 47270.0 1699.0
0.9453125 0.9510156512260437 620.0 690.0 47509.0 1789.0
0.9609375 0.9490594267845154 600.0 769.0 47430.0 1809.0
0.955078125 0.9515689015388489 625.0 667.0 47532.0 1784.0
0.947265625 0.9490594267845154 693.0 862.0 47337.0 1716.0
0.95703125 0.9499683976173401 615.0 738.0 47461.0 1794.0
0.955078125 0.9516677260398865 642.0 679.0 47520.0 1767.0
0.951171875 0.9510353803634644 616.0 685.0 47514.0 1793.0
0.943359375 0.9491977691650391 674.0 836.0 47363.0 1735.0
0.947265625 0.9502252340316772 661.0 771.0 47428.0 1748.0
0.955078125 0.9490792155265808 669.0 837.0 47362.0 1740.0
0.94921875 0.950403094291687 660.0 761.0 47438.0 1749.0
0.962890625 0.951470136642456 631.0 678.0 47521.0 1778.0
0.958984375 0.9505611658096313 638.0 731.0 47468.0 1771.0
0.9375 0.9496522545814514 679.0 818.0 47381.0 1730.0
0.951171875 0.9492372870445251 619.0 779.0 47420.0 1790.0
0.951171875 0.9482097625732422 707.0 919.0 47280.0 1702.0
0.94921875 0.9492965340614319 680.0 837.0 47362.0 1729.0
0.939453125 0.9503438472747803 662.0 766.0 47433.0 1747.0
0.94921875 0.948901355266571 666.0 843.0 47356.0 1743.0
0.955078125 0.9496127367019653 650.0 791.0 47408.0 1759.0
0.9375 0.9505019187927246 649.0 745.0 47454.0 1760.0
0.95703125 0.9488025903701782 682.0 864.0 47335.0 1727.0
0.955078125 0.9477750658988953 733.0 967.0 47232.0 1676.0
0.958984375 0.9500079154968262 667.0 788.0 47411.0 1742.0
0.951171875 0.9497510194778442 654.0 788.0 47411.0 1755.0
0.9609375 0.950403094291687 671.0 772.0 47427.0 1738.0
0.953125 0.9516874551773071 576.0 613.0 47586.0 1832.0
0.94140625 0.9497312903404236 696.0 831.0 47368.0 1713.0
0.958984375 0.9496719837188721 668.0 806.0 47393.0 1741.0
0.953125 0.9496127367019653 679.0 820.0 47379.0 1730.0
0.95703125 0.9496127367019653 664.0 805.0 47394.0 1745.0
0.951171875 0.9508970975875854 599.0 675.0 47524.0 1810.0
0.939453125 0.9479331374168396 728.0 954.0 47245.0 1681.0
0.95703125 0.9514503479003906 640.0 688.0 47511.0 1769.0
0.951171875 0.9492965340614319 672.0 829.0 47370.0 1737.0
0.955078125 0.9499090909957886 630.0 756.0 47443.0 1779.0
0.9609375 0.950659990310669 671.0 759.0 47440.0 1738.0
0.947265625 0.9512132406234741 633.0 693.0 47506.0 1776.0
0.943359375 0.9493163228034973 679.0 835.0 47364.0 1730.0
0.9609375 0.9505611658096313 646.0 739.0 47460.0 1763.0
0.94140625 0.950106680393219 638.0 754.0 47445.0 1771.0
0.94921875 0.9503635764122009 625.0 728.0 47471.0 1784.0
0.9453125 0.9502450227737427 658.0 767.0 47432.0 1751.0
0.953125 0.9502055048942566 631.0 742.0 47457.0 1778.0
0.9453125 0.9480912089347839 691.0 909.0 47290.0 1718.0
0.955078125 0.9506006836891174 641.0 732.0 47467.0 1768.0
0.958984375 0.9498893618583679 625.0 752.0 47447.0 1784.0
0.951171875 0.9513317942619324 607.0 661.0 47538.0 1802.0
0.9609375 0.9509168267250061 645.0 720.0 47479.0 1764.0
0.943359375 0.9476762413978577 699.0 938.0 47261.0 1710.0
0.943359375 0.9487432837486267 656.0 841.0 47358.0 1753.0
0.947265625 0.9494348764419556 678.0 828.0 47371.0 1731.0
0.958984375 0.9509563446044922 644.0 717.0 47482.0 1765.0
0.951171875 0.9505019187927246 677.0 773.0 47426.0 1732.0
0.947265625 0.948387622833252 694.0 897.0 47302.0 1715.0
0.951171875 0.9504426121711731 619.0 718.0 47481.0 1790.0
0.9375 0.9496127367019653 683.0 824.0 47375.0 1726.0
0.96484375 0.9483085870742798 646.0 853.0 47346.0 1763.0
0.943359375 0.9493558406829834 667.0 821.0 47378.0 1742.0
0.951171875 0.9519443511962891 623.0 646.0 47553.0 1786.0
0.947265625 0.951134204864502 652.0 716.0 47483.0 1757.0
0.9453125 0.9515689015388489 516.0 558.0 47641.0 1893.0
0.953125 0.9484666585922241 673.0 872.0 47327.0 1736.0
0.9453125 0.9509563446044922 617.0 690.0 47509.0 1792.0
0.947265625 0.9511935114860535 642.0 703.0 47496.0 1767.0
0.951171875 0.950403094291687 674.0 775.0 47424.0 1735.0
0.947265625 0.9486247301101685 681.0 872.0 47327.0 1728.0
0.951171875 0.9516677260398865 583.0 620.0 47579.0 1826.0
0.955078125 0.9487630128860474 689.0 873.0 47326.0 1720.0
0.947265625 0.9482097625732422 688.0 900.0 47299.0 1721.0
0.95703125 0.9509366154670715 637.0 711.0 47488.0 1772.0
0.951171875 0.9513713121414185 586.0 638.0 47561.0 1823.0
0.9453125 0.9513911008834839 637.0 688.0 47511.0 1772.0
0.943359375 0.9495139122009277 633.0 779.0 47420.0 1776.0
0.962890625 0.9505019187927246 675.0 771.0 47428.0 1734.0
0.947265625 0.9488421082496643 658.0 838.0 47361.0 1751.0
0.939453125 0.9485852122306824 652.0 845.0 47354.0 1757.0
0.94140625 0.9493558406829834 688.0 842.0 47357.0 1721.0
0.9453125 0.9478738307952881 700.0 929.0 47270.0 1709.0
0.953125 0.9508970975875854 579.0 655.0 47544.0 1830.0
0.9609375 0.9509563446044922 650.0 723.0 47476.0 1759.0
0.955078125 0.9481900334358215 662.0 875.0 47324.0 1747.0
0.94921875 0.951134204864502 641.0 705.0 47494.0 1768.0
0.95703125 0.9495732188224792 668.0 811.0 47388.0 1741.0
0.955078125 0.9482690691947937 697.0 906.0 47293.0 1712.0
0.953125 0.9477355480194092 679.0 915.0 47284.0 1730.0
0.96484375 0.949336051940918 664.0 819.0 47380.0 1745.0
0.951171875 0.9497510194778442 656.0 790.0 47409.0 1753.0
0.96484375 0.9515491724014282 621.0 664.0 47535.0 1788.0
0.94921875 0.9496917724609375 656.0 793.0 47406.0 1753.0
0.958984375 0.948427140712738 676.0 877.0 47322.0 1733.0
0.9453125 0.9493558406829834 673.0 827.0 47372.0 1736.0
0.951171875 0.9512132406234741 563.0 623.0 47576.0 1846.0
0.94921875 0.9480912089347839 719.0 937.0 47262.0 1690.0
0.94140625 0.9481109976768494 700.0 917.0 47282.0 1709.0
0.958984375 0.9520826935768127 630.0 646.0 47553.0 1779.0
0.94140625 0.9474589228630066 677.0 927.0 47272.0 1732.0
0.953125 0.950699508190155 610.0 696.0 47503.0 1799.0
0.9609375 0.948387622833252 703.0 906.0 47293.0 1706.0
0.943359375 0.948901355266571 680.0 857.0 47342.0 1729.0
0.93359375 0.9514503479003906 623.0 671.0 47528.0 1786.0
0.951171875 0.9494546055793762 654.0 803.0 47396.0 1755.0
0.951171875 0.9500474333763123 642.0 761.0 47438.0 1767.0
0.958984375 0.9511935114860535 635.0 696.0 47503.0 1774.0
0.95703125 0.9493163228034973 677.0 833.0 47366.0 1732.0
0.947265625 0.9490199089050293 701.0 872.0 47327.0 1708.0
0.958984375 0.9522802829742432 612.0 618.0 47581.0 1797.0
0.951171875 0.9503833651542664 616.0 718.0 47481.0 1793.0
0.939453125 0.9492965340614319 678.0 835.0 47364.0 1731.0
0.951171875 0.951904833316803 620.0 645.0 47554.0 1789.0
0.955078125 0.951134204864502 664.0 728.0 47471.0 1745.0
0.9609375 0.948901355266571 664.0 841.0 47358.0 1745.0
0.94921875 0.9474984407424927 673.0 921.0 47278.0 1736.0
0.955078125 0.9497312903404236 661.0 796.0 47403.0 1748.0
0.94921875 0.9500079154968262 661.0 782.0 47417.0 1748.0
0.9609375 0.9513515830039978 645.0 698.0 47501.0 1764.0
0.94921875 0.951470136642456 629.0 676.0 47523.0 1780.0
0.95703125 0.9494348764419556 688.0 838.0 47361.0 1721.0
0.943359375 0.9492174983024597 653.0 814.0 47385.0 1756.0
0.955078125 0.9512527585029602 607.0 665.0 47534.0 1802.0
0.9609375 0.9496127367019653 685.0 826.0 47373.0 1724.0
0.953125 0.9507785439491272 671.0 753.0 47446.0 1738.0
0.955078125 0.9505809545516968 616.0 708.0 47491.0 1793.0
0.951171875 0.9506204724311829 621.0 711.0 47488.0 1788.0
0.958984375 0.9487828016281128 706.0 889.0 47310.0 1703.0
0.953125 0.9505611658096313 613.0 706.0 47493.0 1796.0
0.953125 0.9479726552963257 697.0 921.0 47278.0 1712.0
0.95703125 0.9505809545516968 613.0 705.0 47494.0 1796.0
0.95703125 0.9507192373275757 640.0 725.0 47474.0 1769.0
0.947265625 0.9494348764419556 665.0 815.0 47384.0 1744.0
0.966796875 0.9494743943214417 613.0 761.0 47438.0 1796.0
0.94921875 0.9517269730567932 559.0 593.0 47606.0 1850.0
0.94921875 0.9495732188224792 678.0 821.0 47378.0 1731.0
0.953125 0.9506797194480896 640.0 727.0 47472.0 1769.0
0.951171875 0.9506204724311829 629.0 719.0 47480.0 1780.0
0.962890625 0.9504426121711731 643.0 742.0 47457.0 1766.0
0.9453125 0.9475379586219788 701.0 947.0 47252.0 1708.0
0.94921875 0.9508575797080994 664.0 742.0 47457.0 1745.0
0.955078125 0.9507587552070618 651.0 734.0 47465.0 1758.0
0.953125 0.9503635764122009 671.0 774.0 47425.0 1738.0
0.955078125 0.95087730884552 633.0 710.0 47489.0 1776.0
0.951171875 0.9505809545516968 651.0 743.0 47456.0 1758.0
0.95703125 0.9520036578178406 606.0 626.0 47573.0 1803.0
0.939453125 0.9504624009132385 642.0 740.0 47459.0 1767.0
0.953125 0.9499881267547607 649.0 771.0 47428.0 1760.0
0.9453125 0.9505809545516968 649.0 741.0 47458.0 1760.0
0.94921875 0.951134204864502 630.0 694.0 47505.0 1779.0
0.9375 0.9486444592475891 724.0 914.0 47285.0 1685.0
0.943359375 0.9519443511962891 552.0 575.0 47624.0 1857.0
0.94921875 0.95143061876297 627.0 676.0 47523.0 1782.0
0.947265625 0.9484863877296448 692.0 890.0 47309.0 1717.0
0.947265625 0.9484666585922241 712.0 911.0 47288.0 1697.0
0.95703125 0.9491977691650391 704.0 866.0 47333.0 1705.0
0.951171875 0.9522604942321777 564.0 571.0 47628.0 1845.0
0.951171875 0.9510946869850159 600.0 666.0 47533.0 1809.0
0.943359375 0.9496917724609375 647.0 784.0 47415.0 1762.0
0.97265625 0.9523000121116638 587.0 592.0 47607.0 1822.0
0.951171875 0.9507390260696411 632.0 716.0 47483.0 1777.0
0.955078125 0.9474984407424927 715.0 963.0 47236.0 1694.0
0.94921875 0.9476762413978577 722.0 961.0 47238.0 1687.0
0.9609375 0.9487828016281128 643.0 826.0 47373.0 1766.0
0.947265625 0.9505611658096313 645.0 738.0 47461.0 1764.0
0.943359375 0.9461745023727417 764.0 1079.0 47120.0 1645.0
0.939453125 0.9519641399383545 610.0 632.0 47567.0 1799.0
0.939453125 0.9471032023429871 711.0 979.0 47220.0 1698.0
0.94140625 0.9468265771865845 691.0 973.0 47226.0 1718.0
0.962890625 0.9499486088752747 671.0 795.0 47404.0 1738.0
0.953125 0.9460164308547974 742.0 1065.0 47134.0 1667.0
0.958984375 0.9500671625137329 639.0 757.0 47442.0 1770.0
0.95703125 0.9512330293655396 608.0 667.0 47532.0 1801.0
0.94140625 0.9495732188224792 661.0 804.0 47395.0 1748.0
0.962890625 0.95087730884552 594.0 671.0 47528.0 1815.0
0.951171875 0.9511144757270813 595.0 660.0 47539.0 1814.0
0.95703125 0.9506402015686035 631.0 720.0 47479.0 1778.0
0.943359375 0.9500474333763123 657.0 776.0 47423.0 1752.0
0.955078125 0.9509563446044922 607.0 680.0 47519.0 1802.0
0.94140625 0.948604941368103 700.0 892.0 47307.0 1709.0
0.953125 0.9482887983322144 692.0 900.0 47299.0 1717.0
0.9453125 0.9491384625434875 660.0 825.0 47374.0 1749.0
0.9453125 0.950699508190155 624.0 710.0 47489.0 1785.0
0.955078125 0.9490001797676086 676.0 848.0 47351.0 1733.0
0.955078125 0.9504228830337524 627.0 727.0 47472.0 1782.0
0.947265625 0.9482887983322144 698.0 906.0 47293.0 1711.0
0.94921875 0.9498893618583679 659.0 786.0 47413.0 1750.0
0.94921875 0.9504228830337524 641.0 741.0 47458.0 1768.0
0.953125 0.9496917724609375 664.0 801.0 47398.0 1745.0
0.953125 0.9495336413383484 643.0 788.0 47411.0 1766.0
0.953125 0.9513120651245117 621.0 676.0 47523.0 1788.0
0.94140625 0.9507587552070618 625.0 708.0 47491.0 1784.0
0.958984375 0.9520036578178406 589.0 609.0 47590.0 1820.0
0.95703125 0.950659990310669 689.0 777.0 47422.0 1720.0
0.958984375 0.9515491724014282 631.0 674.0 47525.0 1778.0
0.9375 0.948901355266571 689.0 866.0 47333.0 1720.0
0.951171875 0.9509761333465576 647.0 719.0 47480.0 1762.0
0.947265625 0.9494743943214417 695.0 843.0 47356.0 1714.0
0.951171875 0.9501659870147705 648.0 761.0 47438.0 1761.0
0.953125 0.9503438472747803 669.0 773.0 47426.0 1740.0
0.955078125 0.9499683976173401 651.0 774.0 47425.0 1758.0
0.95703125 0.9530904293060303 562.0 527.0 47672.0 1847.0
0.962890625 0.9490199089050293 663.0 834.0 47365.0 1746.0
0.955078125 0.9516677260398865 602.0 639.0 47560.0 1807.0
0.951171875 0.9507390260696411 644.0 728.0 47471.0 1765.0
0.962890625 0.9490199089050293 683.0 854.0 47345.0 1726.0
0.95703125 0.9519246220588684 589.0 613.0 47586.0 1820.0
0.955078125 0.9513713121414185 611.0 663.0 47536.0 1798.0
0.94921875 0.9501659870147705 648.0 761.0 47438.0 1761.0
0.958984375 0.9518851041793823 633.0 659.0 47540.0 1776.0
0.943359375 0.9485061764717102 668.0 865.0 47334.0 1741.0
0.947265625 0.950659990310669 630.0 718.0 47481.0 1779.0
0.955078125 0.9494941234588623 660.0 807.0 47392.0 1749.0
0.953125 0.9494546055793762 682.0 831.0 47368.0 1727.0
0.953125 0.9488223195075989 691.0 872.0 47327.0 1718.0
0.951171875 0.9512922763824463 617.0 673.0 47526.0 1792.0
0.953125 0.9489606618881226 691.0 865.0 47334.0 1718.0
0.955078125 0.9528730511665344 587.0 563.0 47636.0 1822.0
0.951171875 0.948387622833252 687.0 890.0 47309.0 1722.0
0.955078125 0.9505809545516968 638.0 730.0 47469.0 1771.0
0.955078125 0.9507587552070618 631.0 714.0 47485.0 1778.0
0.94921875 0.9505414366722107 648.0 742.0 47457.0 1761.0
0.953125 0.9495336413383484 693.0 838.0 47361.0 1716.0
0.94140625 0.9507390260696411 631.0 715.0 47484.0 1778.0
0.955078125 0.9505414366722107 590.0 684.0 47515.0 1819.0
0.953125 0.9520826935768127 644.0 660.0 47539.0 1765.0
0.955078125 0.9493163228034973 640.0 796.0 47403.0 1769.0
0.943359375 0.9518851041793823 614.0 640.0 47559.0 1795.0
0.955078125 0.9494941234588623 640.0 787.0 47412.0 1769.0
0.951171875 0.951904833316803 608.0 633.0 47566.0 1801.0
0.95703125 0.9504426121711731 649.0 748.0 47451.0 1760.0
0.95703125 0.9500869512557983 649.0 766.0 47433.0 1760.0
0.955078125 0.9502252340316772 624.0 734.0 47465.0 1785.0
0.94140625 0.952971875667572 579.0 550.0 47649.0 1830.0
0.943359375 0.9494348764419556 663.0 813.0 47386.0 1746.0
0.943359375 0.9511539936065674 619.0 682.0 47517.0 1790.0
0.94921875 0.950106680393219 675.0 791.0 47408.0 1734.0
0.96484375 0.9468463659286499 757.0 1038.0 47161.0 1652.0
0.95703125 0.95143061876297 631.0 680.0 47519.0 1778.0
0.9453125 0.9493558406829834 678.0 832.0 47367.0 1731.0
0.947265625 0.9476960301399231 691.0 929.0 47270.0 1718.0
0.943359375 0.9503635764122009 685.0 788.0 47411.0 1724.0
0.9453125 0.9506006836891174 643.0 734.0 47465.0 1766.0
0.947265625 0.9521419405937195 572.0 585.0 47614.0 1837.0
0.955078125 0.9503438472747803 652.0 756.0 47443.0 1757.0
0.95703125 0.9518455862998962 610.0 638.0 47561.0 1799.0
0.9296875 0.9476367235183716 730.0 971.0 47228.0 1679.0
0.9453125 0.9519641399383545 594.0 616.0 47583.0 1815.0
