0.3994140625 0.3982374370098114 1748.0 29793.0 18406.0 661.0
0.953125 0.9523988366127014 0.0 0.0 48199.0 2409.0
0.953125 0.9523593187332153 0.0 2.0 48197.0 2409.0
0.953125 0.9523395299911499 0.0 3.0 48196.0 2409.0
0.953125 0.9523988366127014 0.0 0.0 48199.0 2409.0
0.953125 0.9523593187332153 0.0 2.0 48197.0 2409.0
0.953125 0.9523988366127014 0.0 0.0 48199.0 2409.0
0.9521484375 0.9519838690757751 20.0 41.0 48158.0 2389.0
0.9521484375 0.9523395299911499 1.0 4.0 48195.0 2408.0
0.953125 0.9520431756973267 32.0 50.0 48149.0 2377.0
0.9453125 0.9495139122009277 188.0 334.0 47865.0 2221.0
0.9501953125 0.9510749578475952 134.0 201.0 47998.0 2275.0
0.953125 0.9485654234886169 247.0 441.0 47758.0 2162.0
0.955078125 0.9492372870445251 232.0 392.0 47807.0 2177.0
0.9541015625 0.9500869512557983 218.0 335.0 47864.0 2191.0
0.951171875 0.948861837387085 275.0 454.0 47745.0 2134.0
0.9462890625 0.9476367235183716 369.0 610.0 47589.0 2040.0
0.9521484375 0.949928879737854 284.0 409.0 47790.0 2125.0
0.951171875 0.9506204724311829 222.0 312.0 47887.0 2187.0
0.9501953125 0.949375569820404 346.0 499.0 47700.0 2063.0
0.9501953125 0.9480319023132324 386.0 607.0 47592.0 2023.0
0.94921875 0.9478738307952881 399.0 628.0 47571.0 2010.0
0.9423828125 0.9480319023132324 432.0 653.0 47546.0 1977.0
0.9482421875 0.9481702446937561 469.0 683.0 47516.0 1940.0
0.947265625 0.9483283162117004 410.0 616.0 47583.0 1999.0
0.9462890625 0.9490199089050293 440.0 611.0 47588.0 1969.0
0.9521484375 0.9510551691055298 180.0 248.0 47951.0 2229.0
0.9443359375 0.9473403692245483 505.0 761.0 47438.0 1904.0
0.939453125 0.9462140202522278 530.0 843.0 47356.0 1879.0
0.94921875 0.9484666585922241 460.0 659.0 47540.0 1949.0
0.9482421875 0.9492768049240112 465.0 623.0 47576.0 1944.0
0.9453125 0.9485456943511963 478.0 673.0 47526.0 1931.0
0.9443359375 0.9465301632881165 471.0 768.0 47431.0 1938.0
0.9443359375 0.9455224275588989 573.0 921.0 47278.0 1836.0
0.939453125 0.949632465839386 354.0 494.0 47705.0 2055.0
0.943359375 0.9479528665542603 459.0 684.0 47515.0 1950.0
0.955078125 0.9494743943214417 286.0 434.0 47765.0 2123.0
0.953125 0.9495534300804138 404.0 548.0 47651.0 2005.0
0.94921875 0.9479133486747742 503.0 730.0 47469.0 1906.0
0.9541015625 0.949632465839386 351.0 491.0 47708.0 2058.0
0.9443359375 0.9471625089645386 487.0 752.0 47447.0 1922.0
0.951171875 0.9482887983322144 458.0 666.0 47533.0 1951.0
0.9541015625 0.9492372870445251 442.0 602.0 47597.0 1967.0
0.9482421875 0.9487037658691406 442.0 629.0 47570.0 1967.0
0.9521484375 0.9465697407722473 547.0 842.0 47357.0 1862.0
0.955078125 0.9465104341506958 501.0 799.0 47400.0 1908.0
0.947265625 0.9478541016578674 517.0 747.0 47452.0 1892.0
0.9462890625 0.9497115015983582 435.0 571.0 47628.0 1974.0
0.95703125 0.9495929479598999 416.0 558.0 47641.0 1993.0
0.9541015625 0.9486444592475891 494.0 684.0 47515.0 1915.0
0.94921875 0.9484863877296448 477.0 675.0 47524.0 1932.0
0.951171875 0.9502450227737427 398.0 507.0 47692.0 2011.0
0.9501953125 0.9484666585922241 483.0 682.0 47517.0 1926.0
0.9501953125 0.9502845406532288 385.0 492.0 47707.0 2024.0
0.951171875 0.9481702446937561 474.0 688.0 47511.0 1935.0
0.9599609375 0.9487234950065613 512.0 698.0 47501.0 1897.0
0.953125 0.9505809545516968 300.0 392.0 47807.0 2109.0
0.94921875 0.9483085870742798 510.0 717.0 47482.0 1899.0
0.9580078125 0.9490792155265808 457.0 625.0 47574.0 1952.0
0.9443359375 0.9481109976768494 499.0 716.0 47483.0 1910.0
0.947265625 0.9497510194778442 452.0 586.0 47613.0 1957.0
0.9462890625 0.9480912089347839 511.0 729.0 47470.0 1898.0
0.9423828125 0.9491779804229736 466.0 629.0 47570.0 1943.0
0.9580078125 0.9504624009132385 420.0 518.0 47681.0 1989.0
0.962890625 0.9496917724609375 460.0 597.0 47602.0 1949.0
0.953125 0.9507390260696411 398.0 482.0 47717.0 2011.0
0.9521484375 0.9510156512260437 366.0 436.0 47763.0 2043.0
0.9462890625 0.9469056129455566 541.0 819.0 47380.0 1868.0
0.9501953125 0.9502252340316772 437.0 547.0 47652.0 1972.0
0.9453125 0.9499090909957886 441.0 567.0 47632.0 1968.0
0.9423828125 0.9506006836891174 426.0 517.0 47682.0 1983.0
0.939453125 0.9484863877296448 526.0 724.0 47475.0 1883.0
0.9423828125 0.9500474333763123 436.0 555.0 47644.0 1973.0
0.955078125 0.9485852122306824 473.0 666.0 47533.0 1936.0
0.9501953125 0.9481505155563354 509.0 724.0 47475.0 1900.0
0.951171875 0.9496127367019653 432.0 573.0 47626.0 1977.0
0.94921875 0.9500079154968262 416.0 537.0 47662.0 1993.0
0.9501953125 0.948387622833252 510.0 713.0 47486.0 1899.0
0.9580078125 0.9490396976470947 472.0 642.0 47557.0 1937.0
0.943359375 0.9498498439788818 444.0 573.0 47626.0 1965.0
0.94921875 0.9500869512557983 429.0 546.0 47653.0 1980.0
0.953125 0.948427140712738 489.0 690.0 47509.0 1920.0
0.955078125 0.9471822381019592 561.0 825.0 47374.0 1848.0
0.9560546875 0.9487234950065613 506.0 692.0 47507.0 1903.0
0.951171875 0.9497708082199097 468.0 601.0 47598.0 1941.0
0.947265625 0.9498498439788818 493.0 622.0 47577.0 1916.0
0.9541015625 0.9501857161521912 412.0 524.0 47675.0 1997.0
0.9462890625 0.9474589228630066 537.0 787.0 47412.0 1872.0
0.9501953125 0.9504426121711731 427.0 526.0 47673.0 1982.0
0.9541015625 0.9477157592773438 541.0 778.0 47421.0 1868.0
0.9541015625 0.9502845406532288 467.0 574.0 47625.0 1942.0
0.9501953125 0.9503438472747803 394.0 498.0 47701.0 2015.0
0.951171875 0.9495336413383484 449.0 594.0 47605.0 1960.0
0.9541015625 0.9495534300804138 475.0 619.0 47580.0 1934.0
0.9501953125 0.9486839771270752 518.0 706.0 47493.0 1891.0
0.953125 0.9500474333763123 382.0 501.0 47698.0 2027.0
0.9462890625 0.9472415447235107 514.0 775.0 47424.0 1895.0
0.9482421875 0.9477750658988953 542.0 776.0 47423.0 1867.0
0.9462890625 0.9480121731758118 548.0 770.0 47429.0 1861.0
0.955078125 0.9495929479598999 442.0 584.0 47615.0 1967.0
0.943359375 0.9480319023132324 510.0 731.0 47468.0 1899.0
0.94921875 0.949158251285553 499.0 663.0 47536.0 1910.0
0.951171875 0.9497708082199097 446.0 579.0 47620.0 1963.0
0.951171875 0.947656512260437 516.0 756.0 47443.0 1893.0
0.94921875 0.9496719837188721 484.0 622.0 47577.0 1925.0
0.9462890625 0.9506006836891174 413.0 504.0 47695.0 1996.0
0.9453125 0.9486444592475891 500.0 690.0 47509.0 1909.0
0.9482421875 0.9505611658096313 457.0 550.0 47649.0 1952.0
0.9521484375 0.9496719837188721 515.0 653.0 47546.0 1894.0
0.951171875 0.9490001797676086 517.0 689.0 47510.0 1892.0
0.947265625 0.9501264691352844 443.0 558.0 47641.0 1966.0
0.95703125 0.9496917724609375 481.0 618.0 47581.0 1928.0
0.9541015625 0.9503043293952942 466.0 572.0 47627.0 1943.0
0.947265625 0.9478936195373535 567.0 795.0 47404.0 1842.0
0.9521484375 0.9499683976173401 486.0 609.0 47590.0 1923.0
0.9482421875 0.9489803910255432 536.0 709.0 47490.0 1873.0
0.953125 0.9502845406532288 457.0 564.0 47635.0 1952.0
0.939453125 0.9494546055793762 475.0 624.0 47575.0 1934.0
0.9453125 0.9502252340316772 468.0 578.0 47621.0 1941.0
0.9453125 0.950403094291687 472.0 573.0 47626.0 1937.0
0.9443359375 0.9470044374465942 563.0 836.0 47363.0 1846.0
0.9482421875 0.9505019187927246 415.0 511.0 47688.0 1994.0
0.94140625 0.9483283162117004 574.0 780.0 47419.0 1835.0
0.94921875 0.9499881267547607 479.0 601.0 47598.0 1930.0
0.9521484375 0.9502055048942566 496.0 607.0 47592.0 1913.0
0.9521484375 0.9497312903404236 471.0 606.0 47593.0 1938.0
0.9609375 0.9503438472747803 501.0 605.0 47594.0 1908.0
0.9482421875 0.9488421082496643 519.0 699.0 47500.0 1890.0
0.9638671875 0.9488816261291504 508.0 686.0 47513.0 1901.0
0.951171875 0.9496719837188721 498.0 636.0 47563.0 1911.0
0.955078125 0.9499683976173401 487.0 610.0 47589.0 1922.0
0.9453125 0.9503438472747803 431.0 535.0 47664.0 1978.0
0.947265625 0.9500276446342468 473.0 593.0 47606.0 1936.0
0.9443359375 0.949336051940918 484.0 639.0 47560.0 1925.0
0.951171875 0.9491187334060669 537.0 703.0 47496.0 1872.0
0.947265625 0.9494546055793762 525.0 674.0 47525.0 1884.0
0.958984375 0.9497708082199097 473.0 606.0 47593.0 1936.0
0.95703125 0.9505414366722107 477.0 571.0 47628.0 1932.0
0.9501953125 0.9487828016281128 537.0 720.0 47479.0 1872.0
0.9560546875 0.9505414366722107 391.0 485.0 47714.0 2018.0
0.9521484375 0.9505611658096313 431.0 524.0 47675.0 1978.0
0.955078125 0.9511539936065674 420.0 483.0 47716.0 1989.0
0.9560546875 0.9492174983024597 535.0 696.0 47503.0 1874.0
0.943359375 0.9498103260993958 466.0 597.0 47602.0 1943.0
0.958984375 0.9493953585624695 475.0 627.0 47572.0 1934.0
0.951171875 0.9496522545814514 480.0 619.0 47580.0 1929.0
0.9423828125 0.9493953585624695 506.0 658.0 47541.0 1903.0
0.9521484375 0.9494150876998901 517.0 668.0 47531.0 1892.0
0.9462890625 0.9491977691650391 525.0 687.0 47512.0 1884.0
0.9482421875 0.9498300552368164 461.0 591.0 47608.0 1948.0
0.955078125 0.9491187334060669 508.0 674.0 47525.0 1901.0
0.9482421875 0.950106680393219 517.0 633.0 47566.0 1892.0
0.9482421875 0.9507587552070618 414.0 497.0 47702.0 1995.0
0.9423828125 0.9496917724609375 501.0 638.0 47561.0 1908.0
0.9541015625 0.9500079154968262 441.0 562.0 47637.0 1968.0
0.953125 0.949632465839386 492.0 632.0 47567.0 1917.0
0.9560546875 0.9499090909957886 496.0 622.0 47577.0 1913.0
0.9560546875 0.9505611658096313 493.0 586.0 47613.0 1916.0
0.953125 0.9484666585922241 527.0 726.0 47473.0 1882.0
0.9609375 0.9503043293952942 456.0 562.0 47637.0 1953.0
0.947265625 0.9498695731163025 492.0 620.0 47579.0 1917.0
0.95703125 0.949928879737854 477.0 602.0 47597.0 1932.0
0.955078125 0.949336051940918 538.0 693.0 47506.0 1871.0
0.95703125 0.9498103260993958 542.0 673.0 47526.0 1867.0
0.94921875 0.9488421082496643 537.0 717.0 47482.0 1872.0
0.9580078125 0.9493163228034973 525.0 681.0 47518.0 1884.0
0.9423828125 0.9502450227737427 471.0 580.0 47619.0 1938.0
0.9501953125 0.9500474333763123 509.0 628.0 47571.0 1900.0
0.9541015625 0.9488025903701782 548.0 730.0 47469.0 1861.0
0.9521484375 0.9499090909957886 513.0 639.0 47560.0 1896.0
0.9580078125 0.9499683976173401 502.0 625.0 47574.0 1907.0
0.9541015625 0.9487234950065613 557.0 743.0 47456.0 1852.0
0.9560546875 0.9488816261291504 574.0 752.0 47447.0 1835.0
0.9482421875 0.9510749578475952 359.0 426.0 47773.0 2050.0
0.953125 0.94813072681427 561.0 777.0 47422.0 1848.0
0.9521484375 0.950659990310669 470.0 558.0 47641.0 1939.0
0.955078125 0.9498103260993958 490.0 621.0 47578.0 1919.0
0.951171875 0.9498695731163025 541.0 669.0 47530.0 1868.0
0.9453125 0.9498300552368164 516.0 646.0 47553.0 1893.0
0.951171875 0.9490001797676086 529.0 701.0 47498.0 1880.0
0.9580078125 0.9499881267547607 519.0 641.0 47558.0 1890.0
0.958984375 0.949336051940918 533.0 688.0 47511.0 1876.0
0.9443359375 0.9486642479896545 561.0 750.0 47449.0 1848.0
0.9541015625 0.9501461982727051 472.0 586.0 47613.0 1937.0
0.953125 0.9496917724609375 501.0 638.0 47561.0 1908.0
0.9560546875 0.9510353803634644 446.0 515.0 47684.0 1963.0
0.953125 0.9503833651542664 493.0 595.0 47604.0 1916.0
0.9423828125 0.9496127367019653 540.0 681.0 47518.0 1869.0
0.9580078125 0.9500474333763123 483.0 602.0 47597.0 1926.0
0.947265625 0.9491384625434875 541.0 706.0 47493.0 1868.0
0.9521484375 0.9498893618583679 470.0 597.0 47602.0 1939.0
0.9541015625 0.9504821300506592 460.0 557.0 47642.0 1949.0
0.953125 0.9490792155265808 518.0 686.0 47513.0 1891.0
0.9482421875 0.9486444592475891 552.0 742.0 47457.0 1857.0
0.951171875 0.9494743943214417 485.0 633.0 47566.0 1924.0
0.951171875 0.9499683976173401 505.0 628.0 47571.0 1904.0
0.953125 0.9497708082199097 507.0 640.0 47559.0 1902.0
0.947265625 0.9497312903404236 504.0 639.0 47560.0 1905.0
0.94921875 0.9494150876998901 565.0 716.0 47483.0 1844.0
0.9482421875 0.9501264691352844 512.0 627.0 47572.0 1897.0
0.958984375 0.9487630128860474 519.0 703.0 47496.0 1890.0
0.9521484375 0.9498695731163025 474.0 602.0 47597.0 1935.0
0.953125 0.9503635764122009 447.0 550.0 47649.0 1962.0
0.9521484375 0.9497115015983582 452.0 588.0 47611.0 1957.0
0.9521484375 0.9491187334060669 524.0 690.0 47509.0 1885.0
0.9541015625 0.9504821300506592 461.0 558.0 47641.0 1948.0
0.9521484375 0.9505216479301453 475.0 570.0 47629.0 1934.0
0.9501953125 0.9496522545814514 503.0 642.0 47557.0 1906.0
0.9599609375 0.950659990310669 486.0 574.0 47625.0 1923.0
0.9521484375 0.949928879737854 470.0 595.0 47604.0 1939.0
0.9560546875 0.9498498439788818 535.0 664.0 47535.0 1874.0
0.9541015625 0.9500869512557983 517.0 634.0 47565.0 1892.0
0.9541015625 0.9494150876998901 502.0 653.0 47546.0 1907.0
0.9541015625 0.9501461982727051 481.0 595.0 47604.0 1928.0
0.95703125 0.9492965340614319 507.0 664.0 47535.0 1902.0
0.9521484375 0.9475379586219788 596.0 842.0 47357.0 1813.0
0.947265625 0.9488025903701782 556.0 738.0 47461.0 1853.0
0.9580078125 0.9489606618881226 544.0 718.0 47481.0 1865.0
0.951171875 0.949158251285553 555.0 719.0 47480.0 1854.0
0.955078125 0.9498498439788818 469.0 598.0 47601.0 1940.0
0.94921875 0.9502055048942566 512.0 623.0 47576.0 1897.0
0.955078125 0.9508377909660339 407.0 486.0 47713.0 2002.0
0.9453125 0.9487234950065613 542.0 728.0 47471.0 1867.0
0.947265625 0.9506006836891174 458.0 549.0 47650.0 1951.0
0.9501953125 0.947834312915802 602.0 833.0 47366.0 1807.0
0.9541015625 0.950659990310669 450.0 538.0 47661.0 1959.0
0.951171875 0.9487630128860474 549.0 733.0 47466.0 1860.0
0.9423828125 0.9485852122306824 486.0 679.0 47520.0 1923.0
0.9560546875 0.9501264691352844 502.0 617.0 47582.0 1907.0
0.958984375 0.9497510194778442 554.0 688.0 47511.0 1855.0
0.9521484375 0.949632465839386 529.0 669.0 47530.0 1880.0
0.9482421875 0.9506204724311829 454.0 544.0 47655.0 1955.0
0.951171875 0.9500276446342468 494.0 614.0 47585.0 1915.0
0.9501953125 0.9495732188224792 547.0 690.0 47509.0 1862.0
0.94921875 0.9502845406532288 513.0 620.0 47579.0 1896.0
0.955078125 0.9503043293952942 478.0 584.0 47615.0 1931.0
0.9521484375 0.9498695731163025 513.0 641.0 47558.0 1896.0
0.9482421875 0.9500671625137329 507.0 625.0 47574.0 1902.0
0.9521484375 0.9508970975875854 419.0 495.0 47704.0 1990.0
0.9501953125 0.948604941368103 592.0 784.0 47415.0 1817.0
0.9521484375 0.9495336413383484 527.0 672.0 47527.0 1882.0
0.947265625 0.9487037658691406 554.0 741.0 47458.0 1855.0
0.955078125 0.9501461982727051 489.0 603.0 47596.0 1920.0
0.9501953125 0.9490001797676086 548.0 720.0 47479.0 1861.0
0.947265625 0.9512527585029602 428.0 486.0 47713.0 1981.0
0.95703125 0.9498498439788818 509.0 638.0 47561.0 1900.0
0.953125 0.9506204724311829 469.0 559.0 47640.0 1940.0
0.9560546875 0.9500671625137329 492.0 610.0 47589.0 1917.0
0.951171875 0.9505019187927246 497.0 593.0 47606.0 1912.0
0.95703125 0.9501659870147705 483.0 596.0 47603.0 1926.0
0.9482421875 0.9505216479301453 477.0 572.0 47627.0 1932.0
0.9580078125 0.9512330293655396 447.0 506.0 47693.0 1962.0
0.95703125 0.9515491724014282 445.0 488.0 47711.0 1964.0
0.95703125 0.9506402015686035 492.0 581.0 47618.0 1917.0
0.951171875 0.9496522545814514 503.0 642.0 47557.0 1906.0
0.9580078125 0.9504228830337524 481.0 581.0 47618.0 1928.0
0.9599609375 0.9501461982727051 517.0 631.0 47568.0 1892.0
0.95703125 0.9506402015686035 482.0 571.0 47628.0 1927.0
0.9462890625 0.9498300552368164 468.0 598.0 47601.0 1941.0
0.95703125 0.9507192373275757 440.0 525.0 47674.0 1969.0
0.9599609375 0.9506797194480896 415.0 502.0 47697.0 1994.0
0.94140625 0.9491187334060669 504.0 670.0 47529.0 1905.0
0.958984375 0.9491779804229736 522.0 685.0 47514.0 1887.0
0.947265625 0.9492372870445251 524.0 684.0 47515.0 1885.0
0.95703125 0.9498695731163025 504.0 632.0 47567.0 1905.0
0.9443359375 0.9471625089645386 627.0 892.0 47307.0 1782.0
0.9482421875 0.951134204864502 447.0 511.0 47688.0 1962.0
0.9501953125 0.9510946869850159 496.0 562.0 47637.0 1913.0
0.9462890625 0.9498695731163025 501.0 629.0 47570.0 1908.0
0.953125 0.9497708082199097 481.0 614.0 47585.0 1928.0
0.9599609375 0.9492965340614319 522.0 679.0 47520.0 1887.0
0.9521484375 0.9498695731163025 516.0 644.0 47555.0 1893.0
0.9541015625 0.9498498439788818 526.0 655.0 47544.0 1883.0
0.9443359375 0.9497115015983582 507.0 643.0 47556.0 1902.0
0.9482421875 0.949158251285553 536.0 700.0 47499.0 1873.0
0.9501953125 0.9491977691650391 544.0 706.0 47493.0 1865.0
0.9541015625 0.9505216479301453 438.0 533.0 47666.0 1971.0
0.94921875 0.9503833651542664 483.0 585.0 47614.0 1926.0
0.9599609375 0.949928879737854 501.0 626.0 47573.0 1908.0
0.951171875 0.9486642479896545 577.0 766.0 47433.0 1832.0
0.943359375 0.9502647519111633 505.0 613.0 47586.0 1904.0
0.9560546875 0.9502252340316772 442.0 552.0 47647.0 1967.0
0.9521484375 0.9488421082496643 580.0 760.0 47439.0 1829.0
0.9541015625 0.9500671625137329 521.0 639.0 47560.0 1888.0
0.9521484375 0.950106680393219 511.0 627.0 47572.0 1898.0
0.9482421875 0.9495534300804138 536.0 680.0 47519.0 1873.0
0.9599609375 0.9503438472747803 476.0 580.0 47619.0 1933.0
0.9423828125 0.9502252340316772 508.0 618.0 47581.0 1901.0
0.943359375 0.9502450227737427 518.0 627.0 47572.0 1891.0
0.9609375 0.9502647519111633 485.0 593.0 47606.0 1924.0
0.953125 0.9493558406829834 533.0 687.0 47512.0 1876.0
0.951171875 0.9498893618583679 507.0 634.0 47565.0 1902.0
0.953125 0.9497708082199097 486.0 619.0 47580.0 1923.0
0.9443359375 0.9498893618583679 484.0 611.0 47588.0 1925.0
0.953125 0.9511144757270813 425.0 490.0 47709.0 1984.0
0.953125 0.9502252340316772 519.0 629.0 47570.0 1890.0
0.947265625 0.9497905373573303 492.0 624.0 47575.0 1917.0
0.9580078125 0.9497708082199097 540.0 673.0 47526.0 1869.0
0.9560546875 0.9504426121711731 445.0 544.0 47655.0 1964.0
0.953125 0.9501659870147705 461.0 574.0 47625.0 1948.0
0.958984375 0.9502450227737427 495.0 604.0 47595.0 1914.0
0.95703125 0.949632465839386 516.0 656.0 47543.0 1893.0
0.9619140625 0.9497708082199097 529.0 662.0 47537.0 1880.0
0.9521484375 0.9491384625434875 536.0 701.0 47498.0 1873.0
0.9501953125 0.9507390260696411 503.0 587.0 47612.0 1906.0
0.953125 0.9498695731163025 526.0 654.0 47545.0 1883.0
0.9580078125 0.9508377909660339 449.0 528.0 47671.0 1960.0
0.947265625 0.9497510194778442 503.0 637.0 47562.0 1906.0
0.9580078125 0.9506402015686035 437.0 526.0 47673.0 1972.0
0.9482421875 0.949928879737854 496.0 621.0 47578.0 1913.0
0.951171875 0.9498893618583679 496.0 623.0 47576.0 1913.0
0.951171875 0.9495929479598999 510.0 652.0 47547.0 1899.0
0.9521484375 0.9509366154670715 421.0 495.0 47704.0 1988.0
0.947265625 0.9495732188224792 549.0 692.0 47507.0 1860.0
0.955078125 0.9503635764122009 517.0 620.0 47579.0 1892.0
0.947265625 0.9497312903404236 537.0 672.0 47527.0 1872.0
0.9599609375 0.9490199089050293 524.0 695.0 47504.0 1885.0
0.9453125 0.9506204724311829 444.0 534.0 47665.0 1965.0
0.9521484375 0.95087730884552 483.0 560.0 47639.0 1926.0
0.939453125 0.9492570161819458 549.0 708.0 47491.0 1860.0
0.953125 0.950106680393219 480.0 596.0 47603.0 1929.0
0.9462890625 0.9501264691352844 505.0 620.0 47579.0 1904.0
0.95703125 0.9504624009132385 438.0 536.0 47663.0 1971.0
0.951171875 0.9505611658096313 482.0 575.0 47624.0 1927.0
0.95703125 0.9504228830337524 426.0 526.0 47673.0 1983.0
0.955078125 0.9504228830337524 496.0 596.0 47603.0 1913.0
0.9541015625 0.9502252340316772 494.0 604.0 47595.0 1915.0
0.94921875 0.950403094291687 475.0 576.0 47623.0 1934.0
0.943359375 0.9494348764419556 550.0 700.0 47499.0 1859.0
0.95703125 0.9502252340316772 469.0 579.0 47620.0 1940.0
0.955078125 0.9507390260696411 484.0 568.0 47631.0 1925.0
0.9560546875 0.9501659870147705 513.0 626.0 47573.0 1896.0
0.955078125 0.9498893618583679 504.0 631.0 47568.0 1905.0
0.9443359375 0.9506006836891174 452.0 543.0 47656.0 1957.0
0.9541015625 0.9500474333763123 531.0 650.0 47549.0 1878.0
0.943359375 0.9502055048942566 484.0 595.0 47604.0 1925.0
0.958984375 0.9498103260993958 507.0 638.0 47561.0 1902.0
0.9560546875 0.9495732188224792 529.0 672.0 47527.0 1880.0
0.9541015625 0.9501659870147705 519.0 632.0 47567.0 1890.0
0.9482421875 0.9495732188224792 541.0 684.0 47515.0 1868.0
0.9501953125 0.9507982730865479 438.0 519.0 47680.0 1971.0
0.9609375 0.9505216479301453 486.0 581.0 47618.0 1923.0
0.951171875 0.9504624009132385 518.0 616.0 47583.0 1891.0
0.955078125 0.9486642479896545 534.0 723.0 47476.0 1875.0
0.94921875 0.9495732188224792 501.0 644.0 47555.0 1908.0
0.9482421875 0.9490989446640015 520.0 687.0 47512.0 1889.0
0.9443359375 0.9496522545814514 501.0 640.0 47559.0 1908.0
0.953125 0.9503635764122009 500.0 603.0 47596.0 1909.0
0.953125 0.9501659870147705 487.0 600.0 47599.0 1922.0
0.953125 0.9501659870147705 495.0 608.0 47591.0 1914.0
0.94921875 0.9499486088752747 541.0 665.0 47534.0 1868.0
0.94921875 0.9503043293952942 475.0 581.0 47618.0 1934.0
0.9560546875 0.9502647519111633 519.0 627.0 47572.0 1890.0
0.953125 0.9490792155265808 556.0 724.0 47475.0 1853.0
0.9482421875 0.9494348764419556 502.0 652.0 47547.0 1907.0
0.9560546875 0.9505216479301453 464.0 559.0 47640.0 1945.0
0.9521484375 0.9501857161521912 459.0 571.0 47628.0 1950.0
0.9541015625 0.949632465839386 524.0 664.0 47535.0 1885.0
0.955078125 0.9506402015686035 470.0 559.0 47640.0 1939.0
0.951171875 0.9492174983024597 534.0 695.0 47504.0 1875.0
0.953125 0.949632465839386 535.0 675.0 47524.0 1874.0
0.955078125 0.9513713121414185 454.0 506.0 47693.0 1955.0
0.9541015625 0.9495929479598999 491.0 633.0 47566.0 1918.0
0.9453125 0.9475972056388855 612.0 855.0 47344.0 1797.0
0.9462890625 0.948901355266571 532.0 709.0 47490.0 1877.0
0.94921875 0.9502055048942566 474.0 585.0 47614.0 1935.0
0.9541015625 0.9505216479301453 473.0 568.0 47631.0 1936.0
0.94921875 0.9489606618881226 569.0 743.0 47456.0 1840.0
0.94921875 0.9500474333763123 538.0 657.0 47542.0 1871.0
0.9423828125 0.949158251285553 567.0 731.0 47468.0 1842.0
0.947265625 0.9496522545814514 550.0 689.0 47510.0 1859.0
0.9482421875 0.950106680393219 487.0 603.0 47596.0 1922.0
0.953125 0.9486444592475891 562.0 753.0 47446.0 1846.0
0.9599609375 0.9507192373275757 485.0 570.0 47629.0 1924.0
0.9521484375 0.9499486088752747 491.0 615.0 47584.0 1918.0
0.94921875 0.9499486088752747 507.0 631.0 47568.0 1902.0
0.951171875 0.95087730884552 471.0 548.0 47651.0 1938.0
0.9482421875 0.9508970975875854 445.0 521.0 47678.0 1964.0
0.9521484375 0.9496127367019653 547.0 688.0 47511.0 1862.0
0.95703125 0.9497905373573303 515.0 647.0 47552.0 1894.0
0.95703125 0.9510551691055298 421.0 489.0 47710.0 1988.0
0.9501953125 0.9503635764122009 483.0 586.0 47613.0 1926.0
0.9501953125 0.949158251285553 540.0 704.0 47495.0 1869.0
0.951171875 0.9499486088752747 475.0 599.0 47600.0 1934.0
0.9580078125 0.9502647519111633 512.0 620.0 47579.0 1897.0
0.9462890625 0.9495534300804138 527.0 671.0 47528.0 1882.0
0.951171875 0.9501659870147705 490.0 603.0 47596.0 1919.0
0.9501953125 0.9497115015983582 466.0 602.0 47597.0 1943.0
0.955078125 0.9512330293655396 443.0 502.0 47697.0 1966.0
0.9541015625 0.9497115015983582 523.0 659.0 47540.0 1886.0
0.958984375 0.951134204864502 486.0 550.0 47649.0 1923.0
0.94921875 0.9479726552963257 589.0 813.0 47386.0 1820.0
0.9482421875 0.9500671625137329 529.0 647.0 47552.0 1880.0
0.955078125 0.949375569820404 529.0 682.0 47517.0 1880.0
0.9482421875 0.9506797194480896 444.0 531.0 47668.0 1965.0
0.953125 0.9514898657798767 460.0 506.0 47693.0 1949.0
0.955078125 0.9505809545516968 468.0 560.0 47639.0 1941.0
0.947265625 0.9477355480194092 615.0 851.0 47348.0 1794.0
0.947265625 0.9501659870147705 520.0 633.0 47566.0 1889.0
0.955078125 0.9498498439788818 531.0 660.0 47539.0 1878.0
0.9521484375 0.9498103260993958 493.0 624.0 47575.0 1916.0
0.9609375 0.9486642479896545 601.0 790.0 47409.0 1808.0
0.9482421875 0.9502252340316772 502.0 612.0 47587.0 1907.0
0.96484375 0.9490396976470947 572.0 742.0 47457.0 1837.0
0.95703125 0.9508180618286133 477.0 557.0 47642.0 1932.0
0.955078125 0.9498498439788818 551.0 680.0 47519.0 1858.0
0.9541015625 0.9513713121414185 442.0 494.0 47705.0 1967.0
0.947265625 0.949928879737854 522.0 647.0 47552.0 1887.0
0.9423828125 0.9460954666137695 639.0 958.0 47241.0 1770.0
0.9501953125 0.9494743943214417 539.0 687.0 47512.0 1870.0
0.9521484375 0.9507192373275757 440.0 525.0 47674.0 1969.0
0.9521484375 0.9495929479598999 464.0 606.0 47593.0 1945.0
0.951171875 0.9508575797080994 480.0 558.0 47641.0 1929.0
0.947265625 0.9493953585624695 528.0 680.0 47519.0 1881.0
0.9541015625 0.9494348764419556 508.0 658.0 47541.0 1901.0
0.955078125 0.9505414366722107 475.0 569.0 47630.0 1934.0
0.9423828125 0.9503043293952942 500.0 606.0 47593.0 1909.0
0.95703125 0.9497510194778442 537.0 671.0 47528.0 1872.0
0.947265625 0.9494546055793762 531.0 680.0 47519.0 1878.0
0.955078125 0.9507587552070618 532.0 615.0 47584.0 1877.0
0.9560546875 0.9503438472747803 480.0 584.0 47615.0 1929.0
0.947265625 0.9487828016281128 536.0 719.0 47480.0 1873.0
0.9580078125 0.9505414366722107 487.0 581.0 47618.0 1922.0
0.9423828125 0.9497312903404236 540.0 675.0 47524.0 1869.0
0.94921875 0.9500079154968262 517.0 638.0 47561.0 1892.0
0.9521484375 0.9500869512557983 485.0 602.0 47597.0 1924.0
0.9521484375 0.9491187334060669 515.0 681.0 47518.0 1894.0
0.955078125 0.9502845406532288 473.0 580.0 47619.0 1936.0
0.953125 0.9503635764122009 536.0 639.0 47560.0 1873.0
0.951171875 0.950403094291687 491.0 592.0 47607.0 1918.0
0.9521484375 0.9505414366722107 481.0 575.0 47624.0 1928.0
0.9521484375 0.9496719837188721 541.0 679.0 47520.0 1868.0
0.9521484375 0.9500474333763123 473.0 592.0 47607.0 1936.0
0.9482421875 0.9504426121711731 471.0 570.0 47629.0 1938.0
0.9501953125 0.9508575797080994 482.0 560.0 47639.0 1927.0
0.9501953125 0.9505216479301453 436.0 531.0 47668.0 1973.0
0.951171875 0.9506006836891174 469.0 560.0 47639.0 1940.0
0.9482421875 0.9496127367019653 531.0 672.0 47527.0 1878.0
0.9462890625 0.9477157592773438 611.0 848.0 47351.0 1798.0
0.947265625 0.9505611658096313 495.0 588.0 47611.0 1914.0
0.953125 0.9505216479301453 490.0 585.0 47614.0 1919.0
0.9501953125 0.9470834732055664 579.0 848.0 47351.0 1830.0
0.9521484375 0.9498300552368164 528.0 658.0 47541.0 1881.0
0.9609375 0.9502450227737427 512.0 621.0 47578.0 1897.0
0.9482421875 0.9476367235183716 629.0 870.0 47329.0 1780.0
0.955078125 0.9485259056091309 603.0 799.0 47400.0 1806.0
0.951171875 0.9498103260993958 504.0 635.0 47564.0 1905.0
0.9501953125 0.9497510194778442 450.0 584.0 47615.0 1959.0
0.9462890625 0.9494546055793762 540.0 689.0 47510.0 1869.0
0.951171875 0.9500079154968262 462.0 583.0 47616.0 1947.0
0.9521484375 0.9491779804229736 534.0 697.0 47502.0 1875.0
0.9541015625 0.9503438472747803 522.0 626.0 47573.0 1887.0
0.95703125 0.9507587552070618 499.0 582.0 47617.0 1910.0
0.9453125 0.9497708082199097 522.0 655.0 47544.0 1887.0
0.9521484375 0.9497510194778442 536.0 670.0 47529.0 1873.0
0.9521484375 0.9495336413383484 522.0 667.0 47532.0 1887.0
0.951171875 0.9504624009132385 490.0 588.0 47611.0 1919.0
0.953125 0.9505611658096313 484.0 577.0 47622.0 1925.0
0.94921875 0.9499881267547607 491.0 613.0 47586.0 1918.0
0.951171875 0.9505019187927246 469.0 565.0 47634.0 1940.0
0.94921875 0.9500671625137329 485.0 603.0 47596.0 1924.0
0.951171875 0.9512330293655396 485.0 544.0 47655.0 1924.0
0.9501953125 0.9499090909957886 521.0 647.0 47552.0 1888.0
0.9560546875 0.9508970975875854 523.0 599.0 47600.0 1886.0
0.9609375 0.950699508190155 484.0 570.0 47629.0 1925.0
0.9521484375 0.9495139122009277 559.0 705.0 47494.0 1850.0
0.953125 0.9495336413383484 539.0 684.0 47515.0 1870.0
0.955078125 0.9485259056091309 560.0 756.0 47443.0 1849.0
0.9482421875 0.9498893618583679 536.0 663.0 47536.0 1873.0
0.953125 0.9466882944107056 634.0 923.0 47276.0 1775.0
0.9521484375 0.9499090909957886 508.0 634.0 47565.0 1901.0
0.958984375 0.9501264691352844 529.0 644.0 47555.0 1880.0
0.9580078125 0.9502845406532288 507.0 614.0 47585.0 1902.0
0.9443359375 0.9500079154968262 552.0 673.0 47526.0 1857.0
0.9501953125 0.9497312903404236 538.0 673.0 47526.0 1871.0
0.955078125 0.9500869512557983 497.0 614.0 47585.0 1912.0
0.94921875 0.9487630128860474 615.0 799.0 47400.0 1794.0
0.9560546875 0.9505216479301453 543.0 638.0 47561.0 1866.0
0.9482421875 0.9494546055793762 547.0 696.0 47503.0 1862.0
0.9560546875 0.949375569820404 578.0 731.0 47468.0 1831.0
0.9560546875 0.9501659870147705 477.0 590.0 47609.0 1932.0
0.9560546875 0.950403094291687 514.0 615.0 47584.0 1895.0
0.9482421875 0.9511144757270813 487.0 552.0 47647.0 1922.0
0.94921875 0.9508180618286133 513.0 593.0 47606.0 1896.0
0.9453125 0.9492174983024597 567.0 728.0 47471.0 1842.0
0.9501953125 0.9488025903701782 538.0 720.0 47479.0 1871.0
0.9541015625 0.9511144757270813 481.0 546.0 47653.0 1928.0
0.94921875 0.9504624009132385 528.0 626.0 47573.0 1881.0
0.951171875 0.9501461982727051 491.0 605.0 47594.0 1918.0
0.9482421875 0.9493953585624695 544.0 696.0 47503.0 1865.0
0.955078125 0.95087730884552 510.0 587.0 47612.0 1899.0
0.9541015625 0.9494348764419556 530.0 680.0 47519.0 1879.0
0.9443359375 0.9491187334060669 528.0 694.0 47505.0 1881.0
0.95703125 0.949928879737854 550.0 675.0 47524.0 1859.0
0.955078125 0.9512922763824463 448.0 504.0 47695.0 1961.0
0.9521484375 0.9502450227737427 539.0 648.0 47551.0 1870.0
0.9453125 0.9490989446640015 590.0 757.0 47442.0 1819.0
0.9521484375 0.9510156512260437 469.0 539.0 47660.0 1940.0
0.95703125 0.9505216479301453 529.0 624.0 47575.0 1880.0
0.9541015625 0.9491977691650391 528.0 690.0 47509.0 1881.0
0.955078125 0.9497115015983582 549.0 685.0 47514.0 1860.0
0.9482421875 0.950403094291687 545.0 646.0 47553.0 1864.0
0.9501953125 0.9474391341209412 609.0 860.0 47339.0 1800.0
0.958984375 0.9502845406532288 492.0 599.0 47600.0 1917.0
0.9560546875 0.9497905373573303 548.0 680.0 47519.0 1861.0
0.951171875 0.9498498439788818 520.0 649.0 47550.0 1889.0
0.9541015625 0.9503043293952942 498.0 604.0 47595.0 1911.0
0.947265625 0.9512527585029602 403.0 461.0 47738.0 2006.0
0.9541015625 0.9505019187927246 405.0 501.0 47698.0 2004.0
0.9541015625 0.9483085870742798 615.0 822.0 47377.0 1794.0
0.951171875 0.9493953585624695 590.0 742.0 47457.0 1819.0
0.951171875 0.951134204864502 483.0 547.0 47652.0 1926.0
0.9482421875 0.9509168267250061 467.0 542.0 47657.0 1942.0
0.9541015625 0.9505414366722107 476.0 570.0 47629.0 1933.0
0.94921875 0.9500079154968262 524.0 645.0 47554.0 1885.0
0.951171875 0.9503240585327148 514.0 619.0 47580.0 1895.0
0.955078125 0.9501264691352844 519.0 634.0 47565.0 1890.0
0.9482421875 0.9496719837188721 552.0 690.0 47509.0 1857.0
0.9560546875 0.9495732188224792 541.0 684.0 47515.0 1868.0
0.94921875 0.9492965340614319 552.0 709.0 47490.0 1857.0
0.947265625 0.9494348764419556 544.0 694.0 47505.0 1865.0
0.951171875 0.9492768049240112 571.0 729.0 47470.0 1838.0
0.9560546875 0.9497115015983582 513.0 649.0 47550.0 1896.0
0.9443359375 0.9494150876998901 552.0 703.0 47496.0 1857.0
0.9501953125 0.9477552771568298 573.0 808.0 47391.0 1836.0
0.9453125 0.9503438472747803 523.0 627.0 47572.0 1886.0
0.9501953125 0.9503240585327148 503.0 608.0 47591.0 1906.0
0.953125 0.9495732188224792 542.0 685.0 47514.0 1867.0
0.9501953125 0.9501659870147705 464.0 577.0 47622.0 1945.0
0.953125 0.951470136642456 437.0 484.0 47715.0 1972.0
0.9501953125 0.9504624009132385 493.0 591.0 47608.0 1916.0
0.9521484375 0.9494546055793762 508.0 657.0 47542.0 1901.0
0.9521484375 0.9475972056388855 600.0 843.0 47356.0 1809.0
0.947265625 0.9505019187927246 488.0 584.0 47615.0 1921.0
0.9482421875 0.9498893618583679 542.0 669.0 47530.0 1867.0
0.9580078125 0.9508180618286133 413.0 493.0 47706.0 1996.0
0.95703125 0.9504228830337524 486.0 586.0 47613.0 1923.0
0.9462890625 0.950106680393219 507.0 623.0 47576.0 1902.0
0.9462890625 0.9490989446640015 563.0 730.0 47469.0 1846.0
0.9501953125 0.9503043293952942 459.0 565.0 47634.0 1950.0
0.947265625 0.9496127367019653 504.0 645.0 47554.0 1905.0
0.9521484375 0.9496522545814514 520.0 659.0 47540.0 1889.0
0.9521484375 0.9496127367019653 547.0 688.0 47511.0 1862.0
0.9482421875 0.9490594267845154 555.0 724.0 47475.0 1854.0
0.955078125 0.9503833651542664 475.0 577.0 47622.0 1934.0
0.9541015625 0.9500671625137329 562.0 680.0 47519.0 1847.0
0.953125 0.950699508190155 470.0 556.0 47643.0 1939.0
0.9501953125 0.9494546055793762 555.0 704.0 47495.0 1854.0
0.9560546875 0.9500474333763123 508.0 627.0 47572.0 1901.0
0.955078125 0.9500474333763123 524.0 643.0 47556.0 1885.0
0.94921875 0.9499683976173401 499.0 622.0 47577.0 1910.0
0.9482421875 0.9497510194778442 536.0 670.0 47529.0 1873.0
0.9501953125 0.9509958624839783 449.0 520.0 47679.0 1960.0
0.947265625 0.9498103260993958 484.0 615.0 47584.0 1925.0
0.955078125 0.9490792155265808 567.0 735.0 47464.0 1842.0
0.953125 0.9495534300804138 557.0 701.0 47498.0 1852.0
0.9609375 0.9501264691352844 521.0 636.0 47563.0 1888.0
0.9453125 0.949375569820404 547.0 700.0 47499.0 1862.0
0.94921875 0.9512725472450256 475.0 532.0 47667.0 1934.0
0.951171875 0.9491384625434875 566.0 731.0 47468.0 1843.0
0.951171875 0.9496719837188721 520.0 658.0 47541.0 1889.0
0.951171875 0.9495534300804138 513.0 657.0 47542.0 1896.0
0.9482421875 0.9500276446342468 540.0 660.0 47539.0 1869.0
0.953125 0.9509563446044922 462.0 535.0 47664.0 1947.0
0.9560546875 0.9501857161521912 465.0 577.0 47622.0 1944.0
0.953125 0.9503833651542664 532.0 634.0 47565.0 1877.0
0.94921875 0.9503833651542664 487.0 589.0 47610.0 1922.0
0.951171875 0.9498695731163025 540.0 668.0 47531.0 1869.0
0.95703125 0.9510156512260437 470.0 540.0 47659.0 1939.0
0.94921875 0.9503043293952942 529.0 635.0 47564.0 1880.0
0.9560546875 0.9506402015686035 473.0 562.0 47637.0 1936.0
0.9501953125 0.9503043293952942 513.0 619.0 47580.0 1896.0
0.9521484375 0.9507587552070618 465.0 548.0 47651.0 1944.0
0.9384765625 0.9496127367019653 508.0 649.0 47550.0 1901.0
0.9560546875 0.9513317942619324 454.0 508.0 47691.0 1955.0
0.951171875 0.9502647519111633 511.0 619.0 47580.0 1898.0
0.958984375 0.9511539936065674 451.0 514.0 47685.0 1958.0
0.9541015625 0.9505216479301453 531.0 626.0 47573.0 1878.0
0.9541015625 0.9505414366722107 505.0 599.0 47600.0 1904.0
0.95703125 0.9499881267547607 532.0 654.0 47545.0 1877.0
0.94921875 0.9495534300804138 540.0 684.0 47515.0 1869.0
0.9541015625 0.950106680393219 546.0 662.0 47537.0 1863.0
0.9482421875 0.9490396976470947 543.0 713.0 47486.0 1866.0
0.9501953125 0.9509958624839783 467.0 538.0 47661.0 1942.0
0.9541015625 0.9517467617988586 422.0 455.0 47744.0 1987.0
