-1.932703137397766113e+00 -2.453566312789916992e+00
7.682065367698669434e-01 4.596055984497070312e+00
8.060688376426696777e-01 -2.782371997833251953e+00
4.441921040415763855e-02 1.218735456466674805e+00
4.115148782730102539e-01 5.950671434402465820e-01
-1.310573816299438477e+00 3.220972299575805664e+00
-4.390446186065673828e+00 1.506660699844360352e+00
-4.244003772735595703e+00 -7.516174316406250000e+00
-3.366154670715332031e+00 -6.344603538513183594e+00
2.755451440811157227e+00 -2.085475444793701172e+00
-1.284217357635498047e+00 -1.559798240661621094e+00
2.018300771713256836e+00 -1.158684730529785156e+00
-1.848968744277954102e+00 1.699165821075439453e+00
3.636947274208068848e-01 5.794643163681030273e-01
2.920987129211425781e+00 3.595741093158721924e-01
3.047219753265380859e+00 5.500228881835937500e+00
-3.356182813644409180e+00 3.217141866683959961e+00
4.138302326202392578e+00 1.682866573333740234e+00
-8.223599195480346680e-01 -8.417974710464477539e-01
6.681687831878662109e-01 -1.449537992477416992e+00
6.984896063804626465e-01 5.346034765243530273e-01
7.940736413002014160e-01 4.996382594108581543e-01
1.640960216522216797e+00 1.122062578797340393e-01
8.329448699951171875e-01 4.850614666938781738e-01
5.001685023307800293e-01 5.984416604042053223e-01
-2.280358314514160156e+00 8.892675638198852539e-01
-2.475134134292602539e+00 2.041845560073852539e+00
-4.911049365997314453e+00 1.285040974617004395e+00
1.012786626815795898e-01 7.775192260742187500e-01
-7.096647262573242188e+00 2.338666915893554688e+00
4.013190269470214844e-01 5.799006819725036621e-01
3.457103669643402100e-01 6.010721325874328613e-01
9.245659708976745605e-01 1.356668949127197266e+00
-3.144247531890869141e+00 5.602342605590820312e+00
-5.080368041992187500e+00 -5.753289222717285156e+00
-4.050233364105224609e+00 5.689159035682678223e-01
-7.944628000259399414e-01 -7.652198672294616699e-01
6.414611339569091797e-01 -1.461478233337402344e+00
1.460752725601196289e+00 1.941075026988983154e-01
7.143852114677429199e-01 5.446845889091491699e-01
2.362504482269287109e+00 8.259968757629394531e-01
2.551444530487060547e+00 1.456302404403686523e+00
-3.278855562210083008e+00 2.424475669860839844e+00
1.736509442329406738e+00 -3.895227611064910889e-02
-3.278318405151367188e+00 4.563218593597412109e+00
4.507776796817779541e-01 5.829313397407531738e-01
-2.532929480075836182e-01 9.028034210205078125e-01
2.534790039062500000e-01 6.705853939056396484e-01
3.983623087406158447e-01 5.597845315933227539e-01
1.025077700614929199e+00 2.591868937015533447e-01
4.085755050182342529e-01 5.325977802276611328e-01
5.435392856597900391e+00 -2.615359067916870117e+00
6.170771598815917969e+00 -7.537822723388671875e-01
3.319926738739013672e+00 1.241756796836853027e+00
-8.100817203521728516e-01 -8.365547657012939453e-01
6.170461773872375488e-01 -1.339305520057678223e+00
1.509149193763732910e+00 1.988933384418487549e-01
9.628093838691711426e-01 4.606927037239074707e-01
1.465589761734008789e+00 2.012857794761657715e-01
1.478170990943908691e+00 2.112195044755935669e-01
1.219416141510009766e+00 -5.332514643669128418e-01
8.715940713882446289e-01 4.965201020240783691e-01
7.324709296226501465e-01 5.854149460792541504e-01
1.248825430870056152e+00 2.809707522392272949e-01
9.215243458747863770e-01 4.604787230491638184e-01
1.447724461555480957e+00 2.080431282520294189e-01
9.008906483650207520e-01 4.678906202316284180e-01
1.397103905677795410e+00 2.278152704238891602e-01
1.441548466682434082e+00 2.152167111635208130e-01
7.934260368347167969e-01 5.375808477401733398e-01
8.464294672012329102e-01 4.988790750503540039e-01
1.344667077064514160e+00 2.397091835737228394e-01
2.619287729263305664e+00 1.416601538658142090e+00
3.640102863311767578e+00 1.902756214141845703e+00
2.756071805953979492e+00 9.686837792396545410e-01
5.881821155548095703e+00 -4.647263050079345703e+00
-8.533295392990112305e-01 1.208073496818542480e+00
-2.788497209548950195e+00 4.151399135589599609e+00
1.299443364143371582e+00 1.671035289764404297e-01
1.849458932876586914e+00 -1.600965619087219238e+00
-1.628144830465316772e-01 -1.298334449529647827e-01
1.233724355697631836e+00 -9.942937493324279785e-01
5.032775402069091797e-01 4.396901428699493408e-01
3.104172229766845703e+00 1.202835679054260254e+00
-1.282049655914306641e+00 -5.281595230102539062e+00
3.915879249572753906e+00 -7.371063232421875000e-01
3.625673770904541016e+00 -2.432619333267211914e+00
-6.566145420074462891e-01 6.707029819488525391e+00
1.453468322753906250e+00 -6.864516139030456543e-01
1.632503986358642578e+00 1.346042156219482422e-01
4.127737522125244141e+00 2.366660356521606445e+00
1.944928288459777832e+00 3.452120721340179443e-02
3.512325763702392578e+00 1.242029309272766113e+00
1.909423232078552246e+00 -3.520756214857101440e-02
