-1.016670465469360352e+00 8.516024589538574219e+00
-6.741761207580566406e+00 1.404636096954345703e+01
-3.530817031860351562e-01 -1.452259063720703125e+00
9.472581744194030762e-01 -1.216549515724182129e+00
2.440674543380737305e+00 -3.888445496559143066e-01
-4.153083324432373047e+00 -5.932173252105712891e+00
3.744837522506713867e+00 2.376887512207031250e+01
-5.174266815185546875e+00 4.360302925109863281e+00
-3.727422237396240234e+00 3.959587812423706055e+00
-1.456277084350585938e+01 5.817802429199218750e+00
-5.412119030952453613e-01 3.505139052867889404e-01
1.084620714187622070e+00 -1.165296316146850586e+00
2.372511386871337891e+00 -4.543676078319549561e-01
3.775862932205200195e+00 1.707517504692077637e-01
5.153312683105468750e+00 2.639772891998291016e+00
-5.299813747406005859e+00 5.697197914123535156e+00
-8.402929306030273438e+00 -7.738022804260253906e+00
-6.795479774475097656e+00 1.132359313964843750e+01
-4.698237180709838867e-01 -1.856068223714828491e-01
1.023351192474365234e+00 -5.206094980239868164e-01
2.359008789062500000e+00 4.293448925018310547e-01
3.703908920288085938e+00 1.458680272102355957e+00
4.934538841247558594e+00 3.280167818069458008e+00
4.827236175537109375e+00 3.007144927978515625e+00
2.408707857131958008e+00 -3.354706466197967529e-01
2.271446228027343750e+00 -2.563426792621612549e-01
2.352406024932861328e+00 -5.787463188171386719e-01
-1.526683092117309570e+00 -8.623827934265136719e+00
8.848699331283569336e-01 -1.191701054573059082e+00
9.588561654090881348e-01 -1.214250206947326660e+00
2.481429338455200195e+00 -6.406216621398925781e-01
3.732301950454711914e+00 1.029458567500114441e-01
5.230095863342285156e+00 8.671447038650512695e-01
3.774458885192871094e+00 1.159288734197616577e-01
-4.806749820709228516e+00 2.341826200485229492e+00
7.660818099975585938e-01 1.802368640899658203e+00
-4.694212973117828369e-01 -2.811323404312133789e-01
9.690668582916259766e-01 -9.958930313587188721e-03
2.365352630615234375e+00 5.522835254669189453e-01
3.620073080062866211e+00 1.518126010894775391e+00
4.964622020721435547e+00 3.342443466186523438e+00
6.375666618347167969e+00 5.150173664093017578e+00
5.103782176971435547e+00 2.878028869628906250e+00
5.076672554016113281e+00 1.973695993423461914e+00
-2.408541202545166016e+00 -1.007987499237060547e+01
1.053447961807250977e+00 -1.202867865562438965e+00
-3.779946863651275635e-01 -1.676858782768249512e+00
1.059387922286987305e+00 -1.287005901336669922e+00
2.529766321182250977e+00 -6.025802493095397949e-01
3.806998252868652344e+00 1.384576112031936646e-01
5.121335983276367188e+00 8.593893647193908691e-01
3.845796346664428711e+00 -7.515332102775573730e-02
-2.677162408828735352e+00 -9.656172752380371094e+00
3.702409267425537109e+00 4.827859401702880859e+00
-4.406861662864685059e-01 -2.977308332920074463e-01
9.590927362442016602e-01 4.089271426200866699e-01
2.402715682983398438e+00 5.646085739135742188e-01
2.217843294143676758e+00 5.789959430694580078e-01
2.420569658279418945e+00 5.749180316925048828e-01
2.378775119781494141e+00 6.606375575065612793e-01
-5.136069297790527344e+00 5.156674861907958984e+00
2.499680995941162109e+00 7.807860970497131348e-01
2.391663789749145508e+00 6.088572740554809570e-01
2.413730621337890625e+00 3.613554835319519043e-01
2.356072425842285156e+00 4.532913267612457275e-01
2.357406854629516602e+00 2.938847243785858154e-01
2.451620101928710938e+00 4.391057193279266357e-01
2.365854263305664062e+00 4.304652214050292969e-01
2.306404113769531250e+00 6.325564384460449219e-01
2.376949787139892578e+00 7.233814001083374023e-01
2.419746637344360352e+00 3.882096707820892334e-01
3.770529508590698242e+00 1.297024369239807129e+00
5.083164691925048828e+00 3.115708351135253906e+00
6.424715042114257812e+00 5.414261341094970703e+00
7.778759002685546875e+00 6.099041938781738281e+00
6.560681343078613281e+00 4.623502254486083984e+00
3.866066217422485352e+00 1.912628710269927979e-01
3.679648637771606445e+00 8.097776770591735840e-02
2.398273944854736328e+00 -5.443535447120666504e-01
1.004138827323913574e+00 4.846707582473754883e-01
-3.660629987716674805e-01 -1.694338679313659668e+00
9.589292407035827637e-01 2.849168181419372559e-01
2.409042119979858398e+00 7.879086136817932129e-01
-7.917284011840820312e+00 1.716633558273315430e+00
2.557894706726074219e+00 -5.394461631774902344e+00
-2.866706848144531250e+00 -2.794209957122802734e+00
-2.090673446655273438e+00 -2.933599233627319336e+00
8.484188318252563477e-01 4.384695589542388916e-01
2.382655382156372070e+00 2.397964715957641602e+00
3.664441823959350586e+00 1.640633225440979004e+00
4.882396697998046875e+00 5.052485466003417969e+00
6.369184494018554688e+00 5.236565589904785156e+00
5.014833450317382812e+00 4.060492992401123047e+00
3.539910078048706055e+00 1.961583495140075684e+00
