-1.760196208953857422e+00 -2.499500751495361328e+00
3.107731342315673828e+00 -1.942217469215393066e+00
-3.270750761032104492e+00 1.690270185470581055e+00
4.502207756042480469e+00 -2.206104278564453125e+00
-4.574361324310302734e+00 5.544461250305175781e+00
-4.296139717102050781e+00 -2.676131725311279297e+00
2.787429094314575195e+00 -1.597045302391052246e+00
-4.525283873081207275e-01 -5.048631191253662109e+00
6.782683134078979492e-01 1.411812067031860352e+00
-5.772279500961303711e-01 3.874465465545654297e+00
2.865763187408447266e+00 2.267868757247924805e+00
2.902825832366943359e+00 5.212063789367675781e-01
-1.469800233840942383e+00 2.320639610290527344e+00
4.074070453643798828e+00 3.241379261016845703e+00
-1.844209551811218262e+00 3.728862524032592773e+00
-2.051586389541625977e+00 -3.162743330001831055e+00
1.727279424667358398e+00 4.644503891468048096e-01
-1.571867823600769043e+00 1.446604013442993164e+00
-3.380213737487792969e+00 3.233403444290161133e+00
-5.688677430152893066e-01 5.204527378082275391e+00
5.090051516890525818e-02 9.324366450309753418e-01
-4.127119064331054688e+00 -4.378139019012451172e+00
-7.646435499191284180e-01 9.841651320457458496e-01
-9.158847332000732422e-01 -1.477602601051330566e+00
2.930977821350097656e+00 -1.201700925827026367e+00
1.280100345611572266e+00 -4.917317390441894531e+00
2.938224077224731445e+00 2.769284248352050781e+00
-4.076342105865478516e+00 3.286133706569671631e-01
1.060125827789306641e+00 -2.286742925643920898e+00
2.207632780075073242e+00 -9.457164406776428223e-01
4.326725006103515625e-01 1.288759231567382812e+00
1.908886313438415527e+00 4.179928898811340332e-01
-2.489919513463973999e-01 -8.833836913108825684e-01
-9.341959357261657715e-01 8.436561226844787598e-01
-2.547714233398437500e+00 2.406577348709106445e+00
-1.964570403099060059e+00 1.378451943397521973e+00
-2.185216665267944336e+00 9.303724765777587891e-01
-1.262130379676818848e+00 2.818250656127929688e+00
-3.327678143978118896e-01 5.276552677154541016e+00
2.185514688491821289e+00 1.852102994918823242e+00
-3.771758317947387695e+00 -1.480750560760498047e+00
1.649139285087585449e+00 -4.908051013946533203e+00
4.121404170989990234e+00 -5.529928207397460938e-01
2.403548359870910645e-01 5.392266273498535156e+00
-1.322694063186645508e+00 -3.124311268329620361e-01
-8.290929794311523438e-01 -6.099674105644226074e-02
1.227189064025878906e+00 -2.102635860443115234e+00
-2.458203770220279694e-02 -4.521751403808593750e+00
4.739029884338378906e+00 -5.992474555969238281e-01
-3.401531875133514404e-01 -2.982151985168457031e+00
-2.519748210906982422e+00 2.252354145050048828e+00
-1.563032984733581543e+00 -3.457841157913208008e+00
1.352816820144653320e+00 -5.248623490333557129e-01
-9.267374873161315918e-01 1.021423459053039551e+00
3.584102392196655273e-01 1.240556716918945312e+00
-1.623333334922790527e+00 7.550811767578125000e-01
-4.575792789459228516e+00 -3.873014748096466064e-01
1.120740771293640137e+00 5.743684768676757812e+00
-2.009986400604248047e+00 -7.885261178016662598e-01
3.124405384063720703e+00 1.296210289001464844e+00
-1.776378870010375977e+00 2.708376884460449219e+00
-5.046728849411010742e-01 -2.718822479248046875e+00
-8.961989879608154297e-01 1.726687699556350708e-01
-2.753463201224803925e-02 3.494652032852172852e+00
1.932510614395141602e+00 2.424797058105468750e+00
-3.809094130992889404e-01 -8.089125752449035645e-01
-5.206649899482727051e-01 -1.637100338935852051e+00
1.587438941001892090e+00 -2.379830777645111084e-01
1.074000120162963867e+00 2.466657161712646484e+00
5.655193924903869629e-01 5.726035118103027344e+00
-1.141243696212768555e+00 -2.006765365600585938e+00
-3.373639583587646484e+00 -4.969489097595214844e+00
-2.416317701339721680e+00 -2.167969197034835815e-01
-1.167639255523681641e+00 7.854068875312805176e-01
5.548427700996398926e-01 -3.178677558898925781e+00
-4.944990873336791992e-01 2.827833414077758789e+00
4.306868076324462891e+00 7.588878870010375977e-01
-2.482497930526733398e+00 -3.594785928726196289e+00
-1.916149973869323730e+00 2.295191526412963867e+00
-1.592361807823181152e+00 5.059396624565124512e-01
-6.663015484809875488e-01 -4.083780288696289062e+00
4.738468170166015625e+00 2.009601593017578125e+00
2.700834751129150391e+00 3.891920804977416992e+00
-1.728794455528259277e+00 1.631809473037719727e+00
-3.794152259826660156e+00 1.245920896530151367e+00
1.416300535202026367e+00 -2.972605228424072266e+00
1.001629233360290527e+00 4.976881980895996094e+00
3.776805698871612549e-01 -4.043219089508056641e-01
6.903838366270065308e-02 -3.970046043395996094e-01
6.688742041587829590e-01 -4.379899427294731140e-02
5.234960079193115234e+00 -1.471797943115234375e+00
8.328071832656860352e-01 -9.255650639533996582e-01
-2.816946208477020264e-01 7.483723759651184082e-01
-7.012908160686492920e-02 1.293038725852966309e+00
