-4.842317581176757812e+00 -4.994841766357421875e+01
-4.600996017456054688e+00 4.029718399047851562e+00
3.339790552854537964e-02 -6.699544191360473633e-01
-1.396993064880371094e+01 6.529777050018310547e-01
-7.232984900474548340e-02 -2.368571996688842773e+00
5.613121032714843750e+01 -3.380681991577148438e+01
3.479130864143371582e-01 -3.908507347106933594e+00
1.849015951156616211e+00 2.147228002548217773e+00
7.520744800567626953e-01 1.248840689659118652e+00
-2.433847784996032715e-01 -3.904229402542114258e+00
1.334327125549316406e+01 -2.396583318710327148e+00
-1.464321994781494141e+01 4.643333852291107178e-01
-1.466736030578613281e+01 -4.458799660205841064e-01
2.852271080017089844e+00 2.839971923828125000e+01
-7.355973720550537109e-01 -3.925652027130126953e+00
-8.923042565584182739e-02 2.571727275848388672e+00
-1.970934677124023438e+01 -1.015036106109619141e+00
-7.790371417999267578e+00 7.028136730194091797e+00
1.414406681060791016e+01 -2.764726161956787109e+00
1.309143733978271484e+01 -3.875534296035766602e+00
-3.375236093997955322e-01 -2.482509851455688477e+00
-4.959115386009216309e-01 -3.048365592956542969e+00
-6.573640704154968262e-01 -3.741451501846313477e+00
-3.433146774768829346e-01 -2.408566474914550781e+00
3.042272806167602539e+00 2.498545837402343750e+01
-1.465435409545898438e+01 -1.562412977218627930e-01
3.697235822677612305e+00 3.512398529052734375e+01
-8.307397365570068359e-01 -2.176312685012817383e+00
-5.407238602638244629e-01 -1.026014208793640137e+00
-2.304778993129730225e-01 -1.375582218170166016e+00
-1.533015060424804688e+01 -5.141893029212951660e-01
-1.142454743385314941e+00 -3.185363054275512695e+00
-8.275519609451293945e-01 -3.767513751983642578e+00
-7.097499817609786987e-02 2.609905004501342773e+00
-1.987986373901367188e+01 -9.727045297622680664e-01
1.952539443969726562e+01 -4.373968124389648438e+00
1.450840759277343750e+01 -2.671787261962890625e+00
3.087573312222957611e-02 -1.416479110717773438e+00
-4.361932873725891113e-01 -2.489431381225585938e+00
3.500352859497070312e+00 3.018117332458496094e+01
-1.317458748817443848e-01 -4.117470264434814453e+00
-4.872191548347473145e-01 -4.627330780029296875e+00
1.423950791358947754e-01 -3.165607213973999023e+00
-6.005138158798217773e-01 -3.137777090072631836e+00
3.410249233245849609e+00 3.721272277832031250e+01
-1.514441776275634766e+01 2.991564688272774220e-04
4.948916286230087280e-02 -5.565277934074401855e-01
-1.508423900604248047e+01 -2.740600146353244781e-02
-8.629426360130310059e-01 -2.256686449050903320e+00
-1.086298704147338867e+00 -2.936430454254150391e+00
-7.900923490524291992e-01 -3.663778305053710938e+00
-1.518629360198974609e+01 -1.886454820632934570e+00
-1.803011512756347656e+01 -2.087703704833984375e+00
-1.403028106689453125e+01 -3.219267368316650391e+00
1.531653851270675659e-01 -5.658131241798400879e-01
1.401429176330566406e+01 -3.527720928192138672e+00
-5.334888771176338196e-02 -2.748406648635864258e+00
1.469447517395019531e+01 3.119312477111816406e+01
1.327895641326904297e+01 -4.392932891845703125e+00
-5.251835584640502930e-01 -2.733685970306396484e+00
1.262564945220947266e+01 3.363595962524414062e+00
-4.580623209476470947e-01 -2.492474555969238281e+00
1.340423011779785156e+01 -4.276325702667236328e+00
1.339081954956054688e+01 -4.096634864807128906e+00
-3.148880898952484131e-01 -2.517134189605712891e+00
-2.899163067340850830e-01 -2.368799209594726562e+00
-5.294784903526306152e-01 -2.274586677551269531e+00
1.265790653228759766e+01 -4.443847179412841797e+00
1.343713092803955078e+01 -4.338304996490478516e+00
-4.544172286987304688e-01 -2.508583068847656250e+00
-3.442838788032531738e-01 -2.150241613388061523e+00
-6.617651581764221191e-01 -3.257292509078979492e+00
-2.204862534999847412e-01 -3.778280496597290039e+00
3.112761497497558594e+00 2.377843284606933594e+01
-4.332881867885589600e-01 -3.906254768371582031e+00
1.646908950805664062e+01 3.177915763854980469e+01
-6.993704438209533691e-01 -3.342020273208618164e+00
-7.917240858078002930e-01 -2.664435386657714844e+00
-1.496896457672119141e+01 -3.771910816431045532e-02
-1.420881175994873047e+01 1.963544823229312897e-02
1.372717761993408203e+01 -2.498899698257446289e+00
1.369581508636474609e+01 -3.699300527572631836e+00
-4.116390645503997803e-01 -2.569283008575439453e+00
-4.285566329956054688e+00 3.942511320114135742e+00
-3.477304458618164062e+00 -4.759087562561035156e-01
-4.908909320831298828e+00 3.917100653052330017e-02
-1.565739512443542480e+00 -1.425960540771484375e+00
-5.032995700836181641e+00 -1.154565334320068359e+00
1.635072708129882812e+01 -4.199211120605468750e+00
1.659004592895507812e+01 3.476190567016601562e+01
2.047964477539062500e+01 -2.333445310592651367e+00
-9.116369485855102539e-01 -4.413456916809082031e+00
-6.772395372390747070e-01 -3.824975967407226562e+00
1.291416358947753906e+01 -5.086326122283935547e+00
