-6.437322139739990234e+00 6.320152759552001953e+00
8.619775772094726562e-01 7.777863025665283203e+00
-5.178163051605224609e-01 8.653885126113891602e-01
2.903534173965454102e+00 9.180602617561817169e-03
4.188405990600585938e+00 9.720224142074584961e-02
3.192129373550415039e+00 2.841695070266723633e+00
5.665455818176269531e+00 2.605487585067749023e+00
-2.003795623779296875e+00 7.497559547424316406e+00
-1.794027328491210938e+00 6.329974174499511719e+00
-2.501969814300537109e+00 -1.664658427238464355e+00
-4.889078438282012939e-01 8.636687994003295898e-01
-1.538567095994949341e-01 -5.073553919792175293e-01
-2.578572273254394531e+00 -9.373103380203247070e-01
7.103367447853088379e-01 -3.420127332210540771e-01
-1.456875443458557129e+00 -7.184257507324218750e-01
5.171552896499633789e-01 -4.502333641052246094e+00
5.439032554626464844e+00 -3.060393035411834717e-01
6.180427074432373047e+00 5.405701994895935059e-01
-5.057930946350097656e-01 8.319623470306396484e-01
-1.548604816198348999e-01 -5.990433692932128906e-01
-1.610725224018096924e-01 -5.711873769760131836e-01
-8.004610538482666016e-01 -6.698383688926696777e-01
-8.415378928184509277e-01 -7.034450173377990723e-01
-7.954072952270507812e-01 -6.580158472061157227e-01
-1.320036649703979492e+00 -7.501611709594726562e-01
5.962316513061523438e+00 3.525185823440551758e+00
3.148987531661987305e+00 7.356455922126770020e-02
3.154815912246704102e+00 7.294900715351104736e-02
-1.349691748619079590e+00 -7.196307778358459473e-01
-2.295478820800781250e+00 -8.915428519248962402e-01
-2.625056743621826172e+00 -9.349126219749450684e-01
-3.750046253204345703e+00 -1.138077974319458008e+00
-2.570820093154907227e+00 -9.125223159790039062e-01
5.094941854476928711e-01 -4.509881496429443359e+00
5.805506229400634766e+00 -2.307958304882049561e-01
-8.165548324584960938e+00 2.852750539779663086e+00
-4.982134401798248291e-01 8.682669401168823242e-01
-4.766868054866790771e-01 8.490423560142517090e-01
-1.403221487998962402e-01 -5.757250189781188965e-01
8.628137111663818359e-01 -3.870033919811248779e-01
-1.071027398109436035e+00 -7.171186804771423340e-01
-6.915454268455505371e-01 -1.150783658027648926e+00
-2.697867155075073242e+00 -9.497702717781066895e-01
3.135933399200439453e+00 9.061615169048309326e-02
8.786139488220214844e-01 -3.214258253574371338e-01
1.267095565795898438e+00 -3.713330507278442383e+00
-1.319535493850708008e+00 -6.925359368324279785e-01
-6.447844505310058594e-01 -2.105868577957153320e+00
-2.603186845779418945e+00 -9.252687692642211914e-01
-2.727466106414794922e+00 -9.450388550758361816e-01
-8.659036755561828613e-01 -6.008667349815368652e-01
7.013114929199218750e+00 -3.585251793265342712e-02
-3.255432844161987305e+00 -1.567905426025390625e+00
2.536782026290893555e+00 -2.272725343704223633e+00
-4.862242043018341064e-01 8.478823304176330566e-01
-4.576837420463562012e-01 8.309419751167297363e-01
-1.333030611276626587e-01 -5.924868583679199219e-01
-1.617579460144042969e-01 -5.968429446220397949e-01
-1.542807519435882568e-01 -5.847932696342468262e-01
-1.329556107521057129e-01 -5.992514491081237793e-01
-5.287006855010986328e+00 -2.612943947315216064e-01
-1.566043794155120850e-01 -6.073266267776489258e-01
-1.738203316926956177e-01 -5.987240672111511230e-01
-1.284779757261276245e-01 -5.716576576232910156e-01
-1.439640671014785767e-01 -5.853794813156127930e-01
-1.244880557060241699e-01 -5.683874487876892090e-01
-1.236919835209846497e-01 -5.798738002777099609e-01
-1.362269371747970581e-01 -5.811897516250610352e-01
-1.600042432546615601e-01 -5.792262554168701172e-01
-1.555546224117279053e-01 -5.974798202514648438e-01
-1.333090960979461670e-01 -5.693522095680236816e-01
-1.307595610618591309e+00 -7.669116854667663574e-01
-1.258168458938598633e+00 -7.945367693901062012e-01
2.316310167312622070e+00 -1.602056503295898438e+00
2.383931159973144531e+00 -4.022862017154693604e-02
1.056923508644104004e+00 -2.650357186794281006e-01
3.114432096481323242e+00 8.083196729421615601e-02
3.149491071701049805e+00 7.645439356565475464e-02
3.148583412170410156e+00 8.144727349281311035e-02
9.756104946136474609e-01 -1.067303299903869629e+00
-1.800815612077713013e-01 -1.495647430419921875e+00
-3.357674777507781982e-01 -4.486573636531829834e-01
-8.209026455879211426e-01 -5.728992223739624023e-01
-4.062759399414062500e+00 -1.219042539596557617e+00
2.354724645614624023e+00 -2.214335441589355469e+00
3.444064617156982422e+00 4.305575847625732422e+00
3.590619087219238281e+00 3.630421638488769531e+00
-5.549230098724365234e+00 -5.287647247314453125e+00
-2.429049089550971985e-02 -1.244673654437065125e-01
-1.431399583816528320e-01 -5.938294529914855957e-01
2.613243818283081055e+00 6.399799585342407227e-01
-1.561659723520278931e-01 -6.335343718528747559e-01
-1.356722861528396606e-01 -6.207395195960998535e-01
-1.383307576179504395e+00 -7.817236781120300293e-01
