1.644288182258605957e+00
-5.008467435836791992e-01
-1.454075127840042114e-01
2.250027656555175781e-01
-1.425731658935546875e+00
-1.667518138885498047e+00
-5.237098336219787598e-01
5.541108846664428711e-01
3.604266345500946045e-01
6.645267605781555176e-01
1.027612537145614624e-01
1.670320749282836914e+00
-1.083790779113769531e+00
-2.286546230316162109e-01
7.400993108749389648e-01
1.705481767654418945e+00
-1.999545335769653320e+00
-3.255551755428314209e-01
1.080101370811462402e+00
7.262645363807678223e-01
-8.797655105590820312e-01
1.468514557927846909e-03
-1.554834097623825073e-01
-9.670314788818359375e-01
-1.579425930976867676e-01
1.420982480049133301e+00
-2.168378353118896484e+00
-6.384908556938171387e-01
5.453452467918395996e-01
1.207494497299194336e+00
-1.030219435691833496e+00
9.949426651000976562e-01
4.753402173519134521e-01
-1.947495341300964355e+00
-1.621244549751281738e+00
-1.311652541160583496e+00
7.230495102703571320e-03
-1.623689532279968262e+00
-5.489938855171203613e-01
1.892088532447814941e+00
3.644647598266601562e-01
-1.383537054061889648e+00
-3.326230943202972412e-01
1.264188170433044434e+00
-2.444009296596050262e-02
-9.060055613517761230e-01
-4.500515162944793701e-01
2.351642549037933350e-01
-2.167078256607055664e-01
-1.004539728164672852e+00
7.368261814117431641e-01
8.365633487701416016e-01
-5.656076129525899887e-03
-1.257935523986816406e+00
-4.811154901981353760e-01
-3.820232450962066650e-01
-9.669020771980285645e-01
2.257997751235961914e+00
-6.116698384284973145e-01
1.579333543777465820e+00
7.554858326911926270e-01
-8.238270282745361328e-01
1.051658019423484802e-01
-1.654680728912353516e+00
2.606232643127441406e+00
-5.487688183784484863e-01
1.243027448654174805e-01
3.346068561077117920e-01
8.878082633018493652e-01
-1.727734565734863281e+00
1.511072754859924316e+00
1.723775118589401245e-01
1.609970450401306152e+00
-2.041030168533325195e+00
-9.932112693786621094e-01
1.192960977554321289e+00
-4.245060384273529053e-01
1.721225738525390625e+00
1.099468827247619629e+00
1.189489483833312988e+00
