1.622318476438522339e-01
-4.543555080890655518e-01
-2.748267650604248047e-01
4.497396349906921387e-01
-3.795252084732055664e+00
-8.535110950469970703e-01
-2.005207240581512451e-01
2.115254640579223633e+00
-8.298698067665100098e-01
2.840143442153930664e+00
-5.010009407997131348e-01
1.334832787513732910e+00
2.751388072967529297e+00
4.676947295665740967e-01
-4.453670978546142578e+00
1.021198511123657227e+00
-4.605253338813781738e-01
-1.360684394836425781e+00
2.213414669036865234e+00
2.494429349899291992e+00
-1.956714838743209839e-01
1.079429507255554199e+00
6.648481488227844238e-01
-2.045778483152389526e-01
-1.734769046306610107e-01
1.115354895591735840e+00
-1.934299588203430176e+00
8.147430419921875000e-01
-1.314427495002746582e+00
-8.896030783653259277e-01
-2.189888954162597656e+00
1.405897140502929688e+00
-6.956601142883300781e-01
4.297474324703216553e-01
-2.469727993011474609e+00
-2.890964031219482422e+00
-7.217866778373718262e-01
-6.274979710578918457e-01
-1.843644827604293823e-01
2.608447790145874023e+00
