-8.640253916382789612e-03
5.721831321716308594e-01
-3.621923923492431641e-02
1.831695795059204102e+00
-2.351106882095336914e+00
3.291893005371093750e-01
-1.530480384826660156e+00
2.879565954208374023e-02
-1.158544301986694336e+00
-2.073817729949951172e+00
3.858484268188476562e+00
3.566893339157104492e-01
3.415189027786254883e+00
-6.370227336883544922e-01
2.021033048629760742e+00
2.948005437850952148e+00
1.052496910095214844e+00
1.982382774353027344e+00
-1.601603627204895020e+00
-1.694389104843139648e+00
1.298127323389053345e-01
2.447105169296264648e+00
6.582662463188171387e-01
5.319353342056274414e-01
1.292072981595993042e-01
-6.982657313346862793e-01
5.577867627143859863e-01
4.752427101135253906e+00
-1.413635492324829102e+00
1.480706572532653809e+00
-1.252036690711975098e+00
1.207154154777526855e+00
-6.833546794950962067e-03
-1.640038132667541504e+00
-8.344278335571289062e-01
8.561483621597290039e-01
3.605562746524810791e-01
6.435992717742919922e-01
8.053633570671081543e-01
3.999668359756469727e+00
-2.103132605552673340e-01
-1.891040325164794922e+00
-1.122566580772399902e+00
3.236398458480834961e+00
-1.232650399208068848e+00
1.983001679182052612e-01
7.959315180778503418e-01
6.883093118667602539e-01
3.370223641395568848e-01
-9.042398333549499512e-01
