-1.463374495506286621e+00
-6.580850481986999512e-01
-1.533123254776000977e+00
1.721564680337905884e-01
-7.372022867202758789e-01
1.205005884170532227e+00
5.379114300012588501e-02
1.369796752929687500e+00
-1.190855026245117188e+00
8.964439630508422852e-01
-1.395782589912414551e+00
-1.481577038764953613e+00
-2.793404161930084229e-01
6.614444255828857422e-01
1.108522415161132812e+00
5.814960002899169922e-01
-8.167011737823486328e-01
1.846905946731567383e+00
-9.312184453010559082e-01
9.229850172996520996e-01
1.519467532634735107e-01
-8.280293941497802734e-01
-1.484723091125488281e+00
7.172496318817138672e-01
-2.257144451141357422e-01
-1.370552927255630493e-01
-2.939215898513793945e+00
-1.240297675132751465e+00
8.332876563072204590e-01
-1.193303108215332031e+00
-1.206056356430053711e+00
-9.483346939086914062e-01
-1.256879210472106934e+00
1.082638502120971680e+00
5.537067055702209473e-01
2.339506745338439941e-01
9.047187566757202148e-01
7.307727336883544922e-01
-2.174033164978027344e+00
1.459704637527465820e+00
-1.085858106613159180e+00
6.255880594253540039e-01
1.652001976966857910e+00
-1.961373448371887207e+00
-4.625022709369659424e-01
2.263637542724609375e+00
-7.660799659788608551e-03
-2.642828226089477539e-01
5.359826087951660156e-01
-1.800729751586914062e+00
-2.394661188125610352e+00
-1.428146362304687500e+00
1.385244250297546387e+00
-6.970887780189514160e-01
-6.929266266524791718e-03
3.495318591594696045e-01
-1.150388479232788086e+00
-1.972188800573348999e-01
-1.292085740715265274e-02
3.214879035949707031e-01
