4.086750149726867676e-01
4.656869173049926758e-01
1.976289629936218262e+00
3.306890726089477539e-01
2.670322656631469727e-01
6.497725844383239746e-01
-1.123796343803405762e+00
4.030994474887847900e-01
7.341068387031555176e-01
-1.108414888381958008e+00
1.395388484001159668e+00
-6.607017517089843750e-01
6.445598602294921875e-01
1.247533798217773438e+00
7.655506134033203125e-01
8.765993118286132812e-01
-8.755753636360168457e-01
1.403614759445190430e+00
2.036425769329071045e-01
5.499389767646789551e-01
-6.780166625976562500e-01
1.593989253044128418e+00
-9.014644622802734375e-01
1.929634832777082920e-03
-7.563967704772949219e-01
-3.560255765914916992e-01
6.350063681602478027e-01
1.632596254348754883e+00
4.927230775356292725e-01
2.679500281810760498e-01
