-1.253715515136718750e+00
-1.049515604972839355e+00
4.107972145080566406e+00
-5.946140289306640625e+00
-1.973373413085937500e+00
3.381829261779785156e+00
8.671710014343261719e+00
1.272379279136657715e+00
2.311699867248535156e+00
2.166605949401855469e+00
-1.030581146478652954e-01
-3.196708440780639648e+00
-2.626594066619873047e+00
5.101352214813232422e+00
-1.362238049507141113e+00
1.581295371055603027e+00
6.809375286102294922e+00
2.392017602920532227e+00
-5.629340648651123047e+00
7.836013793945312500e+00
2.541749179363250732e-01
-5.781700134277343750e+00
4.425887107849121094e+00
-2.743398904800415039e+00
1.285302639007568359e+00
-6.463113784790039062e+00
-4.152186393737792969e+00
1.618145108222961426e+00
-1.268895506858825684e+00
-4.966794490814208984e+00
4.054401874542236328e+00
6.243403911590576172e+00
1.200011444091796875e+01
7.149676084518432617e-01
-3.222482681274414062e+00
-2.063744306564331055e+00
2.611860752105712891e+00
6.511768341064453125e+00
7.691007614135742188e+00
-2.640025377273559570e+00
