-1.154840707778930664e+00
1.416301578283309937e-01
1.195923924446105957e+00
-6.217978596687316895e-01
2.088261246681213379e-01
-1.276936888694763184e+00
3.737482726573944092e-01
3.337010145187377930e-01
-1.636851429939270020e+00
-1.215237453579902649e-01
-1.165062189102172852e-01
2.971560955047607422e-01
5.777696967124938965e-01
-1.824448466300964355e+00
1.306168138980865479e-01
-5.210184454917907715e-01
-1.461259007453918457e+00
1.367458105087280273e-01
-1.058390855789184570e+00
-7.962118983268737793e-01
-1.995912671089172363e+00
1.390454888343811035e+00
3.720156848430633545e-01
-1.182118535041809082e+00
-1.018565818667411804e-01
-1.986751794815063477e+00
-4.468584060668945312e-02
-5.548522472381591797e-01
-7.313026785850524902e-01
2.305052056908607483e-02
6.571549177169799805e-02
-8.221275806427001953e-01
-1.343600034713745117e+00
1.111625432968139648e+00
2.467497110366821289e+00
8.453236892819404602e-03
-1.648531317710876465e+00
6.735993027687072754e-01
-1.357990264892578125e+00
-1.654281735420227051e+00
-1.237264633178710938e+00
2.039277553558349609e-01
-8.130968213081359863e-01
-1.365724682807922363e+00
9.264001995325088501e-02
1.772482275962829590e+00
-1.730322465300559998e-02
8.999009132385253906e-01
8.575890660285949707e-01
-1.109850645065307617e+00
1.591915130615234375e+00
-7.035579681396484375e-01
3.254653513431549072e-01
-9.246399402618408203e-01
-1.390221357345581055e+00
3.271369040012359619e-01
-1.187725663185119629e+00
5.493535995483398438e-01
4.065299630165100098e-01
-2.797905206680297852e+00
