2.130999714136123657e-01 -4.651791602373123169e-02
1.420487523078918457e+00 1.139817833900451660e+00
3.445729017257690430e-01 1.241783518344163895e-02
1.105555295944213867e+00 8.774680495262145996e-01
-5.104350447654724121e-01 -2.204291224479675293e-01
7.956979870796203613e-01 1.068033218383789062e+00
1.472379803657531738e+00 1.367295622825622559e+00
-6.944364309310913086e-01 -8.875704407691955566e-01
6.181246638298034668e-01 3.472986817359924316e-01
-6.300916671752929688e-01 -5.048940777778625488e-01
-4.148836433887481689e-01 -5.360523462295532227e-01
5.719546675682067871e-01 4.159889519214630127e-01
5.694740265607833862e-02 -1.119549795985221863e-01
-1.553861260414123535e+00 -1.258834838867187500e+00
1.405193090438842773e+00 1.163613438606262207e+00
8.794598579406738281e-01 1.099504828453063965e+00
-8.854634761810302734e-01 -5.595805644989013672e-01
4.027096033096313477e-01 6.055550575256347656e-01
2.375671267509460449e-02 3.566553592681884766e-01
1.072884351015090942e-02 -1.505776196718215942e-01
-2.951323427259922028e-02 1.843221038579940796e-01
5.620571374893188477e-01 7.422289252281188965e-01
9.070128202438354492e-01 5.628795027732849121e-01
-3.416402339935302734e-01 -1.390231400728225708e-01
-3.670617043972015381e-01 -6.460765004158020020e-02
-3.040651977062225342e-01 -9.000705927610397339e-02
-2.269850969314575195e-01 -4.797428548336029053e-01
3.651319146156311035e-01 1.388797610998153687e-01
-4.885151386260986328e-01 -6.971634030342102051e-01
-1.324530094861984253e-01 4.414102993905544281e-03
8.973032236099243164e-01 4.936841428279876709e-01
-1.001694202423095703e+00 -6.739479899406433105e-01
2.964678406715393066e-01 1.369425505399703979e-01
2.959060072898864746e-01 3.368426114320755005e-02
-1.542077958583831787e-01 1.025999039411544800e-01
-4.113121926784515381e-01 -2.675104439258575439e-01
8.300592005252838135e-02 4.279654920101165771e-01
-4.765491783618927002e-01 -2.192805409431457520e-01
4.077930748462677002e-01 9.625681489706039429e-02
-9.013351202011108398e-01 -8.243598937988281250e-01
-8.347642421722412109e-01 -1.320610046386718750e+00
5.849240422248840332e-01 8.261839151382446289e-01
-7.998050004243850708e-02 -4.781839847564697266e-01
-5.540840625762939453e-01 -8.259853124618530273e-01
-6.620491743087768555e-01 -3.428626954555511475e-01
-3.146604895591735840e-01 -4.928791821002960205e-01
3.527241051197052002e-01 1.622763834893703461e-02
-8.418701291084289551e-01 -5.352683663368225098e-01
6.285159587860107422e-01 8.453966379165649414e-01
6.937469244003295898e-01 4.432253539562225342e-01
7.737938165664672852e-01 4.637371599674224854e-01
2.311816960573196411e-01 3.402473032474517822e-02
1.049229621887207031e+00 7.347690463066101074e-01
-2.178867012262344360e-01 2.603511810302734375e-01
-1.657429337501525879e+00 -1.430379629135131836e+00
-8.985432237386703491e-02 -3.851006925106048584e-01
4.511268734931945801e-01 7.668830156326293945e-01
-5.247814655303955078e-01 -7.833726406097412109e-01
1.525594387203454971e-02 -2.025690078735351562e-01
1.864457130432128906e-01 4.506045877933502197e-01
1.362153738737106323e-01 -2.388810515403747559e-01
6.580911576747894287e-02 -1.864228397607803345e-01
1.041007161140441895e+00 6.960257291793823242e-01
6.271322369575500488e-01 8.458986878395080566e-01
4.193816483020782471e-01 1.597171276807785034e-01
1.780706495046615601e-01 -8.295055478811264038e-02
2.283835560083389282e-01 6.779456138610839844e-02
-1.900232583284378052e-01 5.772127956151962280e-02
6.633067131042480469e-02 -1.214186549186706543e-01
1.441184431314468384e-01 -9.684192389249801636e-02
-4.508231282234191895e-01 -2.613922953605651855e-01
-3.015629760921001434e-02 1.892771571874618530e-01
-1.610908657312393188e-01 -3.324747979640960693e-01
-1.795012652873992920e-01 6.408179551362991333e-02
-2.565454542636871338e-01 -5.553473234176635742e-01
-2.258139252662658691e-01 -4.791232645511627197e-01
-5.538869500160217285e-01 -2.761728167533874512e-01
-1.999134123325347900e-01 -5.246303677558898926e-01
-1.015036463737487793e+00 -7.344492673873901367e-01
-3.708841204643249512e-01 -5.021482706069946289e-01
