0.40234375 0.3995020091533661 1749.0 8022.0 4027.0 660.0
0.65625 0.6535481810569763 1028.0 3628.0 8421.0 1381.0
0.6796875 0.7065292596817017 1024.0 2858.0 9191.0 1385.0
0.728515625 0.7307373285293579 1056.0 2540.0 9509.0 1353.0
0.728515625 0.7516254186630249 1055.0 2237.0 9812.0 1354.0
0.77734375 0.7725135087966919 1034.0 1914.0 10135.0 1375.0
0.810546875 0.7913265824317932 984.0 1592.0 10457.0 1425.0
0.82421875 0.8066813945770264 945.0 1331.0 10718.0 1464.0
0.8359375 0.8160879611968994 948.0 1198.0 10851.0 1461.0
0.837890625 0.8265320062637329 927.0 1026.0 11023.0 1482.0
0.8359375 0.8275003433227539 961.0 1046.0 11003.0 1448.0
0.83203125 0.8314427733421326 984.0 1012.0 11037.0 1425.0
0.80078125 0.8340710997581482 994.0 984.0 11065.0 1415.0
0.8515625 0.8341402411460876 1012.0 1001.0 11048.0 1397.0
0.853515625 0.8336561322212219 1034.0 1030.0 11019.0 1375.0
0.861328125 0.8354544043540955 1047.0 1017.0 11032.0 1362.0
0.8671875 0.8366302251815796 1074.0 1027.0 11022.0 1335.0
0.859375 0.8377369046211243 1089.0 1026.0 11023.0 1320.0
0.845703125 0.8382210731506348 1084.0 1014.0 11035.0 1325.0
0.87109375 0.8382210731506348 1105.0 1035.0 11014.0 1304.0
0.861328125 0.8402960300445557 1098.0 998.0 11051.0 1311.0
0.83203125 0.8390510678291321 1122.0 1040.0 11009.0 1287.0
0.845703125 0.8399502038955688 1121.0 1026.0 11023.0 1288.0
0.841796875 0.8409876823425293 1124.0 1014.0 11035.0 1285.0
0.84375 0.8402268886566162 1140.0 1041.0 11008.0 1269.0
0.83984375 0.8411951661109924 1140.0 1027.0 11022.0 1269.0
0.85546875 0.8398810625076294 1166.0 1072.0 10977.0 1243.0
0.84375 0.8416793346405029 1164.0 1044.0 11005.0 1245.0
0.8515625 0.8425093293190002 1174.0 1042.0 11007.0 1235.0
0.859375 0.8423018455505371 1192.0 1063.0 10986.0 1217.0
0.841796875 0.8421635031700134 1194.0 1067.0 10982.0 1215.0
0.85546875 0.8423709869384766 1188.0 1058.0 10991.0 1221.0
0.869140625 0.8422326445579529 1180.0 1052.0 10997.0 1229.0
0.841796875 0.8419560194015503 1199.0 1075.0 10974.0 1210.0
0.857421875 0.8429243564605713 1208.0 1070.0 10979.0 1201.0
0.830078125 0.8426476716995239 1218.0 1084.0 10965.0 1191.0
0.865234375 0.8431318402290344 1212.0 1071.0 10978.0 1197.0
0.8671875 0.8445842862129211 1210.0 1048.0 11001.0 1199.0
0.875 0.8434776663780212 1225.0 1079.0 10970.0 1184.0
0.849609375 0.8446534872055054 1204.0 1041.0 11008.0 1205.0
0.8515625 0.8427168130874634 1210.0 1075.0 10974.0 1199.0
0.84765625 0.8434776663780212 1210.0 1064.0 10985.0 1199.0
0.8515625 0.8430626392364502 1219.0 1079.0 10970.0 1190.0
0.853515625 0.8428551554679871 1217.0 1080.0 10969.0 1192.0
0.8515625 0.8438234925270081 1222.0 1071.0 10978.0 1187.0
0.845703125 0.8435468077659607 1226.0 1079.0 10970.0 1183.0
0.875 0.8428551554679871 1226.0 1089.0 10960.0 1183.0
0.865234375 0.8427168130874634 1232.0 1097.0 10952.0 1177.0
0.8203125 0.8434776663780212 1229.0 1083.0 10966.0 1180.0
0.84375 0.8427168130874634 1235.0 1100.0 10949.0 1174.0
0.86328125 0.8438234925270081 1230.0 1079.0 10970.0 1179.0
0.845703125 0.844376802444458 1239.0 1080.0 10969.0 1170.0
0.84375 0.8445842862129211 1242.0 1080.0 10969.0 1167.0
0.89453125 0.8438926339149475 1238.0 1086.0 10963.0 1171.0
0.853515625 0.8446534872055054 1241.0 1078.0 10971.0 1168.0
0.87890625 0.8434776663780212 1243.0 1097.0 10952.0 1166.0
0.849609375 0.844791829586029 1253.0 1088.0 10961.0 1156.0
0.87109375 0.8441693186759949 1242.0 1086.0 10963.0 1167.0
0.84375 0.8439618349075317 1268.0 1115.0 10934.0 1141.0
0.89453125 0.8452759981155396 1245.0 1073.0 10976.0 1164.0
0.87109375 0.8438234925270081 1268.0 1117.0 10932.0 1141.0
0.876953125 0.8436851501464844 1269.0 1120.0 10929.0 1140.0
0.85546875 0.8442384600639343 1264.0 1107.0 10942.0 1145.0
0.83984375 0.8427860140800476 1258.0 1122.0 10927.0 1151.0
0.875 0.8438234925270081 1256.0 1105.0 10944.0 1153.0
0.861328125 0.8438234925270081 1268.0 1117.0 10932.0 1141.0
0.8359375 0.8438234925270081 1265.0 1114.0 10935.0 1144.0
0.8515625 0.8436160087585449 1277.0 1129.0 10920.0 1132.0
0.865234375 0.8445842862129211 1283.0 1121.0 10928.0 1126.0
0.857421875 0.8435468077659607 1277.0 1130.0 10919.0 1132.0
0.84765625 0.8441001772880554 1288.0 1133.0 10916.0 1121.0
0.876953125 0.8434776663780212 1282.0 1136.0 10913.0 1127.0
0.861328125 0.8408493399620056 1288.0 1180.0 10869.0 1121.0
0.8828125 0.8429243564605713 1278.0 1140.0 10909.0 1131.0
0.87109375 0.8442384600639343 1292.0 1135.0 10914.0 1117.0
0.857421875 0.8445151448249817 1300.0 1139.0 10910.0 1109.0
0.8828125 0.8446534872055054 1288.0 1125.0 10924.0 1121.0
0.85546875 0.8429934978485107 1295.0 1156.0 10893.0 1114.0
0.857421875 0.8429243564605713 1296.0 1158.0 10891.0 1113.0
0.873046875 0.8437543511390686 1306.0 1156.0 10893.0 1103.0
0.853515625 0.8440309762954712 1299.0 1145.0 10904.0 1110.0
0.8671875 0.8447226285934448 1293.0 1129.0 10920.0 1116.0
0.84375 0.8430626392364502 1310.0 1170.0 10879.0 1099.0
0.841796875 0.8438234925270081 1310.0 1159.0 10890.0 1099.0
0.841796875 0.8457601070404053 1291.0 1112.0 10937.0 1118.0
0.85546875 0.8448609709739685 1309.0 1143.0 10906.0 1100.0
0.84375 0.8452759981155396 1300.0 1128.0 10921.0 1109.0
0.86328125 0.8452067971229553 1312.0 1141.0 10908.0 1097.0
0.861328125 0.8449993133544922 1310.0 1142.0 10907.0 1099.0
0.875 0.8444460034370422 1315.0 1155.0 10894.0 1094.0
0.849609375 0.8450684547424316 1318.0 1149.0 10900.0 1091.0
0.85546875 0.8461751341819763 1331.0 1146.0 10903.0 1078.0
0.837890625 0.844791829586029 1311.0 1146.0 10903.0 1098.0
0.873046875 0.8463134765625 1326.0 1139.0 10910.0 1083.0
0.896484375 0.8467284440994263 1329.0 1136.0 10913.0 1080.0
0.87890625 0.8472817540168762 1328.0 1127.0 10922.0 1081.0
0.8671875 0.8475584387779236 1338.0 1133.0 10916.0 1071.0
0.849609375 0.8486651182174683 1331.0 1110.0 10939.0 1078.0
0.853515625 0.8470051288604736 1339.0 1142.0 10907.0 1070.0
0.869140625 0.8481117486953735 1340.0 1127.0 10922.0 1069.0
0.833984375 0.8483192920684814 1348.0 1132.0 10917.0 1061.0
0.865234375 0.8475584387779236 1347.0 1142.0 10907.0 1062.0
0.865234375 0.8483884334564209 1346.0 1129.0 10920.0 1063.0
0.869140625 0.8488726019859314 1366.0 1142.0 10907.0 1043.0
0.865234375 0.8486651182174683 1350.0 1129.0 10920.0 1059.0
0.853515625 0.8482500910758972 1362.0 1147.0 10902.0 1047.0
0.845703125 0.8491492867469788 1356.0 1128.0 10921.0 1053.0
0.84765625 0.8488034009933472 1356.0 1133.0 10916.0 1053.0
0.86328125 0.8483884334564209 1356.0 1139.0 10910.0 1053.0
0.8515625 0.8494259119033813 1359.0 1127.0 10922.0 1050.0
0.87890625 0.849564254283905 1366.0 1132.0 10917.0 1043.0
0.841796875 0.8474892973899841 1371.0 1167.0 10882.0 1038.0
0.875 0.8491492867469788 1348.0 1120.0 10929.0 1061.0
0.857421875 0.8485267758369446 1352.0 1133.0 10916.0 1057.0
0.84765625 0.8499100804328918 1340.0 1101.0 10948.0 1069.0
0.869140625 0.8486651182174683 1371.0 1150.0 10899.0 1038.0
0.875 0.8499100804328918 1367.0 1128.0 10921.0 1042.0
0.828125 0.8497717380523682 1380.0 1143.0 10906.0 1029.0
0.884765625 0.8492184281349182 1371.0 1142.0 10907.0 1038.0
0.875 0.8489417433738708 1373.0 1148.0 10901.0 1036.0
0.876953125 0.849564254283905 1384.0 1150.0 10899.0 1025.0
0.8359375 0.8501867651939392 1379.0 1136.0 10913.0 1030.0
0.841796875 0.8511550426483154 1376.0 1119.0 10930.0 1033.0
0.85546875 0.8508092164993286 1380.0 1128.0 10921.0 1029.0
0.84765625 0.8509475588798523 1380.0 1126.0 10923.0 1029.0
0.833984375 0.8510167598724365 1385.0 1130.0 10919.0 1024.0
0.884765625 0.8528842329978943 1368.0 1086.0 10963.0 1041.0
0.845703125 0.8512933850288391 1373.0 1114.0 10935.0 1036.0
0.8671875 0.8506709337234497 1380.0 1130.0 10919.0 1029.0
0.873046875 0.8513625860214233 1380.0 1120.0 10929.0 1029.0
0.845703125 0.8506017327308655 1387.0 1138.0 10911.0 1022.0
0.880859375 0.8503251075744629 1387.0 1142.0 10907.0 1022.0
0.869140625 0.8508092164993286 1399.0 1147.0 10902.0 1010.0
0.830078125 0.8513625860214233 1402.0 1142.0 10907.0 1007.0
0.857421875 0.8506709337234497 1396.0 1146.0 10903.0 1013.0
0.8515625 0.8508784174919128 1410.0 1157.0 10892.0 999.0
0.826171875 0.8508784174919128 1399.0 1146.0 10903.0 1010.0
0.849609375 0.8521925806999207 1401.0 1129.0 10920.0 1008.0
0.869140625 0.8510167598724365 1404.0 1149.0 10900.0 1005.0
0.87109375 0.8523308634757996 1402.0 1128.0 10921.0 1007.0
0.869140625 0.8521925806999207 1401.0 1129.0 10920.0 1008.0
0.857421875 0.8524692058563232 1409.0 1133.0 10916.0 1000.0
0.861328125 0.8530917167663574 1399.0 1114.0 10935.0 1010.0
0.8515625 0.8517084121704102 1410.0 1145.0 10904.0 999.0
0.8671875 0.8519158959388733 1402.0 1134.0 10915.0 1007.0
0.83984375 0.8526766896247864 1394.0 1115.0 10934.0 1015.0
0.8515625 0.8511550426483154 1414.0 1157.0 10892.0 995.0
0.86328125 0.8528150320053101 1390.0 1109.0 10940.0 1019.0
0.8828125 0.8535066843032837 1411.0 1120.0 10929.0 998.0
0.853515625 0.8521925806999207 1400.0 1128.0 10921.0 1009.0
0.87890625 0.8531608581542969 1422.0 1136.0 10913.0 987.0
0.837890625 0.8519158959388733 1413.0 1145.0 10904.0 996.0
0.84765625 0.8529533743858337 1423.0 1140.0 10909.0 986.0
0.865234375 0.8530917167663574 1424.0 1139.0 10910.0 985.0
0.892578125 0.8524692058563232 1423.0 1147.0 10902.0 986.0
0.8671875 0.8528842329978943 1410.0 1128.0 10921.0 999.0
0.892578125 0.8510167598724365 1415.0 1160.0 10889.0 994.0
0.861328125 0.8511550426483154 1421.0 1164.0 10885.0 988.0
0.85546875 0.8519850373268127 1422.0 1153.0 10896.0 987.0
0.857421875 0.8521925806999207 1420.0 1148.0 10901.0 989.0
0.84765625 0.8515700697898865 1437.0 1174.0 10875.0 972.0
0.85546875 0.8524000644683838 1432.0 1157.0 10892.0 977.0
0.853515625 0.8532300591468811 1432.0 1145.0 10904.0 977.0
0.89453125 0.8529533743858337 1438.0 1155.0 10894.0 971.0
0.869140625 0.8512933850288391 1433.0 1174.0 10875.0 976.0
0.859375 0.8524000644683838 1435.0 1160.0 10889.0 974.0
0.869140625 0.853022575378418 1431.0 1147.0 10902.0 978.0
0.8515625 0.8535758852958679 1444.0 1152.0 10897.0 965.0
0.8828125 0.8528150320053101 1447.0 1166.0 10883.0 962.0
0.87890625 0.8530917167663574 1436.0 1151.0 10898.0 973.0
0.865234375 0.8519850373268127 1443.0 1174.0 10875.0 966.0
0.892578125 0.8530917167663574 1435.0 1150.0 10899.0 974.0
0.8671875 0.8542675375938416 1436.0 1134.0 10915.0 973.0
0.86328125 0.8527458906173706 1453.0 1173.0 10876.0 956.0
0.857421875 0.8526766896247864 1440.0 1161.0 10888.0 969.0
0.896484375 0.8523308634757996 1440.0 1166.0 10883.0 969.0
0.87890625 0.8535066843032837 1439.0 1148.0 10901.0 970.0
0.84375 0.8519158959388733 1444.0 1176.0 10873.0 965.0
