0.419921875 0.4239867329597473 1815.0 7734.0 4315.0 594.0
0.73046875 0.7172499895095825 1160.0 2839.0 9210.0 1249.0
0.7587890625 0.7432563304901123 1208.0 2511.0 9538.0 1201.0
0.7900390625 0.7815050482749939 1177.0 1927.0 10122.0 1232.0
0.8388671875 0.8120071887969971 1155.0 1464.0 10585.0 1254.0
0.8291015625 0.8328261375427246 1107.0 1115.0 10934.0 1302.0
0.84765625 0.836906909942627 1124.0 1073.0 10976.0 1285.0
0.83203125 0.8410568833351135 1159.0 1048.0 11001.0 1250.0
0.8564453125 0.8378060460090637 1204.0 1140.0 10909.0 1205.0
0.8544921875 0.8397427201271057 1232.0 1140.0 10909.0 1177.0
0.83203125 0.8405035138130188 1220.0 1117.0 10932.0 1189.0
0.859375 0.842094361782074 1260.0 1134.0 10915.0 1149.0
0.84375 0.8447226285934448 1266.0 1102.0 10947.0 1143.0
0.8544921875 0.8434776663780212 1266.0 1120.0 10929.0 1143.0
0.8583984375 0.8433393239974976 1275.0 1131.0 10918.0 1134.0
0.87109375 0.8412643671035767 1288.0 1174.0 10875.0 1121.0
0.859375 0.8417485356330872 1300.0 1179.0 10870.0 1109.0
0.84765625 0.8452759981155396 1294.0 1122.0 10927.0 1115.0
0.8671875 0.8445842862129211 1302.0 1140.0 10909.0 1107.0
0.857421875 0.8432701826095581 1311.0 1168.0 10881.0 1098.0
0.8623046875 0.8410568833351135 1340.0 1229.0 10820.0 1069.0
0.861328125 0.8422326445579529 1333.0 1205.0 10844.0 1076.0
0.8583984375 0.8418176770210266 1323.0 1201.0 10848.0 1086.0
0.86328125 0.8421635031700134 1333.0 1206.0 10843.0 1076.0
0.853515625 0.8406418561935425 1336.0 1231.0 10818.0 1073.0
0.8564453125 0.8431318402290344 1326.0 1185.0 10864.0 1083.0
0.8701171875 0.8406418561935425 1361.0 1256.0 10793.0 1048.0
0.8603515625 0.8403651714324951 1341.0 1240.0 10809.0 1068.0
0.8583984375 0.8419560194015503 1356.0 1232.0 10817.0 1053.0
0.8779296875 0.8414027094841003 1348.0 1232.0 10817.0 1061.0
0.8486328125 0.8425093293190002 1364.0 1232.0 10817.0 1045.0
0.857421875 0.840572714805603 1381.0 1277.0 10772.0 1028.0
0.8623046875 0.8403651714324951 1378.0 1277.0 10772.0 1031.0
0.8525390625 0.8412643671035767 1357.0 1243.0 10806.0 1052.0
0.8642578125 0.8443076610565186 1351.0 1193.0 10856.0 1058.0
0.8662109375 0.8409876823425293 1367.0 1257.0 10792.0 1042.0
0.859375 0.8413335084915161 1381.0 1266.0 10783.0 1028.0
0.865234375 0.8409185409545898 1381.0 1272.0 10777.0 1028.0
0.876953125 0.8463134765625 1369.0 1182.0 10867.0 1040.0
0.8779296875 0.845345139503479 1368.0 1195.0 10854.0 1041.0
0.8759765625 0.8428551554679871 1380.0 1243.0 10806.0 1029.0
0.884765625 0.8432009816169739 1372.0 1230.0 10819.0 1037.0
0.8486328125 0.8430626392364502 1394.0 1254.0 10795.0 1015.0
0.86328125 0.8456218242645264 1384.0 1207.0 10842.0 1025.0
0.853515625 0.8428551554679871 1380.0 1243.0 10806.0 1029.0
0.86328125 0.844791829586029 1399.0 1234.0 10815.0 1010.0
0.875 0.8436160087585449 1392.0 1244.0 10805.0 1017.0
0.8701171875 0.8427860140800476 1393.0 1257.0 10792.0 1016.0
0.86328125 0.8456909656524658 1384.0 1206.0 10843.0 1025.0
0.8564453125 0.8470051288604736 1413.0 1216.0 10833.0 996.0
0.8759765625 0.8416793346405029 1419.0 1299.0 10750.0 990.0
0.87109375 0.8415409922599792 1408.0 1290.0 10759.0 1001.0
0.8662109375 0.845345139503479 1419.0 1246.0 10803.0 990.0
0.85546875 0.8434776663780212 1410.0 1264.0 10785.0 999.0
0.8671875 0.8456218242645264 1409.0 1232.0 10817.0 1000.0
0.84765625 0.8436160087585449 1436.0 1288.0 10761.0 973.0
0.873046875 0.8429934978485107 1423.0 1284.0 10765.0 986.0
0.8701171875 0.8445151448249817 1419.0 1258.0 10791.0 990.0
0.8720703125 0.8441693186759949 1413.0 1257.0 10792.0 996.0
0.8603515625 0.8454834818840027 1413.0 1238.0 10811.0 996.0
0.8662109375 0.8462442755699158 1432.0 1246.0 10803.0 977.0
0.8642578125 0.8455526232719421 1419.0 1243.0 10806.0 990.0
0.8583984375 0.8467284440994263 1416.0 1223.0 10826.0 993.0
0.8525390625 0.8459676504135132 1419.0 1237.0 10812.0 990.0
0.8740234375 0.8442384600639343 1425.0 1268.0 10781.0 984.0
0.861328125 0.8455526232719421 1421.0 1245.0 10804.0 988.0
0.8671875 0.845345139503479 1424.0 1251.0 10798.0 985.0
0.8427734375 0.8438234925270081 1420.0 1269.0 10780.0 989.0
0.8828125 0.8438234925270081 1444.0 1293.0 10756.0 965.0
0.8515625 0.844791829586029 1430.0 1265.0 10784.0 979.0
0.8603515625 0.8445842862129211 1437.0 1275.0 10774.0 972.0
0.8701171875 0.8461059331893921 1419.0 1235.0 10814.0 990.0
0.8642578125 0.8481809496879578 1423.0 1209.0 10840.0 986.0
0.861328125 0.8479734659194946 1426.0 1215.0 10834.0 983.0
0.88671875 0.8474200963973999 1427.0 1224.0 10825.0 982.0
0.857421875 0.8465209603309631 1442.0 1252.0 10797.0 967.0
0.876953125 0.8451376557350159 1426.0 1256.0 10793.0 983.0
0.8828125 0.847835123538971 1432.0 1223.0 10826.0 977.0
0.8759765625 0.8480426073074341 1426.0 1214.0 10835.0 983.0
0.8896484375 0.8469359278678894 1447.0 1251.0 10798.0 962.0
0.8623046875 0.8436851501464844 1450.0 1301.0 10748.0 959.0
0.8701171875 0.8458293080329895 1436.0 1256.0 10793.0 973.0
0.8701171875 0.8484575748443604 1434.0 1216.0 10833.0 975.0
0.8837890625 0.8463826179504395 1453.0 1265.0 10784.0 956.0
0.8623046875 0.8460367918014526 1457.0 1274.0 10775.0 952.0
0.8515625 0.8483884334564209 1449.0 1232.0 10817.0 960.0
0.86328125 0.8452759981155396 1443.0 1271.0 10778.0 966.0
0.8818359375 0.8485267758369446 1426.0 1207.0 10842.0 983.0
0.873046875 0.8446534872055054 1465.0 1302.0 10747.0 944.0
0.865234375 0.8474200963973999 1442.0 1239.0 10810.0 967.0
0.8779296875 0.8459676504135132 1454.0 1272.0 10777.0 955.0
0.8720703125 0.8489417433738708 1463.0 1238.0 10811.0 946.0
0.859375 0.8463134765625 1469.0 1282.0 10767.0 940.0
0.8486328125 0.8470051288604736 1447.0 1250.0 10799.0 962.0
0.8701171875 0.8472126126289368 1458.0 1258.0 10791.0 951.0
0.8798828125 0.8463826179504395 1447.0 1259.0 10790.0 962.0
0.875 0.8490800857543945 1450.0 1223.0 10826.0 959.0
0.8701171875 0.8464518189430237 1485.0 1296.0 10753.0 924.0
0.876953125 0.8459676504135132 1471.0 1289.0 10760.0 938.0
0.865234375 0.8467284440994263 1446.0 1253.0 10796.0 963.0
0.8642578125 0.8483884334564209 1463.0 1246.0 10803.0 946.0
0.8603515625 0.8463134765625 1471.0 1284.0 10765.0 938.0
0.8671875 0.8483884334564209 1459.0 1242.0 10807.0 950.0
0.8740234375 0.8470051288604736 1454.0 1257.0 10792.0 955.0
0.875 0.8441693186759949 1478.0 1322.0 10727.0 931.0
0.89453125 0.8471434712409973 1470.0 1271.0 10778.0 939.0
0.875 0.8475584387779236 1452.0 1247.0 10802.0 957.0
0.875 0.8481117486953735 1442.0 1229.0 10820.0 967.0
0.8642578125 0.8467976450920105 1451.0 1257.0 10792.0 958.0
0.873046875 0.8480426073074341 1443.0 1231.0 10818.0 966.0
0.880859375 0.845345139503479 1472.0 1299.0 10750.0 937.0
0.8798828125 0.8497717380523682 1447.0 1210.0 10839.0 962.0
0.87109375 0.8477659225463867 1455.0 1247.0 10802.0 954.0
0.8837890625 0.8476967811584473 1453.0 1246.0 10803.0 956.0
0.8701171875 0.8481809496879578 1437.0 1223.0 10826.0 972.0
0.869140625 0.8463134765625 1455.0 1268.0 10781.0 954.0
0.8876953125 0.8466593027114868 1471.0 1279.0 10770.0 938.0
0.859375 0.8448609709739685 1463.0 1297.0 10752.0 946.0
0.8671875 0.8454142808914185 1460.0 1286.0 10763.0 949.0
0.884765625 0.845898449420929 1472.0 1291.0 10758.0 937.0
0.8759765625 0.8472817540168762 1454.0 1253.0 10796.0 955.0
0.8740234375 0.847835123538971 1465.0 1256.0 10793.0 944.0
0.8642578125 0.8481117486953735 1455.0 1242.0 10807.0 954.0
0.873046875 0.8474892973899841 1459.0 1255.0 10794.0 950.0
0.869140625 0.84686678647995 1459.0 1264.0 10785.0 950.0
0.8818359375 0.847835123538971 1453.0 1244.0 10805.0 956.0
0.87890625 0.84686678647995 1467.0 1272.0 10777.0 942.0
0.87109375 0.8466593027114868 1478.0 1286.0 10763.0 931.0
0.875 0.8484575748443604 1463.0 1245.0 10804.0 946.0
0.8681640625 0.8456909656524658 1462.0 1284.0 10765.0 947.0
0.8798828125 0.8485267758369446 1456.0 1237.0 10812.0 953.0
0.880859375 0.8483192920684814 1452.0 1236.0 10813.0 957.0
0.88671875 0.8461059331893921 1482.0 1298.0 10751.0 927.0
0.884765625 0.8496333956718445 1444.0 1209.0 10840.0 965.0
0.8896484375 0.8498409390449524 1457.0 1219.0 10830.0 952.0
0.8740234375 0.8492184281349182 1450.0 1221.0 10828.0 959.0
0.857421875 0.8457601070404053 1465.0 1286.0 10763.0 944.0
0.884765625 0.8494259119033813 1444.0 1212.0 10837.0 965.0
0.8701171875 0.8438926339149475 1464.0 1312.0 10737.0 945.0
0.8828125 0.8487342596054077 1455.0 1233.0 10816.0 954.0
0.880859375 0.8455526232719421 1483.0 1307.0 10742.0 926.0
0.8857421875 0.8487342596054077 1458.0 1236.0 10813.0 951.0
0.865234375 0.8471434712409973 1456.0 1257.0 10792.0 953.0
0.8525390625 0.8489417433738708 1463.0 1238.0 10811.0 946.0
0.884765625 0.8492875695228577 1474.0 1244.0 10805.0 935.0
0.86328125 0.8488726019859314 1465.0 1241.0 10808.0 944.0
0.865234375 0.8493567705154419 1455.0 1224.0 10825.0 954.0
0.880859375 0.8459676504135132 1478.0 1296.0 10753.0 931.0
0.8671875 0.8490800857543945 1482.0 1255.0 10794.0 927.0
0.873046875 0.8467976450920105 1450.0 1256.0 10793.0 959.0
0.8701171875 0.8487342596054077 1475.0 1253.0 10796.0 934.0
0.8779296875 0.845345139503479 1457.0 1284.0 10765.0 952.0
0.8603515625 0.8474892973899841 1466.0 1262.0 10787.0 943.0
0.8662109375 0.8465901017189026 1473.0 1282.0 10767.0 936.0
0.8740234375 0.847835123538971 1460.0 1251.0 10798.0 949.0
0.8828125 0.8473509550094604 1473.0 1271.0 10778.0 936.0
0.87890625 0.8489417433738708 1465.0 1240.0 10809.0 944.0
0.8740234375 0.8483192920684814 1472.0 1256.0 10793.0 937.0
0.8759765625 0.8487342596054077 1437.0 1215.0 10834.0 972.0
0.8701171875 0.8462442755699158 1479.0 1293.0 10756.0 930.0
0.861328125 0.8466593027114868 1473.0 1281.0 10768.0 936.0
0.880859375 0.8481117486953735 1445.0 1232.0 10817.0 964.0
0.8837890625 0.8477659225463867 1454.0 1246.0 10803.0 955.0
0.873046875 0.8465209603309631 1490.0 1300.0 10749.0 919.0
0.8896484375 0.8473509550094604 1449.0 1247.0 10802.0 960.0
0.8759765625 0.8470051288604736 1460.0 1263.0 10786.0 949.0
0.86328125 0.8461059331893921 1473.0 1289.0 10760.0 936.0
0.880859375 0.8467284440994263 1459.0 1266.0 10783.0 950.0
0.873046875 0.8439618349075317 1470.0 1317.0 10732.0 939.0
0.875 0.8480426073074341 1453.0 1241.0 10808.0 956.0
0.8701171875 0.8463134765625 1478.0 1291.0 10758.0 931.0
0.884765625 0.8477659225463867 1466.0 1258.0 10791.0 943.0
0.884765625 0.8467284440994263 1472.0 1279.0 10770.0 937.0
0.8681640625 0.8470742702484131 1468.0 1270.0 10779.0 941.0
0.8642578125 0.8449993133544922 1465.0 1297.0 10752.0 944.0
0.8818359375 0.8442384600639343 1478.0 1321.0 10728.0 931.0
0.892578125 0.8450684547424316 1470.0 1301.0 10748.0 939.0
0.8681640625 0.843408465385437 1477.0 1332.0 10717.0 932.0
0.9130859375 0.844791829586029 1476.0 1311.0 10738.0 933.0
0.888671875 0.8471434712409973 1465.0 1266.0 10783.0 944.0
0.8837890625 0.8461751341819763 1460.0 1275.0 10774.0 949.0
0.8818359375 0.8445842862129211 1462.0 1300.0 10749.0 947.0
0.876953125 0.8437543511390686 1488.0 1338.0 10711.0 921.0
0.8935546875 0.8472126126289368 1480.0 1280.0 10769.0 929.0
0.8759765625 0.8445151448249817 1477.0 1316.0 10733.0 932.0
0.8564453125 0.8456909656524658 1504.0 1326.0 10723.0 905.0
0.87890625 0.8448609709739685 1485.0 1319.0 10730.0 924.0
0.8740234375 0.844791829586029 1486.0 1321.0 10728.0 923.0
0.8798828125 0.8470051288604736 1484.0 1287.0 10762.0 925.0
0.884765625 0.8472817540168762 1464.0 1263.0 10786.0 945.0
0.8779296875 0.8444460034370422 1484.0 1324.0 10725.0 925.0
0.8779296875 0.8467976450920105 1467.0 1273.0 10776.0 942.0
0.8779296875 0.8481117486953735 1449.0 1236.0 10813.0 960.0
0.861328125 0.845898449420929 1463.0 1282.0 10767.0 946.0
0.8671875 0.8470742702484131 1468.0 1270.0 10779.0 941.0
0.869140625 0.8454834818840027 1487.0 1312.0 10737.0 922.0
0.8857421875 0.8465209603309631 1491.0 1301.0 10748.0 918.0
0.8876953125 0.8460367918014526 1471.0 1288.0 10761.0 938.0
0.876953125 0.8456909656524658 1475.0 1297.0 10752.0 934.0
0.8779296875 0.8461059331893921 1467.0 1283.0 10766.0 942.0
0.880859375 0.845898449420929 1500.0 1319.0 10730.0 909.0
0.8779296875 0.8455526232719421 1488.0 1312.0 10737.0 921.0
0.8828125 0.8444460034370422 1473.0 1313.0 10736.0 936.0
0.8740234375 0.8428551554679871 1492.0 1355.0 10694.0 917.0
0.8623046875 0.8467284440994263 1477.0 1284.0 10765.0 932.0
0.8876953125 0.845898449420929 1466.0 1285.0 10764.0 943.0
0.89453125 0.8451376557350159 1476.0 1306.0 10743.0 933.0
0.861328125 0.8460367918014526 1479.0 1296.0 10753.0 930.0
0.8896484375 0.8449993133544922 1487.0 1319.0 10730.0 922.0
0.8701171875 0.8452759981155396 1478.0 1306.0 10743.0 931.0
0.8798828125 0.8465901017189026 1463.0 1272.0 10777.0 946.0
0.8828125 0.8437543511390686 1484.0 1334.0 10715.0 925.0
0.869140625 0.8449993133544922 1481.0 1313.0 10736.0 928.0
0.880859375 0.8429934978485107 1478.0 1339.0 10710.0 931.0
0.888671875 0.8438926339149475 1487.0 1335.0 10714.0 922.0
0.8828125 0.8454142808914185 1461.0 1287.0 10762.0 948.0
0.904296875 0.8437543511390686 1489.0 1339.0 10710.0 920.0
0.869140625 0.8441001772880554 1489.0 1334.0 10715.0 920.0
0.88671875 0.8465209603309631 1472.0 1282.0 10767.0 937.0
0.8828125 0.8475584387779236 1483.0 1278.0 10771.0 926.0
0.9013671875 0.8445842862129211 1474.0 1312.0 10737.0 935.0
0.8564453125 0.8433393239974976 1489.0 1345.0 10704.0 920.0
0.8818359375 0.8445842862129211 1482.0 1320.0 10729.0 927.0
0.876953125 0.8477659225463867 1486.0 1278.0 10771.0 923.0
0.8642578125 0.845345139503479 1502.0 1329.0 10720.0 907.0
0.87109375 0.8429243564605713 1497.0 1359.0 10690.0 912.0
0.8662109375 0.8463826179504395 1489.0 1301.0 10748.0 920.0
0.86328125 0.84686678647995 1470.0 1275.0 10774.0 939.0
0.8896484375 0.8459676504135132 1494.0 1312.0 10737.0 915.0
0.876953125 0.8483192920684814 1472.0 1256.0 10793.0 937.0
0.8740234375 0.8477659225463867 1483.0 1275.0 10774.0 926.0
0.8720703125 0.8439618349075317 1512.0 1359.0 10690.0 897.0
0.8642578125 0.8462442755699158 1495.0 1309.0 10740.0 914.0
0.892578125 0.8463826179504395 1487.0 1299.0 10750.0 922.0
0.875 0.8496333956718445 1505.0 1270.0 10779.0 904.0
0.86328125 0.8479042649269104 1489.0 1279.0 10770.0 920.0
0.8779296875 0.848595917224884 1484.0 1264.0 10785.0 925.0
0.8837890625 0.8459676504135132 1499.0 1317.0 10732.0 910.0
0.873046875 0.8491492867469788 1473.0 1245.0 10804.0 936.0
0.8662109375 0.8463134765625 1501.0 1314.0 10735.0 908.0
0.8974609375 0.8474892973899841 1480.0 1276.0 10773.0 929.0
0.8896484375 0.8492875695228577 1496.0 1266.0 10783.0 913.0
0.8818359375 0.8461059331893921 1514.0 1330.0 10719.0 895.0
0.876953125 0.8488034009933472 1500.0 1277.0 10772.0 909.0
0.8857421875 0.8488034009933472 1488.0 1265.0 10784.0 921.0
0.873046875 0.8473509550094604 1507.0 1305.0 10744.0 902.0
0.873046875 0.8506017327308655 1494.0 1245.0 10804.0 915.0
0.8828125 0.8501867651939392 1495.0 1252.0 10797.0 914.0
0.8662109375 0.8479042649269104 1505.0 1295.0 10754.0 904.0
0.865234375 0.8485267758369446 1498.0 1279.0 10770.0 911.0
0.892578125 0.8499100804328918 1474.0 1235.0 10814.0 935.0
0.875 0.8485267758369446 1482.0 1263.0 10786.0 927.0
0.8720703125 0.8454834818840027 1501.0 1326.0 10723.0 908.0
0.87109375 0.8490800857543945 1505.0 1278.0 10771.0 904.0
0.8837890625 0.8509475588798523 1489.0 1235.0 10814.0 920.0
0.8701171875 0.8470051288604736 1508.0 1311.0 10738.0 901.0
0.8828125 0.849564254283905 1494.0 1260.0 10789.0 915.0
0.8623046875 0.8470051288604736 1491.0 1294.0 10755.0 918.0
0.873046875 0.8456218242645264 1508.0 1331.0 10718.0 901.0
0.8837890625 0.8506017327308655 1482.0 1233.0 10816.0 927.0
0.8818359375 0.8481809496879578 1501.0 1287.0 10762.0 908.0
0.8759765625 0.847835123538971 1482.0 1273.0 10776.0 927.0
0.8857421875 0.8494259119033813 1478.0 1246.0 10803.0 931.0
0.87890625 0.8476967811584473 1493.0 1286.0 10763.0 916.0
0.86328125 0.8467284440994263 1502.0 1309.0 10740.0 907.0
0.873046875 0.8487342596054077 1470.0 1248.0 10801.0 939.0
0.884765625 0.8479042649269104 1505.0 1295.0 10754.0 904.0
0.888671875 0.8482500910758972 1496.0 1281.0 10768.0 913.0
0.8935546875 0.84686678647995 1504.0 1309.0 10740.0 905.0
0.875 0.8476276397705078 1518.0 1312.0 10737.0 891.0
0.88671875 0.8466593027114868 1514.0 1322.0 10727.0 895.0
0.8837890625 0.8465209603309631 1502.0 1312.0 10737.0 907.0
0.8798828125 0.8491492867469788 1484.0 1256.0 10793.0 925.0
0.876953125 0.8462442755699158 1490.0 1304.0 10745.0 919.0
0.873046875 0.847835123538971 1484.0 1275.0 10774.0 925.0
0.8564453125 0.8485267758369446 1487.0 1268.0 10781.0 922.0
0.880859375 0.8452759981155396 1527.0 1355.0 10694.0 882.0
0.853515625 0.8477659225463867 1498.0 1290.0 10759.0 911.0
0.8876953125 0.8467976450920105 1493.0 1299.0 10750.0 916.0
0.869140625 0.8473509550094604 1484.0 1282.0 10767.0 925.0
0.87890625 0.8472126126289368 1496.0 1296.0 10753.0 913.0
0.8623046875 0.8459676504135132 1480.0 1298.0 10751.0 929.0
0.875 0.848595917224884 1504.0 1284.0 10765.0 905.0
0.896484375 0.8487342596054077 1486.0 1264.0 10785.0 923.0
0.8779296875 0.845898449420929 1500.0 1319.0 10730.0 909.0
0.876953125 0.8472817540168762 1497.0 1296.0 10753.0 912.0
0.8720703125 0.848595917224884 1489.0 1269.0 10780.0 920.0
0.857421875 0.8491492867469788 1485.0 1257.0 10792.0 924.0
0.880859375 0.8438926339149475 1501.0 1349.0 10700.0 908.0
0.8916015625 0.8479042649269104 1487.0 1277.0 10772.0 922.0
0.888671875 0.8472817540168762 1488.0 1287.0 10762.0 921.0
0.8984375 0.8475584387779236 1484.0 1279.0 10770.0 925.0
0.873046875 0.8467976450920105 1478.0 1284.0 10765.0 931.0
0.8974609375 0.8461751341819763 1499.0 1314.0 10735.0 910.0
0.8583984375 0.8467976450920105 1486.0 1292.0 10757.0 923.0
0.8876953125 0.8470051288604736 1472.0 1275.0 10774.0 937.0
0.8740234375 0.8483192920684814 1475.0 1259.0 10790.0 934.0
0.8857421875 0.8472126126289368 1496.0 1296.0 10753.0 913.0
0.8642578125 0.8456909656524658 1507.0 1329.0 10720.0 902.0
0.890625 0.8487342596054077 1489.0 1267.0 10782.0 920.0
0.8935546875 0.8439618349075317 1503.0 1350.0 10699.0 906.0
0.8837890625 0.847835123538971 1495.0 1286.0 10763.0 914.0
0.8857421875 0.8492875695228577 1479.0 1249.0 10800.0 930.0
0.89453125 0.8477659225463867 1468.0 1260.0 10789.0 941.0
0.8759765625 0.8476967811584473 1484.0 1277.0 10772.0 925.0
0.86328125 0.8456909656524658 1479.0 1301.0 10748.0 930.0
0.86328125 0.8465901017189026 1492.0 1301.0 10748.0 917.0
0.87109375 0.8476967811584473 1472.0 1265.0 10784.0 937.0
0.8671875 0.8460367918014526 1496.0 1313.0 10736.0 913.0
0.8837890625 0.8446534872055054 1492.0 1329.0 10720.0 917.0
0.900390625 0.8461059331893921 1490.0 1306.0 10743.0 919.0
0.875 0.847835123538971 1499.0 1290.0 10759.0 910.0
0.8779296875 0.8492875695228577 1500.0 1270.0 10779.0 909.0
0.861328125 0.8475584387779236 1492.0 1287.0 10762.0 917.0
0.8916015625 0.8473509550094604 1484.0 1282.0 10767.0 925.0
0.8564453125 0.8474892973899841 1494.0 1290.0 10759.0 915.0
0.8916015625 0.8471434712409973 1472.0 1273.0 10776.0 937.0
0.9052734375 0.8494951128959656 1484.0 1251.0 10798.0 925.0
0.8818359375 0.8482500910758972 1486.0 1271.0 10778.0 923.0
0.8759765625 0.8484575748443604 1480.0 1262.0 10787.0 929.0
0.87890625 0.8448609709739685 1512.0 1346.0 10703.0 897.0
0.8876953125 0.8476967811584473 1487.0 1280.0 10769.0 922.0
0.8857421875 0.8479042649269104 1481.0 1271.0 10778.0 928.0
0.8642578125 0.8460367918014526 1498.0 1315.0 10734.0 911.0
0.876953125 0.8487342596054077 1488.0 1266.0 10783.0 921.0
0.880859375 0.8465209603309631 1508.0 1318.0 10731.0 901.0
0.89453125 0.8474892973899841 1488.0 1284.0 10765.0 921.0
0.875 0.845345139503479 1489.0 1316.0 10733.0 920.0
0.8857421875 0.8459676504135132 1497.0 1315.0 10734.0 912.0
0.8798828125 0.8472126126289368 1497.0 1297.0 10752.0 912.0
0.888671875 0.8486651182174683 1484.0 1263.0 10786.0 925.0
0.8955078125 0.8469359278678894 1490.0 1294.0 10755.0 919.0
0.873046875 0.847835123538971 1489.0 1280.0 10769.0 920.0
0.884765625 0.8461059331893921 1508.0 1324.0 10725.0 901.0
0.8642578125 0.8479042649269104 1498.0 1288.0 10761.0 911.0
0.88671875 0.8470051288604736 1491.0 1294.0 10755.0 918.0
0.8603515625 0.8474892973899841 1498.0 1294.0 10755.0 911.0
0.8876953125 0.8465209603309631 1475.0 1285.0 10764.0 934.0
0.8798828125 0.845345139503479 1517.0 1344.0 10705.0 892.0
0.876953125 0.8472126126289368 1483.0 1283.0 10766.0 926.0
0.896484375 0.847835123538971 1505.0 1296.0 10753.0 904.0
0.8662109375 0.8472126126289368 1498.0 1298.0 10751.0 911.0
0.875 0.8466593027114868 1493.0 1301.0 10748.0 916.0
0.880859375 0.8484575748443604 1491.0 1273.0 10776.0 918.0
0.884765625 0.8500484228134155 1469.0 1228.0 10821.0 940.0
0.8818359375 0.8461751341819763 1492.0 1307.0 10742.0 917.0
0.890625 0.8469359278678894 1480.0 1284.0 10765.0 929.0
0.890625 0.8473509550094604 1499.0 1297.0 10752.0 910.0
0.8837890625 0.8463826179504395 1500.0 1312.0 10737.0 909.0
0.8720703125 0.8469359278678894 1504.0 1308.0 10741.0 905.0
0.86328125 0.8456218242645264 1501.0 1324.0 10725.0 908.0
0.8671875 0.849564254283905 1484.0 1250.0 10799.0 925.0
0.88671875 0.8452759981155396 1514.0 1342.0 10707.0 895.0
0.888671875 0.8475584387779236 1491.0 1286.0 10763.0 918.0
0.892578125 0.8484575748443604 1503.0 1285.0 10764.0 906.0
0.8720703125 0.8435468077659607 1511.0 1364.0 10685.0 898.0
0.892578125 0.8467284440994263 1488.0 1295.0 10754.0 921.0
0.8974609375 0.8457601070404053 1490.0 1311.0 10738.0 919.0
0.873046875 0.8436160087585449 1520.0 1372.0 10677.0 889.0
0.8828125 0.8457601070404053 1501.0 1322.0 10727.0 908.0
0.888671875 0.8482500910758972 1478.0 1263.0 10786.0 931.0
0.87890625 0.8460367918014526 1483.0 1300.0 10749.0 926.0
0.8671875 0.8474892973899841 1485.0 1281.0 10768.0 924.0
0.88671875 0.8475584387779236 1507.0 1302.0 10747.0 902.0
0.865234375 0.8458293080329895 1517.0 1337.0 10712.0 892.0
0.890625 0.8473509550094604 1490.0 1288.0 10761.0 919.0
0.8857421875 0.8469359278678894 1488.0 1292.0 10757.0 921.0
0.87890625 0.844791829586029 1498.0 1333.0 10716.0 911.0
0.8779296875 0.8461059331893921 1485.0 1301.0 10748.0 924.0
0.8955078125 0.8489417433738708 1496.0 1271.0 10778.0 913.0
0.9013671875 0.8460367918014526 1482.0 1299.0 10750.0 927.0
0.87109375 0.844791829586029 1482.0 1317.0 10732.0 927.0
0.87890625 0.8443076610565186 1495.0 1337.0 10712.0 914.0
0.869140625 0.8455526232719421 1494.0 1318.0 10731.0 915.0
0.8935546875 0.8438234925270081 1501.0 1350.0 10699.0 908.0
0.87109375 0.8458293080329895 1490.0 1310.0 10739.0 919.0
0.8876953125 0.848595917224884 1481.0 1261.0 10788.0 928.0
0.8818359375 0.8469359278678894 1490.0 1294.0 10755.0 919.0
0.8740234375 0.84686678647995 1502.0 1307.0 10742.0 907.0
0.884765625 0.8476276397705078 1487.0 1281.0 10768.0 922.0
0.8642578125 0.8458293080329895 1476.0 1296.0 10753.0 933.0
0.8857421875 0.8462442755699158 1499.0 1313.0 10736.0 910.0
0.880859375 0.8459676504135132 1486.0 1304.0 10745.0 923.0
0.8876953125 0.8445151448249817 1524.0 1363.0 10686.0 885.0
0.8701171875 0.8427168130874634 1501.0 1366.0 10683.0 908.0
0.8828125 0.8465901017189026 1482.0 1291.0 10758.0 927.0
0.8828125 0.8472126126289368 1494.0 1294.0 10755.0 915.0
0.890625 0.8447226285934448 1490.0 1326.0 10723.0 919.0
0.8837890625 0.8465901017189026 1499.0 1308.0 10741.0 910.0
0.8828125 0.8459676504135132 1482.0 1300.0 10749.0 927.0
0.904296875 0.8456909656524658 1494.0 1316.0 10733.0 915.0
0.8798828125 0.8474200963973999 1492.0 1289.0 10760.0 917.0
0.8759765625 0.8445842862129211 1508.0 1346.0 10703.0 901.0
0.8828125 0.8454834818840027 1508.0 1333.0 10716.0 901.0
0.8828125 0.8461059331893921 1497.0 1313.0 10736.0 912.0
0.8720703125 0.8456218242645264 1510.0 1333.0 10716.0 899.0
0.8837890625 0.8479734659194946 1504.0 1293.0 10756.0 905.0
0.89453125 0.8467976450920105 1490.0 1296.0 10753.0 919.0
0.87109375 0.8454834818840027 1501.0 1326.0 10723.0 908.0
0.876953125 0.8456909656524658 1499.0 1321.0 10728.0 910.0
0.8876953125 0.8458293080329895 1493.0 1313.0 10736.0 916.0
0.9033203125 0.8464518189430237 1505.0 1316.0 10733.0 904.0
0.89453125 0.8462442755699158 1501.0 1315.0 10734.0 908.0
0.875 0.8463826179504395 1503.0 1315.0 10734.0 906.0
0.8916015625 0.8487342596054077 1491.0 1269.0 10780.0 918.0
0.8798828125 0.8463134765625 1496.0 1309.0 10740.0 913.0
0.896484375 0.8479042649269104 1498.0 1288.0 10761.0 911.0
0.8759765625 0.8463826179504395 1501.0 1313.0 10736.0 908.0
0.8876953125 0.8469359278678894 1484.0 1288.0 10761.0 925.0
0.8759765625 0.8470051288604736 1506.0 1309.0 10740.0 903.0
0.88671875 0.8479734659194946 1498.0 1287.0 10762.0 911.0
0.8681640625 0.8462442755699158 1496.0 1310.0 10739.0 913.0
0.8876953125 0.8457601070404053 1518.0 1339.0 10710.0 891.0
0.900390625 0.8489417433738708 1502.0 1277.0 10772.0 907.0
0.9013671875 0.8472817540168762 1498.0 1297.0 10752.0 911.0
0.90234375 0.8465209603309631 1503.0 1313.0 10736.0 906.0
0.892578125 0.8472817540168762 1478.0 1277.0 10772.0 931.0
0.8779296875 0.8489417433738708 1494.0 1269.0 10780.0 915.0
0.8896484375 0.8462442755699158 1501.0 1315.0 10734.0 908.0
0.8720703125 0.8437543511390686 1501.0 1351.0 10698.0 908.0
0.873046875 0.843408465385437 1516.0 1371.0 10678.0 893.0
0.8818359375 0.8452759981155396 1511.0 1339.0 10710.0 898.0
0.8935546875 0.8476967811584473 1494.0 1287.0 10762.0 915.0
0.8671875 0.8483192920684814 1502.0 1286.0 10763.0 907.0
0.896484375 0.844791829586029 1502.0 1337.0 10712.0 907.0
0.880859375 0.8467976450920105 1506.0 1312.0 10737.0 903.0
0.8857421875 0.8479734659194946 1509.0 1298.0 10751.0 900.0
0.8681640625 0.8479042649269104 1511.0 1301.0 10748.0 898.0
0.90234375 0.8477659225463867 1508.0 1300.0 10749.0 901.0
0.876953125 0.8488726019859314 1499.0 1275.0 10774.0 910.0
0.888671875 0.8479734659194946 1514.0 1303.0 10746.0 895.0
0.8916015625 0.8461059331893921 1498.0 1314.0 10735.0 911.0
0.8720703125 0.8476967811584473 1486.0 1279.0 10770.0 923.0
0.875 0.8460367918014526 1503.0 1320.0 10729.0 906.0
0.8857421875 0.8465209603309631 1493.0 1303.0 10746.0 916.0
0.8779296875 0.8461059331893921 1499.0 1315.0 10734.0 910.0
0.8876953125 0.8476967811584473 1503.0 1296.0 10753.0 906.0
0.8818359375 0.845898449420929 1497.0 1316.0 10733.0 912.0
0.9052734375 0.845345139503479 1493.0 1320.0 10729.0 916.0
0.90234375 0.8451376557350159 1508.0 1338.0 10711.0 901.0
0.884765625 0.8457601070404053 1491.0 1312.0 10737.0 918.0
0.8798828125 0.8469359278678894 1503.0 1307.0 10742.0 906.0
0.880859375 0.8449993133544922 1509.0 1341.0 10708.0 900.0
0.8916015625 0.8464518189430237 1486.0 1297.0 10752.0 923.0
0.884765625 0.8467284440994263 1501.0 1308.0 10741.0 908.0
0.876953125 0.8448609709739685 1509.0 1343.0 10706.0 900.0
0.8916015625 0.8445842862129211 1491.0 1329.0 10720.0 918.0
0.888671875 0.8461059331893921 1497.0 1313.0 10736.0 912.0
0.8837890625 0.8461059331893921 1491.0 1307.0 10742.0 918.0
0.869140625 0.8470742702484131 1511.0 1313.0 10736.0 898.0
0.87890625 0.8450684547424316 1499.0 1330.0 10719.0 910.0
0.876953125 0.8450684547424316 1495.0 1326.0 10723.0 914.0
0.8955078125 0.8477659225463867 1500.0 1292.0 10757.0 909.0
0.873046875 0.8439618349075317 1499.0 1346.0 10703.0 910.0
0.8984375 0.8431318402290344 1516.0 1375.0 10674.0 893.0
0.8583984375 0.8461059331893921 1491.0 1307.0 10742.0 918.0
0.875 0.8445151448249817 1485.0 1324.0 10725.0 924.0
0.8837890625 0.8456218242645264 1496.0 1319.0 10730.0 913.0
0.87109375 0.8436851501464844 1511.0 1362.0 10687.0 898.0
0.90234375 0.8467976450920105 1480.0 1286.0 10763.0 929.0
0.8720703125 0.8456218242645264 1479.0 1302.0 10747.0 930.0
0.873046875 0.844791829586029 1519.0 1354.0 10695.0 890.0
0.87890625 0.8438234925270081 1486.0 1335.0 10714.0 923.0
0.890625 0.8446534872055054 1496.0 1333.0 10716.0 913.0
0.875 0.8452759981155396 1480.0 1308.0 10741.0 929.0
0.892578125 0.8434776663780212 1486.0 1340.0 10709.0 923.0
0.876953125 0.8475584387779236 1495.0 1290.0 10759.0 914.0
0.8798828125 0.8432701826095581 1496.0 1353.0 10696.0 913.0
0.876953125 0.8457601070404053 1495.0 1316.0 10733.0 914.0
0.8720703125 0.8442384600639343 1510.0 1353.0 10696.0 899.0
0.8642578125 0.8445151448249817 1508.0 1347.0 10702.0 901.0
0.8974609375 0.8449301719665527 1492.0 1325.0 10724.0 917.0
0.8779296875 0.8457601070404053 1493.0 1314.0 10735.0 916.0
0.861328125 0.8436851501464844 1484.0 1335.0 10714.0 925.0
0.9033203125 0.844376802444458 1488.0 1329.0 10720.0 921.0
0.87890625 0.8436851501464844 1483.0 1334.0 10715.0 926.0
0.859375 0.8442384600639343 1503.0 1346.0 10703.0 906.0
0.8837890625 0.8454142808914185 1497.0 1323.0 10726.0 912.0
0.880859375 0.8450684547424316 1508.0 1339.0 10710.0 901.0
0.880859375 0.8452067971229553 1504.0 1333.0 10716.0 905.0
0.8681640625 0.8454142808914185 1484.0 1310.0 10739.0 925.0
0.90234375 0.8447226285934448 1502.0 1338.0 10711.0 907.0
0.8759765625 0.8456909656524658 1491.0 1313.0 10736.0 918.0
0.8876953125 0.8462442755699158 1476.0 1290.0 10759.0 933.0
0.876953125 0.8440309762954712 1504.0 1350.0 10699.0 905.0
0.90625 0.844791829586029 1504.0 1339.0 10710.0 905.0
0.87109375 0.8476276397705078 1490.0 1284.0 10765.0 919.0
0.8779296875 0.8458293080329895 1494.0 1314.0 10735.0 915.0
0.884765625 0.84686678647995 1500.0 1305.0 10744.0 909.0
0.8837890625 0.8452759981155396 1507.0 1335.0 10714.0 902.0
0.8720703125 0.8465209603309631 1507.0 1317.0 10732.0 902.0
0.8740234375 0.844791829586029 1503.0 1338.0 10711.0 906.0
0.8720703125 0.8479734659194946 1498.0 1287.0 10762.0 911.0
0.8828125 0.8445151448249817 1499.0 1338.0 10711.0 910.0
0.88671875 0.8454142808914185 1492.0 1318.0 10731.0 917.0
0.865234375 0.8445842862129211 1496.0 1334.0 10715.0 913.0
0.876953125 0.8438926339149475 1492.0 1340.0 10709.0 917.0
0.8935546875 0.8465901017189026 1491.0 1300.0 10749.0 918.0
0.9013671875 0.8427860140800476 1508.0 1372.0 10677.0 901.0
0.87890625 0.8461751341819763 1502.0 1317.0 10732.0 907.0
0.8779296875 0.8480426073074341 1492.0 1280.0 10769.0 917.0
0.8916015625 0.8456909656524658 1491.0 1313.0 10736.0 918.0
0.8935546875 0.8445842862129211 1496.0 1334.0 10715.0 913.0
0.8798828125 0.845898449420929 1496.0 1315.0 10734.0 913.0
0.8671875 0.8456909656524658 1484.0 1306.0 10743.0 925.0
0.884765625 0.8451376557350159 1509.0 1339.0 10710.0 900.0
0.8798828125 0.8463826179504395 1483.0 1295.0 10754.0 926.0
0.861328125 0.8449301719665527 1484.0 1317.0 10732.0 925.0
0.8828125 0.8446534872055054 1501.0 1338.0 10711.0 908.0
0.876953125 0.844376802444458 1505.0 1346.0 10703.0 904.0
0.8857421875 0.8457601070404053 1507.0 1328.0 10721.0 902.0
0.8896484375 0.845345139503479 1493.0 1320.0 10729.0 916.0
0.888671875 0.8437543511390686 1511.0 1361.0 10688.0 898.0
0.8740234375 0.8454142808914185 1509.0 1335.0 10714.0 900.0
0.8701171875 0.8446534872055054 1488.0 1325.0 10724.0 921.0
0.89453125 0.8462442755699158 1488.0 1302.0 10747.0 921.0
0.880859375 0.8438926339149475 1503.0 1351.0 10698.0 906.0
0.8818359375 0.844791829586029 1495.0 1330.0 10719.0 914.0
0.8876953125 0.8436160087585449 1519.0 1371.0 10678.0 890.0
0.8828125 0.8465209603309631 1502.0 1312.0 10737.0 907.0
0.884765625 0.8479042649269104 1474.0 1264.0 10785.0 935.0
0.9091796875 0.8463826179504395 1503.0 1315.0 10734.0 906.0
0.8984375 0.8483192920684814 1489.0 1273.0 10776.0 920.0
0.8798828125 0.8451376557350159 1508.0 1338.0 10711.0 901.0
0.8876953125 0.8459676504135132 1503.0 1321.0 10728.0 906.0
0.8876953125 0.843408465385437 1494.0 1349.0 10700.0 915.0
0.896484375 0.8436851501464844 1508.0 1359.0 10690.0 901.0
0.8828125 0.8450684547424316 1509.0 1340.0 10709.0 900.0
0.8955078125 0.8463826179504395 1511.0 1323.0 10726.0 898.0
0.8837890625 0.8452759981155396 1492.0 1320.0 10729.0 917.0
0.87890625 0.8450684547424316 1498.0 1329.0 10720.0 911.0
0.8759765625 0.8441001772880554 1513.0 1358.0 10691.0 896.0
0.8583984375 0.845345139503479 1496.0 1323.0 10726.0 913.0
0.888671875 0.8423709869384766 1519.0 1389.0 10660.0 890.0
0.8642578125 0.845898449420929 1495.0 1314.0 10735.0 914.0
0.9111328125 0.845898449420929 1514.0 1333.0 10716.0 895.0
0.873046875 0.8455526232719421 1495.0 1319.0 10730.0 914.0
0.8818359375 0.8440309762954712 1512.0 1358.0 10691.0 897.0
0.90234375 0.8445151448249817 1519.0 1358.0 10691.0 890.0
0.8916015625 0.8452759981155396 1515.0 1343.0 10706.0 894.0
0.8701171875 0.8449301719665527 1499.0 1332.0 10717.0 910.0
0.896484375 0.8430626392364502 1521.0 1381.0 10668.0 888.0
0.8916015625 0.8457601070404053 1499.0 1320.0 10729.0 910.0
0.890625 0.8467976450920105 1499.0 1305.0 10744.0 910.0
0.900390625 0.8470742702484131 1492.0 1294.0 10755.0 917.0
0.888671875 0.8462442755699158 1508.0 1322.0 10727.0 901.0
0.8876953125 0.8425785303115845 1510.0 1377.0 10672.0 899.0
0.8984375 0.8449993133544922 1507.0 1339.0 10710.0 902.0
0.8857421875 0.843408465385437 1506.0 1361.0 10688.0 903.0
0.875 0.8467284440994263 1472.0 1279.0 10770.0 937.0
0.861328125 0.843408465385437 1512.0 1367.0 10682.0 897.0
0.8779296875 0.8449993133544922 1508.0 1340.0 10709.0 901.0
0.896484375 0.8443076610565186 1508.0 1350.0 10699.0 901.0
0.890625 0.8475584387779236 1484.0 1279.0 10770.0 925.0
0.865234375 0.8429934978485107 1513.0 1374.0 10675.0 896.0
0.875 0.8457601070404053 1505.0 1326.0 10723.0 904.0
0.88671875 0.8416101932525635 1512.0 1393.0 10656.0 897.0
0.90625 0.8449301719665527 1499.0 1332.0 10717.0 910.0
0.8828125 0.8434776663780212 1513.0 1367.0 10682.0 896.0
0.8681640625 0.8451376557350159 1496.0 1326.0 10723.0 913.0
0.8984375 0.8447226285934448 1515.0 1351.0 10698.0 894.0
0.8857421875 0.8476967811584473 1497.0 1290.0 10759.0 912.0
0.8828125 0.8471434712409973 1501.0 1302.0 10747.0 908.0
0.8896484375 0.8443076610565186 1507.0 1349.0 10700.0 902.0
0.8798828125 0.8450684547424316 1506.0 1337.0 10712.0 903.0
0.8779296875 0.8441001772880554 1507.0 1352.0 10697.0 902.0
0.89453125 0.8439618349075317 1509.0 1356.0 10693.0 900.0
0.8740234375 0.8440309762954712 1483.0 1329.0 10720.0 926.0
0.884765625 0.8459676504135132 1512.0 1330.0 10719.0 897.0
0.8876953125 0.8451376557350159 1497.0 1327.0 10722.0 912.0
0.8740234375 0.8451376557350159 1500.0 1330.0 10719.0 909.0
0.884765625 0.8472126126289368 1492.0 1292.0 10757.0 917.0
0.873046875 0.8436851501464844 1503.0 1354.0 10695.0 906.0
0.8720703125 0.8449993133544922 1497.0 1329.0 10720.0 912.0
0.8896484375 0.8465901017189026 1499.0 1308.0 10741.0 910.0
0.888671875 0.8452759981155396 1508.0 1336.0 10713.0 901.0
0.8896484375 0.8465209603309631 1483.0 1293.0 10756.0 926.0
0.876953125 0.8444460034370422 1497.0 1337.0 10712.0 912.0
0.8994140625 0.8455526232719421 1490.0 1314.0 10735.0 919.0
0.8984375 0.8449301719665527 1516.0 1349.0 10700.0 893.0
0.8779296875 0.8459676504135132 1498.0 1316.0 10733.0 911.0
0.892578125 0.8449993133544922 1498.0 1330.0 10719.0 911.0
0.8896484375 0.8466593027114868 1501.0 1309.0 10740.0 908.0
0.8818359375 0.8454142808914185 1513.0 1339.0 10710.0 896.0
0.8876953125 0.8451376557350159 1501.0 1331.0 10718.0 908.0
0.8818359375 0.8456218242645264 1490.0 1313.0 10736.0 919.0
0.8857421875 0.8429243564605713 1493.0 1355.0 10694.0 916.0
0.8837890625 0.8441001772880554 1504.0 1349.0 10700.0 905.0
0.8828125 0.8456218242645264 1515.0 1338.0 10711.0 894.0
0.8779296875 0.8435468077659607 1509.0 1362.0 10687.0 900.0
0.88671875 0.8481117486953735 1492.0 1279.0 10770.0 917.0
0.884765625 0.8456909656524658 1496.0 1318.0 10731.0 913.0
0.8798828125 0.844791829586029 1504.0 1339.0 10710.0 905.0
0.8828125 0.8469359278678894 1493.0 1297.0 10752.0 916.0
0.884765625 0.8438926339149475 1510.0 1358.0 10691.0 899.0
0.880859375 0.8458293080329895 1501.0 1321.0 10728.0 908.0
0.869140625 0.8445842862129211 1501.0 1339.0 10710.0 908.0
0.88671875 0.8452759981155396 1492.0 1320.0 10729.0 917.0
