0.48046875 0.46361875534057617 1246.0 6592.0 5457.0 1163.0
0.818359375 0.7985889911651611 1409.0 1912.0 10137.0 1000.0
0.7763671875 0.7846866846084595 1563.0 2267.0 9782.0 846.0
0.818359375 0.80681973695755 1549.0 1933.0 10116.0 860.0
0.8388671875 0.8185779452323914 1587.0 1801.0 10248.0 822.0
0.837890625 0.8128371834754944 1681.0 1978.0 10071.0 728.0
0.8359375 0.8220362663269043 1706.0 1870.0 10179.0 703.0
0.8349609375 0.8201687932014465 1720.0 1911.0 10138.0 689.0
0.8671875 0.823488712310791 1720.0 1863.0 10186.0 689.0
0.8447265625 0.8225895762443542 1762.0 1918.0 10131.0 647.0
0.833984375 0.8293678164482117 1758.0 1816.0 10233.0 651.0
0.8583984375 0.8441001772880554 1710.0 1555.0 10494.0 699.0
0.8447265625 0.8366302251815796 1751.0 1704.0 10345.0 658.0
0.8505859375 0.8392585515975952 1776.0 1691.0 10358.0 633.0
0.83984375 0.8266703486442566 1817.0 1914.0 10135.0 592.0
0.87890625 0.8344861268997192 1800.0 1784.0 10265.0 609.0
0.8515625 0.8349010944366455 1808.0 1786.0 10263.0 601.0
0.87890625 0.8432701826095581 1796.0 1653.0 10396.0 613.0
0.8583984375 0.8343477845191956 1826.0 1812.0 10237.0 583.0
0.85546875 0.8409185409545898 1790.0 1681.0 10368.0 619.0
0.880859375 0.8462442755699158 1773.0 1587.0 10462.0 636.0
0.8623046875 0.8417485356330872 1751.0 1630.0 10419.0 658.0
0.859375 0.8397427201271057 1803.0 1711.0 10338.0 606.0
0.8544921875 0.8429934978485107 1832.0 1693.0 10356.0 577.0
0.853515625 0.8387052416801453 1827.0 1750.0 10299.0 582.0
0.86328125 0.8371143937110901 1819.0 1765.0 10284.0 590.0
0.875 0.8418868184089661 1824.0 1701.0 10348.0 585.0
0.8759765625 0.8407801985740662 1844.0 1737.0 10312.0 565.0
0.87890625 0.8484575748443604 1799.0 1581.0 10468.0 610.0
0.8779296875 0.8455526232719421 1815.0 1639.0 10410.0 594.0
0.859375 0.848595917224884 1817.0 1597.0 10452.0 592.0
0.8779296875 0.8405035138130188 1829.0 1726.0 10323.0 580.0
0.84765625 0.8497025966644287 1828.0 1592.0 10457.0 581.0
0.8671875 0.8440309762954712 1843.0 1689.0 10360.0 566.0
0.87890625 0.8463826179504395 1796.0 1608.0 10441.0 613.0
0.8662109375 0.8475584387779236 1795.0 1590.0 10459.0 614.0
0.865234375 0.8417485356330872 1856.0 1735.0 10314.0 553.0
0.8955078125 0.8503251075744629 1813.0 1568.0 10481.0 596.0
0.8896484375 0.8512933850288391 1801.0 1542.0 10507.0 608.0
0.8857421875 0.8517084121704102 1805.0 1540.0 10509.0 604.0
0.875 0.8501867651939392 1809.0 1566.0 10483.0 600.0
0.869140625 0.8532300591468811 1809.0 1522.0 10527.0 600.0
0.875 0.8550283312797546 1837.0 1524.0 10525.0 572.0
0.8798828125 0.8441001772880554 1821.0 1666.0 10383.0 588.0
0.873046875 0.851500928401947 1829.0 1567.0 10482.0 580.0
0.873046875 0.8476967811584473 1858.0 1651.0 10398.0 551.0
0.8544921875 0.8514317274093628 1829.0 1568.0 10481.0 580.0
0.876953125 0.850117564201355 1854.0 1612.0 10437.0 555.0
0.8662109375 0.8470051288604736 1896.0 1699.0 10350.0 513.0
0.8720703125 0.8467976450920105 1867.0 1673.0 10376.0 542.0
0.873046875 0.8546825051307678 1843.0 1535.0 10514.0 566.0
0.8701171875 0.8494259119033813 1838.0 1606.0 10443.0 571.0
0.8818359375 0.856273353099823 1802.0 1471.0 10578.0 607.0
0.8583984375 0.8548208475112915 1851.0 1541.0 10508.0 558.0
0.8935546875 0.8552358746528625 1822.0 1506.0 10543.0 587.0
0.86328125 0.8581408262252808 1805.0 1447.0 10602.0 604.0
0.88671875 0.857795000076294 1803.0 1450.0 10599.0 606.0
0.8740234375 0.8565499782562256 1851.0 1516.0 10533.0 558.0
0.865234375 0.8528150320053101 1853.0 1572.0 10477.0 556.0
0.8603515625 0.8521925806999207 1848.0 1576.0 10473.0 561.0
0.875 0.851085901260376 1836.0 1580.0 10469.0 573.0
0.8837890625 0.8507400751113892 1838.0 1587.0 10462.0 571.0
0.89453125 0.8596624732017517 1822.0 1442.0 10607.0 587.0
0.8515625 0.8462442755699158 1866.0 1680.0 10369.0 543.0
0.8740234375 0.855858325958252 1843.0 1518.0 10531.0 566.0
0.875 0.8541291952133179 1836.0 1536.0 10513.0 573.0
0.8720703125 0.8561350107192993 1802.0 1473.0 10576.0 607.0
0.8740234375 0.8565499782562256 1827.0 1492.0 10557.0 582.0
0.8798828125 0.8583483099937439 1805.0 1444.0 10605.0 604.0
0.888671875 0.8512933850288391 1869.0 1610.0 10439.0 540.0
0.8759765625 0.8539217114448547 1843.0 1546.0 10503.0 566.0
0.8876953125 0.8530917167663574 1837.0 1552.0 10497.0 572.0
0.869140625 0.8515700697898865 1837.0 1574.0 10475.0 572.0
0.87890625 0.8582791686058044 1800.0 1440.0 10609.0 609.0
0.89453125 0.8566883206367493 1832.0 1495.0 10554.0 577.0
0.884765625 0.8622215986251831 1828.0 1411.0 10638.0 581.0
0.8603515625 0.853783369064331 1842.0 1547.0 10502.0 567.0
0.875 0.8500484228134155 1861.0 1620.0 10429.0 548.0
0.873046875 0.8512242436408997 1834.0 1576.0 10473.0 575.0
0.888671875 0.8559275269508362 1822.0 1496.0 10553.0 587.0
0.8681640625 0.8508092164993286 1838.0 1586.0 10463.0 571.0
0.8896484375 0.8541291952133179 1831.0 1531.0 10518.0 578.0
0.888671875 0.8470742702484131 1891.0 1693.0 10356.0 518.0
0.87890625 0.8540600538253784 1852.0 1553.0 10496.0 557.0
0.87890625 0.8485267758369446 1856.0 1637.0 10412.0 553.0
0.8876953125 0.8599391579627991 1832.0 1448.0 10601.0 577.0
0.875 0.8567575216293335 1822.0 1484.0 10565.0 587.0
0.876953125 0.8604232668876648 1781.0 1390.0 10659.0 628.0
0.8798828125 0.8559275269508362 1841.0 1515.0 10534.0 568.0
0.8837890625 0.855858325958252 1832.0 1507.0 10542.0 577.0
0.8876953125 0.8538525104522705 1850.0 1554.0 10495.0 559.0
0.865234375 0.857795000076294 1837.0 1484.0 10565.0 572.0
0.8857421875 0.8519850373268127 1892.0 1623.0 10426.0 517.0
0.888671875 0.8559275269508362 1855.0 1529.0 10520.0 554.0
0.8857421875 0.8568958640098572 1843.0 1503.0 10546.0 566.0
0.884765625 0.8564808368682861 1832.0 1498.0 10551.0 577.0
0.87109375 0.8473509550094604 1864.0 1662.0 10387.0 545.0
0.8701171875 0.8602849841117859 1816.0 1427.0 10622.0 593.0
0.8779296875 0.856273353099823 1838.0 1507.0 10542.0 571.0
0.8701171875 0.8502559065818787 1880.0 1636.0 10413.0 529.0
0.8671875 0.855858325958252 1836.0 1511.0 10538.0 573.0
0.8720703125 0.8620832562446594 1819.0 1404.0 10645.0 590.0
0.8623046875 0.8581408262252808 1835.0 1477.0 10572.0 574.0
0.8720703125 0.8631207346916199 1821.0 1391.0 10658.0 588.0
0.8876953125 0.8569650053977966 1830.0 1489.0 10560.0 579.0
0.890625 0.8578641414642334 1844.0 1490.0 10559.0 565.0
0.865234375 0.8526766896247864 1820.0 1541.0 10508.0 589.0
0.89453125 0.8603541254997253 1806.0 1416.0 10633.0 603.0
0.88671875 0.8552358746528625 1812.0 1496.0 10553.0 597.0
0.8759765625 0.8564808368682861 1824.0 1490.0 10559.0 585.0
0.890625 0.8563424944877625 1811.0 1479.0 10570.0 598.0
0.892578125 0.8526075482368469 1838.0 1560.0 10489.0 571.0
0.87890625 0.8581408262252808 1848.0 1490.0 10559.0 561.0
0.88671875 0.8554433584213257 1838.0 1519.0 10530.0 571.0
0.869140625 0.8536450266838074 1865.0 1572.0 10477.0 544.0
0.9052734375 0.8626366257667542 1798.0 1375.0 10674.0 611.0
0.88671875 0.8550975322723389 1868.0 1554.0 10495.0 541.0
0.8662109375 0.8604232668876648 1814.0 1423.0 10626.0 595.0
0.8779296875 0.8611841201782227 1837.0 1435.0 10614.0 572.0
0.896484375 0.8560658693313599 1853.0 1525.0 10524.0 556.0
0.890625 0.8554433584213257 1841.0 1522.0 10527.0 568.0
0.8828125 0.8593857884407043 1835.0 1459.0 10590.0 574.0
0.8759765625 0.8593857884407043 1841.0 1465.0 10584.0 568.0
0.884765625 0.8512933850288391 1899.0 1640.0 10409.0 510.0
0.8974609375 0.8626366257667542 1831.0 1408.0 10641.0 578.0
0.8857421875 0.8580716848373413 1809.0 1452.0 10597.0 600.0
0.8642578125 0.8557891845703125 1833.0 1509.0 10540.0 576.0
0.87890625 0.8571724891662598 1840.0 1496.0 10553.0 569.0
0.888671875 0.86201411485672 1810.0 1396.0 10653.0 599.0
0.9013671875 0.8546133637428284 1856.0 1549.0 10500.0 553.0
0.8828125 0.8598008155822754 1833.0 1451.0 10598.0 576.0
0.8740234375 0.8517084121704102 1868.0 1603.0 10446.0 541.0
0.880859375 0.8581408262252808 1825.0 1467.0 10582.0 584.0
0.8818359375 0.8598008155822754 1822.0 1440.0 10609.0 587.0
0.890625 0.8626366257667542 1808.0 1385.0 10664.0 601.0
0.8935546875 0.8578641414642334 1854.0 1500.0 10549.0 555.0
0.9072265625 0.8622907996177673 1851.0 1433.0 10616.0 558.0
0.8779296875 0.8586941361427307 1850.0 1484.0 10565.0 559.0
0.904296875 0.8581408262252808 1813.0 1455.0 10594.0 596.0
0.8896484375 0.8539217114448547 1865.0 1568.0 10481.0 544.0
0.8740234375 0.8603541254997253 1846.0 1456.0 10593.0 563.0
0.8779296875 0.8531608581542969 1855.0 1569.0 10480.0 554.0
0.875 0.8621524572372437 1846.0 1430.0 10619.0 563.0
0.869140625 0.8579333424568176 1838.0 1483.0 10566.0 571.0
0.8759765625 0.8602157831192017 1824.0 1436.0 10613.0 585.0
0.8720703125 0.8606999516487122 1835.0 1440.0 10609.0 574.0
0.8857421875 0.8559966683387756 1896.0 1569.0 10480.0 513.0
0.8876953125 0.8537142276763916 1859.0 1565.0 10484.0 550.0
0.865234375 0.8548900485038757 1863.0 1552.0 10497.0 546.0
0.8876953125 0.8598699569702148 1839.0 1456.0 10593.0 570.0
0.884765625 0.8607691526412964 1825.0 1429.0 10620.0 584.0
0.875 0.8532300591468811 1856.0 1569.0 10480.0 553.0
0.8642578125 0.8590399622917175 1858.0 1487.0 10562.0 551.0
0.8720703125 0.8584866523742676 1834.0 1471.0 10578.0 575.0
0.888671875 0.8611149787902832 1830.0 1429.0 10620.0 579.0
0.8857421875 0.8638124465942383 1804.0 1364.0 10685.0 605.0
0.89453125 0.86146080493927 1834.0 1428.0 10621.0 575.0
0.8955078125 0.8604232668876648 1845.0 1454.0 10595.0 564.0
0.8603515625 0.8523308634757996 1861.0 1587.0 10462.0 548.0
0.8701171875 0.8597316145896912 1824.0 1443.0 10606.0 585.0
0.8984375 0.8559966683387756 1860.0 1533.0 10516.0 549.0
0.875 0.8539908528327942 1886.0 1588.0 10461.0 523.0
0.8818359375 0.8546825051307678 1857.0 1549.0 10500.0 552.0
0.8876953125 0.8559275269508362 1863.0 1537.0 10512.0 546.0
0.87109375 0.855858325958252 1874.0 1549.0 10500.0 535.0
0.8681640625 0.8568958640098572 1865.0 1525.0 10524.0 544.0
0.8818359375 0.8586941361427307 1823.0 1457.0 10592.0 586.0
0.87890625 0.8546825051307678 1885.0 1577.0 10472.0 524.0
0.873046875 0.8526075482368469 1890.0 1612.0 10437.0 519.0
0.8818359375 0.8564808368682861 1862.0 1528.0 10521.0 547.0
0.8779296875 0.8620832562446594 1849.0 1434.0 10615.0 560.0
0.8974609375 0.8567575216293335 1868.0 1530.0 10519.0 541.0
0.8876953125 0.8593857884407043 1854.0 1478.0 10571.0 555.0
0.8779296875 0.8593166470527649 1819.0 1444.0 10605.0 590.0
0.888671875 0.8589708209037781 1847.0 1477.0 10572.0 562.0
0.8642578125 0.8576566576957703 1834.0 1483.0 10566.0 575.0
0.876953125 0.8615990877151489 1855.0 1447.0 10602.0 554.0
0.8955078125 0.8624982833862305 1853.0 1432.0 10617.0 556.0
0.8681640625 0.860077440738678 1818.0 1432.0 10617.0 591.0
0.8681640625 0.8514317274093628 1901.0 1640.0 10409.0 508.0
0.89453125 0.857795000076294 1888.0 1535.0 10514.0 521.0
0.8720703125 0.8456218242645264 1897.0 1720.0 10329.0 512.0
0.8994140625 0.8600082993507385 1868.0 1483.0 10566.0 541.0
0.8798828125 0.8566191792488098 1845.0 1509.0 10540.0 564.0
0.89453125 0.8591783046722412 1855.0 1482.0 10567.0 554.0
0.869140625 0.8523308634757996 1877.0 1603.0 10446.0 532.0
0.8896484375 0.8633974194526672 1813.0 1379.0 10670.0 596.0
0.8818359375 0.8557891845703125 1832.0 1508.0 10541.0 577.0
0.8759765625 0.8571724891662598 1857.0 1513.0 10536.0 552.0
0.896484375 0.8588324785232544 1838.0 1470.0 10579.0 571.0
0.8779296875 0.8598008155822754 1827.0 1445.0 10604.0 582.0
0.8759765625 0.8537142276763916 1840.0 1546.0 10503.0 569.0
0.900390625 0.86201411485672 1800.0 1386.0 10663.0 609.0
0.8798828125 0.8562041521072388 1881.0 1551.0 10498.0 528.0
0.8857421875 0.8567575216293335 1869.0 1531.0 10518.0 540.0
0.8857421875 0.8571724891662598 1844.0 1500.0 10549.0 565.0
0.8896484375 0.8576566576957703 1850.0 1499.0 10550.0 559.0
0.8740234375 0.8575875163078308 1833.0 1483.0 10566.0 576.0
0.90234375 0.8632590770721436 1805.0 1373.0 10676.0 604.0
0.8740234375 0.8591091632843018 1840.0 1468.0 10581.0 569.0
0.892578125 0.8663715720176697 1796.0 1319.0 10730.0 613.0
0.8974609375 0.8580716848373413 1833.0 1476.0 10573.0 576.0
0.8837890625 0.8583483099937439 1857.0 1496.0 10553.0 552.0
0.890625 0.8538525104522705 1864.0 1568.0 10481.0 545.0
0.89453125 0.8582791686058044 1828.0 1468.0 10581.0 581.0
0.8671875 0.8570341467857361 1850.0 1508.0 10541.0 559.0
0.884765625 0.8635357618331909 1796.0 1360.0 10689.0 613.0
0.896484375 0.8539908528327942 1853.0 1555.0 10494.0 556.0
0.8759765625 0.8575183153152466 1854.0 1505.0 10544.0 555.0
0.8759765625 0.855720043182373 1867.0 1544.0 10505.0 542.0
0.8740234375 0.8560658693313599 1840.0 1512.0 10537.0 569.0
0.876953125 0.8567575216293335 1879.0 1541.0 10508.0 530.0
0.875 0.8526075482368469 1879.0 1601.0 10448.0 530.0
0.87109375 0.856826663017273 1839.0 1500.0 10549.0 570.0
0.8935546875 0.8538525104522705 1868.0 1572.0 10477.0 541.0
0.8828125 0.8517775535583496 1873.0 1607.0 10442.0 536.0
0.884765625 0.8516392111778259 1864.0 1600.0 10449.0 545.0
0.8837890625 0.8564116954803467 1839.0 1506.0 10543.0 570.0
0.876953125 0.8546825051307678 1841.0 1533.0 10516.0 568.0
0.869140625 0.8569650053977966 1856.0 1515.0 10534.0 553.0
0.8837890625 0.8602849841117859 1806.0 1417.0 10632.0 603.0
0.8955078125 0.8633974194526672 1829.0 1395.0 10654.0 580.0
0.8740234375 0.8540600538253784 1865.0 1566.0 10483.0 544.0
0.876953125 0.852054238319397 1868.0 1598.0 10451.0 541.0
0.8955078125 0.8481117486953735 1880.0 1667.0 10382.0 529.0
0.875 0.8584866523742676 1835.0 1472.0 10577.0 574.0
0.890625 0.8623599410057068 1828.0 1409.0 10640.0 581.0
0.888671875 0.8559275269508362 1851.0 1525.0 10524.0 558.0
0.8974609375 0.8582099676132202 1833.0 1474.0 10575.0 576.0
0.90234375 0.8596624732017517 1858.0 1478.0 10571.0 551.0
0.8818359375 0.8545442223548889 1870.0 1564.0 10485.0 539.0
0.8701171875 0.8589016199111938 1857.0 1488.0 10561.0 552.0
0.8837890625 0.8668557405471802 1799.0 1315.0 10734.0 610.0
0.890625 0.8551666736602783 1877.0 1562.0 10487.0 532.0
0.8896484375 0.8633974194526672 1829.0 1395.0 10654.0 580.0
0.8818359375 0.860077440738678 1812.0 1426.0 10623.0 597.0
0.875 0.8537142276763916 1850.0 1556.0 10493.0 559.0
0.8681640625 0.8616682887077332 1816.0 1407.0 10642.0 593.0
0.8701171875 0.8492184281349182 1894.0 1665.0 10384.0 515.0
0.8857421875 0.8494951128959656 1834.0 1601.0 10448.0 575.0
0.8818359375 0.8556508421897888 1856.0 1534.0 10515.0 553.0
0.876953125 0.858555793762207 1844.0 1480.0 10569.0 565.0
0.8818359375 0.8596624732017517 1846.0 1466.0 10583.0 563.0
0.8798828125 0.8598699569702148 1856.0 1473.0 10576.0 553.0
0.876953125 0.8506017327308655 1857.0 1608.0 10441.0 552.0
0.884765625 0.8623599410057068 1805.0 1386.0 10663.0 604.0
0.876953125 0.8540600538253784 1878.0 1579.0 10470.0 531.0
0.900390625 0.8642274141311646 1810.0 1364.0 10685.0 599.0
0.8974609375 0.8597316145896912 1808.0 1427.0 10622.0 601.0
0.8818359375 0.8608382940292358 1840.0 1443.0 10606.0 569.0
0.8720703125 0.8544058799743652 1874.0 1570.0 10479.0 535.0
0.875 0.8536450266838074 1850.0 1557.0 10492.0 559.0
0.88671875 0.8618066310882568 1825.0 1414.0 10635.0 584.0
0.8935546875 0.8578641414642334 1838.0 1484.0 10565.0 571.0
0.8759765625 0.8538525104522705 1848.0 1552.0 10497.0 561.0
0.87109375 0.8580024838447571 1834.0 1478.0 10571.0 575.0
0.8671875 0.8528150320053101 1865.0 1584.0 10465.0 544.0
0.87109375 0.8539217114448547 1886.0 1589.0 10460.0 523.0
0.8837890625 0.8596624732017517 1855.0 1475.0 10574.0 554.0
0.8828125 0.8606308102607727 1817.0 1423.0 10626.0 592.0
0.873046875 0.855858325958252 1841.0 1516.0 10533.0 568.0
0.875 0.8550975322723389 1866.0 1552.0 10497.0 543.0
0.869140625 0.8597316145896912 1833.0 1452.0 10597.0 576.0
0.880859375 0.8534375429153442 1841.0 1551.0 10498.0 568.0
0.8671875 0.8513625860214233 1871.0 1611.0 10438.0 538.0
0.8974609375 0.8564116954803467 1837.0 1504.0 10545.0 572.0
0.87109375 0.8640199303627014 1818.0 1375.0 10674.0 591.0
0.8896484375 0.8554433584213257 1849.0 1530.0 10519.0 560.0
0.8828125 0.8584175109863281 1827.0 1465.0 10584.0 582.0
0.884765625 0.8589708209037781 1835.0 1465.0 10584.0 574.0
0.873046875 0.8539908528327942 1849.0 1551.0 10498.0 560.0
0.892578125 0.8573799729347229 1824.0 1477.0 10572.0 585.0
0.890625 0.8586249947547913 1829.0 1464.0 10585.0 580.0
0.8896484375 0.865264892578125 1807.0 1346.0 10703.0 602.0
0.888671875 0.8616682887077332 1791.0 1382.0 10667.0 618.0
0.876953125 0.8605616092681885 1813.0 1420.0 10629.0 596.0
0.89453125 0.862982451915741 1808.0 1380.0 10669.0 601.0
0.88671875 0.8542675375938416 1856.0 1554.0 10495.0 553.0
0.8876953125 0.8608382940292358 1841.0 1444.0 10605.0 568.0
0.9072265625 0.850117564201355 1837.0 1595.0 10454.0 572.0
0.880859375 0.853022575378418 1866.0 1582.0 10467.0 543.0
0.8876953125 0.8591091632843018 1815.0 1443.0 10606.0 594.0
0.8916015625 0.8618757724761963 1828.0 1416.0 10633.0 581.0
0.8896484375 0.8597316145896912 1788.0 1407.0 10642.0 621.0
0.890625 0.8546825051307678 1858.0 1550.0 10499.0 551.0
0.890625 0.8627057671546936 1804.0 1380.0 10669.0 605.0
0.88671875 0.8531608581542969 1861.0 1575.0 10474.0 548.0
0.8896484375 0.854336678981781 1855.0 1552.0 10497.0 554.0
0.892578125 0.8589708209037781 1812.0 1442.0 10607.0 597.0
0.880859375 0.8582099676132202 1834.0 1475.0 10574.0 575.0
0.884765625 0.857795000076294 1843.0 1490.0 10559.0 566.0
0.8876953125 0.8613224625587463 1841.0 1437.0 10612.0 568.0
0.875 0.8584866523742676 1819.0 1456.0 10593.0 590.0
0.892578125 0.8565499782562256 1816.0 1481.0 10568.0 593.0
0.8720703125 0.8618066310882568 1823.0 1413.0 10636.0 585.0
0.8994140625 0.8584175109863281 1819.0 1457.0 10592.0 590.0
0.8896484375 0.8620832562446594 1781.0 1366.0 10683.0 628.0
0.8828125 0.857795000076294 1831.0 1478.0 10571.0 578.0
0.875 0.8566191792488098 1846.0 1510.0 10539.0 563.0
0.8720703125 0.8613916039466858 1829.0 1424.0 10625.0 580.0
0.890625 0.8580716848373413 1835.0 1478.0 10571.0 574.0
0.8857421875 0.8561350107192993 1860.0 1531.0 10518.0 549.0
0.8935546875 0.8615990877151489 1799.0 1391.0 10658.0 610.0
0.8984375 0.8589708209037781 1856.0 1486.0 10563.0 553.0
0.8740234375 0.8537142276763916 1862.0 1568.0 10481.0 547.0
0.8935546875 0.8603541254997253 1831.0 1441.0 10608.0 578.0
0.8916015625 0.8621524572372437 1819.0 1403.0 10646.0 590.0
0.8896484375 0.8565499782562256 1878.0 1543.0 10506.0 531.0
0.8896484375 0.859524130821228 1875.0 1497.0 10552.0 534.0
0.8828125 0.8593166470527649 1840.0 1465.0 10584.0 569.0
0.9033203125 0.857795000076294 1839.0 1486.0 10563.0 570.0
0.8828125 0.8502559065818787 1871.0 1627.0 10422.0 538.0
0.8935546875 0.8626366257667542 1821.0 1398.0 10651.0 588.0
0.900390625 0.8579333424568176 1854.0 1499.0 10550.0 555.0
0.8876953125 0.8602849841117859 1831.0 1442.0 10607.0 578.0
0.9013671875 0.8567575216293335 1830.0 1492.0 10557.0 579.0
0.8974609375 0.8598699569702148 1839.0 1456.0 10593.0 570.0
0.88671875 0.8580716848373413 1826.0 1469.0 10580.0 583.0
0.880859375 0.8630515933036804 1848.0 1419.0 10630.0 561.0
0.8857421875 0.8630515933036804 1819.0 1390.0 10659.0 590.0
0.8955078125 0.8601466417312622 1837.0 1450.0 10599.0 572.0
0.8779296875 0.8594549894332886 1856.0 1479.0 10570.0 553.0
0.8974609375 0.8627749085426331 1816.0 1391.0 10658.0 593.0
0.8818359375 0.8631899356842041 1831.0 1400.0 10649.0 578.0
0.8681640625 0.8600082993507385 1857.0 1472.0 10577.0 552.0
0.8994140625 0.8636049032211304 1853.0 1416.0 10633.0 556.0
0.892578125 0.8608382940292358 1826.0 1429.0 10620.0 583.0
0.9033203125 0.8649882674217224 1756.0 1299.0 10750.0 653.0
0.88671875 0.8624290823936462 1795.0 1375.0 10674.0 614.0
0.8857421875 0.859524130821228 1816.0 1438.0 10611.0 593.0
0.8837890625 0.8555124998092651 1847.0 1527.0 10522.0 562.0
0.8916015625 0.8604232668876648 1811.0 1420.0 10629.0 598.0
0.8916015625 0.8612532615661621 1826.0 1423.0 10626.0 583.0
0.8837890625 0.8626366257667542 1851.0 1428.0 10621.0 558.0
0.90234375 0.8592474460601807 1849.0 1475.0 10574.0 560.0
0.892578125 0.865264892578125 1816.0 1355.0 10694.0 593.0
0.8876953125 0.854336678981781 1884.0 1581.0 10468.0 525.0
0.8916015625 0.8571033477783203 1852.0 1509.0 10540.0 557.0
0.8837890625 0.8512933850288391 1878.0 1619.0 10430.0 531.0
0.880859375 0.8607691526412964 1796.0 1400.0 10649.0 613.0
0.888671875 0.8649882674217224 1816.0 1359.0 10690.0 593.0
0.8818359375 0.8618066310882568 1865.0 1454.0 10595.0 544.0
0.8837890625 0.8550283312797546 1871.0 1558.0 10491.0 538.0
0.884765625 0.8638124465942383 1816.0 1376.0 10673.0 593.0
0.912109375 0.8611149787902832 1835.0 1434.0 10615.0 574.0
0.90234375 0.8597316145896912 1849.0 1468.0 10581.0 560.0
0.8994140625 0.8584175109863281 1835.0 1473.0 10576.0 574.0
0.9091796875 0.86201411485672 1841.0 1427.0 10622.0 568.0
0.900390625 0.8593857884407043 1871.0 1495.0 10554.0 538.0
0.8916015625 0.8590399622917175 1853.0 1482.0 10567.0 556.0
0.8935546875 0.8616682887077332 1806.0 1397.0 10652.0 603.0
0.890625 0.8491492867469788 1843.0 1615.0 10434.0 566.0
0.8837890625 0.8606308102607727 1835.0 1441.0 10608.0 574.0
0.8876953125 0.8606999516487122 1841.0 1446.0 10603.0 568.0
0.8935546875 0.8564116954803467 1856.0 1523.0 10526.0 553.0
0.8837890625 0.863743245601654 1806.0 1367.0 10682.0 603.0
0.896484375 0.8556508421897888 1863.0 1541.0 10508.0 546.0
0.87890625 0.8528842329978943 1859.0 1577.0 10472.0 550.0
0.888671875 0.8580024838447571 1859.0 1503.0 10546.0 550.0
0.87890625 0.8528842329978943 1888.0 1606.0 10443.0 521.0
0.876953125 0.8593857884407043 1849.0 1473.0 10576.0 560.0
0.875 0.8575875163078308 1830.0 1480.0 10569.0 579.0
0.8837890625 0.864296555519104 1804.0 1357.0 10692.0 605.0
0.880859375 0.8613916039466858 1818.0 1413.0 10636.0 591.0
0.875 0.8577257990837097 1841.0 1489.0 10560.0 568.0
0.8984375 0.8606999516487122 1822.0 1427.0 10622.0 587.0
0.896484375 0.8538525104522705 1849.0 1553.0 10496.0 560.0
0.896484375 0.8657490611076355 1783.0 1315.0 10734.0 626.0
0.8916015625 0.8587633371353149 1841.0 1474.0 10575.0 568.0
0.884765625 0.855720043182373 1850.0 1527.0 10522.0 559.0
0.87109375 0.8601466417312622 1836.0 1449.0 10600.0 573.0
0.8935546875 0.8536450266838074 1858.0 1565.0 10484.0 551.0
0.912109375 0.8666481971740723 1819.0 1338.0 10711.0 590.0
0.8916015625 0.8555124998092651 1851.0 1531.0 10518.0 558.0
0.89453125 0.8561350107192993 1869.0 1540.0 10509.0 540.0
0.880859375 0.8561350107192993 1847.0 1518.0 10531.0 562.0
0.8828125 0.8583483099937439 1847.0 1486.0 10563.0 562.0
0.8974609375 0.86201411485672 1845.0 1431.0 10618.0 564.0
0.8935546875 0.8589016199111938 1849.0 1480.0 10569.0 560.0
0.8798828125 0.8609074354171753 1867.0 1469.0 10580.0 542.0
0.8935546875 0.8612532615661621 1808.0 1405.0 10644.0 601.0
0.8896484375 0.8663715720176697 1772.0 1295.0 10754.0 637.0
0.89453125 0.8545442223548889 1852.0 1546.0 10503.0 557.0
0.9033203125 0.865679919719696 1833.0 1366.0 10683.0 576.0
0.8798828125 0.8544750213623047 1807.0 1502.0 10547.0 602.0
0.8798828125 0.8600082993507385 1827.0 1442.0 10607.0 582.0
0.9072265625 0.8613224625587463 1820.0 1416.0 10633.0 589.0
0.88671875 0.8640199303627014 1813.0 1370.0 10679.0 596.0
0.87890625 0.854751706123352 1832.0 1523.0 10526.0 577.0
0.8916015625 0.863743245601654 1763.0 1324.0 10725.0 646.0
0.9033203125 0.8606308102607727 1867.0 1473.0 10576.0 542.0
0.8896484375 0.8644348978996277 1802.0 1353.0 10696.0 607.0
0.880859375 0.8555817008018494 1840.0 1519.0 10530.0 569.0
0.8857421875 0.8618757724761963 1827.0 1415.0 10634.0 582.0
0.849609375 0.8582791686058044 1827.0 1467.0 10582.0 582.0
0.8935546875 0.8619449734687805 1825.0 1412.0 10637.0 584.0
0.89453125 0.8617374300956726 1818.0 1408.0 10641.0 591.0
0.8935546875 0.854336678981781 1840.0 1537.0 10512.0 569.0
0.8896484375 0.8624290823936462 1804.0 1384.0 10665.0 605.0
0.8935546875 0.8611149787902832 1829.0 1428.0 10621.0 580.0
0.8994140625 0.8629132509231567 1851.0 1424.0 10625.0 558.0
0.8935546875 0.8575183153152466 1854.0 1505.0 10544.0 555.0
0.8857421875 0.8548208475112915 1876.0 1566.0 10483.0 533.0
0.8828125 0.8657490611076355 1807.0 1339.0 10710.0 602.0
0.91015625 0.8633282780647278 1822.0 1389.0 10660.0 587.0
0.8857421875 0.8602849841117859 1863.0 1474.0 10575.0 546.0
0.8837890625 0.8605616092681885 1829.0 1436.0 10613.0 580.0
0.87890625 0.8579333424568176 1827.0 1472.0 10577.0 582.0
0.912109375 0.8674090504646301 1826.0 1334.0 10715.0 583.0
0.8857421875 0.863743245601654 1834.0 1395.0 10654.0 575.0
0.9013671875 0.8534375429153442 1854.0 1564.0 10485.0 555.0
0.896484375 0.8594549894332886 1830.0 1453.0 10596.0 579.0
0.8876953125 0.8611149787902832 1805.0 1404.0 10645.0 604.0
0.890625 0.8560658693313599 1871.0 1543.0 10506.0 538.0
0.8837890625 0.8606999516487122 1815.0 1420.0 10629.0 594.0
0.8876953125 0.8605616092681885 1834.0 1441.0 10608.0 575.0
0.8935546875 0.8535066843032837 1853.0 1562.0 10487.0 556.0
0.876953125 0.858555793762207 1851.0 1487.0 10562.0 558.0
0.8837890625 0.8555817008018494 1864.0 1543.0 10506.0 545.0
0.8916015625 0.8602849841117859 1832.0 1443.0 10606.0 577.0
0.8818359375 0.8568958640098572 1833.0 1493.0 10556.0 576.0
0.8818359375 0.8569650053977966 1842.0 1501.0 10548.0 567.0
0.8916015625 0.8592474460601807 1810.0 1436.0 10613.0 599.0
0.87890625 0.8575183153152466 1841.0 1492.0 10557.0 568.0
0.87109375 0.8574491739273071 1854.0 1506.0 10543.0 555.0
0.8935546875 0.8611841201782227 1805.0 1403.0 10646.0 604.0
0.8623046875 0.8528842329978943 1848.0 1566.0 10483.0 561.0
0.890625 0.8620832562446594 1821.0 1406.0 10643.0 588.0
0.875 0.8518467545509338 1891.0 1624.0 10425.0 518.0
0.8935546875 0.8567575216293335 1840.0 1502.0 10547.0 569.0
0.900390625 0.8640890717506409 1838.0 1394.0 10655.0 571.0
0.8916015625 0.8596624732017517 1820.0 1440.0 10609.0 589.0
0.8818359375 0.8551666736602783 1868.0 1553.0 10496.0 541.0
0.88671875 0.8654032349586487 1825.0 1362.0 10687.0 584.0
0.8818359375 0.8573799729347229 1834.0 1487.0 10562.0 575.0
0.8876953125 0.8608382940292358 1809.0 1412.0 10637.0 600.0
0.880859375 0.8587633371353149 1826.0 1459.0 10590.0 583.0
0.8896484375 0.8517084121704102 1853.0 1588.0 10461.0 556.0
0.8935546875 0.8570341467857361 1835.0 1493.0 10556.0 574.0
0.8916015625 0.8618066310882568 1778.0 1367.0 10682.0 631.0
0.8837890625 0.8605616092681885 1821.0 1428.0 10621.0 588.0
0.8955078125 0.8638124465942383 1801.0 1361.0 10688.0 608.0
0.8896484375 0.853022575378418 1863.0 1579.0 10470.0 546.0
0.8583984375 0.8489417433738708 1867.0 1642.0 10407.0 542.0
0.880859375 0.8606999516487122 1859.0 1464.0 10585.0 550.0
0.89453125 0.855858325958252 1831.0 1506.0 10543.0 578.0
0.892578125 0.8584866523742676 1805.0 1442.0 10607.0 604.0
0.88671875 0.864711582660675 1827.0 1374.0 10675.0 582.0
0.904296875 0.863743245601654 1823.0 1384.0 10665.0 586.0
0.8857421875 0.8564116954803467 1851.0 1518.0 10531.0 558.0
0.8779296875 0.8618066310882568 1841.0 1430.0 10619.0 568.0
0.90625 0.8564808368682861 1844.0 1510.0 10539.0 565.0
0.8857421875 0.8559966683387756 1847.0 1520.0 10529.0 562.0
0.87890625 0.853022575378418 1856.0 1572.0 10477.0 553.0
0.8818359375 0.8686540126800537 1799.0 1289.0 10760.0 610.0
0.8955078125 0.8584866523742676 1860.0 1497.0 10552.0 549.0
0.888671875 0.8559275269508362 1850.0 1524.0 10525.0 559.0
0.912109375 0.8631207346916199 1814.0 1384.0 10665.0 595.0
0.8984375 0.8615299463272095 1847.0 1440.0 10609.0 562.0
0.8876953125 0.8620832562446594 1811.0 1396.0 10653.0 598.0
0.87890625 0.8638124465942383 1831.0 1391.0 10658.0 578.0
0.8837890625 0.8626366257667542 1823.0 1400.0 10649.0 586.0
0.8974609375 0.8571724891662598 1875.0 1531.0 10518.0 534.0
0.890625 0.8586941361427307 1842.0 1476.0 10573.0 567.0
0.8828125 0.8605616092681885 1808.0 1415.0 10634.0 601.0
0.8896484375 0.8581408262252808 1869.0 1511.0 10538.0 540.0
0.888671875 0.8622907996177673 1840.0 1422.0 10627.0 569.0
0.8955078125 0.8561350107192993 1866.0 1537.0 10512.0 543.0
0.884765625 0.8564116954803467 1868.0 1535.0 10514.0 541.0
0.892578125 0.865818202495575 1794.0 1325.0 10724.0 615.0
0.875 0.8571724891662598 1828.0 1484.0 10565.0 581.0
0.892578125 0.8625674247741699 1798.0 1376.0 10673.0 611.0
0.8974609375 0.8553742170333862 1821.0 1503.0 10546.0 588.0
0.9052734375 0.8650574088096619 1799.0 1341.0 10708.0 610.0
0.8857421875 0.8550283312797546 1846.0 1533.0 10516.0 563.0
0.8779296875 0.8575875163078308 1850.0 1500.0 10549.0 559.0
0.880859375 0.8560658693313599 1857.0 1529.0 10520.0 552.0
0.8994140625 0.8633282780647278 1832.0 1399.0 10650.0 577.0
0.8759765625 0.8591783046722412 1822.0 1449.0 10600.0 587.0
0.890625 0.8622907996177673 1831.0 1413.0 10636.0 578.0
0.888671875 0.8616682887077332 1855.0 1446.0 10603.0 554.0
0.8720703125 0.8568958640098572 1837.0 1497.0 10552.0 572.0
0.8935546875 0.8654723763465881 1827.0 1363.0 10686.0 582.0
0.884765625 0.8566883206367493 1865.0 1528.0 10521.0 544.0
0.8994140625 0.8583483099937439 1854.0 1493.0 10556.0 555.0
0.888671875 0.8568958640098572 1863.0 1523.0 10526.0 546.0
0.9013671875 0.8621524572372437 1856.0 1440.0 10609.0 553.0
0.8662109375 0.8654032349586487 1842.0 1379.0 10670.0 567.0
0.8994140625 0.8667173981666565 1814.0 1332.0 10717.0 595.0
0.888671875 0.856826663017273 1819.0 1480.0 10569.0 590.0
0.87890625 0.8606999516487122 1818.0 1423.0 10626.0 591.0
0.87890625 0.8606308102607727 1825.0 1431.0 10618.0 584.0
0.9013671875 0.8658874034881592 1835.0 1365.0 10684.0 574.0
0.896484375 0.8602157831192017 1853.0 1465.0 10584.0 556.0
0.892578125 0.8581408262252808 1841.0 1483.0 10566.0 568.0
0.8798828125 0.8625674247741699 1864.0 1442.0 10607.0 545.0
0.9013671875 0.8526766896247864 1873.0 1594.0 10455.0 536.0
0.8984375 0.8649882674217224 1840.0 1383.0 10666.0 569.0
0.892578125 0.8630515933036804 1825.0 1396.0 10653.0 584.0
0.90234375 0.8669248819351196 1815.0 1330.0 10719.0 594.0
0.880859375 0.8594549894332886 1834.0 1457.0 10592.0 575.0
0.8837890625 0.8542675375938416 1846.0 1544.0 10505.0 563.0
0.896484375 0.8602849841117859 1850.0 1461.0 10588.0 559.0
0.8896484375 0.8656107187271118 1815.0 1349.0 10700.0 594.0
0.8876953125 0.854336678981781 1884.0 1581.0 10468.0 525.0
0.8857421875 0.8612532615661621 1819.0 1416.0 10633.0 590.0
0.876953125 0.8593857884407043 1841.0 1465.0 10584.0 568.0
0.8837890625 0.8599391579627991 1829.0 1445.0 10604.0 580.0
0.89453125 0.8604232668876648 1841.0 1450.0 10599.0 568.0
0.9052734375 0.8535758852958679 1865.0 1573.0 10476.0 544.0
0.8828125 0.8523308634757996 1842.0 1568.0 10481.0 567.0
0.8935546875 0.8615990877151489 1833.0 1425.0 10624.0 576.0
0.89453125 0.8616682887077332 1855.0 1446.0 10603.0 554.0
0.904296875 0.8613224625587463 1813.0 1409.0 10640.0 596.0
0.8857421875 0.8549591898918152 1884.0 1572.0 10477.0 525.0
0.88671875 0.8655415773391724 1829.0 1364.0 10685.0 580.0
0.8857421875 0.8667173981666565 1811.0 1329.0 10720.0 598.0
0.8984375 0.8594549894332886 1833.0 1456.0 10593.0 576.0
0.892578125 0.8586249947547913 1866.0 1501.0 10548.0 543.0
0.8779296875 0.8624982833862305 1804.0 1383.0 10666.0 605.0
0.9013671875 0.8594549894332886 1859.0 1482.0 10567.0 550.0
0.900390625 0.8565499782562256 1862.0 1527.0 10522.0 547.0
0.8857421875 0.8593166470527649 1834.0 1459.0 10590.0 575.0
0.8837890625 0.8621524572372437 1813.0 1397.0 10652.0 596.0
0.892578125 0.8626366257667542 1826.0 1403.0 10646.0 583.0
0.8984375 0.8626366257667542 1846.0 1423.0 10626.0 563.0
0.8994140625 0.8617374300956726 1837.0 1427.0 10622.0 572.0
0.8984375 0.8580716848373413 1869.0 1512.0 10537.0 540.0
0.89453125 0.8649190664291382 1838.0 1382.0 10667.0 571.0
0.876953125 0.857795000076294 1865.0 1512.0 10537.0 544.0
0.8955078125 0.8680315613746643 1799.0 1298.0 10751.0 610.0
0.8876953125 0.857795000076294 1850.0 1497.0 10552.0 559.0
0.890625 0.8551666736602783 1866.0 1551.0 10498.0 543.0
0.87890625 0.8594549894332886 1847.0 1470.0 10579.0 562.0
0.876953125 0.8631207346916199 1881.0 1451.0 10598.0 528.0
0.88671875 0.8649882674217224 1808.0 1351.0 10698.0 601.0
0.900390625 0.8578641414642334 1851.0 1497.0 10552.0 558.0
0.90234375 0.8556508421897888 1888.0 1566.0 10483.0 521.0
0.900390625 0.8660948872566223 1822.0 1349.0 10700.0 587.0
0.890625 0.8574491739273071 1875.0 1527.0 10522.0 534.0
0.888671875 0.8586249947547913 1857.0 1492.0 10557.0 552.0
0.890625 0.8633282780647278 1828.0 1395.0 10654.0 581.0
0.8798828125 0.8638815879821777 1826.0 1385.0 10664.0 583.0
0.900390625 0.8602157831192017 1869.0 1481.0 10568.0 540.0
0.8701171875 0.8579333424568176 1867.0 1512.0 10537.0 542.0
0.8916015625 0.8593857884407043 1861.0 1485.0 10564.0 548.0
0.875 0.856273353099823 1858.0 1527.0 10522.0 551.0
0.88671875 0.8613916039466858 1815.0 1410.0 10639.0 594.0
0.8828125 0.862982451915741 1845.0 1417.0 10632.0 564.0
0.8701171875 0.8561350107192993 1883.0 1554.0 10495.0 526.0
0.88671875 0.8560658693313599 1860.0 1532.0 10517.0 549.0
