0.416015625 0.42820584774017334 1631.0 7489.0 4560.0 778.0
0.78515625 0.7770784497261047 1142.0 1956.0 10093.0 1267.0
0.830078125 0.8041914701461792 1114.0 1536.0 10513.0 1295.0
0.85546875 0.8065431118011475 1195.0 1583.0 10466.0 1214.0
0.81640625 0.8117997050285339 1247.0 1559.0 10490.0 1162.0
0.8359375 0.8165721297264099 1268.0 1511.0 10538.0 1141.0
0.80859375 0.8192004561424255 1313.0 1518.0 10531.0 1096.0
0.8203125 0.8156037926673889 1381.0 1638.0 10411.0 1028.0
0.828125 0.8217595815658569 1419.0 1587.0 10462.0 990.0
0.822265625 0.8207221031188965 1461.0 1644.0 10405.0 948.0
0.830078125 0.8230737447738647 1452.0 1601.0 10448.0 957.0
0.8359375 0.8218979239463806 1476.0 1642.0 10407.0 933.0
0.85546875 0.8198921084403992 1538.0 1733.0 10316.0 871.0
0.833984375 0.8300594687461853 1487.0 1535.0 10514.0 922.0
0.828125 0.8232812285423279 1537.0 1683.0 10366.0 872.0
0.84375 0.8263245224952698 1524.0 1626.0 10423.0 885.0
0.849609375 0.829229474067688 1524.0 1584.0 10465.0 885.0
0.822265625 0.8282611966133118 1551.0 1625.0 10424.0 858.0
0.833984375 0.8281919956207275 1576.0 1651.0 10398.0 833.0
0.83984375 0.8326185941696167 1570.0 1581.0 10468.0 839.0
0.828125 0.8310278058052063 1597.0 1631.0 10418.0 812.0
0.849609375 0.834970235824585 1553.0 1530.0 10519.0 856.0
0.81640625 0.8316503167152405 1605.0 1630.0 10419.0 804.0
0.861328125 0.8335869312286377 1610.0 1607.0 10442.0 799.0
0.833984375 0.8324803113937378 1612.0 1625.0 10424.0 797.0
0.857421875 0.8329644203186035 1639.0 1645.0 10404.0 770.0
0.830078125 0.8329644203186035 1667.0 1673.0 10376.0 742.0
0.82421875 0.8405035138130188 1578.0 1475.0 10574.0 831.0
0.830078125 0.836353600025177 1664.0 1621.0 10428.0 745.0
0.853515625 0.8381518721580505 1653.0 1584.0 10465.0 756.0
0.873046875 0.8360077738761902 1673.0 1635.0 10414.0 736.0
0.7890625 0.8364918828010559 1692.0 1647.0 10402.0 717.0
0.83203125 0.8448609709739685 1611.0 1445.0 10604.0 798.0
0.841796875 0.8328952789306641 1697.0 1704.0 10345.0 712.0
0.833984375 0.8369760513305664 1666.0 1614.0 10435.0 743.0
0.890625 0.8398118615150452 1675.0 1582.0 10467.0 734.0
0.849609375 0.8380827307701111 1688.0 1620.0 10429.0 721.0
0.84765625 0.8413335084915161 1684.0 1569.0 10480.0 725.0
0.849609375 0.844791829586029 1646.0 1481.0 10568.0 763.0
0.875 0.8443076610565186 1652.0 1494.0 10555.0 757.0
0.86328125 0.8435468077659607 1699.0 1552.0 10497.0 710.0
0.861328125 0.8429934978485107 1677.0 1538.0 10511.0 732.0
0.861328125 0.8488034009933472 1649.0 1426.0 10623.0 760.0
0.845703125 0.8438926339149475 1689.0 1537.0 10512.0 720.0
0.837890625 0.8451376557350159 1673.0 1503.0 10546.0 736.0
0.853515625 0.8447226285934448 1696.0 1532.0 10517.0 713.0
0.8671875 0.8465901017189026 1694.0 1503.0 10546.0 715.0
0.8359375 0.8499100804328918 1690.0 1451.0 10598.0 719.0
0.865234375 0.850117564201355 1694.0 1452.0 10597.0 715.0
0.875 0.8525384068489075 1685.0 1408.0 10641.0 724.0
0.8671875 0.8461751341819763 1718.0 1533.0 10516.0 691.0
0.861328125 0.8526075482368469 1680.0 1402.0 10647.0 729.0
0.841796875 0.8512933850288391 1732.0 1473.0 10576.0 677.0
0.888671875 0.8517084121704102 1728.0 1463.0 10586.0 681.0
0.833984375 0.851085901260376 1737.0 1481.0 10568.0 672.0
0.892578125 0.853022575378418 1704.0 1420.0 10629.0 705.0
0.857421875 0.8499100804328918 1713.0 1474.0 10575.0 696.0
0.87109375 0.8517084121704102 1750.0 1485.0 10564.0 659.0
0.87890625 0.8578641414642334 1701.0 1347.0 10702.0 708.0
0.884765625 0.849564254283905 1738.0 1504.0 10545.0 671.0
0.861328125 0.8523308634757996 1704.0 1430.0 10619.0 705.0
0.8984375 0.855858325958252 1710.0 1385.0 10664.0 699.0
0.859375 0.848595917224884 1754.0 1534.0 10515.0 655.0
0.861328125 0.8503251075744629 1755.0 1510.0 10539.0 654.0
0.86328125 0.8524692058563232 1713.0 1437.0 10612.0 696.0
0.873046875 0.8507400751113892 1752.0 1501.0 10548.0 657.0
0.8828125 0.8545442223548889 1740.0 1434.0 10615.0 669.0
0.875 0.8498409390449524 1754.0 1516.0 10533.0 655.0
0.845703125 0.8581408262252808 1724.0 1366.0 10683.0 685.0
0.857421875 0.8493567705154419 1731.0 1500.0 10549.0 678.0
0.8515625 0.8575875163078308 1713.0 1363.0 10686.0 696.0
0.86328125 0.853022575378418 1755.0 1471.0 10578.0 654.0
0.865234375 0.855720043182373 1730.0 1407.0 10642.0 679.0
0.8515625 0.8556508421897888 1749.0 1427.0 10622.0 660.0
0.861328125 0.8550975322723389 1741.0 1427.0 10622.0 668.0
0.869140625 0.8555817008018494 1761.0 1440.0 10609.0 648.0
0.87109375 0.857795000076294 1775.0 1422.0 10627.0 634.0
0.85546875 0.8575183153152466 1746.0 1397.0 10652.0 663.0
0.884765625 0.8535066843032837 1783.0 1492.0 10557.0 626.0
0.8671875 0.8566191792488098 1774.0 1438.0 10611.0 635.0
0.880859375 0.8579333424568176 1774.0 1419.0 10630.0 635.0
0.87109375 0.8589016199111938 1791.0 1422.0 10627.0 618.0
0.89453125 0.8613224625587463 1738.0 1334.0 10715.0 671.0
0.859375 0.8577257990837097 1790.0 1438.0 10611.0 619.0
0.865234375 0.8555124998092651 1815.0 1495.0 10554.0 594.0
0.861328125 0.8571033477783203 1785.0 1442.0 10607.0 624.0
0.8671875 0.8579333424568176 1815.0 1460.0 10589.0 594.0
0.84375 0.8623599410057068 1764.0 1345.0 10704.0 645.0
0.8671875 0.8593166470527649 1787.0 1412.0 10637.0 622.0
0.884765625 0.8599391579627991 1789.0 1405.0 10644.0 620.0
0.8671875 0.8598008155822754 1777.0 1395.0 10654.0 632.0
0.873046875 0.8598008155822754 1772.0 1390.0 10659.0 637.0
0.841796875 0.8589708209037781 1804.0 1434.0 10615.0 605.0
0.890625 0.8586941361427307 1805.0 1439.0 10610.0 604.0
0.876953125 0.8623599410057068 1739.0 1320.0 10729.0 670.0
0.8828125 0.862982451915741 1771.0 1343.0 10706.0 638.0
0.87109375 0.8600082993507385 1795.0 1410.0 10639.0 614.0
0.845703125 0.8633282780647278 1774.0 1341.0 10708.0 635.0
0.87890625 0.8627749085426331 1774.0 1349.0 10700.0 635.0
0.83984375 0.8605616092681885 1794.0 1401.0 10648.0 615.0
0.880859375 0.8589708209037781 1795.0 1425.0 10624.0 614.0
0.875 0.8627749085426331 1805.0 1380.0 10669.0 604.0
0.8828125 0.857795000076294 1817.0 1464.0 10585.0 592.0
0.873046875 0.8601466417312622 1797.0 1410.0 10639.0 612.0
0.861328125 0.8645732402801514 1776.0 1325.0 10724.0 633.0
0.892578125 0.8633974194526672 1790.0 1356.0 10693.0 619.0
0.873046875 0.8633282780647278 1793.0 1360.0 10689.0 616.0
0.869140625 0.8619449734687805 1779.0 1366.0 10683.0 630.0
0.84375 0.8590399622917175 1828.0 1457.0 10592.0 581.0
0.869140625 0.8602157831192017 1791.0 1403.0 10646.0 618.0
0.884765625 0.863743245601654 1796.0 1357.0 10692.0 613.0
0.876953125 0.860077440738678 1822.0 1436.0 10613.0 587.0
0.857421875 0.8632590770721436 1784.0 1352.0 10697.0 625.0
0.896484375 0.8639507293701172 1768.0 1326.0 10723.0 641.0
0.892578125 0.8598699569702148 1796.0 1413.0 10636.0 613.0
0.880859375 0.863743245601654 1797.0 1358.0 10691.0 612.0
0.888671875 0.8619449734687805 1821.0 1408.0 10641.0 588.0
0.890625 0.8646424412727356 1794.0 1342.0 10707.0 615.0
0.87890625 0.8666481971740723 1776.0 1295.0 10754.0 633.0
0.8828125 0.8587633371353149 1801.0 1434.0 10615.0 608.0
0.865234375 0.8628441095352173 1791.0 1365.0 10684.0 618.0
0.86328125 0.8668557405471802 1795.0 1311.0 10738.0 614.0
0.87109375 0.8665790557861328 1788.0 1308.0 10741.0 621.0
0.884765625 0.8647807240486145 1751.0 1297.0 10752.0 658.0
0.91015625 0.8681698441505432 1770.0 1267.0 10782.0 639.0
0.873046875 0.8620832562446594 1832.0 1417.0 10632.0 577.0
0.865234375 0.8698990345001221 1783.0 1255.0 10794.0 626.0
0.87109375 0.8650574088096619 1781.0 1323.0 10726.0 628.0
0.875 0.8660257458686829 1779.0 1307.0 10742.0 630.0
0.88671875 0.865264892578125 1796.0 1335.0 10714.0 613.0
0.888671875 0.8612532615661621 1824.0 1421.0 10628.0 585.0
0.8984375 0.8633974194526672 1795.0 1361.0 10688.0 614.0
0.888671875 0.863743245601654 1802.0 1363.0 10686.0 607.0
0.880859375 0.8645040988922119 1792.0 1342.0 10707.0 617.0
0.8984375 0.869484007358551 1775.0 1253.0 10796.0 634.0
0.869140625 0.8633974194526672 1813.0 1379.0 10670.0 596.0
0.88671875 0.8640890717506409 1803.0 1359.0 10690.0 606.0
0.857421875 0.8661640882492065 1805.0 1331.0 10718.0 604.0
0.865234375 0.8691381812095642 1786.0 1269.0 10780.0 623.0
0.876953125 0.8681007027626038 1810.0 1308.0 10741.0 599.0
0.89453125 0.8702448606491089 1786.0 1253.0 10796.0 623.0
0.857421875 0.8687923550605774 1772.0 1260.0 10789.0 637.0
0.865234375 0.8656107187271118 1820.0 1354.0 10695.0 589.0
0.8671875 0.8655415773391724 1841.0 1376.0 10673.0 568.0
0.884765625 0.8734956383705139 1754.0 1174.0 10875.0 655.0
0.88671875 0.8659565448760986 1823.0 1352.0 10697.0 586.0
0.8515625 0.8645732402801514 1836.0 1385.0 10664.0 573.0
0.876953125 0.8706598281860352 1785.0 1246.0 10803.0 624.0
0.845703125 0.8675473928451538 1818.0 1324.0 10725.0 591.0
0.865234375 0.8627749085426331 1827.0 1402.0 10647.0 582.0
0.857421875 0.8687923550605774 1805.0 1293.0 10756.0 604.0
0.853515625 0.872389018535614 1777.0 1213.0 10836.0 632.0
0.880859375 0.865679919719696 1829.0 1362.0 10687.0 580.0
0.900390625 0.8650574088096619 1814.0 1356.0 10693.0 595.0
0.890625 0.8693456649780273 1811.0 1291.0 10758.0 598.0
0.88671875 0.869484007358551 1809.0 1287.0 10762.0 600.0
0.876953125 0.8691381812095642 1781.0 1264.0 10785.0 628.0
0.8828125 0.8654723763465881 1804.0 1340.0 10709.0 605.0
0.8359375 0.865818202495575 1835.0 1366.0 10683.0 574.0
0.869140625 0.8681007027626038 1819.0 1317.0 10732.0 590.0
0.908203125 0.8680315613746643 1793.0 1292.0 10757.0 616.0
0.890625 0.8658874034881592 1813.0 1343.0 10706.0 596.0
0.90234375 0.8726656436920166 1768.0 1200.0 10849.0 641.0
0.8671875 0.8703832030296326 1792.0 1257.0 10792.0 617.0
0.892578125 0.8686540126800537 1803.0 1293.0 10756.0 606.0
0.869140625 0.8633282780647278 1844.0 1411.0 10638.0 565.0
0.888671875 0.8722506761550903 1786.0 1224.0 10825.0 623.0
0.890625 0.8671323657035828 1826.0 1338.0 10711.0 583.0
0.87109375 0.871420681476593 1795.0 1245.0 10804.0 614.0
0.880859375 0.8703832030296326 1823.0 1288.0 10761.0 586.0
0.908203125 0.8709365129470825 1813.0 1270.0 10779.0 596.0
0.86328125 0.8669248819351196 1818.0 1333.0 10716.0 591.0
0.8984375 0.8721814751625061 1776.0 1215.0 10834.0 633.0
0.873046875 0.866233229637146 1821.0 1346.0 10703.0 588.0
0.90234375 0.8645732402801514 1824.0 1373.0 10676.0 585.0
0.859375 0.8665099143981934 1841.0 1362.0 10687.0 568.0
0.87109375 0.8674090504646301 1807.0 1315.0 10734.0 602.0
0.89453125 0.8714898228645325 1797.0 1246.0 10803.0 612.0
0.873046875 0.864296555519104 1832.0 1385.0 10664.0 577.0
0.869140625 0.8669248819351196 1821.0 1336.0 10713.0 588.0
0.8671875 0.8678932189941406 1824.0 1325.0 10724.0 585.0
0.904296875 0.8685157299041748 1816.0 1308.0 10741.0 593.0
0.890625 0.8712131977081299 1775.0 1228.0 10821.0 634.0
0.90234375 0.8647807240486145 1828.0 1374.0 10675.0 581.0
0.8671875 0.8620832562446594 1849.0 1434.0 10615.0 560.0
0.86328125 0.8688615560531616 1826.0 1313.0 10736.0 583.0
0.884765625 0.862982451915741 1866.0 1438.0 10611.0 543.0
0.857421875 0.8669248819351196 1838.0 1353.0 10696.0 571.0
0.87890625 0.8651265501976013 1817.0 1358.0 10691.0 592.0
0.880859375 0.8685157299041748 1822.0 1314.0 10735.0 587.0
0.865234375 0.8703140020370483 1831.0 1297.0 10752.0 578.0
0.873046875 0.8667173981666565 1816.0 1334.0 10715.0 593.0
0.876953125 0.8690690398216248 1824.0 1308.0 10741.0 585.0
0.8828125 0.8745331168174744 1775.0 1180.0 10869.0 634.0
0.8828125 0.8691381812095642 1835.0 1318.0 10731.0 574.0
0.876953125 0.867201566696167 1842.0 1353.0 10696.0 567.0
0.87890625 0.8708673119544983 1808.0 1266.0 10783.0 601.0
0.890625 0.8636049032211304 1845.0 1408.0 10641.0 564.0
0.875 0.8726656436920166 1804.0 1236.0 10813.0 605.0
0.86328125 0.8678240180015564 1857.0 1359.0 10690.0 552.0
0.876953125 0.8700373768806458 1825.0 1295.0 10754.0 584.0
0.857421875 0.8674781918525696 1850.0 1357.0 10692.0 559.0
0.875 0.8680315613746643 1822.0 1321.0 10728.0 587.0
0.87109375 0.8709365129470825 1827.0 1284.0 10765.0 582.0
0.892578125 0.8673399090766907 1840.0 1349.0 10700.0 569.0
0.8671875 0.8674781918525696 1854.0 1361.0 10688.0 555.0
0.859375 0.8641582727432251 1847.0 1402.0 10647.0 562.0
0.880859375 0.8683773875236511 1850.0 1344.0 10705.0 559.0
0.865234375 0.8712823390960693 1802.0 1254.0 10795.0 607.0
0.869140625 0.8681698441505432 1856.0 1353.0 10696.0 553.0
0.88671875 0.8692073822021484 1863.0 1345.0 10704.0 546.0
0.89453125 0.8716973066329956 1820.0 1266.0 10783.0 589.0
0.8828125 0.8692073822021484 1815.0 1297.0 10752.0 594.0
0.873046875 0.8634666204452515 1848.0 1413.0 10636.0 561.0
0.87890625 0.8687232136726379 1832.0 1321.0 10728.0 577.0
0.884765625 0.8741181492805481 1788.0 1199.0 10850.0 621.0
0.873046875 0.8706598281860352 1815.0 1276.0 10773.0 594.0
0.869140625 0.8710748553276062 1828.0 1283.0 10766.0 581.0
0.8984375 0.8691381812095642 1840.0 1323.0 10726.0 569.0
0.884765625 0.8734264969825745 1834.0 1255.0 10794.0 575.0
0.8671875 0.8660257458686829 1847.0 1375.0 10674.0 562.0
0.87109375 0.8707981705665588 1844.0 1303.0 10746.0 565.0
0.87890625 0.8696223497390747 1842.0 1318.0 10731.0 567.0
0.88671875 0.8683081865310669 1827.0 1322.0 10727.0 582.0
0.865234375 0.8720431327819824 1815.0 1256.0 10793.0 594.0
0.8984375 0.8683081865310669 1840.0 1335.0 10714.0 569.0
0.8828125 0.8728731274604797 1798.0 1227.0 10822.0 611.0
0.884765625 0.8682390451431274 1863.0 1359.0 10690.0 546.0
0.87109375 0.874671459197998 1831.0 1234.0 10815.0 578.0
0.890625 0.8732189536094666 1807.0 1231.0 10818.0 602.0
0.8828125 0.8674781918525696 1864.0 1371.0 10678.0 545.0
0.87890625 0.873703122138977 1831.0 1248.0 10801.0 578.0
0.875 0.8726656436920166 1841.0 1273.0 10776.0 568.0
0.884765625 0.8656107187271118 1855.0 1389.0 10660.0 554.0
0.91015625 0.8750864863395691 1834.0 1231.0 10818.0 575.0
0.888671875 0.8685157299041748 1854.0 1346.0 10703.0 555.0
0.873046875 0.8725273013114929 1824.0 1258.0 10791.0 585.0
0.900390625 0.8728039860725403 1809.0 1239.0 10810.0 600.0
0.89453125 0.8707981705665588 1817.0 1276.0 10773.0 592.0
0.904296875 0.8725965023040771 1854.0 1287.0 10762.0 555.0
0.88671875 0.8742564916610718 1814.0 1223.0 10826.0 595.0
0.904296875 0.870452344417572 1832.0 1296.0 10753.0 577.0
0.884765625 0.8674090504646301 1857.0 1365.0 10684.0 552.0
0.880859375 0.8687923550605774 1882.0 1370.0 10679.0 527.0
0.876953125 0.8742564916610718 1830.0 1239.0 10810.0 579.0
0.8671875 0.8759856224060059 1837.0 1221.0 10828.0 572.0
0.869140625 0.8698298335075378 1856.0 1329.0 10720.0 553.0
0.859375 0.8703140020370483 1850.0 1316.0 10733.0 559.0
0.88671875 0.8707981705665588 1854.0 1313.0 10736.0 555.0
0.876953125 0.8725273013114929 1837.0 1271.0 10778.0 572.0
0.865234375 0.8739798069000244 1843.0 1256.0 10793.0 566.0
0.8671875 0.8639507293701172 1872.0 1430.0 10619.0 537.0
0.87890625 0.8732189536094666 1838.0 1262.0 10787.0 571.0
0.9140625 0.871973991394043 1846.0 1288.0 10761.0 563.0
0.857421875 0.8705906867980957 1838.0 1300.0 10749.0 571.0
0.890625 0.8734956383705139 1843.0 1263.0 10786.0 566.0
0.890625 0.8710748553276062 1828.0 1283.0 10766.0 581.0
0.8671875 0.8782680630683899 1792.0 1143.0 10906.0 617.0
0.87890625 0.8706598281860352 1861.0 1322.0 10727.0 548.0
0.869140625 0.875224769115448 1801.0 1196.0 10853.0 608.0
0.87890625 0.8735647797584534 1835.0 1254.0 10795.0 574.0
0.896484375 0.8784756064414978 1848.0 1196.0 10853.0 561.0
0.880859375 0.8716281652450562 1859.0 1306.0 10743.0 550.0
0.890625 0.8758472800254822 1860.0 1246.0 10803.0 549.0
0.880859375 0.872942328453064 1844.0 1272.0 10777.0 565.0
0.86328125 0.8640199303627014 1915.0 1472.0 10577.0 494.0
0.873046875 0.8730806708335876 1858.0 1284.0 10765.0 551.0
0.876953125 0.8708673119544983 1855.0 1313.0 10736.0 554.0
0.884765625 0.872389018535614 1854.0 1290.0 10759.0 555.0
0.87109375 0.8744639754295349 1847.0 1253.0 10796.0 562.0
0.8984375 0.8764005899429321 1845.0 1223.0 10826.0 564.0
0.890625 0.8739798069000244 1820.0 1233.0 10816.0 589.0
0.865234375 0.8659565448760986 1882.0 1411.0 10638.0 527.0
0.84765625 0.8719048500061035 1878.0 1321.0 10728.0 531.0
0.875 0.8696223497390747 1884.0 1360.0 10689.0 525.0
0.85546875 0.8659565448760986 1882.0 1411.0 10638.0 527.0
0.876953125 0.872942328453064 1822.0 1250.0 10799.0 587.0
0.84375 0.8745331168174744 1821.0 1226.0 10823.0 588.0
0.8828125 0.8713514804840088 1842.0 1293.0 10756.0 567.0
0.876953125 0.874671459197998 1842.0 1245.0 10804.0 567.0
0.8984375 0.8779222369194031 1814.0 1170.0 10879.0 595.0
0.896484375 0.871973991394043 1860.0 1302.0 10747.0 549.0
0.896484375 0.8698298335075378 1864.0 1337.0 10712.0 545.0
0.89453125 0.8707981705665588 1860.0 1319.0 10730.0 549.0
0.873046875 0.8657490611076355 1881.0 1413.0 10636.0 528.0
0.8984375 0.8722506761550903 1832.0 1270.0 10779.0 577.0
0.865234375 0.8720431327819824 1814.0 1255.0 10794.0 595.0
0.86328125 0.8689998388290405 1876.0 1361.0 10688.0 533.0
0.888671875 0.8690690398216248 1883.0 1367.0 10682.0 526.0
0.865234375 0.8714898228645325 1870.0 1319.0 10730.0 539.0
0.90234375 0.8714898228645325 1857.0 1306.0 10743.0 552.0
0.892578125 0.872942328453064 1835.0 1263.0 10786.0 574.0
0.869140625 0.8728731274604797 1844.0 1273.0 10776.0 565.0
0.8671875 0.8714898228645325 1859.0 1308.0 10741.0 550.0
0.890625 0.8725273013114929 1860.0 1294.0 10755.0 549.0
0.88671875 0.8714898228645325 1851.0 1300.0 10749.0 558.0
0.88671875 0.8724581599235535 1867.0 1302.0 10747.0 542.0
0.880859375 0.870452344417572 1871.0 1335.0 10714.0 538.0
0.865234375 0.8751556277275085 1839.0 1235.0 10814.0 570.0
0.873046875 0.8701065182685852 1856.0 1325.0 10724.0 553.0
0.90234375 0.8719048500061035 1835.0 1278.0 10771.0 574.0
0.87890625 0.873703122138977 1832.0 1249.0 10800.0 577.0
0.880859375 0.8750864863395691 1810.0 1207.0 10842.0 599.0
0.880859375 0.8675473928451538 1882.0 1388.0 10661.0 527.0
0.88671875 0.8701065182685852 1864.0 1333.0 10716.0 545.0
0.8671875 0.8748789429664612 1857.0 1257.0 10792.0 552.0
0.8828125 0.8726656436920166 1846.0 1278.0 10771.0 563.0
0.888671875 0.8722506761550903 1874.0 1312.0 10737.0 535.0
0.890625 0.8732881546020508 1879.0 1302.0 10747.0 530.0
0.8828125 0.8697606921195984 1892.0 1366.0 10683.0 517.0
0.873046875 0.8779222369194031 1826.0 1182.0 10867.0 583.0
0.892578125 0.8759856224060059 1855.0 1239.0 10810.0 554.0
0.88671875 0.874671459197998 1853.0 1256.0 10793.0 556.0
0.884765625 0.8719048500061035 1848.0 1291.0 10758.0 561.0
0.873046875 0.8712131977081299 1876.0 1329.0 10720.0 533.0
0.865234375 0.8728731274604797 1889.0 1318.0 10731.0 520.0
0.884765625 0.8730114698410034 1856.0 1283.0 10766.0 553.0
0.888671875 0.8672707080841064 1911.0 1421.0 10628.0 498.0
0.857421875 0.8748098015785217 1862.0 1263.0 10786.0 547.0
0.86328125 0.8777147531509399 1850.0 1209.0 10840.0 559.0
0.888671875 0.8796514272689819 1871.0 1202.0 10847.0 538.0
0.87890625 0.8777839541435242 1832.0 1190.0 10859.0 577.0
0.884765625 0.8728039860725403 1870.0 1300.0 10749.0 539.0
0.9140625 0.8710748553276062 1890.0 1345.0 10704.0 519.0
0.876953125 0.8739798069000244 1870.0 1283.0 10766.0 539.0
0.880859375 0.8772305846214294 1831.0 1197.0 10852.0 578.0
0.90234375 0.8772305846214294 1845.0 1211.0 10838.0 564.0
0.876953125 0.8735647797584534 1857.0 1276.0 10773.0 552.0
0.896484375 0.8741872906684875 1849.0 1259.0 10790.0 560.0
0.876953125 0.8791672587394714 1835.0 1173.0 10876.0 574.0
0.876953125 0.874671459197998 1854.0 1257.0 10792.0 555.0
0.89453125 0.8784756064414978 1861.0 1209.0 10840.0 548.0
0.87109375 0.8734956383705139 1887.0 1307.0 10742.0 522.0
0.8984375 0.8743947744369507 1866.0 1273.0 10776.0 543.0
0.884765625 0.8730114698410034 1887.0 1314.0 10735.0 522.0
0.8984375 0.8765389323234558 1834.0 1210.0 10839.0 575.0
0.875 0.8746023178100586 1849.0 1253.0 10796.0 560.0
0.8984375 0.8750172853469849 1868.0 1266.0 10783.0 541.0
0.869140625 0.8720431327819824 1874.0 1315.0 10734.0 535.0
0.865234375 0.8766772747039795 1859.0 1233.0 10816.0 550.0
0.904296875 0.8777839541435242 1849.0 1207.0 10842.0 560.0
0.873046875 0.8739798069000244 1862.0 1275.0 10774.0 547.0
0.88671875 0.8727348446846008 1859.0 1290.0 10759.0 550.0
0.88671875 0.8783372640609741 1839.0 1189.0 10860.0 570.0
0.87890625 0.87660813331604 1872.0 1247.0 10802.0 537.0
0.90625 0.872942328453064 1859.0 1287.0 10762.0 550.0
0.8828125 0.8765389323234558 1854.0 1230.0 10819.0 555.0
0.896484375 0.8777147531509399 1868.0 1227.0 10822.0 541.0
0.875 0.8747406005859375 1873.0 1275.0 10774.0 536.0
0.884765625 0.8754323124885559 1859.0 1251.0 10798.0 550.0
0.884765625 0.8834555149078369 1802.0 1078.0 10971.0 607.0
0.884765625 0.8743947744369507 1878.0 1285.0 10764.0 531.0
0.875 0.8788905739784241 1838.0 1180.0 10869.0 571.0
0.890625 0.8764005899429321 1857.0 1235.0 10814.0 552.0
0.87890625 0.8805505633354187 1850.0 1168.0 10881.0 559.0
0.865234375 0.8751556277275085 1889.0 1285.0 10764.0 520.0
0.87109375 0.8779222369194031 1868.0 1224.0 10825.0 541.0
0.87109375 0.8758472800254822 1889.0 1275.0 10774.0 520.0
0.900390625 0.8785447478294373 1865.0 1212.0 10837.0 544.0
0.890625 0.8710748553276062 1879.0 1334.0 10715.0 530.0
0.8828125 0.8770231008529663 1851.0 1220.0 10829.0 558.0
0.880859375 0.8753631114959717 1904.0 1297.0 10752.0 505.0
0.89453125 0.876193106174469 1865.0 1246.0 10803.0 544.0
0.888671875 0.8739798069000244 1859.0 1272.0 10777.0 550.0
0.87109375 0.871005654335022 1878.0 1334.0 10715.0 531.0
0.861328125 0.8732881546020508 1868.0 1291.0 10758.0 541.0
0.865234375 0.8749481439590454 1861.0 1260.0 10789.0 548.0
0.890625 0.8766772747039795 1860.0 1234.0 10815.0 549.0
0.8984375 0.8801355361938477 1857.0 1181.0 10868.0 552.0
0.884765625 0.8775072693824768 1849.0 1211.0 10838.0 560.0
0.892578125 0.8768156170845032 1879.0 1251.0 10798.0 530.0
0.880859375 0.8710748553276062 1895.0 1350.0 10699.0 514.0
0.8984375 0.8748789429664612 1876.0 1276.0 10773.0 533.0
0.876953125 0.8746023178100586 1861.0 1265.0 10784.0 548.0
0.8828125 0.8779914379119873 1862.0 1217.0 10832.0 547.0
0.89453125 0.8786830902099609 1814.0 1159.0 10890.0 595.0
0.876953125 0.874671459197998 1880.0 1283.0 10766.0 529.0
0.91796875 0.8755014538764954 1892.0 1283.0 10766.0 517.0
0.876953125 0.8799972534179688 1843.0 1169.0 10880.0 566.0
0.876953125 0.8738414645195007 1884.0 1299.0 10750.0 525.0
0.876953125 0.8773689270019531 1859.0 1223.0 10826.0 550.0
0.90234375 0.8770922422409058 1871.0 1239.0 10810.0 538.0
0.8515625 0.8737723231315613 1895.0 1311.0 10738.0 514.0
0.90234375 0.87716144323349 1870.0 1237.0 10812.0 539.0
0.888671875 0.8748789429664612 1873.0 1273.0 10776.0 536.0
0.853515625 0.8747406005859375 1897.0 1299.0 10750.0 512.0
0.892578125 0.8779914379119873 1845.0 1200.0 10849.0 564.0
0.84375 0.8750172853469849 1874.0 1272.0 10777.0 535.0
0.900390625 0.8802738785743713 1846.0 1168.0 10881.0 563.0
0.892578125 0.8725273013114929 1884.0 1318.0 10731.0 525.0
0.888671875 0.8733572959899902 1888.0 1310.0 10739.0 521.0
0.87890625 0.8750864863395691 1867.0 1264.0 10785.0 542.0
0.890625 0.8765389323234558 1894.0 1270.0 10779.0 515.0
0.892578125 0.8734956383705139 1859.0 1279.0 10770.0 550.0
0.873046875 0.8802047371864319 1872.0 1195.0 10854.0 537.0
0.884765625 0.869484007358551 1903.0 1381.0 10668.0 506.0
0.900390625 0.8793747425079346 1846.0 1181.0 10868.0 563.0
0.8671875 0.8741872906684875 1894.0 1304.0 10745.0 515.0
0.890625 0.878129780292511 1858.0 1211.0 10838.0 551.0
0.888671875 0.8808272480964661 1828.0 1142.0 10907.0 581.0
0.880859375 0.8784756064414978 1847.0 1195.0 10854.0 562.0
0.892578125 0.8793056011199951 1858.0 1194.0 10855.0 551.0
0.865234375 0.876193106174469 1880.0 1261.0 10788.0 529.0
0.90234375 0.8761239647865295 1827.0 1209.0 10840.0 582.0
0.888671875 0.8759856224060059 1874.0 1258.0 10791.0 535.0
0.888671875 0.8724581599235535 1876.0 1311.0 10738.0 533.0
0.888671875 0.8755014538764954 1903.0 1294.0 10755.0 506.0
0.890625 0.8750172853469849 1867.0 1265.0 10784.0 542.0
0.890625 0.87660813331604 1866.0 1241.0 10808.0 543.0
0.873046875 0.8757089376449585 1858.0 1246.0 10803.0 551.0
0.875 0.8745331168174744 1872.0 1277.0 10772.0 537.0
0.875 0.8797205686569214 1865.0 1195.0 10854.0 544.0
0.88671875 0.8730114698410034 1898.0 1325.0 10724.0 511.0
0.890625 0.8818647265434265 1820.0 1119.0 10930.0 589.0
0.890625 0.878129780292511 1857.0 1210.0 10839.0 552.0
0.880859375 0.8762622475624084 1878.0 1258.0 10791.0 531.0
0.884765625 0.875639796257019 1868.0 1257.0 10792.0 541.0
0.873046875 0.8808963894844055 1843.0 1156.0 10893.0 566.0
0.890625 0.8740489482879639 1881.0 1293.0 10756.0 528.0
0.865234375 0.8764005899429321 1870.0 1248.0 10801.0 539.0
0.875 0.8741181492805481 1895.0 1306.0 10743.0 514.0
0.87890625 0.8777147531509399 1864.0 1223.0 10826.0 545.0
0.865234375 0.8775072693824768 1866.0 1228.0 10821.0 543.0
0.876953125 0.873703122138977 1871.0 1288.0 10761.0 538.0
0.8671875 0.8761239647865295 1887.0 1269.0 10780.0 522.0
0.873046875 0.8766772747039795 1880.0 1254.0 10795.0 529.0
0.888671875 0.87660813331604 1855.0 1230.0 10819.0 554.0
0.873046875 0.8784064054489136 1864.0 1213.0 10836.0 545.0
0.88671875 0.8740489482879639 1884.0 1296.0 10753.0 525.0
0.912109375 0.8793747425079346 1872.0 1207.0 10842.0 537.0
0.884765625 0.8764005899429321 1878.0 1256.0 10793.0 531.0
0.888671875 0.8791672587394714 1858.0 1196.0 10853.0 551.0
0.896484375 0.8784756064414978 1840.0 1188.0 10861.0 569.0
0.880859375 0.8786830902099609 1850.0 1195.0 10854.0 559.0
0.890625 0.8754323124885559 1867.0 1259.0 10790.0 542.0
0.87109375 0.8776456117630005 1883.0 1243.0 10806.0 526.0
0.896484375 0.8792364001274109 1848.0 1185.0 10864.0 561.0
0.8984375 0.8755014538764954 1880.0 1271.0 10778.0 529.0
0.873046875 0.8740489482879639 1881.0 1293.0 10756.0 528.0
0.896484375 0.8777147531509399 1900.0 1259.0 10790.0 509.0
0.888671875 0.8788214325904846 1892.0 1235.0 10814.0 517.0
0.85546875 0.8832480311393738 1881.0 1160.0 10889.0 528.0
0.89453125 0.881380558013916 1848.0 1154.0 10895.0 561.0
0.8984375 0.8785447478294373 1855.0 1202.0 10847.0 554.0
0.876953125 0.8803430795669556 1852.0 1173.0 10876.0 557.0
0.8828125 0.876193106174469 1880.0 1261.0 10788.0 529.0
0.87890625 0.8805505633354187 1824.0 1142.0 10907.0 585.0
0.873046875 0.8770231008529663 1890.0 1259.0 10790.0 519.0
0.89453125 0.875224769115448 1888.0 1283.0 10766.0 521.0
0.875 0.8824871778488159 1854.0 1144.0 10905.0 555.0
0.8828125 0.8751556277275085 1888.0 1284.0 10765.0 521.0
0.84375 0.8781989216804504 1862.0 1214.0 10835.0 547.0
0.908203125 0.8768847584724426 1858.0 1229.0 10820.0 551.0
0.890625 0.8788905739784241 1829.0 1171.0 10878.0 580.0
0.861328125 0.8748789429664612 1901.0 1301.0 10748.0 508.0
0.865234375 0.882348895072937 1851.0 1143.0 10906.0 558.0
0.89453125 0.8789597749710083 1875.0 1216.0 10833.0 534.0
0.88671875 0.8799972534179688 1870.0 1196.0 10853.0 539.0
0.873046875 0.8828330039978027 1837.0 1122.0 10927.0 572.0
0.8515625 0.8724581599235535 1907.0 1342.0 10707.0 502.0
0.8984375 0.8755014538764954 1884.0 1275.0 10774.0 525.0
0.89453125 0.8768847584724426 1851.0 1222.0 10827.0 558.0
0.892578125 0.87716144323349 1891.0 1258.0 10791.0 518.0
0.875 0.8746023178100586 1900.0 1304.0 10745.0 509.0
0.90625 0.8747406005859375 1882.0 1284.0 10765.0 527.0
0.87109375 0.870452344417572 1926.0 1390.0 10659.0 483.0
0.900390625 0.8808272480964661 1854.0 1168.0 10881.0 555.0
0.8671875 0.880965530872345 1844.0 1156.0 10893.0 565.0
0.904296875 0.8806197047233582 1879.0 1196.0 10853.0 530.0
0.884765625 0.8785447478294373 1887.0 1234.0 10815.0 522.0
0.888671875 0.8752939701080322 1885.0 1279.0 10770.0 524.0
0.88671875 0.8775764107704163 1864.0 1225.0 10824.0 545.0
0.884765625 0.8803430795669556 1850.0 1171.0 10878.0 559.0
0.88671875 0.8802738785743713 1846.0 1168.0 10881.0 563.0
0.892578125 0.8785447478294373 1857.0 1204.0 10845.0 552.0
0.892578125 0.8759164214134216 1866.0 1251.0 10798.0 543.0
0.8671875 0.8780605792999268 1866.0 1220.0 10829.0 543.0
0.896484375 0.8768156170845032 1878.0 1250.0 10799.0 531.0
0.884765625 0.8728039860725403 1884.0 1314.0 10735.0 525.0
0.91015625 0.8793747425079346 1836.0 1171.0 10878.0 573.0
0.904296875 0.8766772747039795 1894.0 1268.0 10781.0 515.0
0.86328125 0.8765389323234558 1885.0 1261.0 10788.0 524.0
0.87890625 0.8776456117630005 1898.0 1258.0 10791.0 511.0
0.892578125 0.8777147531509399 1893.0 1252.0 10797.0 516.0
0.8984375 0.8755705952644348 1889.0 1279.0 10770.0 520.0
0.873046875 0.8788214325904846 1866.0 1209.0 10840.0 543.0
0.87890625 0.8770922422409058 1883.0 1251.0 10798.0 526.0
0.904296875 0.8773689270019531 1869.0 1233.0 10816.0 540.0
0.89453125 0.8781989216804504 1868.0 1220.0 10829.0 541.0
0.8671875 0.872942328453064 1904.0 1332.0 10717.0 505.0
0.857421875 0.8781989216804504 1874.0 1226.0 10823.0 535.0
0.896484375 0.8786830902099609 1880.0 1225.0 10824.0 529.0
0.8984375 0.8780605792999268 1834.0 1188.0 10861.0 575.0
0.837890625 0.8708673119544983 1903.0 1361.0 10688.0 506.0
0.875 0.8798589110374451 1855.0 1183.0 10866.0 554.0
0.89453125 0.8788214325904846 1863.0 1206.0 10843.0 546.0
0.853515625 0.875639796257019 1888.0 1277.0 10772.0 521.0
0.904296875 0.8753631114959717 1885.0 1278.0 10771.0 524.0
0.8828125 0.8817263841629028 1835.0 1136.0 10913.0 574.0
0.890625 0.873703122138977 1907.0 1324.0 10725.0 502.0
0.888671875 0.8764697909355164 1864.0 1241.0 10808.0 545.0
0.90625 0.8775072693824768 1861.0 1223.0 10826.0 548.0
0.88671875 0.8769539594650269 1865.0 1235.0 10814.0 544.0
0.86328125 0.8788214325904846 1849.0 1192.0 10857.0 560.0
0.890625 0.8779914379119873 1871.0 1226.0 10823.0 538.0
0.90625 0.8797897100448608 1843.0 1172.0 10877.0 566.0
0.87109375 0.8750172853469849 1893.0 1291.0 10758.0 516.0
0.892578125 0.8738414645195007 1909.0 1324.0 10725.0 500.0
0.875 0.8770231008529663 1872.0 1241.0 10808.0 537.0
0.88671875 0.8774380683898926 1877.0 1240.0 10809.0 532.0
0.8515625 0.8761239647865295 1874.0 1256.0 10793.0 535.0
0.892578125 0.8723198175430298 1915.0 1352.0 10697.0 494.0
0.8984375 0.8773689270019531 1850.0 1214.0 10835.0 559.0
0.912109375 0.87716144323349 1864.0 1231.0 10818.0 545.0
0.912109375 0.8743256330490112 1905.0 1313.0 10736.0 504.0
0.87890625 0.8759164214134216 1890.0 1275.0 10774.0 519.0
0.904296875 0.8779914379119873 1848.0 1203.0 10846.0 561.0
0.896484375 0.8769539594650269 1899.0 1269.0 10780.0 510.0
0.875 0.8737723231315613 1887.0 1303.0 10746.0 522.0
0.90234375 0.874671459197998 1875.0 1278.0 10771.0 534.0
0.86328125 0.8753631114959717 1878.0 1271.0 10778.0 531.0
0.904296875 0.8759164214134216 1890.0 1275.0 10774.0 519.0
0.892578125 0.8776456117630005 1862.0 1222.0 10827.0 547.0
0.88671875 0.8797897100448608 1832.0 1161.0 10888.0 577.0
0.888671875 0.8774380683898926 1850.0 1213.0 10836.0 559.0
0.85546875 0.8774380683898926 1864.0 1227.0 10822.0 545.0
0.87109375 0.8710748553276062 1888.0 1343.0 10706.0 521.0
0.8828125 0.8761239647865295 1861.0 1243.0 10806.0 548.0
0.85546875 0.8772305846214294 1847.0 1213.0 10836.0 562.0
0.875 0.8801355361938477 1836.0 1160.0 10889.0 573.0
0.880859375 0.8764005899429321 1893.0 1271.0 10778.0 516.0
0.912109375 0.881380558013916 1865.0 1171.0 10878.0 544.0
0.904296875 0.8806197047233582 1830.0 1147.0 10902.0 579.0
0.880859375 0.8788214325904846 1870.0 1213.0 10836.0 539.0
0.90625 0.8841471672058105 1806.0 1072.0 10977.0 603.0
0.8828125 0.8730114698410034 1882.0 1309.0 10740.0 527.0
0.890625 0.8763314485549927 1867.0 1246.0 10803.0 542.0
0.873046875 0.8781989216804504 1848.0 1200.0 10849.0 561.0
0.87890625 0.8758472800254822 1885.0 1271.0 10778.0 524.0
0.8828125 0.8718356490135193 1898.0 1342.0 10707.0 511.0
0.873046875 0.8745331168174744 1899.0 1304.0 10745.0 510.0
0.892578125 0.8781989216804504 1862.0 1214.0 10835.0 547.0
0.875 0.8772997856140137 1857.0 1222.0 10827.0 552.0
0.9140625 0.876746416091919 1844.0 1217.0 10832.0 565.0
0.875 0.8787522315979004 1856.0 1200.0 10849.0 553.0
0.890625 0.8741872906684875 1851.0 1261.0 10788.0 558.0
0.87890625 0.8754323124885559 1879.0 1271.0 10778.0 530.0
0.88671875 0.8775072693824768 1884.0 1246.0 10803.0 525.0
0.884765625 0.8807580471038818 1840.0 1155.0 10894.0 569.0
0.880859375 0.8793747425079346 1842.0 1177.0 10872.0 567.0
0.88671875 0.8757781386375427 1867.0 1254.0 10795.0 542.0
0.884765625 0.876746416091919 1845.0 1218.0 10831.0 564.0
0.904296875 0.8739798069000244 1885.0 1298.0 10751.0 524.0
0.876953125 0.8749481439590454 1869.0 1268.0 10781.0 540.0
0.892578125 0.8775072693824768 1855.0 1217.0 10832.0 554.0
0.896484375 0.8766772747039795 1855.0 1229.0 10820.0 554.0
0.900390625 0.8786138892173767 1835.0 1181.0 10868.0 574.0
0.892578125 0.8755705952644348 1868.0 1258.0 10791.0 541.0
0.876953125 0.8757089376449585 1880.0 1268.0 10781.0 529.0
0.88671875 0.8735647797584534 1864.0 1283.0 10766.0 545.0
0.875 0.8782680630683899 1874.0 1225.0 10824.0 535.0
0.876953125 0.8755014538764954 1858.0 1249.0 10800.0 551.0
0.890625 0.8780605792999268 1872.0 1226.0 10823.0 537.0
0.908203125 0.8746023178100586 1867.0 1271.0 10778.0 542.0
0.896484375 0.8745331168174744 1864.0 1269.0 10780.0 545.0
0.865234375 0.8778530955314636 1850.0 1207.0 10842.0 559.0
0.88671875 0.8717665076255798 1878.0 1323.0 10726.0 531.0
0.890625 0.880412220954895 1821.0 1141.0 10908.0 588.0
0.87109375 0.8792364001274109 1838.0 1175.0 10874.0 571.0
0.87890625 0.8735647797584534 1870.0 1289.0 10760.0 539.0
0.87890625 0.8713514804840088 1886.0 1337.0 10712.0 523.0
0.880859375 0.8792364001274109 1858.0 1195.0 10854.0 551.0
0.888671875 0.872389018535614 1879.0 1315.0 10734.0 530.0
0.88671875 0.8749481439590454 1859.0 1258.0 10791.0 550.0
0.8828125 0.8740489482879639 1890.0 1302.0 10747.0 519.0
0.884765625 0.8773689270019531 1853.0 1217.0 10832.0 556.0
0.888671875 0.8747406005859375 1865.0 1267.0 10782.0 544.0
0.90234375 0.8779914379119873 1838.0 1193.0 10856.0 571.0
0.87109375 0.8724581599235535 1878.0 1313.0 10736.0 531.0
0.880859375 0.871973991394043 1888.0 1330.0 10719.0 521.0
0.88671875 0.8779914379119873 1844.0 1199.0 10850.0 565.0
0.875 0.8748098015785217 1857.0 1258.0 10791.0 552.0
0.859375 0.875224769115448 1878.0 1273.0 10776.0 531.0
0.861328125 0.8764697909355164 1866.0 1243.0 10806.0 543.0
0.8984375 0.8779222369194031 1859.0 1215.0 10834.0 550.0
0.880859375 0.8718356490135193 1881.0 1325.0 10724.0 528.0
0.921875 0.8760547637939453 1856.0 1239.0 10810.0 553.0
0.880859375 0.8723198175430298 1889.0 1326.0 10723.0 520.0
0.890625 0.8752939701080322 1900.0 1294.0 10755.0 509.0
0.88671875 0.8772305846214294 1851.0 1217.0 10832.0 558.0
0.90234375 0.8780605792999268 1855.0 1209.0 10840.0 554.0
0.8828125 0.8765389323234558 1871.0 1247.0 10802.0 538.0
0.88671875 0.8734956383705139 1871.0 1291.0 10758.0 538.0
0.904296875 0.8805505633354187 1834.0 1152.0 10897.0 575.0
0.90625 0.8775764107704163 1861.0 1222.0 10827.0 548.0
0.8671875 0.8760547637939453 1872.0 1255.0 10794.0 537.0
0.90625 0.8793056011199951 1845.0 1181.0 10868.0 564.0
0.873046875 0.880412220954895 1841.0 1161.0 10888.0 568.0
0.90234375 0.8793056011199951 1865.0 1201.0 10848.0 544.0
0.880859375 0.8785447478294373 1861.0 1208.0 10841.0 548.0
0.87890625 0.8739798069000244 1877.0 1290.0 10759.0 532.0
0.90625 0.8753631114959717 1863.0 1256.0 10793.0 546.0
0.875 0.8736339807510376 1881.0 1299.0 10750.0 528.0
0.90234375 0.8743256330490112 1861.0 1269.0 10780.0 548.0
0.8984375 0.8788214325904846 1842.0 1185.0 10864.0 567.0
0.892578125 0.8690690398216248 1887.0 1371.0 10678.0 522.0
0.900390625 0.8789597749710083 1845.0 1186.0 10863.0 564.0
0.880859375 0.8796514272689819 1844.0 1175.0 10874.0 565.0
0.912109375 0.8796514272689819 1826.0 1157.0 10892.0 583.0
0.888671875 0.8770231008529663 1854.0 1223.0 10826.0 555.0
0.873046875 0.876193106174469 1859.0 1240.0 10809.0 550.0
0.873046875 0.8749481439590454 1859.0 1258.0 10791.0 550.0
0.865234375 0.8741181492805481 1855.0 1266.0 10783.0 554.0
0.87109375 0.8754323124885559 1870.0 1262.0 10787.0 539.0
0.90625 0.8795130848884583 1843.0 1176.0 10873.0 566.0
0.900390625 0.8779222369194031 1853.0 1209.0 10840.0 556.0
0.91015625 0.8770231008529663 1878.0 1247.0 10802.0 531.0
0.8828125 0.8743256330490112 1850.0 1258.0 10791.0 559.0
0.892578125 0.876193106174469 1863.0 1244.0 10805.0 546.0
0.87890625 0.8750864863395691 1867.0 1264.0 10785.0 542.0
0.884765625 0.8711439967155457 1882.0 1336.0 10713.0 527.0
0.892578125 0.8793747425079346 1840.0 1175.0 10874.0 569.0
0.880859375 0.8703140020370483 1869.0 1335.0 10714.0 540.0
0.8828125 0.8740489482879639 1880.0 1292.0 10757.0 529.0
0.88671875 0.875639796257019 1846.0 1235.0 10814.0 563.0
0.857421875 0.8782680630683899 1842.0 1193.0 10856.0 567.0
0.87109375 0.8748789429664612 1863.0 1263.0 10786.0 546.0
0.884765625 0.87660813331604 1849.0 1224.0 10825.0 560.0
0.916015625 0.8750172853469849 1842.0 1240.0 10809.0 567.0
0.892578125 0.8721123337745667 1858.0 1298.0 10751.0 551.0
0.89453125 0.8779914379119873 1830.0 1185.0 10864.0 579.0
0.880859375 0.8730114698410034 1862.0 1289.0 10760.0 547.0
0.90234375 0.8752939701080322 1855.0 1249.0 10800.0 554.0
0.90625 0.8795130848884583 1840.0 1173.0 10876.0 569.0
0.900390625 0.872942328453064 1860.0 1288.0 10761.0 549.0
0.875 0.8764697909355164 1843.0 1220.0 10829.0 566.0
0.884765625 0.8748789429664612 1855.0 1255.0 10794.0 554.0
0.888671875 0.8766772747039795 1839.0 1213.0 10836.0 570.0
0.875 0.8749481439590454 1881.0 1280.0 10769.0 528.0
0.876953125 0.872942328453064 1890.0 1318.0 10731.0 519.0
0.896484375 0.8755705952644348 1866.0 1256.0 10793.0 543.0
0.888671875 0.8775072693824768 1846.0 1208.0 10841.0 563.0
0.896484375 0.8747406005859375 1860.0 1262.0 10787.0 549.0
0.890625 0.8749481439590454 1850.0 1249.0 10800.0 559.0
0.857421875 0.8765389323234558 1848.0 1224.0 10825.0 561.0
0.861328125 0.875639796257019 1859.0 1248.0 10801.0 550.0
0.88671875 0.8754323124885559 1876.0 1268.0 10781.0 533.0
0.880859375 0.8811038732528687 1810.0 1120.0 10929.0 599.0
0.896484375 0.8817263841629028 1810.0 1111.0 10938.0 599.0
0.9140625 0.8738414645195007 1879.0 1294.0 10755.0 530.0
0.890625 0.8797897100448608 1840.0 1169.0 10880.0 569.0
0.88671875 0.8734264969825745 1861.0 1282.0 10767.0 548.0
0.8828125 0.8795130848884583 1851.0 1184.0 10865.0 558.0
0.896484375 0.873703122138977 1866.0 1283.0 10766.0 543.0
0.875 0.8743256330490112 1874.0 1282.0 10767.0 535.0
0.9140625 0.871420681476593 1913.0 1363.0 10686.0 496.0
0.880859375 0.8741181492805481 1866.0 1277.0 10772.0 543.0
0.888671875 0.874671459197998 1878.0 1281.0 10768.0 531.0
0.876953125 0.8795130848884583 1841.0 1174.0 10875.0 568.0
0.890625 0.8743256330490112 1857.0 1265.0 10784.0 552.0
0.908203125 0.8784064054489136 1849.0 1198.0 10851.0 560.0
0.896484375 0.8795130848884583 1855.0 1188.0 10861.0 554.0
0.884765625 0.8753631114959717 1867.0 1260.0 10789.0 542.0
0.876953125 0.8772305846214294 1860.0 1226.0 10823.0 549.0
0.888671875 0.8786138892173767 1855.0 1201.0 10848.0 554.0
0.87109375 0.8764697909355164 1849.0 1226.0 10823.0 560.0
0.88671875 0.8738414645195007 1881.0 1296.0 10753.0 528.0
