-5.690897464752197266e+00 -1.758696317672729492e+00 -1.799807429313659668e+00 -2.381523370742797852e+00 -2.245947360992431641e+00 -4.625144004821777344e+00 1.034746646881103516e+00 -8.410907387733459473e-01 3.871201992034912109e+00 3.033321619033813477e+00 -4.479476928710937500e+00 6.397635936737060547e-01 -4.419583797454833984e+00 -3.493185043334960938e+00 1.898467659950256348e+00
4.684004485607147217e-01 1.038320302963256836e+00 3.929050207138061523e+00 4.134445667266845703e+00 -1.936204910278320312e+00 -4.062379360198974609e+00 2.832452297210693359e+00 8.299424052238464355e-01 5.242910385131835938e-01 -2.532161951065063477e+00 -9.554948806762695312e-01 -4.219631671905517578e+00 2.838185310363769531e+00 3.540409564971923828e+00 3.183178186416625977e+00
1.697386860847473145e+00 1.217686980962753296e-01 -2.177140951156616211e+00 -1.103410959243774414e+00 3.189143896102905273e+00 -2.899797439575195312e+00 9.353773593902587891e-01 1.270113110542297363e+00 1.278604626655578613e+00 1.464981317520141602e+00 6.283944249153137207e-01 -1.977939531207084656e-02 6.496245265007019043e-01 -1.714120745658874512e+00 -2.879568815231323242e+00
2.554330825805664062e-01 1.408100843429565430e+00 -2.021666169166564941e-01 -7.951058149337768555e-01 -3.944551467895507812e+00 5.193603634834289551e-01 7.578949332237243652e-01 -7.504056096076965332e-01 3.856946706771850586e+00 5.196266651153564453e+00 -2.526398375630378723e-02 1.707984805107116699e+00 -1.457362174987792969e+00 3.209058046340942383e+00 3.039841175079345703e+00
-4.087727963924407959e-01 2.550305128097534180e+00 -2.326774358749389648e+00 2.043752670288085938e+00 7.765877842903137207e-01 2.999952793121337891e+00 3.932771682739257812e-01 -3.250183105468750000e+00 -1.468993306159973145e+00 3.770721912384033203e+00 -5.645841360092163086e-01 -5.258641719818115234e+00 1.604447841644287109e+00 -1.233429312705993652e+00 4.234458446502685547e+00
-8.364493846893310547e-01 6.485877990722656250e+00 -4.993900299072265625e+00 -8.116575479507446289e-01 4.299764931201934814e-01 3.648544788360595703e+00 -1.695498228073120117e+00 -2.267836332321166992e+00 -1.584964245557785034e-02 -4.613093137741088867e-01 -4.424919128417968750e+00 -1.281708955764770508e+00 -1.402052760124206543e+00 -6.916521489620208740e-02 -2.436265707015991211e+00
-1.672213792800903320e+00 4.317562580108642578e+00 -1.701926350593566895e+00 2.342019796371459961e+00 8.501070737838745117e-01 -5.892979145050048828e+00 1.062603592872619629e+00 4.866076469421386719e+00 4.052436649799346924e-01 1.603017330169677734e+00 -2.499371051788330078e+00 2.398861646652221680e+00 3.685487508773803711e+00 6.864528179168701172e+00 -2.718350887298583984e+00
-6.860796928405761719e+00 1.423688054084777832e+00 3.096053361892700195e+00 1.275548815727233887e+00 -1.867841601371765137e+00 -1.277778983116149902e+00 2.831999301910400391e+00 3.783891916275024414e+00 -3.484372138977050781e+00 5.984836101531982422e+00 9.415633082389831543e-01 -2.826490163803100586e+00 -2.698837041854858398e+00 -2.866429805755615234e+00 -2.741415023803710938e+00
3.805524349212646484e+00 1.322051525115966797e+00 2.428159952163696289e+00 2.038133621215820312e+00 1.715604782104492188e+00 -8.884068131446838379e-01 -1.173226594924926758e+00 -4.056938588619232178e-01 4.226175785064697266e+00 9.145334959030151367e-01 1.712791472673416138e-01 9.079011082649230957e-01 -1.093884587287902832e+00 -3.413840055465698242e+00 6.521437644958496094e+00
6.073935031890869141e+00 -7.695870995521545410e-01 -2.950615644454956055e+00 -8.444306254386901855e-01 -5.959850311279296875e+00 -1.538097143173217773e+00 2.463730096817016602e+00 3.038909196853637695e+00 3.248156070709228516e+00 -2.306856364011764526e-01 -6.693363666534423828e+00 -2.712566137313842773e+00 -4.393248260021209717e-01 7.244688272476196289e-01 5.271966457366943359e-01
-4.733959197998046875e+00 8.530994057655334473e-01 3.420048952102661133e+00 9.366513043642044067e-02 9.225412607192993164e-01 -3.665036439895629883e+00 -3.075099229812622070e+00 3.803032398223876953e+00 2.657262086868286133e+00 -3.862290859222412109e+00 1.316294312477111816e+00 3.764963150024414062e+00 -9.397915601730346680e-01 3.779141604900360107e-01 -6.727868914604187012e-01
1.806201219558715820e+00 -3.117233276367187500e+00 1.708402872085571289e+00 2.302620410919189453e+00 -1.001597195863723755e-01 -4.690734386444091797e+00 1.644893050193786621e+00 -3.101210832595825195e+00 -3.200153112411499023e+00 -9.130420684814453125e-01 9.603878855705261230e-02 -9.698632173240184784e-03 2.184355854988098145e-01 2.479961514472961426e-02 2.621273994445800781e+00
3.818702459335327148e+00 3.355521917343139648e+00 4.440861701965332031e+00 4.572901248931884766e+00 -4.161706924438476562e+00 3.200080096721649170e-01 -3.158968448638916016e+00 -2.916944503784179688e+00 -5.319548249244689941e-01 9.385276436805725098e-01 2.819780111312866211e+00 -1.174886107444763184e+00 3.251499414443969727e+00 -5.727301836013793945e-01 1.181069970130920410e+00
4.045161008834838867e-01 -2.651427090167999268e-01 5.115727424621582031e+00 1.342556595802307129e+00 -2.225288152694702148e+00 -5.081992745399475098e-01 -8.547856211662292480e-01 -2.062472581863403320e+00 8.093237876892089844e-01 2.327807664871215820e+00 2.675147056579589844e+00 1.981618702411651611e-01 4.445792675018310547e+00 3.579473257064819336e+00 3.436018228530883789e+00
-2.372061491012573242e+00 -4.715812206268310547e-01 6.543635129928588867e-01 2.938483476638793945e+00 6.789642810821533203e+00 -1.469206571578979492e+00 -3.236837863922119141e+00 -3.266722202301025391e+00 1.215508699417114258e+00 3.119199752807617188e+00 -3.080216884613037109e+00 6.773436069488525391e-01 4.054631590843200684e-01 -1.135101541876792908e-01 1.830729007720947266e+00
1.977454781532287598e+00 -5.573122501373291016e-01 -4.072534084320068359e+00 -2.594249010086059570e+00 4.637300968170166016e+00 -6.847695827484130859e+00 3.948324918746948242e+00 -4.358228445053100586e-01 3.284112930297851562e+00 -2.059352636337280273e+00 -2.666019916534423828e+00 -3.628296375274658203e+00 1.684038400650024414e+00 -3.081752538681030273e+00 1.694085955619812012e+00
-4.224696159362792969e+00 2.709826707839965820e+00 2.429871559143066406e+00 5.339525267481803894e-02 3.107746362686157227e+00 2.751872539520263672e+00 2.000170201063156128e-01 1.543868184089660645e+00 4.455697834491729736e-01 -2.250232696533203125e+00 -3.360758543014526367e+00 6.073494911193847656e+00 -1.218508362770080566e+00 1.058841109275817871e+00 1.971112564206123352e-02
-4.608223438262939453e+00 2.843707084655761719e+00 5.281481742858886719e+00 -1.288562893867492676e+00 -2.808809280395507812e-01 1.189048528671264648e+00 -9.275792241096496582e-01 1.691140413284301758e+00 -2.722593784332275391e+00 -3.556275367736816406e+00 -9.241214990615844727e-01 -1.589281558990478516e+00 2.048920631408691406e+00 3.895144939422607422e+00 -3.525623798370361328e+00
-2.409777343273162842e-01 1.704266071319580078e+00 -9.587988257408142090e-01 2.114261150360107422e+00 -3.810622692108154297e+00 -2.889250993728637695e+00 -4.792205333709716797e+00 2.135486841201782227e+00 8.430641144514083862e-02 3.211833477020263672e+00 1.753429174423217773e+00 -2.118450880050659180e+00 2.805035829544067383e+00 1.496293246746063232e-01 -4.662884175777435303e-01
4.568637311458587646e-01 -2.114706754684448242e+00 -8.680744171142578125e-01 2.364847660064697266e+00 1.614141613245010376e-01 -6.379783749580383301e-01 2.747283697128295898e+00 4.757929325103759766e+00 5.405361652374267578e-01 -5.057058930397033691e-01 1.536398172378540039e+00 4.981182098388671875e+00 2.375726461410522461e+00 2.076841115951538086e+00 -2.553212165832519531e+00
2.036043405532836914e+00 1.838411241769790649e-01 -3.152669191360473633e+00 -5.267920017242431641e+00 1.385094881057739258e+00 8.721220493316650391e-01 -2.637552261352539062e+00 -9.778609275817871094e-01 2.604561328887939453e+00 2.485069513320922852e+00 3.068297386169433594e+00 -1.369499117136001587e-01 4.219929277896881104e-01 -3.235716581344604492e+00 -2.543721199035644531e+00
-6.868600249290466309e-01 1.450491845607757568e-01 -3.741405010223388672e+00 -2.951447248458862305e+00 -1.367969036102294922e+00 -2.153888702392578125e+00 1.318888962268829346e-01 -2.264480829238891602e+00 -1.287956595420837402e+00 -7.815422415733337402e-01 1.165370464324951172e+00 4.218080639839172363e-01 1.050192832946777344e+00 -1.183229684829711914e+00 -5.310448646545410156e+00
-4.967403709888458252e-01 -2.222558557987213135e-01 2.151450395584106445e+00 1.049056500196456909e-01 6.039319038391113281e+00 1.145081743597984314e-01 3.659967184066772461e+00 -2.671369314193725586e+00 -2.602189302444458008e+00 3.124158859252929688e+00 -5.367991328239440918e-02 -2.505428314208984375e+00 2.368388324975967407e-01 -1.519569396972656250e+00 5.204771995544433594e+00
2.204957485198974609e+00 1.316503524780273438e+00 4.866617202758789062e+00 2.003201723098754883e+00 -1.598310589790344238e+00 -1.262034416198730469e+00 4.969904899597167969e+00 3.306210041046142578e-01 -2.753148078918457031e+00 -4.785645008087158203e+00 1.061669945716857910e+00 8.311499953269958496e-01 2.765192747116088867e+00 -2.905054688453674316e-01 -1.005492687225341797e+00
-2.930764436721801758e+00 -5.163196325302124023e-01 3.410740852355957031e+00 9.567281603813171387e-01 7.769501209259033203e-01 -2.705150365829467773e+00 8.354158401489257812e-01 -4.858549118041992188e+00 1.324894666671752930e+00 -1.109013199806213379e+00 -1.832224726676940918e+00 -1.958593726158142090e-01 -1.756306886672973633e-01 -8.142247796058654785e-01 -8.986773490905761719e-01
6.052229404449462891e-01 -2.802109479904174805e+00 -4.845493435859680176e-01 9.570101648569107056e-02 -1.089419126510620117e+00 -1.197002768516540527e+00 4.615915298461914062e+00 -7.929784059524536133e-02 -2.079830169677734375e+00 -1.035913825035095215e+00 -1.378926396369934082e+00 2.001872539520263672e+00 3.856143236160278320e+00 4.548152983188629150e-01 -1.745500326156616211e+00
1.552530765533447266e+00 -7.156959772109985352e-01 -7.378409504890441895e-01 -1.563774794340133667e-01 3.839155435562133789e+00 2.998790740966796875e+00 -4.247307300567626953e+00 3.380683183670043945e+00 9.992547631263732910e-01 5.023207068443298340e-01 -2.362288713455200195e+00 3.798844337463378906e+00 -9.969766736030578613e-01 -2.920777559280395508e+00 1.910017013549804688e+00
-2.124295473098754883e+00 -2.290585994720458984e+00 2.520195722579956055e+00 -1.947521209716796875e+00 -1.057541131973266602e+00 -4.470892906188964844e+00 1.308558702468872070e+00 -5.732881546020507812e+00 2.002086877822875977e+00 -1.505203604698181152e+00 1.762989282608032227e+00 2.894421815872192383e+00 -7.082822322845458984e-01 9.395160079002380371e-01 -2.624153137207031250e+00
-2.392878055572509766e+00 -7.391018867492675781e-01 3.494400084018707275e-01 3.467946052551269531e+00 -9.249877184629440308e-02 -2.276341438293457031e+00 -6.587528586387634277e-01 1.301555991172790527e+00 1.957784652709960938e+00 -8.754363656044006348e-01 -8.350884169340133667e-02 3.389237821102142334e-01 -1.995946615934371948e-01 3.213833093643188477e+00 -2.877009630203247070e+00
4.175500869750976562e-01 -3.496789693832397461e+00 6.242426037788391113e-01 6.632286310195922852e-01 2.103339582681655884e-01 -2.943966388702392578e+00 1.053483724594116211e+00 -1.482766866683959961e+00 -3.911492586135864258e+00 -4.149293005466461182e-01 1.579706788063049316e+00 -2.407370567321777344e+00 7.601566910743713379e-01 -1.725338101387023926e+00 2.996979475021362305e+00
1.360082268714904785e+00 -9.728927165269851685e-02 1.056964397430419922e+00 3.849887609481811523e+00 2.764223814010620117e+00 3.249433338642120361e-01 -1.812439203262329102e+00 -8.509381860494613647e-02 -6.111738681793212891e+00 3.240474462509155273e+00 1.985304832458496094e+00 1.521524071693420410e+00 4.853842735290527344e+00 -5.551483035087585449e-01 -1.446595311164855957e+00
6.339059472084045410e-01 3.287708520889282227e+00 -5.058282375335693359e+00 -5.349894523620605469e+00 -3.718345984816551208e-02 1.810681104660034180e+00 2.104138135910034180e+00 -4.411833763122558594e+00 1.546522378921508789e+00 -8.383262753486633301e-01 3.180472373962402344e+00 1.415391206741333008e+00 2.677603252232074738e-02 1.585723638534545898e+00 9.717399477958679199e-01
2.053306102752685547e+00 -1.994951248168945312e+00 -4.694127142429351807e-01 -1.041589975357055664e+00 -3.280309200286865234e+00 8.614996671676635742e-01 -4.575359821319580078e+00 2.021477460861206055e+00 4.324850082397460938e+00 -4.007122516632080078e+00 1.339782834053039551e+00 -6.918396949768066406e-01 3.447395086288452148e+00 2.958572149276733398e+00 2.568982839584350586e-01
-2.294690459966659546e-01 -1.153475522994995117e+00 -1.631881117820739746e+00 4.310252189636230469e+00 4.272523880004882812e+00 -6.781828880310058594e+00 -1.012929916381835938e+00 -4.135664463043212891e+00 -2.135186672210693359e+00 2.357080936431884766e+00 4.577031135559082031e+00 -3.040870904922485352e+00 -3.030344724655151367e+00 1.594198793172836304e-01 1.768984347581863403e-01
-1.122776940464973450e-01 3.729949235916137695e+00 -1.981371641159057617e+00 4.169558525085449219e+00 -1.788671612739562988e-01 -1.978063702583312988e+00 3.796372890472412109e+00 -2.356013059616088867e+00 2.701577425003051758e+00 -2.091261148452758789e+00 2.772031545639038086e+00 -5.100346088409423828e+00 -2.861773490905761719e+00 5.119173526763916016e-01 2.689194679260253906e+00
2.352169036865234375e+00 -9.193478822708129883e-01 2.968207597732543945e+00 -5.942481160163879395e-01 -2.551695585250854492e+00 -3.670844316482543945e+00 3.486012220382690430e+00 9.153385758399963379e-01 3.935246706008911133e+00 -3.002988100051879883e+00 3.908689022064208984e+00 -1.008646845817565918e+00 -8.252391219139099121e-01 -5.168577432632446289e-01 -8.207793831825256348e-01
-3.422380387783050537e-01 3.764075756072998047e+00 -8.294813036918640137e-01 8.931555151939392090e-01 8.434017300605773926e-01 1.040389418601989746e+00 3.565453886985778809e-01 2.173414707183837891e+00 1.894934326410293579e-01 -2.361571788787841797e+00 5.356134414672851562e+00 2.548590660095214844e+00 -2.376924514770507812e+00 -6.233682110905647278e-02 -8.836107850074768066e-01
1.287286877632141113e+00 -1.634269356727600098e+00 -1.916516900062561035e+00 -2.298777580261230469e+00 5.080894827842712402e-01 2.255371026694774628e-02 8.580164313316345215e-01 3.377592563629150391e+00 1.073332905769348145e+00 -1.374468803405761719e+00 2.822403430938720703e+00 9.313283860683441162e-02 7.066544890403747559e-02 -3.973671436309814453e+00 3.407720088958740234e+00
-1.259800672531127930e+00 -6.372097730636596680e-01 -1.010301709175109863e+00 -2.069926023483276367e+00 1.050786495208740234e+00 9.128344058990478516e-01 5.922324061393737793e-01 1.150493502616882324e+00 -8.986167311668395996e-01 2.702178239822387695e+00 -1.975509285926818848e+00 -3.589960336685180664e+00 4.953996658325195312e+00 -8.342934250831604004e-01 -1.770865917205810547e+00
-1.208737611770629883e+00 2.588919162750244141e+00 -3.008205629885196686e-02 -1.565658450126647949e+00 -6.535382866859436035e-01 4.742253303527832031e+00 -2.628943204879760742e+00 1.329213976860046387e+00 3.813574016094207764e-01 2.011028289794921875e+00 1.109892725944519043e+00 -4.482071876525878906e+00 3.769054412841796875e+00 -4.257405698299407959e-01 -4.296366214752197266e+00
-1.564562082290649414e+00 4.884308278560638428e-01 1.770207047462463379e+00 4.540606021881103516e+00 -1.386381983757019043e+00 -1.010321378707885742e+00 1.325734496116638184e+00 -1.453643441200256348e+00 2.264282226562500000e+00 -1.483352541923522949e+00 4.717841148376464844e+00 -2.098612308502197266e+00 1.863420128822326660e+00 -1.164496302604675293e+00 -1.681208252906799316e+00
1.152870059013366699e-01 -1.299781084060668945e+00 2.748616456985473633e+00 9.226313829421997070e-01 2.757085561752319336e+00 -3.584895372390747070e+00 2.623230934143066406e+00 -3.745077550411224365e-01 2.197671413421630859e+00 -2.331435680389404297e+00 6.852999329566955566e-01 -3.973837852478027344e+00 1.539647102355957031e+00 -2.220543622970581055e+00 2.372042387723922729e-01
5.800643563270568848e-01 2.529874801635742188e+00 2.890032291412353516e+00 -1.332950949668884277e+00 1.123168587684631348e+00 1.490218758583068848e+00 -2.633093357086181641e+00 -3.929589509963989258e+00 -9.372206926345825195e-01 1.873671054840087891e+00 5.125983357429504395e-01 -1.617470741271972656e+00 3.856734335422515869e-01 -2.295203447341918945e+00 2.933618068695068359e+00
4.011771976947784424e-01 3.855710476636886597e-02 2.387502908706665039e+00 -2.378572463989257812e+00 -1.889412522315979004e+00 -2.841928243637084961e+00 -1.923948168754577637e+00 -3.338336944580078125e+00 -2.865915060043334961e+00 5.402575731277465820e-01 -3.356837034225463867e-01 -1.621300220489501953e+00 2.935231924057006836e+00 -1.127659797668457031e+00 -1.181415677070617676e+00
1.781583786010742188e+00 -2.258375167846679688e+00 8.417305946350097656e-01 -4.301709175109863281e+00 3.606924295425415039e+00 1.420332074165344238e+00 2.753487586975097656e+00 -3.926842689514160156e+00 -1.275866985321044922e+00 -1.010944485664367676e+00 -3.510829687118530273e+00 8.217066526412963867e-01 -1.816413283348083496e+00 2.604906558990478516e+00 4.555754184722900391e+00
2.478326082229614258e+00 2.392048597335815430e+00 -4.211684226989746094e+00 -5.270051479339599609e+00 -1.335673570632934570e+00 5.179780483245849609e+00 1.762381076812744141e+00 5.116757869720458984e+00 -2.369425773620605469e+00 -4.096488475799560547e+00 2.278795242309570312e+00 6.273091770708560944e-03 9.886258244514465332e-01 -1.921872973442077637e+00 3.431817054748535156e+00
3.201318025588989258e+00 5.015546321868896484e+00 -5.602558255195617676e-01 1.015732884407043457e+00 4.729843735694885254e-01 5.054152607917785645e-01 -1.077681899070739746e+00 -5.021832942962646484e+00 2.436406850814819336e+00 -5.880700945854187012e-01 -2.204568147659301758e+00 1.216521561145782471e-01 -3.307389974594116211e+00 3.290591478347778320e+00 1.640221238136291504e+00
3.669567108154296875e+00 1.913876414299011230e+00 -3.779996633529663086e-01 -3.547919273376464844e+00 -8.394323587417602539e-01 2.278257846832275391e+00 1.122030258178710938e+00 2.654265403747558594e+00 -2.306869029998779297e+00 -2.115614652633666992e+00 4.501010775566101074e-01 -5.470423698425292969e-01 1.429231315851211548e-01 -2.759725809097290039e+00 2.692567586898803711e+00
3.123051166534423828e+00 -8.289942741394042969e-01 3.870305418968200684e-02 -1.337833642959594727e+00 -1.027212977409362793e+00 3.022034645080566406e+00 -4.262448847293853760e-01 1.284553527832031250e+00 1.198109030723571777e+00 -2.620393514633178711e+00 -4.924698472023010254e-01 -4.389371395111083984e+00 -1.935967803001403809e+00 -3.533590435981750488e-01 5.549052357673645020e-01
-3.004928350448608398e+00 -2.446814775466918945e+00 2.532877683639526367e+00 1.427617311477661133e+00 1.215595483779907227e+00 -2.199950218200683594e+00 2.083384752273559570e+00 1.293639540672302246e+00 -9.693531990051269531e-01 -1.452112793922424316e+00 1.939893364906311035e+00 -4.697385787963867188e+00 4.898625373840332031e+00 4.560905456542968750e+00 4.419529438018798828e+00
-1.774172544479370117e+00 -1.286670684814453125e+00 1.706426143646240234e+00 -1.719643712043762207e+00 -4.876023769378662109e+00 1.606865763664245605e+00 -2.752416849136352539e+00 -3.647044003009796143e-01 1.841850280761718750e-01 9.225891232490539551e-01 -8.856393694877624512e-01 -5.640449047088623047e+00 2.762210130691528320e+00 -3.826948881149291992e+00 5.860723853111267090e-01
-1.554119825363159180e+00 -3.752479255199432373e-01 -3.347080707550048828e+00 -4.022438526153564453e+00 4.738461077213287354e-01 3.112220287322998047e+00 7.923228144645690918e-01 2.697695970535278320e+00 6.184033870697021484e+00 -3.351933956146240234e-01 2.561808586120605469e+00 2.724264383316040039e+00 1.534150481224060059e+00 3.014734029769897461e+00 1.113457679748535156e+00
3.643724918365478516e+00 1.262484908103942871e+00 -1.233506560325622559e+00 -1.505857944488525391e+00 3.599149227142333984e+00 5.186101198196411133e-01 8.676038980484008789e-01 4.642075538635253906e+00 -5.630439281463623047e+00 2.708985507488250732e-01 -1.148483037948608398e+00 5.367535114288330078e+00 1.875757873058319092e-01 1.017271518707275391e+00 -2.396015405654907227e+00
1.600179314613342285e+00 3.944766998291015625e+00 5.522677302360534668e-01 -3.426599740982055664e+00 -1.472298383712768555e+00 -4.107397079467773438e+00 1.235602855682373047e+00 -1.888309717178344727e+00 -4.015899658203125000e+00 4.952685356140136719e+00 2.022258758544921875e+00 8.599103987216949463e-02 -1.729842066764831543e+00 -3.030729770660400391e+00 5.125369548797607422e+00
-1.639256238937377930e+00 2.561747550964355469e+00 2.200621366500854492e+00 2.127048254013061523e+00 3.767196536064147949e-01 -1.224829316139221191e+00 -1.260383129119873047e+00 3.492814064025878906e+00 2.070609569549560547e+00 -4.048385143280029297e+00 3.839621782302856445e+00 2.314551115036010742e+00 -3.261708974838256836e+00 2.455251693725585938e+00 9.652839601039886475e-02
-1.738193035125732422e+00 9.795342385768890381e-02 2.502042293548583984e+00 4.108620285987854004e-01 2.156848907470703125e+00 -1.390281915664672852e+00 2.136222362518310547e+00 7.771172523498535156e-01 -7.703419923782348633e-01 -2.907025814056396484e+00 -1.383426904678344727e+00 -2.491669893264770508e+00 -6.978253126144409180e-01 -1.594239711761474609e+00 -5.604747533798217773e-01
1.677910804748535156e+00 -1.454264760017395020e+00 -2.881260871887207031e+00 2.001461982727050781e+00 -1.918923735618591309e+00 1.383790254592895508e+00 -3.605198860168457031e-01 -7.278816401958465576e-02 -7.446329593658447266e-01 1.243786931037902832e+00 3.996859073638916016e+00 8.075339794158935547e-01 1.093508005142211914e+00 -2.203009605407714844e+00 -3.239194869995117188e+00
3.626851320266723633e+00 1.387789845466613770e+00 1.019789934158325195e+00 -4.086664199829101562e+00 3.991150557994842529e-01 -3.983882665634155273e-01 -3.419724941253662109e+00 -2.567435979843139648e+00 -9.377257227897644043e-01 8.516015857458114624e-02 -4.991106390953063965e-01 3.083951234817504883e+00 -1.540517210960388184e+00 -3.377205610275268555e+00 -2.671090066432952881e-01
-7.388621568679809570e-02 2.011676788330078125e+00 7.722553014755249023e-01 2.070426464080810547e+00 3.638867437839508057e-01 1.056032180786132812e+00 -2.289716720581054688e+00 -2.291239738464355469e+00 4.705731868743896484e+00 -2.732969447970390320e-02 -1.783114790916442871e+00 3.892366886138916016e+00 -2.839142560958862305e+00 4.130457937717437744e-01 1.209772676229476929e-01
3.511800765991210938e+00 -2.316590785980224609e+00 -9.785557538270950317e-02 -1.861961483955383301e+00 3.664462566375732422e+00 -3.879019975662231445e+00 -6.818956136703491211e-01 -1.609428644180297852e+00 -1.900908946990966797e+00 1.295259833335876465e+00 1.180674195289611816e+00 -4.880525469779968262e-01 -2.783685624599456787e-01 -3.927447557449340820e+00 2.326164722442626953e+00
-5.064322948455810547e+00 -2.362869024276733398e+00 -1.707565307617187500e+00 -7.461822032928466797e-01 2.072858095169067383e+00 3.690784931182861328e+00 1.627310514450073242e+00 3.458267450332641602e+00 -7.294196486473083496e-01 -1.352649092674255371e+00 2.306575298309326172e+00 -7.631582021713256836e-01 -2.042418003082275391e+00 2.253143310546875000e+00 2.122539758682250977e+00
-1.843003988265991211e+00 -1.767409920692443848e+00 -1.764210700988769531e+00 -1.245556771755218506e-01 -3.667666912078857422e-01 1.724087476730346680e+00 -2.193608045578002930e+00 4.919626712799072266e-01 1.735581874847412109e+00 8.331604599952697754e-01 2.340766668319702148e+00 1.942020297050476074e+00 -1.388792753219604492e+00 -2.886861264705657959e-01 -2.939590454101562500e+00
3.105716943740844727e+00 1.275621354579925537e-01 -1.782408714294433594e+00 -2.445736408233642578e+00 1.091310754418373108e-01 -8.049217462539672852e-01 -9.151785373687744141e-01 7.861261367797851562e-01 -1.242965221405029297e+00 4.684193134307861328e+00 -3.613904416561126709e-01 2.402699708938598633e+00 1.589942693710327148e+00 -1.938847154378890991e-01 -3.495407819747924805e+00
3.949321746826171875e+00 -7.058058977127075195e-01 -2.880808591842651367e+00 4.559621959924697876e-02 8.711321353912353516e-01 8.133508563041687012e-01 1.106460332870483398e+00 -2.193646907806396484e+00 -3.594460785388946533e-01 2.559621810913085938e+00 1.087609052658081055e+00 -5.572628974914550781e-01 1.349475979804992676e+00 -1.528511285781860352e+00 -1.964595317840576172e+00
3.461843967437744141e+00 -5.577287450432777405e-02 -2.509448051452636719e+00 3.547206640243530273e+00 -1.058531403541564941e+00 -1.156679868698120117e+00 6.968898773193359375e-01 -1.924088478088378906e+00 -2.644848346710205078e+00 -8.470313251018524170e-02 8.551340103149414062e-01 1.466230273246765137e+00 1.383890271186828613e+00 -3.671190738677978516e+00 -3.556025743484497070e+00
4.342644691467285156e+00 4.015610218048095703e+00 -6.372553855180740356e-02 -2.484948873519897461e+00 2.416841030120849609e+00 3.469243526458740234e+00 -1.129308581352233887e+00 -2.324054241180419922e+00 -1.769160985946655273e+00 4.035032749176025391e+00 4.704849720001220703e+00 -3.134135961532592773e+00 3.980107903480529785e-01 1.598993778228759766e+00 -2.352271080017089844e+00
6.308016777038574219e-01 -3.776940584182739258e+00 3.337322235107421875e+00 -1.141129732131958008e+00 3.583556175231933594e+00 -1.544744968414306641e+00 1.277776122093200684e+00 -2.254446029663085938e+00 3.297962903976440430e+00 -1.109598278999328613e+00 4.904254078865051270e-01 4.217496871948242188e+00 -2.774449825286865234e+00 1.243619322776794434e+00 -3.221744537353515625e+00
9.456472992897033691e-01 2.004446506500244141e+00 -8.955147862434387207e-01 -1.230686306953430176e+00 -1.287762641906738281e+00 1.925319552421569824e+00 3.392183780670166016e-01 -7.717644572257995605e-01 -4.386738836765289307e-01 2.548187255859375000e+00 9.476238489151000977e-01 -4.307938098907470703e+00 4.153927326202392578e+00 -2.258409023284912109e+00 -3.589828968048095703e+00
-1.100896358489990234e+00 -2.950554847717285156e+00 7.612831890583038330e-02 -1.892608106136322021e-01 -3.020156621932983398e+00 -1.255692481994628906e+00 1.642824172973632812e+00 -3.059357643127441406e+00 2.540246248245239258e+00 2.750436067581176758e-01 4.072130680084228516e+00 1.801490902900695801e+00 5.674921870231628418e-01 1.384107470512390137e+00 -6.537168473005294800e-02
-2.473588705062866211e+00 -1.680206775665283203e+00 -3.571478724479675293e-01 -2.297721624374389648e+00 -3.473885774612426758e+00 -4.357427060604095459e-01 -2.866712331771850586e+00 1.401965379714965820e+00 5.814429283142089844e+00 1.348596662282943726e-01 -2.830025851726531982e-01 3.243605852127075195e+00 2.198989868164062500e+00 9.531283974647521973e-01 -1.431864976882934570e+00
-3.807149648666381836e+00 -3.414460659027099609e+00 2.924920797348022461e+00 2.258843660354614258e+00 -2.863941669464111328e+00 -2.545143842697143555e+00 -3.413252592086791992e+00 3.343660831451416016e+00 2.432755470275878906e+00 -2.191858768463134766e+00 -2.135955572128295898e+00 5.084852218627929688e+00 1.848833799362182617e+00 2.096526861190795898e+00 1.006781339645385742e+00
3.086909055709838867e+00 -2.383043527603149414e+00 -2.196122407913208008e+00 6.894897460937500000e+00 6.618624180555343628e-02 3.507383584976196289e+00 3.658905029296875000e+00 1.045440912246704102e+00 3.831610083580017090e-01 -5.763785243034362793e-01 -3.769807577133178711e+00 1.759409546852111816e+00 -1.763622283935546875e+00 1.220682784914970398e-01 1.312095761299133301e+00
2.244508504867553711e+00 2.827220678329467773e+00 -2.996090888977050781e+00 -2.678463697433471680e+00 2.430177032947540283e-01 -2.265193939208984375e+00 2.449422143399715424e-03 -3.911201059818267822e-01 -3.416772365570068359e+00 -2.179901838302612305e+00 -2.743678092956542969e-01 -6.142757087945938110e-02 4.948176145553588867e-01 -3.191015243530273438e+00 7.405484318733215332e-01
8.250719904899597168e-01 3.835543990135192871e-01 -7.798716425895690918e-01 9.209434390068054199e-01 -1.675045371055603027e+00 1.607064485549926758e+00 -1.916424989700317383e+00 3.009003400802612305e+00 -2.784372568130493164e+00 3.500982761383056641e+00 6.085153102874755859e+00 3.605615377426147461e+00 4.893208503723144531e+00 -1.359421730041503906e+00 1.115357875823974609e+00
2.169244736433029175e-01 1.939906954765319824e+00 1.897882461547851562e+00 1.950596928596496582e+00 -5.679106712341308594e+00 -1.894004270434379578e-02 1.079280972480773926e+00 1.362300157546997070e+00 -7.099324464797973633e-01 -9.880813360214233398e-01 -1.452876448631286621e+00 -1.173383951187133789e+00 5.190118789672851562e+00 1.623722076416015625e+00 2.827044486999511719e+00
4.445183277130126953e-01 1.977606654167175293e+00 -1.963901162147521973e+00 2.645444393157958984e+00 -2.057752370834350586e+00 3.681782245635986328e+00 -3.036243677139282227e+00 1.704919219017028809e+00 -3.388669490814208984e+00 -2.933125257492065430e+00 -2.758290052413940430e+00 4.336651325225830078e+00 -3.628849029541015625e+00 -7.187877781689167023e-03 3.285275459289550781e+00
1.353902220726013184e+00 -2.630596637725830078e+00 7.766735553741455078e-02 -2.430255889892578125e+00 7.949578166007995605e-01 1.734585285186767578e+00 -2.879327297210693359e+00 4.311124324798583984e+00 8.249788880348205566e-01 4.527064323425292969e+00 -2.359295606613159180e+00 3.596469640731811523e+00 3.668229877948760986e-01 5.281284332275390625e+00 1.386997848749160767e-01
5.379500865936279297e+00 -4.948622226715087891e+00 1.864506125450134277e+00 1.031565427780151367e+00 4.449207484722137451e-01 -1.278423905372619629e+00 2.373176097869873047e+00 -1.434656858444213867e+00 -1.609957695007324219e+00 1.240780353546142578e+00 -1.213823437690734863e+00 -4.068539619445800781e+00 3.519528806209564209e-01 1.084102511405944824e+00 3.693517923355102539e+00
-6.052696704864501953e-01 2.563570737838745117e-01 8.773661255836486816e-01 -2.076699256896972656e+00 -1.273570060729980469e+00 1.655993819236755371e+00 -2.633674621582031250e+00 1.312614202499389648e+00 1.908518552780151367e+00 2.549362480640411377e-01 -3.029115915298461914e+00 -3.464119434356689453e+00 -4.408156573772430420e-01 3.050042152404785156e+00 -4.836117923259735107e-01
1.985655188560485840e+00 2.734712839126586914e+00 8.534126877784729004e-01 -2.274971485137939453e+00 4.115251541137695312e+00 3.178966045379638672e+00 -1.981875658035278320e+00 2.783032178878784180e+00 -1.114258527755737305e+00 1.817472934722900391e+00 2.152936697006225586e+00 1.176551699638366699e+00 -3.849254608154296875e+00 -1.788182616233825684e+00 -8.478422164916992188e-01
3.835093736648559570e+00 3.206103086471557617e+00 -1.508311629295349121e+00 -4.266392886638641357e-01 -2.065833091735839844e+00 -3.814194351434707642e-02 -4.776565074920654297e+00 -1.219223618507385254e+00 1.649700164794921875e+00 -1.156778335571289062e+00 -2.293317794799804688e+00 -2.502887248992919922e+00 -2.803553342819213867e+00 -1.717354774475097656e+00 3.573220670223236084e-01
4.679642200469970703e+00 1.805326342582702637e+00 -3.537173569202423096e-01 -1.517924904823303223e+00 -3.125607252120971680e+00 -1.929179072380065918e+00 1.150015473365783691e+00 2.466386556625366211e+00 -3.097236633300781250e+00 -4.943300485610961914e-01 -2.180140733718872070e+00 1.549258947372436523e+00 6.019034981727600098e-01 -1.071905136108398438e+00 -8.100319504737854004e-01
6.826408863067626953e+00 2.205911397933959961e+00 -3.471770286560058594e-01 4.061861038208007812e+00 5.114713668823242188e+00 6.570733189582824707e-01 1.084118485450744629e+00 2.837265014648437500e+00 -4.976171493530273438e+00 2.311521321535110474e-01 3.927831649780273438e+00 -1.585690617561340332e+00 -2.951241731643676758e+00 -4.639498233795166016e+00 -2.507047653198242188e+00
2.043212801218032837e-01 -3.577643394470214844e+00 1.631120085716247559e+00 1.951284170150756836e+00 -2.106208801269531250e+00 4.822071790695190430e-01 -3.286391735076904297e+00 -2.804748773574829102e+00 4.785199642181396484e+00 -4.922758638858795166e-01 -3.544785976409912109e+00 -8.722136020660400391e-01 2.763751983642578125e+00 -8.095008134841918945e-01 1.337637186050415039e+00
-7.096191644668579102e-01 1.063025951385498047e+00 3.287923336029052734e+00 1.213924214243888855e-01 -2.278782367706298828e+00 -5.443081855773925781e-01 -3.510073423385620117e-01 -2.833209991455078125e+00 -2.663452863693237305e+00 -2.431175470352172852e+00 2.398241281509399414e+00 3.192425370216369629e-01 8.418002724647521973e-02 7.200732827186584473e-01 2.168817043304443359e+00
-1.657567739486694336e+00 -1.146398067474365234e+00 -2.773706436157226562e+00 4.925261974334716797e+00 9.983438253402709961e-01 2.749868392944335938e+00 -2.324271202087402344e+00 -1.196124792098999023e+00 -3.084427833557128906e+00 2.196454048156738281e+00 1.372493803501129150e-01 -2.165490865707397461e+00 5.344561576843261719e+00 -4.615203380584716797e+00 1.256382107734680176e+00
1.224493980407714844e+00 2.028741836547851562e+00 -4.380052566528320312e+00 -3.187228918075561523e+00 3.526001274585723877e-01 -1.202336311340332031e+00 -2.386435508728027344e+00 4.732846260070800781e+00 1.484421610832214355e+00 4.486242532730102539e-01 2.778471708297729492e+00 4.041172981262207031e+00 3.904550075531005859e-01 3.554650843143463135e-01 3.049652338027954102e+00
1.270828962326049805e+00 5.105407834053039551e-01 -1.480358958244323730e+00 2.909698188304901123e-01 -6.340922117233276367e-01 1.785004734992980957e+00 1.312764406204223633e+00 -7.270839810371398926e-02 -1.508530139923095703e+00 -1.331964850425720215e+00 5.465919375419616699e-01 -3.352398395538330078e+00 -3.813698768615722656e+00 -4.240189075469970703e+00 1.711189389228820801e+00
2.762099504470825195e-01 -3.631314039230346680e-01 3.220856785774230957e-01 -4.719871580600738525e-01 3.080245018005371094e+00 -2.835628509521484375e+00 3.182175874710083008e+00 -3.961614072322845459e-01 7.891587018966674805e-01 -3.166011571884155273e+00 -7.537075519561767578e+00 1.228243485093116760e-01 -1.013598442077636719e+00 -1.437092542648315430e+00 -6.368109583854675293e-01
1.513672232627868652e+00 -3.129307508468627930e+00 -4.078266620635986328e+00 1.701277792453765869e-01 3.424042224884033203e+00 2.731676340103149414e+00 -3.099466800689697266e+00 3.432144880294799805e+00 1.061523914337158203e+00 1.206125617027282715e+00 -4.288519859313964844e+00 -5.291604995727539062e-01 -1.984542846679687500e+00 -3.044840574264526367e+00 -3.319206476211547852e+00
6.051707267761230469e+00 1.282388806343078613e+00 5.721254825592041016e+00 -4.055580139160156250e+00 -9.290558099746704102e-01 5.671864748001098633e-01 -3.326227188110351562e+00 6.160034537315368652e-01 -1.696202278137207031e+00 -5.653794288635253906e+00 1.576917052268981934e+00 -1.711758494377136230e+00 3.447875738143920898e+00 -5.389092564582824707e-01 -5.028497893363237381e-03
2.786253392696380615e-01 -5.252203345298767090e-01 -4.071539878845214844e+00 4.920402526855468750e+00 -1.545740604400634766e+00 2.878903627395629883e+00 -3.215467929840087891e+00 7.743786573410034180e-01 6.678943037986755371e-01 2.103662967681884766e+00 -5.733615159988403320e-01 -1.235216259956359863e+00 2.953993082046508789e+00 -5.663443088531494141e+00 -1.779081702232360840e+00
4.567802429199218750e+00 3.939025402069091797e+00 -9.732495546340942383e-01 1.562291741371154785e+00 -2.676234722137451172e+00 1.203219890594482422e+00 1.538120508193969727e-01 1.921500325202941895e+00 2.275082826614379883e+00 1.183662295341491699e+00 -2.371907472610473633e+00 -3.917397022247314453e+00 4.441885471343994141e+00 -1.965210437774658203e+00 8.886576890945434570e-01
3.432386219501495361e-01 -1.012598991394042969e+00 -5.818911790847778320e-01 -1.945927977561950684e+00 1.224040508270263672e+00 -1.846586704254150391e+00 -2.274477005004882812e+00 -2.086801528930664062e+00 -5.723774433135986328e-01 1.841805458068847656e+00 4.180192470550537109e+00 2.423747539520263672e+00 -5.546612143516540527e-01 -2.868779897689819336e+00 -2.194778442382812500e+00
