-2.659032344818115234e+00 2.862250804901123047e+00 2.671251296997070312e+00 -4.726707339286804199e-01 -1.418456912040710449e+00 -7.069276571273803711e-01 -3.047128915786743164e+00 -2.338789701461791992e+00 6.239989280700683594e+00 1.445565938949584961e+00 -5.490787982940673828e+00 -3.202736377716064453e+00 -2.441236972808837891e+00 -1.588968276977539062e+00 1.349786162376403809e+00
9.465806961059570312e+00 -9.346245765686035156e+00 -1.667315125465393066e+00 -1.021581840515136719e+01 9.915140151977539062e+00 7.716711997985839844e+00 1.587847828865051270e+00 -1.136942505836486816e+00 -1.148025894165039062e+01 -3.509406447410583496e-01 5.140352725982666016e+00 -6.051790237426757812e+00 4.268451690673828125e+00 -3.639019489288330078e+00 1.622665524482727051e+00
-9.479124546051025391e-01 8.423051834106445312e-01 1.354098200798034668e+00 -1.461064457893371582e+00 3.678372859954833984e+00 6.661773324012756348e-01 1.110486388206481934e+00 -4.024777561426162720e-03 9.797800183296203613e-01 7.826729416847229004e-01 9.772897958755493164e-01 1.928818106651306152e+00 -2.499889135360717773e+00 -1.233045458793640137e+00 1.290641427040100098e+00
1.215762257575988770e+00 2.067594051361083984e+00 7.055573463439941406e-01 -4.988388344645500183e-02 1.259230136871337891e+00 1.064051389694213867e+00 -1.100172162055969238e+00 1.316066503524780273e+00 -1.907598018646240234e+00 2.398636102676391602e+00 1.890590786933898926e+00 -3.908762454986572266e+00 -7.853378653526306152e-01 1.339286088943481445e+00 1.044289946556091309e+00
9.878120422363281250e-01 -2.125837951898574829e-01 -2.694338560104370117e+00 -2.015224456787109375e+00 -2.154371738433837891e+00 -2.703394293785095215e-01 4.591760635375976562e+00 4.185353755950927734e+00 1.005939960479736328e+00 1.921850323677062988e+00 2.955064773559570312e-01 6.098621487617492676e-01 -2.188056230545043945e+00 -1.038309335708618164e-01 1.031040072441101074e+00
2.389447212219238281e+00 -5.966507434844970703e+00 3.176041364669799805e+00 7.843418121337890625e-01 2.604883193969726562e+00 2.449110746383666992e+00 -4.299279689788818359e+00 1.857396841049194336e+00 7.037904739379882812e+00 2.137351989746093750e+00 -6.141269803047180176e-01 -2.827577829360961914e+00 3.440929055213928223e-01 2.200970172882080078e+00 -1.993764519691467285e+00
6.391968250274658203e+00 1.228868842124938965e+00 -4.599339008331298828e+00 -6.288673877716064453e+00 -3.885144889354705811e-01 8.035132884979248047e-01 -5.602526664733886719e-01 -7.308931350708007812e+00 2.453215837478637695e+00 1.095188426971435547e+01 -2.474909782409667969e+00 -3.271393477916717529e-01 -1.469069242477416992e+00 6.835697174072265625e+00 -9.776638031005859375e+00
5.576002597808837891e+00 1.540420770645141602e+00 -8.170778155326843262e-01 3.217071056365966797e+00 1.814712882041931152e+00 -7.944463253021240234e+00 -4.638370275497436523e-01 -8.286738991737365723e-01 3.453221544623374939e-02 4.106610774993896484e+00 -3.727375268936157227e+00 2.057651996612548828e+00 -7.159479856491088867e-01 -4.406577944755554199e-01 -3.014671206474304199e-01
-1.725634694099426270e+00 2.190830945968627930e+00 -5.350508689880371094e+00 8.722119331359863281e+00 -1.117591261863708496e+00 2.702094316482543945e-01 -2.206350088119506836e+00 1.363089680671691895e+00 7.720301151275634766e+00 -2.575408697128295898e+00 -4.959995448589324951e-01 -1.307975292205810547e+00 1.048068851232528687e-01 1.543235540390014648e+00 3.635779857635498047e+00
-1.998985767364501953e+00 1.466150999069213867e+00 4.924631118774414062e+00 -2.223041772842407227e+00 2.733337640762329102e+00 4.986292719841003418e-01 -5.255172729492187500e+00 8.015068054199218750e+00 1.947778701782226562e+00 8.729370832443237305e-01 -6.945146247744560242e-03 -1.123321437835693359e+01 5.023766994476318359e+00 1.462951660156250000e+00 1.321221828460693359e+00
-2.170190811157226562e+00 2.354292869567871094e+00 2.728998899459838867e+00 -4.545363903045654297e+00 -2.660779714584350586e+00 -2.401469469070434570e+00 -6.836698055267333984e-01 -1.081333160400390625e+00 -1.847449421882629395e+00 1.818176031112670898e+00 -1.116746187210083008e+00 -2.240305185317993164e+00 4.213666439056396484e+00 1.633619189262390137e+00 -1.644168615341186523e+00
-4.733693599700927734e-01 6.131400465965270996e-01 2.553600788116455078e+00 1.354784250259399414e+00 2.646857500076293945e+00 2.449624538421630859e+00 8.433165550231933594e-01 2.865325212478637695e-01 1.457553625106811523e+00 1.513360261917114258e+00 3.318661823868751526e-02 6.917479634284973145e-01 -8.405491709709167480e-01 -2.676576137542724609e+00 -1.555081248283386230e+00
1.575071334838867188e+00 -9.900033473968505859e-01 2.203328132629394531e+00 2.292217254638671875e+00 -1.620249003171920776e-01 3.314242601394653320e+00 1.040658473968505859e+00 3.214567899703979492e-01 5.218221545219421387e-01 3.364272117614746094e-01 -5.522962808609008789e-01 -5.499479770660400391e-01 -1.551953792572021484e+00 -1.569623351097106934e+00 -4.124940395355224609e+00
2.565664052963256836e+00 2.669589519500732422e+00 7.907438874244689941e-01 7.257689833641052246e-01 -2.992683410644531250e+00 1.621375799179077148e+00 3.665189266204833984e+00 2.054076910018920898e+00 2.986269593238830566e-01 8.602654933929443359e-01 1.502676844596862793e+00 3.375380858778953552e-02 -3.472770214080810547e+00 -1.499305248260498047e+00 -3.049033164978027344e+00
-4.627287387847900391e+00 -3.246907472610473633e+00 -6.276289463043212891e+00 -5.922648906707763672e+00 3.916115283966064453e+00 1.480776429176330566e+00 2.083913803100585938e+00 1.512448549270629883e+00 4.249273300170898438e+00 -1.131960034370422363e+00 1.972599029541015625e+00 -4.737701714038848877e-01 3.255051970481872559e-01 -5.880590081214904785e-01 -4.801822662353515625e+00
4.237827301025390625e+00 -6.218272686004638672e+00 -3.761783123016357422e+00 -3.831464767456054688e+00 -2.901810646057128906e+00 -5.531830191612243652e-01 -1.943794488906860352e+00 1.022630691528320312e+00 2.119689226150512695e+00 -9.529170989990234375e-01 -5.881553173065185547e+00 4.604832649230957031e+00 -2.356380462646484375e+00 -8.653771400451660156e+00 8.165676593780517578e-01
-3.430299282073974609e+00 1.199534177780151367e+00 -6.551433086395263672e+00 -1.005722045898437500e+00 -3.213934421539306641e+00 -6.120749950408935547e+00 -2.281529903411865234e+00 3.767671108245849609e+00 -7.876586914062500000e-01 -6.324226856231689453e-01 -3.078602313995361328e+00 -1.758471369743347168e+00 -7.282537937164306641e+00 2.270295619964599609e+00 -2.333934783935546875e+00
-5.816797614097595215e-01 2.935456931591033936e-01 -1.559278202056884766e+01 -1.043529748916625977e+00 3.990648984909057617e+00 7.323212623596191406e+00 -2.899436950683593750e+00 5.800850868225097656e+00 -7.704207897186279297e-01 5.346463680267333984e+00 8.386305809020996094e+00 6.561070919036865234e+00 2.274106740951538086e+00 6.492237567901611328e+00 -3.549382686614990234e-01
-2.165586233139038086e+00 2.652220726013183594e+00 2.694692373275756836e+00 -4.717509269714355469e+00 -2.769739627838134766e+00 -2.738246917724609375e+00 -6.812371611595153809e-01 -9.586966633796691895e-01 -1.851336836814880371e+00 1.721712470054626465e+00 -1.360950350761413574e+00 -2.164498567581176758e+00 4.517803668975830078e+00 1.470690369606018066e+00 -1.589797139167785645e+00
-2.724832534790039062e+00 2.655874490737915039e+00 3.628013372421264648e+00 5.122197326272726059e-04 3.363248348236083984e+00 1.953310608863830566e+00 1.778242111206054688e+00 7.051299214363098145e-01 2.932189941406250000e+00 3.615638315677642822e-01 -1.341884255409240723e+00 2.070997714996337891e+00 -3.926265716552734375e+00 -1.888304829597473145e+00 1.573244452476501465e+00
-4.908111691474914551e-01 1.110176086425781250e+00 3.223495185375213623e-01 -8.706990629434585571e-02 -3.013285160064697266e+00 2.134246826171875000e+00 2.144844532012939453e+00 2.726327896118164062e+00 6.192600727081298828e-01 1.537342905998229980e+00 7.074357271194458008e-01 1.588085107505321503e-02 2.145673990249633789e+00 1.488828897476196289e+00 1.509486883878707886e-01
-1.393699645996093750e+00 -1.802321195602416992e+00 2.308833360671997070e+00 -1.023960590362548828e+00 1.622891783714294434e+00 -5.732417702674865723e-01 3.024255514144897461e+00 1.068192124366760254e+00 -2.011646986007690430e+00 -4.529955983161926270e-01 -2.451343059539794922e+00 -4.909977436065673828e+00 -3.050498247146606445e+00 7.022004127502441406e-01 1.799218542873859406e-02
-2.282402992248535156e+00 -1.207756996154785156e+00 8.152093291282653809e-01 -2.260808467864990234e+00 5.669417381286621094e-01 6.380751729011535645e-01 5.328127384185791016e+00 -3.562492877244949341e-02 7.447029352188110352e-01 -9.256052970886230469e-02 -2.136380195617675781e+00 -1.256705880165100098e+00 -2.125212192535400391e+00 2.697870016098022461e+00 1.075103282928466797e+00
2.008360862731933594e+00 9.860715270042419434e-02 2.879813909530639648e-01 -1.137347698211669922e+00 8.794048428535461426e-01 1.245934441685676575e-01 4.029535770416259766e+00 -2.727163732051849365e-01 1.210089325904846191e+00 -2.969367027282714844e+00 5.435988903045654297e-01 -2.468674182891845703e+00 -7.833179235458374023e-01 1.374959468841552734e+00 -2.238196611404418945e+00
-1.554153919219970703e+00 3.129662871360778809e-01 1.007060050964355469e+00 4.343325272202491760e-02 -1.954023003578186035e+00 8.915462493896484375e-01 3.416618824005126953e+00 7.450381517410278320e-01 -3.330576717853546143e-01 6.005546450614929199e-01 1.131543889641761780e-01 -4.473343789577484131e-01 -2.439628601074218750e+00 2.616463184356689453e+00 1.901244223117828369e-01
4.215751171112060547e+00 5.741451978683471680e-01 3.482067883014678955e-01 5.250656604766845703e-01 -2.627601027488708496e-01 1.434225440025329590e-01 -3.591980636119842529e-01 2.706877708435058594e+00 -2.183022260665893555e+00 -2.421721220016479492e+00 -1.381207704544067383e+00 -4.067737579345703125e+00 -2.222534179687500000e+00 3.265904903411865234e+00 -1.255976676940917969e+00
3.430270671844482422e+00 -2.480725526809692383e+00 -2.715247273445129395e-01 1.199315428733825684e+00 -1.960144877433776855e+00 1.014997959136962891e+00 -2.442716836929321289e+00 3.024419210851192474e-02 -2.217227458953857422e+00 -1.599541008472442627e-01 -8.008342981338500977e-01 -4.537411212921142578e+00 -2.474065780639648438e+00 2.661998510360717773e+00 3.243340969085693359e+00
2.604842901229858398e+00 2.615512609481811523e-01 -3.648460805416107178e-01 1.702344417572021484e+00 1.563364565372467041e-01 3.857041120529174805e+00 1.566444396972656250e+00 -4.330563545227050781e+00 -2.016201019287109375e+00 -1.453939437866210938e+00 -2.447714567184448242e+00 2.500815987586975098e-01 -1.148768186569213867e+00 5.962028503417968750e-01 4.038472771644592285e-01
3.495343029499053955e-01 -1.793819308280944824e+00 9.353980422019958496e-01 4.465217888355255127e-01 4.126109182834625244e-01 5.003597140312194824e-01 -3.241912424564361572e-01 -7.815400362014770508e-01 -2.147794723510742188e+00 -7.902931571006774902e-01 9.950299561023712158e-02 3.313740491867065430e-01 -1.311038494110107422e+00 9.855273365974426270e-01 1.043495655059814453e+00
2.279802322387695312e+00 -3.959811329841613770e-01 6.452106237411499023e-01 -2.650758981704711914e+00 -1.016202688217163086e+00 -2.066388607025146484e+00 3.143214225769042969e+00 1.673685431480407715e+00 -1.422114491462707520e+00 5.740588307380676270e-01 3.630185604095458984e+00 2.274311542510986328e+00 -2.022147655487060547e+00 7.343266010284423828e-01 3.785702705383300781e+00
6.402630805969238281e-01 -2.240786314010620117e+00 7.288214564323425293e-01 2.049955368041992188e+00 3.919312655925750732e-01 -3.136416077613830566e-01 -1.264307856559753418e+00 2.991625666618347168e-01 -1.749020457267761230e+00 2.061208248138427734e+00 3.812337398529052734e+00 -3.396490097045898438e+00 -1.663330554962158203e+00 -5.182791709899902344e+00 -8.859102129936218262e-01
3.870241880416870117e+00 -3.727901279926300049e-01 2.616719007492065430e+00 3.113692104816436768e-01 -2.460009574890136719e+00 1.598144769668579102e+00 5.634102821350097656e-01 -1.712941765785217285e+00 6.499658823013305664e-01 -1.438464522361755371e+00 2.914663314819335938e+00 -7.010292261838912964e-02 -3.109670400619506836e+00 -4.558026313781738281e+00 -2.862954616546630859e+00
-2.836141347885131836e+00 1.974278092384338379e+00 -6.615397930145263672e+00 2.121484041213989258e+00 6.782481670379638672e-01 4.287399768829345703e+00 1.059285402297973633e+00 2.614906549453735352e+00 -1.477808356285095215e+00 -1.532801032066345215e+00 9.557537436485290527e-01 -3.624530076980590820e+00 8.146488666534423828e-01 -6.635878086090087891e+00 -3.283579587936401367e+00
-5.395247936248779297e-01 -7.372286796569824219e+00 2.643359422683715820e+00 6.368545055389404297e+00 1.049790143966674805e+00 -7.555486679077148438e+00 1.306351423263549805e+00 -2.355874300003051758e+00 -4.981808960437774658e-01 2.231443643569946289e+00 -4.029085487127304077e-02 -1.167711853981018066e+00 2.501848459243774414e+00 4.844201087951660156e+00 1.403765529394149780e-01
-3.970685958862304688e+00 -1.216864824295043945e+00 -6.740967035293579102e-01 1.991023898124694824e+00 1.722672939300537109e+00 -6.643481254577636719e-01 1.889930248260498047e+00 -3.310448169708251953e+00 5.711728930473327637e-01 9.422430038452148438e+00 2.027909040451049805e+00 3.383025646209716797e+00 -4.841380596160888672e+00 1.197812557220458984e+00 -4.384413361549377441e-01
1.862186908721923828e+00 -1.382235169410705566e+00 1.825235486030578613e+00 -7.961323261260986328e+00 7.665235996246337891e-01 -1.322408080101013184e+00 -1.490593314170837402e+00 -1.000180149078369141e+01 4.819821357727050781e+00 3.955572605133056641e+00 -1.075003051757812500e+01 -1.618676066398620605e+00 8.488224029541015625e+00 2.420831441879272461e+00 -7.645874023437500000e+00
-2.198902845382690430e+00 2.898772478103637695e+00 2.594221591949462891e+00 -4.674139976501464844e+00 -2.756631851196289062e+00 -2.607391357421875000e+00 -2.905034124851226807e-01 -7.244535088539123535e-01 -1.981816530227661133e+00 1.462125182151794434e+00 -1.737506270408630371e+00 -1.975385427474975586e+00 4.716288566589355469e+00 1.392850637435913086e+00 -1.788507103919982910e+00
1.958962440490722656e+00 3.728017568588256836e+00 3.785270214080810547e+00 -3.746327459812164307e-01 3.248872756958007812e+00 -9.738239049911499023e-01 2.118735313415527344e+00 1.506792068481445312e+00 1.427107453346252441e+00 -3.798381328582763672e+00 -1.684479951858520508e+00 -2.597079515457153320e+00 7.167731285095214844e+00 -1.869340181350708008e+00 -3.528518199920654297e+00
-8.146014809608459473e-01 -1.358307301998138428e-01 3.257634162902832031e+00 -8.020794391632080078e-01 -9.657556414604187012e-01 1.702570557594299316e+00 3.073159456253051758e+00 2.218838214874267578e+00 -8.664015680551528931e-02 6.249659061431884766e-01 -2.020659923553466797e+00 -5.313746929168701172e-01 2.376943111419677734e+00 -3.229514062404632568e-01 4.682920277118682861e-01
3.207188606262207031e+00 6.605802774429321289e-01 -3.081140518188476562e+00 7.478266358375549316e-01 -6.792699813842773438e+00 -1.861221194267272949e-01 2.758716821670532227e+00 4.451684951782226562e+00 3.299152851104736328e+00 3.222983121871948242e+00 6.641445159912109375e+00 5.349630117416381836e-02 3.901030540466308594e+00 -1.240148842334747314e-01 1.768722414970397949e+00
1.190187856554985046e-01 2.046017199754714966e-01 1.573414504528045654e-01 -3.610059976577758789e+00 2.568880558013916016e+00 6.197239756584167480e-01 5.697147846221923828e+00 2.432783365249633789e+00 -8.536403775215148926e-01 -3.920334577560424805e+00 -4.379975795745849609e+00 -1.710376501083374023e+00 -1.145645856857299805e+00 1.951109051704406738e+00 -2.927825927734375000e+00
-4.828241169452667236e-01 1.144027590751647949e+00 -1.846418976783752441e-01 6.374251246452331543e-01 3.461833238601684570e+00 3.771675109863281250e+00 6.244747638702392578e+00 1.427534341812133789e+00 1.829350233078002930e+00 -3.810009241104125977e+00 -4.832989692687988281e+00 -4.066352367401123047e+00 8.659197092056274414e-01 4.805130481719970703e+00 3.734169721603393555e+00
1.091698706150054932e-01 -8.256943821907043457e-01 -7.531096041202545166e-02 -1.835363388061523438e+00 1.951490044593811035e+00 -1.395256876945495605e+00 6.968172550201416016e+00 1.761815905570983887e+00 4.087343215942382812e+00 -1.142557024955749512e+00 2.293269187211990356e-01 -3.142915725708007812e+00 -2.083801269531250000e+00 2.293040037155151367e+00 4.066450595855712891e-01
6.443284511566162109e+00 4.152161121368408203e+00 -1.001371383666992188e+00 2.093979597091674805e+00 -2.620190382003784180e+00 2.885597705841064453e+00 4.073138713836669922e+00 -3.500733852386474609e+00 3.742183446884155273e+00 1.267431259155273438e+00 4.754360198974609375e+00 9.278839230537414551e-01 7.806278467178344727e-01 2.559800148010253906e+00 1.750347495079040527e+00
3.573302030563354492e+00 1.941581964492797852e+00 -1.798226833343505859e+00 1.039588689804077148e+00 -5.978995323181152344e+00 2.737403154373168945e+00 -2.966747581958770752e-01 -2.590868473052978516e+00 -4.120238870382308960e-02 9.657459855079650879e-01 2.656051158905029297e+00 -1.081801891326904297e+00 -1.800525784492492676e+00 1.703979969024658203e+00 4.774162769317626953e+00
2.636705636978149414e+00 -7.945058345794677734e-01 -6.030057072639465332e-01 4.562802016735076904e-01 3.437358513474464417e-02 8.361105322837829590e-01 9.421799182891845703e-01 -4.093890666961669922e+00 -3.345577716827392578e+00 -2.562893629074096680e+00 -6.173348426818847656e-01 2.732256650924682617e-01 -2.238380670547485352e+00 -1.466413617134094238e+00 3.036608219146728516e+00
1.089849770069122314e-01 5.830548405647277832e-01 1.016845464706420898e+00 1.416643023490905762e+00 -7.640374302864074707e-01 -9.578716009855270386e-02 -4.392864406108856201e-01 1.374215602874755859e+00 -1.330628752708435059e+00 -9.036766886711120605e-01 1.153465032577514648e+00 1.846614480018615723e+00 -1.393092989921569824e+00 1.860244750976562500e+00 -7.774616479873657227e-01
-2.559424638748168945e+00 -6.192988753318786621e-01 2.447750091552734375e+00 3.425663709640502930e+00 -3.777363300323486328e+00 8.954668045043945312e-01 -9.831166863441467285e-01 1.847362637519836426e+00 -1.559581160545349121e+00 4.996542632579803467e-01 2.821027636528015137e-01 1.260155558586120605e+00 -4.538105964660644531e+00 1.897243976593017578e+00 -1.961477637290954590e+00
1.268835663795471191e+00 -1.703095555305480957e+00 1.115764230489730835e-01 3.365163803100585938e+00 -4.510924816131591797e+00 1.247198462486267090e+00 1.848345518112182617e+00 7.106969952583312988e-01 -7.905067801475524902e-01 -8.617848753929138184e-01 -6.714316606521606445e-01 3.819711446762084961e+00 -1.103775501251220703e+00 -2.841862440109252930e+00 -2.108571767807006836e+00
-5.685537457466125488e-01 -1.232668638229370117e+00 -8.999497890472412109e-01 2.291134357452392578e+00 -8.065903782844543457e-01 -8.872632384300231934e-01 -1.787245631217956543e+00 1.117010474205017090e+00 -3.066138267517089844e+00 1.911435961723327637e+00 3.898704290390014648e+00 -3.176454544067382812e+00 -2.049534559249877930e+00 -5.670034885406494141e+00 -5.414711236953735352e-01
-2.052049160003662109e+00 -1.389322280883789062e+00 -4.277219772338867188e+00 2.979311704635620117e+00 -1.018643260002136230e+00 1.653874278068542480e+00 8.205547928810119629e-01 -6.409855484962463379e-01 -1.927381277084350586e+00 8.311946988105773926e-01 3.471280097961425781e+00 -2.656100034713745117e+00 -1.290380120277404785e+00 -7.421914100646972656e+00 -5.282414436340332031e+00
-2.835343599319458008e+00 -1.018288731575012207e+00 1.193730086088180542e-01 2.626275539398193359e+00 -3.098245620727539062e+00 -8.402573585510253906e+00 2.993981599807739258e+00 -7.178937911987304688e+00 2.065231084823608398e+00 -6.439805507659912109e+00 2.474548578262329102e+00 3.058959960937500000e+00 3.915499150753021240e-01 5.209935188293457031e+00 2.436343431472778320e+00
-1.501240372657775879e+00 -2.347366094589233398e+00 -2.340525865554809570e+00 6.498364448547363281e+00 5.110375955700874329e-02 -8.274796485900878906e+00 5.699668407440185547e+00 -3.793352603912353516e+00 -3.431531906127929688e+00 5.973559379577636719e+00 -3.523804426193237305e+00 -3.968227386474609375e+00 4.244318485260009766e+00 -1.125019565224647522e-01 8.546171188354492188e-01
-5.702114701271057129e-01 4.651667118072509766e+00 1.231228113174438477e+00 -8.972333073616027832e-01 -1.719259858131408691e+00 2.709481716156005859e+00 1.990182280540466309e+00 -4.354674816131591797e+00 1.801910209655761719e+01 -4.436212539672851562e+00 -8.267608642578125000e+00 1.718598961830139160e+00 9.614974975585937500e+00 -8.176631331443786621e-01 1.965858578681945801e+00
-2.213641643524169922e+00 2.511512041091918945e+00 2.275660991668701172e+00 -3.900542020797729492e+00 -3.429529428482055664e+00 -2.002012729644775391e+00 -4.921780228614807129e-01 -8.994489908218383789e-01 -2.518773555755615234e+00 1.494200229644775391e+00 -2.797397136688232422e+00 -1.645490407943725586e+00 4.365279674530029297e+00 1.552852153778076172e+00 -2.674032211303710938e+00
3.084430217742919922e+00 1.508371472358703613e+00 3.728013038635253906e+00 -4.389266490936279297e+00 -3.139523789286613464e-02 -4.911932468414306641e+00 1.164631724357604980e+00 -4.037227630615234375e+00 2.675131797790527344e+00 -2.910363674163818359e+00 3.855578422546386719e+00 -6.082699775695800781e+00 4.672715663909912109e+00 -1.907540917396545410e+00 -1.859705090522766113e+00
1.068332910537719727e+00 -1.876805901527404785e+00 7.544432878494262695e-01 -4.562563896179199219e+00 -1.827099442481994629e+00 8.128859996795654297e-01 2.726524591445922852e+00 -1.052478551864624023e+00 -8.106083869934082031e-01 3.418077528476715088e-01 4.160984754562377930e-01 -3.077687740325927734e+00 1.000665187835693359e+00 1.405731141567230225e-01 5.068609714508056641e+00
3.539244532585144043e-01 -1.006425619125366211e+00 9.717736244201660156e-01 -2.482623100280761719e+00 -2.503494024276733398e+00 1.985708951950073242e+00 3.197225570678710938e+00 -5.594403147697448730e-01 -2.152768820524215698e-01 3.370440900325775146e-01 -2.809051871299743652e-01 -1.248363018035888672e+00 2.376154184341430664e+00 -2.408299222588539124e-02 2.465510845184326172e+00
-6.797701120376586914e-01 -1.913141161203384399e-01 3.342406988143920898e+00 -5.274682641029357910e-01 -9.881933927536010742e-01 1.391705036163330078e+00 3.121227025985717773e+00 2.125204801559448242e+00 -9.229398518800735474e-02 6.042625308036804199e-01 -2.129373311996459961e+00 -8.054220080375671387e-01 2.626010656356811523e+00 -1.669071987271308899e-02 4.538522660732269287e-01
-8.530476093292236328e-01 -4.842128455638885498e-01 3.152485132217407227e+00 -6.781614422798156738e-01 -9.574432373046875000e-01 1.504506111145019531e+00 3.162472009658813477e+00 1.941988587379455566e+00 -3.195512890815734863e-01 7.429222464561462402e-01 -1.987061977386474609e+00 -7.996530532836914062e-01 2.747403621673583984e+00 -7.706641405820846558e-02 1.719582378864288330e-01
6.256687164306640625e+00 4.809995651245117188e+00 2.262867689132690430e+00 2.331848144531250000e+00 9.624756574630737305e-01 -1.581420153379440308e-01 -7.939662456512451172e+00 9.338686943054199219e+00 -3.752103328704833984e+00 2.774119377136230469e-01 -3.836611270904541016e+00 1.002282142639160156e+00 4.022327899932861328e+00 -6.478121280670166016e+00 3.229023456573486328e+00
-8.540385365486145020e-01 -2.986892759799957275e-01 3.202909469604492188e+00 -5.990883708000183105e-01 -1.109100580215454102e+00 1.355446219444274902e+00 3.115809917449951172e+00 1.988207578659057617e+00 -3.930144906044006348e-01 5.897232294082641602e-01 -2.150659084320068359e+00 -5.947852134704589844e-01 2.555036783218383789e+00 -1.740854233503341675e-01 2.531672716140747070e-01
-2.323974132537841797e+00 -3.165681362152099609e-01 2.956349372863769531e+00 -1.254194378852844238e-01 -2.822102308273315430e-01 1.390300273895263672e+00 1.994541406631469727e+00 5.314301252365112305e-01 -4.369044899940490723e-01 -9.921531677246093750e-01 -2.277833223342895508e+00 -1.378833770751953125e+00 3.004103183746337891e+00 3.497436642646789551e-01 -7.946966886520385742e-01
-8.929808735847473145e-01 -2.708181142807006836e-01 3.305823326110839844e+00 -4.608645737171173096e-01 -8.133249282836914062e-01 1.511626720428466797e+00 3.240566968917846680e+00 2.142367601394653320e+00 -4.122363328933715820e-01 8.134268522262573242e-01 -2.047041416168212891e+00 -6.724956631660461426e-01 2.312347412109375000e+00 -1.792875677347183228e-01 4.917057454586029053e-01
-9.070522189140319824e-01 -1.952425986528396606e-01 3.409713029861450195e+00 -7.346744537353515625e-01 -9.090078473091125488e-01 1.492243885993957520e+00 3.261256694793701172e+00 2.078231096267700195e+00 -3.190380036830902100e-01 6.882308125495910645e-01 -2.091848134994506836e+00 -5.810947418212890625e-01 2.351009607315063477e+00 -3.522700667381286621e-01 5.371670722961425781e-01
-6.706728935241699219e-01 -8.238107711076736450e-02 3.335909605026245117e+00 -7.120648622512817383e-01 -1.043437123298645020e+00 1.421819925308227539e+00 3.223294734954833984e+00 2.196896553039550781e+00 -2.121004760265350342e-01 7.099978327751159668e-01 -2.059798240661621094e+00 -6.853511929512023926e-01 2.433032274246215820e+00 -2.890024781227111816e-01 5.434992909431457520e-01
-7.139763236045837402e-01 -1.703721880912780762e-01 3.470570564270019531e+00 -6.696162223815917969e-01 -8.917415142059326172e-01 1.349894881248474121e+00 3.040857315063476562e+00 2.301405906677246094e+00 -1.910718828439712524e-01 8.460409045219421387e-01 -2.107502937316894531e+00 -4.066849648952484131e-01 2.393741607666015625e+00 -2.756904661655426025e-01 5.369681119918823242e-01
-7.372854351997375488e-01 -6.259737908840179443e-02 3.513027667999267578e+00 -5.262441039085388184e-01 -7.681702375411987305e-01 1.488708019256591797e+00 3.213796377182006836e+00 2.389276266098022461e+00 -1.540037691593170166e-01 6.749500036239624023e-01 -2.038088083267211914e+00 -7.040877938270568848e-01 2.438781261444091797e+00 -1.298620253801345825e-01 3.515993654727935791e-01
-7.336371541023254395e-01 -6.930081546306610107e-02 3.536734819412231445e+00 -6.745169758796691895e-01 -8.991745710372924805e-01 1.221636056900024414e+00 2.949935674667358398e+00 2.053222656250000000e+00 -2.069606631994247437e-01 6.036198139190673828e-01 -2.150796890258789062e+00 -6.781218647956848145e-01 2.532805919647216797e+00 -4.173876345157623291e-01 5.607103109359741211e-01
-1.327714920043945312e+00 -3.470420539379119873e-01 3.229593038558959961e+00 -4.661522209644317627e-01 -6.487516760826110840e-01 1.439059138298034668e+00 3.061207056045532227e+00 2.362031459808349609e+00 -6.942663788795471191e-01 7.644815444946289062e-01 -2.221346855163574219e+00 -8.406429290771484375e-01 2.772466897964477539e+00 -3.866058886051177979e-01 5.258716940879821777e-01
-6.055064201354980469e-01 -1.885447353124618530e-01 3.424484014511108398e+00 -7.183984518051147461e-01 -8.081129789352416992e-01 1.490978717803955078e+00 3.001469135284423828e+00 1.953642725944519043e+00 -2.467970848083496094e-01 5.953170657157897949e-01 -1.919804453849792480e+00 -8.565849065780639648e-01 2.532103061676025391e+00 -4.106946885585784912e-01 4.917790293693542480e-01
5.539490222930908203e+00 -4.087071120738983154e-01 1.370579361915588379e+00 -3.213358402252197266e+00 -4.410513341426849365e-01 2.143234252929687500e+00 -2.748438358306884766e+00 2.357027053833007812e+00 -6.152246594429016113e-01 -4.444459915161132812e+00 -2.717253684997558594e+00 -3.874635696411132812e+00 2.250812530517578125e+00 -1.937075614929199219e+00 -2.023300409317016602e+00
3.661241531372070312e-01 -4.263982772827148438e+00 5.555307388305664062e+00 1.916542053222656250e+00 -5.223603248596191406e+00 -2.380908727645874023e+00 4.202711105346679688e+00 3.569307804107666016e+00 -2.005939930677413940e-01 6.029344558715820312e+00 3.877401351928710938e-02 8.857863545417785645e-01 2.535629272460937500e+00 -8.173632621765136719e-01 -5.265518665313720703e+00
2.286671400070190430e-01 1.374763250350952148e+00 1.834585547447204590e+00 -6.803855895996093750e+00 6.512050032615661621e-01 -2.912833690643310547e+00 7.217414379119873047e+00 3.086654186248779297e+00 3.955004215240478516e+00 -4.526035785675048828e+00 -2.847735404968261719e+00 -5.381421089172363281e+00 -2.677348613739013672e+00 -9.456225037574768066e-01 1.030110955238342285e+00
1.311650753021240234e+00 -1.942347407341003418e+00 -3.007346391677856445e+00 -3.939807653427124023e+00 -5.779991626739501953e+00 2.003730297088623047e+00 9.821839332580566406e-01 -2.672144412994384766e+00 -4.573961734771728516e+00 2.544490993022918701e-01 -5.947515010833740234e+00 -7.030223608016967773e-01 -2.178527832031250000e+00 1.019557043910026550e-01 -7.039983749389648438e+00
-6.634836792945861816e-01 4.587719440460205078e-01 -2.110979080200195312e+00 -2.080984115600585938e+00 -3.944629132747650146e-01 8.392291069030761719e+00 3.886059999465942383e+00 -4.383342266082763672e-01 3.025786638259887695e+00 8.803282380104064941e-01 -2.147415637969970703e+00 9.858067631721496582e-01 4.705152213573455811e-01 1.731536269187927246e+00 5.830953121185302734e+00
3.094765663146972656e+00 9.389598369598388672e-01 -3.140536069869995117e+00 5.512359619140625000e+00 -2.360666275024414062e+00 3.170035362243652344e+00 2.126194715499877930e+00 -6.799431800842285156e+00 -2.120543241500854492e+00 -7.076006531715393066e-01 -8.614102005958557129e-01 -1.331562876701354980e+00 -5.100842118263244629e-01 -2.634575843811035156e+00 3.575784921646118164e+00
-3.755514860153198242e+00 5.974569320678710938e+00 -1.215324163436889648e+00 -1.343843340873718262e+00 5.224375724792480469e-01 2.820282459259033203e+00 1.712834835052490234e+00 -5.163539886474609375e+00 -3.637749671936035156e+00 -3.936559855937957764e-01 -5.662706494331359863e-01 -3.704462766647338867e+00 -4.701415061950683594e+00 -4.854164421558380127e-01 3.453442096710205078e+00
-2.063789367675781250e+00 -1.340362429618835449e+00 8.766364455223083496e-01 3.886891365051269531e+00 -2.446104049682617188e+00 2.322605609893798828e+00 -1.126504421234130859e+00 -2.045228958129882812e+00 -1.731593489646911621e+00 -3.081146478652954102e+00 -2.934118509292602539e+00 2.057040691375732422e+00 -1.818894624710083008e+00 1.419319033622741699e+00 -2.743394374847412109e+00
3.749289512634277344e-01 2.203300297260284424e-01 2.205134630203247070e+00 -1.072631478309631348e+00 -2.816621303558349609e+00 -1.411089897155761719e+00 -6.963717341423034668e-01 -1.633209466934204102e+00 -5.709535479545593262e-01 -2.181693077087402344e+00 6.687635183334350586e-01 3.509045124053955078e+00 -2.117876529693603516e+00 6.335796713829040527e-01 -1.766564965248107910e+00
3.307573318481445312e+00 -1.075978040695190430e+00 6.666228175163269043e-01 -4.109070777893066406e+00 1.444453716278076172e+00 -1.880942940711975098e+00 -2.466652631759643555e+00 4.758382797241210938e+00 -4.241748332977294922e+00 5.956224799156188965e-01 1.145560503005981445e+00 9.376821517944335938e-01 -2.927152156829833984e+00 2.333334207534790039e+00 3.061487913131713867e+00
2.938333272933959961e+00 6.719249486923217773e-01 9.729940891265869141e-01 8.540992140769958496e-01 -3.067315340042114258e+00 -4.364531636238098145e-01 2.562207579612731934e-01 -1.801901578903198242e+00 1.022454500198364258e-01 -3.503549098968505859e+00 2.122462987899780273e+00 3.117413043975830078e+00 -2.340001821517944336e+00 -5.872501730918884277e-01 -1.794122695922851562e+00
-2.431316077709197998e-01 -3.067566752433776855e-01 2.102988481521606445e+00 7.600294947624206543e-01 -2.980935811996459961e+00 -1.823978304862976074e+00 2.490998506546020508e+00 2.392457723617553711e+00 1.977123141288757324e+00 -1.659853935241699219e+00 4.504658699035644531e+00 4.264185428619384766e+00 -2.291919231414794922e+00 -2.517390251159667969e+00 -3.712026357650756836e+00
5.005455017089843750e+00 5.382345318794250488e-01 -9.589024543762207031e+00 -1.636233031749725342e-01 1.024169445037841797e+01 1.095219326019287109e+01 -6.478235721588134766e+00 8.062808036804199219e+00 4.399133682250976562e+00 9.481203079223632812e+00 2.120990753173828125e+00 2.877740561962127686e-02 -7.479971647262573242e-02 8.839305877685546875e+00 4.333800792694091797e+00
-4.669227123260498047e+00 -2.323198795318603516e+00 1.073081135749816895e+00 -4.152279376983642578e+00 2.454316616058349609e-01 -4.491358101367950439e-01 1.822903156280517578e+00 2.795182943344116211e+00 -9.044939875602722168e-01 2.829994916915893555e+00 -4.405778408050537109e+00 -2.210072040557861328e+00 -5.854990482330322266e+00 9.044353365898132324e-01 4.405464172363281250e+00
-1.380801439285278320e+00 1.636550724506378174e-01 -4.138095378875732422e+00 1.280981659889221191e+00 -3.236250877380371094e+00 -4.369573295116424561e-01 1.205161660909652710e-01 7.897612452507019043e-01 1.109356045722961426e+00 2.086186647415161133e+00 -2.408407211303710938e+00 -1.885141611099243164e+00 3.119086742401123047e+00 4.988722801208496094e+00 -4.094532966613769531e+00
-8.225983381271362305e-01 -3.822443246841430664e+00 -4.041713714599609375e+00 4.041932106018066406e+00 1.034843802452087402e+00 2.354904413223266602e+00 -3.134867191314697266e+00 5.826937675476074219e+00 -3.153022766113281250e+00 2.056471824645996094e+00 2.506680011749267578e+00 2.577276706695556641e+00 -3.734396457672119141e+00 4.767226696014404297e+00 1.511925697326660156e+00
-2.094779163599014282e-01 -3.059553861618041992e+00 -6.458520889282226562e-03 -4.999952793121337891e+00 1.423398494720458984e+00 -1.666495442390441895e+00 -1.786736130714416504e+00 -1.149999141693115234e+00 -2.558468341827392578e+00 1.984071373939514160e+00 3.159627437591552734e+00 1.630936264991760254e+00 -1.049103494733572006e-02 8.448196649551391602e-01 -3.112585306167602539e+00
-5.662624835968017578e-01 2.198545694351196289e+00 -1.692777752876281738e+00 1.169954061508178711e+00 3.804196596145629883e+00 -4.866584777832031250e+00 1.653258919715881348e+00 5.674880146980285645e-01 -2.980081558227539062e+00 1.143616437911987305e+00 -3.893361806869506836e+00 1.093565940856933594e+00 4.314158439636230469e+00 2.729971885681152344e+00 -9.647634506225585938e+00
-4.670542240142822266e+00 -1.847795844078063965e+00 3.526986122131347656e+00 2.993609905242919922e-01 -1.947922348976135254e+00 2.953583955764770508e+00 2.700678110122680664e+00 5.295970439910888672e-01 2.912166357040405273e+00 3.283483743667602539e+00 -5.166752338409423828e-01 -3.235826790332794189e-01 4.921776294708251953e+00 -2.568449497222900391e+00 1.491165995597839355e+00
-3.859401226043701172e+00 3.252886533737182617e-01 5.092276096343994141e+00 -6.933108806610107422e+00 2.694194793701171875e+00 1.085522294044494629e+00 3.271457195281982422e+00 4.762405872344970703e+00 8.754436373710632324e-01 1.010730564594268799e-01 -5.955129623413085938e+00 7.966677844524383545e-02 1.128049182891845703e+01 -5.243318080902099609e-01 -1.310186386108398438e-01
-3.029792785644531250e+00 -2.988339900970458984e+00 3.962891340255737305e+00 -3.508446693420410156e+00 -4.036574661731719971e-01 -2.080260992050170898e+00 5.277065277099609375e+00 1.350927352905273438e+00 5.903143882751464844e-01 -1.343728542327880859e+00 -7.906671166419982910e-01 -4.828702449798583984e+00 -7.340680360794067383e-01 -6.909084320068359375e-01 8.791626095771789551e-01
-3.036667823791503906e+00 3.482258617877960205e-01 2.568320512771606445e+00 -1.718666315078735352e+00 2.756581544876098633e+00 2.790179252624511719e+00 6.567638397216796875e+00 3.615364074707031250e+00 -9.933629631996154785e-01 6.781597733497619629e-01 -5.034516811370849609e+00 -7.498216032981872559e-01 4.319845438003540039e-01 1.148992538452148438e+00 1.187918543815612793e+00
-1.674145936965942383e+00 -5.891615152359008789e-01 3.905185699462890625e+00 -9.964758157730102539e-02 -1.669183373451232910e+00 1.315173745155334473e+00 2.438000440597534180e+00 2.221841335296630859e+00 5.081709623336791992e-01 1.288179516792297363e+00 -9.746208786964416504e-01 -1.169704318046569824e+00 2.620384454727172852e+00 -6.218819022178649902e-01 2.305901646614074707e-01
