-7.813677191734313965e-01
5.273345708847045898e-01
-1.013057112693786621e+00
5.068487301468849182e-02
-2.362907648086547852e+00
2.452026128768920898e+00
-2.938830554485321045e-01
-1.445819973945617676e+00
1.601959586143493652e+00
-1.568822979927062988e+00
-8.195675015449523926e-01
6.714607775211334229e-02
7.885677218437194824e-01
1.097376346588134766e+00
5.418886542320251465e-01
-1.432274103164672852e+00
1.227312326431274414e+00
1.459773182868957520e+00
-1.004901766777038574e+00
9.306043982505798340e-01
1.820344924926757812e+00
7.710672616958618164e-01
2.025189846754074097e-01
-2.473244369029998779e-01
-1.609823465347290039e+00
1.648565888404846191e+00
3.451789170503616333e-02
3.419036269187927246e-01
4.167199134826660156e-03
1.267567873001098633e+00
1.007694482803344727e+00
3.669857978820800781e-01
-2.110107660293579102e+00
-5.757161974906921387e-01
1.396921873092651367e+00
-1.171916604042053223e+00
-4.997460246086120605e-01
-1.825517296791076660e+00
-8.180137872695922852e-01
4.507535099983215332e-01
-5.178456306457519531e-01
-1.016109138727188110e-01
3.266979381442070007e-02
8.172488212585449219e-01
-8.356840908527374268e-02
-2.207190394401550293e-01
1.862551689147949219e+00
-1.567054539918899536e-01
4.249541163444519043e-01
-2.287034273147583008e+00
3.257480621337890625e+00
-5.622264146804809570e-01
1.475357890129089355e+00
1.071316003799438477e+00
4.667446613311767578e-01
9.931458830833435059e-01
2.215716242790222168e-01
-6.308254599571228027e-02
2.382796108722686768e-01
1.167995214462280273e+00
