-1.724729657173156738e+00
-4.346151649951934814e-01
-8.270378708839416504e-01
-8.832257986068725586e-01
-1.602179050445556641e+00
1.326847791671752930e+00
2.272425889968872070e-01
3.749692738056182861e-01
-6.835191845893859863e-01
-1.485606789588928223e+00
-5.105369687080383301e-01
4.677699804306030273e-01
-9.387984275817871094e-01
-2.752122282981872559e-01
-8.051478266716003418e-01
-2.228517055511474609e+00
-5.178743004798889160e-01
6.851684451103210449e-01
-1.076711863279342651e-01
-4.378143548965454102e-01
-9.927547574043273926e-01
9.074897170066833496e-01
1.384071230888366699e+00
2.040051668882369995e-01
-1.691433548927307129e+00
-1.028200760483741760e-01
2.072749733924865723e-01
-1.753712892532348633e+00
1.511602401733398438e+00
-5.986352264881134033e-02
2.662576735019683838e-01
-9.619103670120239258e-01
4.625974893569946289e-01
-2.105136960744857788e-01
-1.082043886184692383e+00
-3.325329303741455078e+00
2.297346293926239014e-01
8.356322050094604492e-01
3.718970715999603271e-01
1.060244679450988770e+00
