1.120131683349609375e+01
3.523584842681884766e+00
-5.447196960449218750e+00
-4.904707431793212891e+00
5.100959777832031250e+00
5.914303779602050781e+00
1.206018310040235519e-02
-1.130092144012451172e+01
-3.058920621871948242e+00
-9.664391517639160156e+00
2.068764686584472656e+00
5.529503822326660156e+00
-8.499077796936035156e+00
-4.284540176391601562e+00
-5.809983730316162109e+00
5.101490497589111328e+00
7.261875152587890625e+00
-3.925912141799926758e+00
-7.172085762023925781e+00
-5.657029151916503906e+00
-3.314245700836181641e+00
-6.366686820983886719e+00
-4.315524101257324219e+00
4.849897861480712891e+00
8.645984649658203125e+00
6.163463115692138672e+00
1.069947242736816406e+01
1.010198307037353516e+01
-2.011326313018798828e+00
-5.763918876647949219e+00
6.646317958831787109e+00
3.974975585937500000e+00
5.584730148315429688e+00
4.328692913055419922e+00
8.324751257896423340e-01
-4.426066875457763672e+00
4.038129329681396484e+00
-4.641803264617919922e+00
-6.754938125610351562e+00
2.106271982192993164e+00
-6.404428958892822266e+00
3.317432165145874023e+00
-4.819835186004638672e+00
-5.144262790679931641e+00
-1.100032180547714233e-01
2.071773290634155273e+00
-5.383542060852050781e+00
-5.155974030494689941e-01
7.940478801727294922e+00
-9.655989646911621094e+00
-5.237583160400390625e+00
-4.413222789764404297e+00
-8.067125320434570312e+00
5.694138526916503906e+00
-2.518128156661987305e+00
1.208903074264526367e+00
1.218954086303710938e+00
-4.049365997314453125e+00
-1.639218926429748535e+00
6.952463150024414062e+00
