-1.530083537101745605e+00
-7.305281758308410645e-01
3.297516405582427979e-01
-1.015406131744384766e+00
-8.372941017150878906e-01
1.445019483566284180e+00
-1.064297676086425781e+00
-1.759553790092468262e+00
-1.071249246597290039e+00
-1.182828068733215332e+00
1.615212321281433105e+00
-1.158818244934082031e+00
-1.730568557977676392e-01
-8.744106888771057129e-01
3.923563659191131592e-02
5.604300498962402344e-01
-6.418026238679885864e-02
2.025242328643798828e+00
-1.738358974456787109e+00
-8.695622682571411133e-01
1.023157238960266113e-01
-5.884280800819396973e-01
8.199940323829650879e-01
-3.990350961685180664e-01
1.340110301971435547e-01
-2.340144157409667969e+00
-1.633632302284240723e+00
-6.984641551971435547e-01
-2.133789777755737305e+00
3.113597631454467773e-01
2.826961316168308258e-02
1.130644679069519043e+00
-3.328896760940551758e-01
-1.300064682960510254e+00
1.539348721504211426e+00
-3.977206349372863770e-01
3.927626181393861771e-03
6.545863300561904907e-02
9.199317097663879395e-01
1.487928271293640137e+00
-8.795248270034790039e-01
-5.676120519638061523e-01
-5.811665654182434082e-01
6.362815499305725098e-01
1.092535257339477539e-01
-9.176747202873229980e-01
-1.072790980339050293e+00
-6.949946880340576172e-01
-6.789895892143249512e-01
-8.855162858963012695e-01
-1.644392609596252441e+00
-1.044257044792175293e+00
1.220420002937316895e+00
-9.379367828369140625e-01
1.322496414184570312e+00
1.460273265838623047e-01
-1.096730828285217285e+00
-1.206526637077331543e+00
-1.109500646591186523e+00
-2.143501043319702148e+00
