6.394360542297363281e+00
5.996980071067810059e-01
1.795954585075378418e+00
-7.907029986381530762e-01
5.789988994598388672e+00
-1.982925176620483398e+00
-3.517868041992187500e+00
2.268834590911865234e+00
-1.266213655471801758e+00
4.141508102416992188e+00
-1.145454883575439453e+00
-1.672665476799011230e-01
-3.580802083015441895e-01
6.012344837188720703e+00
-1.278772711753845215e+00
1.049714326858520508e+00
3.905693769454956055e+00
1.873905062675476074e+00
4.487241744995117188e+00
4.397124767303466797e+00
2.615558207035064697e-01
1.836342930793762207e+00
1.256528019905090332e+00
1.302399277687072754e+00
-9.571085572242736816e-01
3.247406721115112305e+00
1.514661073684692383e+00
2.027670621871948242e+00
-1.311491131782531738e-01
-1.648914217948913574e+00
-1.483211755752563477e+00
3.239066362380981445e+00
2.162878274917602539e+00
-1.285768151283264160e-01
-4.604097828269004822e-02
-1.752283215522766113e+00
3.778172135353088379e-01
5.562382221221923828e+00
9.982849359512329102e-01
2.298248052597045898e+00
2.967184543609619141e+00
-9.288476705551147461e-01
-2.556537866592407227e+00
1.081894189119338989e-01
-2.748491525650024414e+00
1.516670942306518555e+00
1.177506804466247559e+00
-5.744741559028625488e-01
1.551045298576354980e+00
-5.886119604110717773e-01
