-5.936338305473327637e-01 2.248609662055969238e-01
4.216444194316864014e-01 -2.170318812131881714e-01
1.279253959655761719e+00 3.769550919532775879e-01
-1.698832958936691284e-01 4.842606484889984131e-01
9.381597638130187988e-01 3.499810397624969482e-01
-6.958924978971481323e-02 3.004307448863983154e-01
-9.377331137657165527e-01 -4.628133177757263184e-01
1.857706159353256226e-01 -4.418631792068481445e-01
-1.251541972160339355e+00 -2.052815198898315430e+00
-4.115183055400848389e-01 5.794529914855957031e-01
7.673903703689575195e-01 2.037730962038040161e-01
-1.666379570960998535e-01 3.761885762214660645e-01
-1.496749401092529297e+00 -1.957250237464904785e+00
1.389584302902221680e+00 4.917029142379760742e-01
8.117686212062835693e-02 6.109061241149902344e-01
1.148741245269775391e+00 6.457900404930114746e-01
-7.688560485839843750e-01 -1.414547115564346313e-01
1.033155798912048340e+00 7.384917140007019043e-02
1.980716735124588013e-02 -6.968138217926025391e-01
4.881953299045562744e-01 -1.787913292646408081e-01
6.302259564399719238e-01 1.235130071640014648e+00
-9.869924932718276978e-02 6.825821995735168457e-01
-7.457492351531982422e-01 -1.012035086750984192e-01
-1.884249448776245117e-01 -7.748398184776306152e-01
-8.896490335464477539e-01 -3.801017999649047852e-01
4.988692104816436768e-01 4.133198410272598267e-02
1.815741539001464844e+00 1.180438160896301270e+00
7.602304816246032715e-01 1.197608709335327148e-01
3.063527345657348633e-01 9.064282178878784180e-01
-2.564075291156768799e-01 3.765959441661834717e-01
