-5.265182256698608398e-01 -9.756836891174316406e-01
-1.393298059701919556e-01 -6.119248867034912109e-01
2.544870078563690186e-01 -3.915764093399047852e-01
-2.957834005355834961e-01 1.571613997220993042e-01
1.827823519706726074e-01 6.488155126571655273e-01
-6.175281405448913574e-01 -7.464191317558288574e-02
7.251285314559936523e-01 1.267960309982299805e+00
-1.060268282890319824e+00 -1.522542238235473633e+00
2.861958742141723633e-01 7.460356950759887695e-01
-3.061019480228424072e-01 -8.017769455909729004e-01
1.167761459946632385e-01 5.688819289207458496e-01
5.306652933359146118e-02 -3.499792814254760742e-01
1.068326354026794434e+00 6.465354561805725098e-01
3.901787102222442627e-01 -7.638500072062015533e-03
6.322500109672546387e-01 2.874734997749328613e-01
6.773717403411865234e-01 4.017376303672790527e-01
4.456722140312194824e-01 -5.515365675091743469e-02
2.428610026836395264e-01 7.486308813095092773e-01
2.557659745216369629e-01 -1.566278934478759766e-01
-7.398337125778198242e-01 -1.190696358680725098e+00
7.849135398864746094e-01 2.484978139400482178e-01
-6.037041544914245605e-01 -1.598350256681442261e-01
-1.219873428344726562e+00 -8.708981871604919434e-01
-3.548462092876434326e-01 2.225400507450103760e-01
6.908727884292602539e-01 1.091438770294189453e+00
-3.483291268348693848e-01 1.050716713070869446e-01
9.221382141113281250e-01 4.867800772190093994e-01
-4.858790710568428040e-02 -5.299261212348937988e-01
-3.979813456535339355e-01 -7.247620224952697754e-01
-6.640089750289916992e-01 -2.942507266998291016e-01
4.554702341556549072e-01 -2.173873968422412872e-02
-2.850708179175853729e-02 4.671638309955596924e-01
1.469081789255142212e-01 -3.351131379604339600e-01
2.458471804857254028e-01 -1.989113241434097290e-01
-2.032463625073432922e-02 3.745340704917907715e-01
-4.796812236309051514e-01 1.757894307374954224e-01
9.638818502426147461e-01 4.210460782051086426e-01
3.655787110328674316e-01 -1.107167303562164307e-01
6.629902720451354980e-01 1.048032879829406738e+00
2.806254029273986816e-01 -1.358539015054702759e-01
5.172394514083862305e-01 9.921613335609436035e-01
5.935440063476562500e-01 1.068903923034667969e+00
-3.042177259922027588e-01 7.754451781511306763e-02
1.180513426661491394e-01 -3.116569221019744873e-01
3.697114586830139160e-01 -3.223670646548271179e-02
-9.757738113403320312e-01 -3.971184194087982178e-01
-3.013971149921417236e-01 1.031018942594528198e-01
1.278019547462463379e-01 -3.854727745056152344e-01
-5.209757089614868164e-01 -9.675675034523010254e-01
4.528982043266296387e-01 7.524830102920532227e-02
-6.900255680084228516e-01 -1.612419933080673218e-01
-1.118873834609985352e+00 -7.141616940498352051e-01
-4.331372976303100586e-01 -1.512756291776895523e-02
-1.028365135192871094e+00 -1.348117232322692871e+00
5.389966368675231934e-01 8.896694779396057129e-01
4.893795549869537354e-01 9.229204654693603516e-01
-1.812764406204223633e+00 -1.407317757606506348e+00
-6.541769504547119141e-01 -3.021267056465148926e-01
9.355839341878890991e-02 5.333473682403564453e-01
-1.931278109550476074e-01 2.007268518209457397e-01
