5.667439103126525879e-01 -2.992395162582397461e-01
-8.589512109756469727e-02 -7.117986679077148438e-01
9.176590442657470703e-01 2.054307460784912109e+00
1.435258388519287109e-01 -9.303553700447082520e-01
-3.522788882255554199e-01 -9.971933960914611816e-01
-5.645454525947570801e-01 1.544676721096038818e-01
1.131475448608398438e+00 5.529872775077819824e-01
1.006577491760253906e+00 2.937373816967010498e-01
-3.461790978908538818e-01 3.154817223548889160e-01
-1.684855222702026367e-01 5.789670348167419434e-01
-7.617576122283935547e-01 -9.764321893453598022e-02
-7.326040267944335938e-01 -1.278944134712219238e+00
1.471711874008178711e+00 6.276717185974121094e-01
-2.283604294061660767e-01 6.780313849449157715e-01
-7.899336218833923340e-01 -2.340319007635116577e-02
-4.414467513561248779e-01 2.973046898841857910e-01
-8.499633073806762695e-01 2.549375593662261963e-01
3.502539098262786865e-01 -1.934374123811721802e-01
1.764178425073623657e-01 -7.169861793518066406e-01
-8.131295442581176758e-01 1.308442950248718262e+00
4.312176108360290527e-01 -1.311956524848937988e+00
7.009548544883728027e-01 1.212415933609008789e+00
-1.862351410090923309e-02 7.622417807579040527e-01
-1.978858709335327148e-01 9.713337421417236328e-01
-1.630792021751403809e+00 -9.440800547599792480e-01
-6.603736281394958496e-01 5.561891943216323853e-02
-5.838967561721801758e-01 -1.435720086097717285e+00
1.036999225616455078e-01 7.621005773544311523e-01
6.927182674407958984e-01 -2.667718827724456787e-01
6.255509257316589355e-01 -1.313733905553817749e-01
-9.569261074066162109e-01 4.103486537933349609e-01
1.629380285739898682e-01 -5.903471112251281738e-01
2.371785789728164673e-01 -6.870788931846618652e-01
-1.033974051475524902e+00 -1.586215943098068237e-01
-7.548228502273559570e-01 -1.836196482181549072e-01
-4.024832248687744141e-01 -1.220923662185668945e+00
5.267809703946113586e-02 -6.199463009834289551e-01
-1.559196114540100098e+00 -8.013295531272888184e-01
6.774996407330036163e-03 -4.952200055122375488e-01
-7.508453726768493652e-01 3.454657196998596191e-01
