0.599609375 0.5662441253662109 871.0 9960.0 14139.0 1538.0
0.8994140625 0.8840727210044861 961.0 1625.0 22474.0 1448.0
0.9169921875 0.8985211849212646 942.0 1223.0 22876.0 1467.0
0.8974609375 0.8921457529067993 1053.0 1503.0 22596.0 1356.0
0.8798828125 0.8935415744781494 1146.0 1559.0 22540.0 1263.0
0.8994140625 0.8970499634742737 1193.0 1513.0 22586.0 1216.0
0.90234375 0.8967104554176331 1220.0 1549.0 22550.0 1189.0
0.888671875 0.8932775259017944 1313.0 1733.0 22366.0 1096.0
0.90234375 0.896031379699707 1284.0 1631.0 22468.0 1125.0
0.8974609375 0.8889392018318176 1369.0 1904.0 22195.0 1040.0
0.916015625 0.8978044390678406 1337.0 1637.0 22462.0 1072.0
0.876953125 0.8944846987724304 1408.0 1796.0 22303.0 1001.0
0.8984375 0.900596022605896 1416.0 1642.0 22457.0 993.0
0.904296875 0.9056888222694397 1388.0 1479.0 22620.0 1021.0
0.892578125 0.9009355902671814 1454.0 1671.0 22428.0 955.0
0.923828125 0.9084804654121399 1365.0 1382.0 22717.0 1044.0
0.91015625 0.902482271194458 1455.0 1631.0 22468.0 954.0
0.9072265625 0.9083295464515686 1472.0 1493.0 22606.0 937.0
0.888671875 0.9009733200073242 1542.0 1758.0 22341.0 867.0
0.9052734375 0.8985211849212646 1536.0 1817.0 22282.0 873.0
0.9072265625 0.9022559523582458 1574.0 1756.0 22343.0 835.0
0.9072265625 0.9038026332855225 1557.0 1698.0 22401.0 852.0
0.904296875 0.8985966444015503 1566.0 1845.0 22254.0 843.0
0.923828125 0.9110457301139832 1495.0 1444.0 22655.0 914.0
0.8994140625 0.900596022605896 1619.0 1845.0 22254.0 790.0
0.90234375 0.9087822437286377 1572.0 1581.0 22518.0 837.0
0.9150390625 0.9099140167236328 1566.0 1545.0 22554.0 843.0
0.9091796875 0.9096876382827759 1550.0 1535.0 22564.0 859.0
0.9189453125 0.9148181676864624 1520.0 1369.0 22730.0 889.0
0.916015625 0.9124792218208313 1580.0 1491.0 22608.0 829.0
0.9150390625 0.9108948111534119 1586.0 1539.0 22560.0 823.0
0.91015625 0.9103666543960571 1619.0 1586.0 22513.0 790.0
0.916015625 0.9128942489624023 1567.0 1467.0 22632.0 842.0
0.9150390625 0.9119511246681213 1589.0 1514.0 22585.0 820.0
0.9150390625 0.9145918488502502 1594.0 1449.0 22650.0 815.0
0.912109375 0.9133468866348267 1613.0 1501.0 22598.0 796.0
0.92578125 0.9160630702972412 1613.0 1429.0 22670.0 796.0
0.931640625 0.915157675743103 1609.0 1449.0 22650.0 800.0
0.9189453125 0.913233757019043 1619.0 1510.0 22589.0 790.0
0.91015625 0.915836751461029 1610.0 1432.0 22667.0 799.0
0.927734375 0.9098385572433472 1635.0 1616.0 22483.0 774.0
0.92578125 0.9183642864227295 1550.0 1305.0 22794.0 859.0
0.9384765625 0.9116492867469788 1636.0 1569.0 22530.0 773.0
0.9091796875 0.912026584148407 1630.0 1553.0 22546.0 779.0
0.9169921875 0.9196091890335083 1594.0 1316.0 22783.0 815.0
0.9228515625 0.9172325134277344 1596.0 1381.0 22718.0 813.0
0.92578125 0.9125546813011169 1643.0 1552.0 22547.0 766.0
0.9169921875 0.9165157675743103 1594.0 1398.0 22701.0 815.0
0.935546875 0.9169684648513794 1560.0 1352.0 22747.0 849.0
0.9287109375 0.9131582975387573 1624.0 1517.0 22582.0 785.0
0.9228515625 0.9171571135520935 1612.0 1399.0 22700.0 797.0
0.8984375 0.9145163893699646 1676.0 1533.0 22566.0 733.0
0.9306640625 0.9135355353355408 1656.0 1539.0 22560.0 753.0
0.9208984375 0.9160253405570984 1627.0 1444.0 22655.0 782.0
0.9228515625 0.9112720489501953 1663.0 1606.0 22493.0 746.0
0.9189453125 0.916100800037384 1603.0 1418.0 22681.0 806.0
0.92578125 0.915157675743103 1626.0 1466.0 22633.0 783.0
0.91796875 0.9103666543960571 1697.0 1664.0 22435.0 712.0
0.9140625 0.9132714867591858 1654.0 1544.0 22555.0 755.0
0.919921875 0.9140259623527527 1649.0 1519.0 22580.0 760.0
0.9365234375 0.9136109948158264 1673.0 1554.0 22545.0 736.0
0.90625 0.9114984273910522 1703.0 1640.0 22459.0 706.0
0.931640625 0.9164403080940247 1666.0 1472.0 22627.0 743.0
0.9169921875 0.917534351348877 1626.0 1403.0 22696.0 783.0
0.919921875 0.9136487245559692 1679.0 1559.0 22540.0 730.0
0.91796875 0.914440929889679 1645.0 1504.0 22595.0 764.0
0.916015625 0.918251097202301 1604.0 1362.0 22737.0 805.0
0.92578125 0.9087445139884949 1725.0 1735.0 22364.0 684.0
0.927734375 0.9134600758552551 1656.0 1541.0 22558.0 753.0
0.9365234375 0.9167420864105225 1643.0 1441.0 22658.0 766.0
0.9267578125 0.9132714867591858 1680.0 1570.0 22529.0 729.0
0.927734375 0.9139127731323242 1638.0 1511.0 22588.0 771.0
0.912109375 0.9147427082061768 1668.0 1519.0 22580.0 741.0
0.9287109375 0.9202504754066467 1578.0 1283.0 22816.0 831.0
0.9111328125 0.9125169515609741 1670.0 1580.0 22519.0 739.0
0.92578125 0.9183642864227295 1621.0 1376.0 22723.0 788.0
0.9287109375 0.9142900109291077 1640.0 1503.0 22596.0 769.0
0.919921875 0.9152331352233887 1609.0 1447.0 22652.0 800.0
0.9296875 0.9168552756309509 1639.0 1434.0 22665.0 770.0
0.923828125 0.9164025783538818 1622.0 1429.0 22670.0 787.0
0.9091796875 0.9084804654121399 1700.0 1717.0 22382.0 709.0
0.919921875 0.914440929889679 1664.0 1523.0 22576.0 745.0
0.92578125 0.9179493188858032 1628.0 1394.0 22705.0 781.0
0.9287109375 0.9124038219451904 1710.0 1623.0 22476.0 699.0
0.90625 0.9147427082061768 1676.0 1527.0 22572.0 733.0
0.916015625 0.9143654704093933 1646.0 1507.0 22592.0 763.0
0.923828125 0.9200241565704346 1613.0 1324.0 22775.0 796.0
0.9111328125 0.9150068163871765 1688.0 1532.0 22567.0 721.0
0.921875 0.9161762595176697 1637.0 1450.0 22649.0 772.0
0.923828125 0.917043924331665 1657.0 1447.0 22652.0 752.0
0.92578125 0.909197211265564 1732.0 1730.0 22369.0 677.0
0.9267578125 0.919458270072937 1632.0 1358.0 22741.0 777.0
0.919921875 0.9124792218208313 1668.0 1579.0 22520.0 741.0
0.912109375 0.9127810597419739 1690.0 1593.0 22506.0 719.0
0.91796875 0.9159498810768127 1656.0 1475.0 22624.0 753.0
0.935546875 0.914440929889679 1699.0 1558.0 22541.0 710.0
0.9248046875 0.9184774160385132 1630.0 1382.0 22717.0 779.0
0.9248046875 0.9123283624649048 1679.0 1594.0 22505.0 730.0
0.9365234375 0.9168930053710938 1656.0 1450.0 22649.0 753.0
0.91015625 0.9150068163871765 1678.0 1522.0 22577.0 731.0
0.9208984375 0.914440929889679 1666.0 1525.0 22574.0 743.0
0.921875 0.9199486970901489 1624.0 1337.0 22762.0 785.0
0.9130859375 0.9208918213844299 1629.0 1317.0 22782.0 780.0
0.931640625 0.9163271188735962 1648.0 1457.0 22642.0 761.0
0.9208984375 0.9207786321640015 1618.0 1309.0 22790.0 791.0
0.91015625 0.9147427082061768 1684.0 1535.0 22564.0 725.0
0.923828125 0.918515145778656 1636.0 1387.0 22712.0 773.0
0.9296875 0.90987628698349 1745.0 1725.0 22374.0 664.0
0.919921875 0.9192696809768677 1647.0 1378.0 22721.0 762.0
0.919921875 0.9132714867591858 1686.0 1576.0 22523.0 723.0
0.9169921875 0.9144032001495361 1696.0 1556.0 22543.0 713.0
0.9287109375 0.9196469187736511 1630.0 1351.0 22748.0 779.0
0.9267578125 0.9150822162628174 1700.0 1542.0 22557.0 709.0
0.9287109375 0.9173457026481628 1640.0 1422.0 22677.0 769.0
0.91015625 0.912743330001831 1710.0 1614.0 22485.0 699.0
0.923828125 0.9177983999252319 1686.0 1456.0 22643.0 723.0
0.9248046875 0.9148181676864624 1702.0 1551.0 22548.0 707.0
0.9033203125 0.9181001782417297 1641.0 1403.0 22696.0 768.0
0.9052734375 0.9156858325004578 1690.0 1516.0 22583.0 719.0
0.912109375 0.9192696809768677 1650.0 1381.0 22718.0 759.0
0.9296875 0.9159876108169556 1689.0 1507.0 22592.0 720.0
0.919921875 0.9198732376098633 1634.0 1349.0 22750.0 775.0
0.9208984375 0.9166289567947388 1677.0 1478.0 22621.0 732.0
0.916015625 0.9133846163749695 1703.0 1590.0 22509.0 706.0
0.8955078125 0.9090840220451355 1734.0 1735.0 22364.0 675.0
0.9208984375 0.9181001782417297 1658.0 1420.0 22679.0 751.0
0.9140625 0.9179493188858032 1670.0 1436.0 22663.0 739.0
0.9248046875 0.9159121513366699 1689.0 1509.0 22590.0 720.0
0.9306640625 0.9167420864105225 1686.0 1484.0 22615.0 723.0
0.9189453125 0.9142522811889648 1703.0 1567.0 22532.0 706.0
0.9150390625 0.9139127731323242 1672.0 1545.0 22554.0 737.0
0.9306640625 0.9176474809646606 1654.0 1428.0 22671.0 755.0
0.9169921875 0.9145163893699646 1708.0 1565.0 22534.0 701.0
0.9208984375 0.9164403080940247 1696.0 1502.0 22597.0 713.0
0.9208984375 0.914440929889679 1651.0 1510.0 22589.0 758.0
0.9140625 0.9169684648513794 1676.0 1468.0 22631.0 733.0
0.9228515625 0.9154971837997437 1660.0 1491.0 22608.0 749.0
0.9296875 0.9197600483894348 1636.0 1354.0 22745.0 773.0
0.9228515625 0.9214199781417847 1614.0 1288.0 22811.0 795.0
0.927734375 0.9183642864227295 1663.0 1418.0 22681.0 746.0
0.9306640625 0.9174966216087341 1697.0 1475.0 22624.0 712.0
0.9140625 0.9167044162750244 1673.0 1472.0 22627.0 736.0
0.92578125 0.9173834323883057 1691.0 1472.0 22627.0 718.0
0.9306640625 0.9181001782417297 1618.0 1380.0 22719.0 791.0
0.9306640625 0.9190810322761536 1663.0 1399.0 22700.0 746.0
0.9072265625 0.9188923835754395 1652.0 1393.0 22706.0 757.0
0.9287109375 0.9163271188735962 1675.0 1484.0 22615.0 734.0
0.92578125 0.9146672487258911 1718.0 1571.0 22528.0 691.0
0.9287109375 0.9164403080940247 1693.0 1499.0 22600.0 716.0
0.93359375 0.9188547134399414 1654.0 1396.0 22703.0 755.0
0.9130859375 0.9199109673500061 1670.0 1384.0 22715.0 739.0
0.9150390625 0.918515145778656 1640.0 1391.0 22708.0 769.0
0.9228515625 0.9177229404449463 1649.0 1421.0 22678.0 760.0
0.9208984375 0.915836751461029 1695.0 1517.0 22582.0 714.0
0.9267578125 0.9174966216087341 1654.0 1432.0 22667.0 755.0
0.9287109375 0.914440929889679 1718.0 1577.0 22522.0 691.0
0.935546875 0.9162894487380981 1683.0 1493.0 22606.0 726.0
0.92578125 0.9205145835876465 1632.0 1330.0 22769.0 777.0
0.90625 0.9165157675743103 1685.0 1489.0 22610.0 724.0
0.9306640625 0.9198355078697205 1653.0 1369.0 22730.0 756.0
0.916015625 0.9142522811889648 1652.0 1516.0 22583.0 757.0
0.912109375 0.9114984273910522 1738.0 1675.0 22424.0 671.0
0.9296875 0.9133846163749695 1695.0 1582.0 22517.0 714.0
0.90625 0.9157990217208862 1682.0 1505.0 22594.0 727.0
0.9189453125 0.9169307351112366 1713.0 1506.0 22593.0 696.0
0.9365234375 0.9167798161506653 1690.0 1487.0 22612.0 719.0
0.9189453125 0.916364848613739 1685.0 1493.0 22606.0 724.0
0.916015625 0.9185528755187988 1614.0 1364.0 22735.0 795.0
0.92578125 0.9153085947036743 1658.0 1494.0 22605.0 751.0
0.91015625 0.9190810322761536 1621.0 1357.0 22742.0 788.0
0.9091796875 0.918515145778656 1646.0 1397.0 22702.0 763.0
0.9208984375 0.9177606701850891 1686.0 1457.0 22642.0 723.0
0.9326171875 0.9156858325004578 1694.0 1520.0 22579.0 715.0
0.93359375 0.9214953780174255 1610.0 1282.0 22817.0 799.0
0.923828125 0.9167044162750244 1677.0 1476.0 22623.0 732.0
0.9345703125 0.9147427082061768 1722.0 1573.0 22526.0 687.0
0.9306640625 0.9178361296653748 1673.0 1442.0 22657.0 736.0
0.9228515625 0.9169684648513794 1661.0 1453.0 22646.0 748.0
0.9267578125 0.9203259348869324 1665.0 1368.0 22731.0 744.0
0.9208984375 0.9188547134399414 1656.0 1398.0 22701.0 753.0
0.9306640625 0.907990038394928 1738.0 1768.0 22331.0 671.0
0.91796875 0.9214199781417847 1638.0 1312.0 22787.0 771.0
0.931640625 0.9183265566825867 1682.0 1438.0 22661.0 727.0
0.9033203125 0.9180247187614441 1682.0 1446.0 22653.0 727.0
0.91796875 0.9179493188858032 1696.0 1462.0 22637.0 713.0
0.927734375 0.9134600758552551 1719.0 1604.0 22495.0 690.0
0.923828125 0.9164403080940247 1684.0 1490.0 22609.0 725.0
0.9189453125 0.9205899834632874 1644.0 1340.0 22759.0 765.0
0.9296875 0.9196091890335083 1632.0 1354.0 22745.0 777.0
0.927734375 0.9165534973144531 1660.0 1463.0 22636.0 749.0
0.9287109375 0.9140259623527527 1720.0 1590.0 22509.0 689.0
0.9248046875 0.9182133674621582 1644.0 1403.0 22696.0 765.0
0.9052734375 0.9176852107048035 1671.0 1444.0 22655.0 738.0
0.9375 0.9174211621284485 1624.0 1404.0 22695.0 785.0
0.921875 0.917987048625946 1676.0 1441.0 22658.0 733.0
0.9228515625 0.9139127731323242 1710.0 1583.0 22516.0 699.0
0.9248046875 0.9148181676864624 1725.0 1574.0 22525.0 684.0
0.92578125 0.9178738594055176 1673.0 1441.0 22658.0 736.0
0.9306640625 0.9163271188735962 1679.0 1488.0 22611.0 730.0
0.9169921875 0.9189301133155823 1641.0 1381.0 22718.0 768.0
0.916015625 0.908933162689209 1756.0 1761.0 22338.0 653.0
0.9287109375 0.9187792539596558 1668.0 1412.0 22687.0 741.0
0.927734375 0.917534351348877 1672.0 1449.0 22650.0 737.0
0.9228515625 0.9147427082061768 1721.0 1572.0 22527.0 688.0
0.923828125 0.920137345790863 1634.0 1342.0 22757.0 775.0
0.93359375 0.9220612645149231 1634.0 1291.0 22808.0 775.0
0.91015625 0.9176474809646606 1704.0 1478.0 22621.0 705.0
0.923828125 0.9158744812011719 1694.0 1515.0 22584.0 715.0
0.9111328125 0.919722318649292 1658.0 1377.0 22722.0 751.0
0.923828125 0.9214199781417847 1626.0 1300.0 22799.0 783.0
0.919921875 0.9178738594055176 1658.0 1426.0 22673.0 751.0
0.9287109375 0.9158744812011719 1686.0 1507.0 22592.0 723.0
0.921875 0.9209295511245728 1636.0 1323.0 22776.0 773.0
0.91015625 0.9116116166114807 1703.0 1637.0 22462.0 706.0
0.9140625 0.9153085947036743 1705.0 1541.0 22558.0 704.0
0.921875 0.9124792218208313 1697.0 1608.0 22491.0 712.0
0.9169921875 0.9109325408935547 1733.0 1685.0 22414.0 676.0
0.931640625 0.9213822484016418 1655.0 1330.0 22769.0 754.0
0.9130859375 0.9174966216087341 1660.0 1438.0 22661.0 749.0
0.9248046875 0.9164025783538818 1684.0 1491.0 22608.0 725.0
0.93359375 0.913007378578186 1711.0 1608.0 22491.0 698.0
0.9169921875 0.9129696488380432 1722.0 1620.0 22479.0 687.0
0.9140625 0.9165157675743103 1679.0 1483.0 22616.0 730.0
0.9267578125 0.9167420864105225 1681.0 1479.0 22620.0 728.0
0.9189453125 0.9177229404449463 1643.0 1415.0 22684.0 766.0
0.9365234375 0.9188923835754395 1657.0 1398.0 22701.0 752.0
0.9140625 0.9195337295532227 1687.0 1411.0 22688.0 722.0
0.908203125 0.9168552756309509 1688.0 1483.0 22616.0 721.0
0.9345703125 0.9176852107048035 1641.0 1414.0 22685.0 768.0
0.931640625 0.9190810322761536 1651.0 1387.0 22712.0 758.0
0.9267578125 0.9137618541717529 1706.0 1583.0 22516.0 703.0
0.931640625 0.9155349135398865 1663.0 1493.0 22606.0 746.0
0.9296875 0.9190810322761536 1660.0 1396.0 22703.0 749.0
0.9296875 0.9199109673500061 1652.0 1366.0 22733.0 757.0
0.9296875 0.9157612919807434 1699.0 1523.0 22576.0 710.0
0.921875 0.9164780378341675 1699.0 1504.0 22595.0 710.0
0.90234375 0.9207786321640015 1650.0 1341.0 22758.0 759.0
0.9326171875 0.9167420864105225 1684.0 1482.0 22617.0 725.0
0.9296875 0.915836751461029 1704.0 1526.0 22573.0 705.0
0.921875 0.9143654704093933 1697.0 1558.0 22541.0 712.0
0.9208984375 0.9166289567947388 1682.0 1483.0 22616.0 727.0
0.92578125 0.9179115891456604 1657.0 1424.0 22675.0 752.0
0.927734375 0.9147049784660339 1675.0 1527.0 22572.0 734.0
0.919921875 0.913233757019043 1718.0 1609.0 22490.0 691.0
0.9267578125 0.9207786321640015 1629.0 1320.0 22779.0 780.0
0.9287109375 0.9207031726837158 1641.0 1334.0 22765.0 768.0
0.9169921875 0.9142522811889648 1692.0 1556.0 22543.0 717.0
0.9326171875 0.9176852107048035 1646.0 1419.0 22680.0 763.0
0.9248046875 0.9190810322761536 1648.0 1384.0 22715.0 761.0
0.92578125 0.9239097833633423 1591.0 1199.0 22900.0 818.0
0.9248046875 0.9164403080940247 1676.0 1482.0 22617.0 733.0
0.9296875 0.9165534973144531 1673.0 1476.0 22623.0 736.0
0.9150390625 0.9182888269424438 1650.0 1407.0 22692.0 759.0
0.927734375 0.919194221496582 1644.0 1377.0 22722.0 765.0
0.9189453125 0.9123660922050476 1685.0 1599.0 22500.0 724.0
0.9384765625 0.9202882051467896 1637.0 1341.0 22758.0 772.0
0.9345703125 0.9165534973144531 1670.0 1473.0 22626.0 739.0
0.916015625 0.9170061945915222 1636.0 1427.0 22672.0 773.0
0.9189453125 0.9171947836875916 1686.0 1472.0 22627.0 723.0
0.923828125 0.9149313569068909 1673.0 1519.0 22580.0 736.0
0.9208984375 0.9154595136642456 1676.0 1508.0 22591.0 733.0
0.9140625 0.9138750433921814 1697.0 1571.0 22528.0 712.0
0.9267578125 0.915836751461029 1681.0 1503.0 22596.0 728.0
0.91796875 0.9158744812011719 1682.0 1503.0 22596.0 727.0
0.9189453125 0.9115738868713379 1723.0 1658.0 22441.0 686.0
0.92578125 0.916591227054596 1657.0 1459.0 22640.0 752.0
0.9248046875 0.9155349135398865 1696.0 1526.0 22573.0 713.0
0.9287109375 0.9156481027603149 1667.0 1494.0 22605.0 742.0
0.9150390625 0.9151199460029602 1673.0 1514.0 22585.0 736.0
0.91015625 0.9167798161506653 1677.0 1474.0 22625.0 732.0
0.93359375 0.9148558974266052 1711.0 1559.0 22540.0 698.0
0.908203125 0.91538405418396 1699.0 1533.0 22566.0 710.0
0.9248046875 0.9145918488502502 1648.0 1503.0 22596.0 761.0
0.935546875 0.9173457026481628 1662.0 1444.0 22655.0 747.0
0.9189453125 0.9147427082061768 1692.0 1543.0 22556.0 717.0
0.9287109375 0.9201750159263611 1642.0 1349.0 22750.0 767.0
0.919921875 0.916100800037384 1679.0 1494.0 22605.0 730.0
0.9228515625 0.9168175458908081 1687.0 1483.0 22616.0 722.0
0.916015625 0.9165157675743103 1682.0 1486.0 22613.0 727.0
0.9326171875 0.9156103730201721 1661.0 1489.0 22610.0 748.0
0.9365234375 0.914893627166748 1669.0 1516.0 22583.0 740.0
0.931640625 0.9181379079818726 1672.0 1433.0 22666.0 737.0
0.927734375 0.9169684648513794 1665.0 1457.0 22642.0 744.0
0.9228515625 0.9152708649635315 1682.0 1519.0 22580.0 727.0
0.9072265625 0.9159498810768127 1681.0 1500.0 22599.0 728.0
0.9140625 0.9127056002616882 1710.0 1615.0 22484.0 699.0
0.9384765625 0.9154595136642456 1681.0 1513.0 22586.0 728.0
0.9384765625 0.9125169515609741 1697.0 1607.0 22492.0 712.0
0.9140625 0.9208918213844299 1649.0 1337.0 22762.0 760.0
0.9130859375 0.9190055727958679 1664.0 1402.0 22697.0 745.0
0.9287109375 0.91730797290802 1645.0 1428.0 22671.0 764.0
0.9287109375 0.9228534698486328 1614.0 1250.0 22849.0 795.0
0.9208984375 0.921608567237854 1605.0 1274.0 22825.0 804.0
0.93359375 0.9176852107048035 1657.0 1430.0 22669.0 752.0
0.91796875 0.9157235622406006 1681.0 1506.0 22593.0 728.0
0.9345703125 0.917043924331665 1674.0 1464.0 22635.0 735.0
0.9228515625 0.9182133674621582 1648.0 1407.0 22692.0 761.0
0.935546875 0.9174211621284485 1670.0 1450.0 22649.0 739.0
0.9267578125 0.9168552756309509 1674.0 1469.0 22630.0 735.0
0.9296875 0.9165534973144531 1673.0 1476.0 22623.0 736.0
0.927734375 0.9165534973144531 1675.0 1478.0 22621.0 734.0
0.92578125 0.9188923835754395 1657.0 1398.0 22701.0 752.0
0.93359375 0.9110457301139832 1694.0 1643.0 22456.0 715.0
0.921875 0.9151954054832458 1639.0 1478.0 22621.0 770.0
0.91796875 0.9217972159385681 1655.0 1319.0 22780.0 754.0
0.935546875 0.9181001782417297 1641.0 1403.0 22696.0 768.0
0.92578125 0.9187792539596558 1671.0 1415.0 22684.0 738.0
0.927734375 0.918251097202301 1645.0 1403.0 22696.0 764.0
0.92578125 0.9157990217208862 1689.0 1512.0 22587.0 720.0
0.9345703125 0.9171947836875916 1665.0 1451.0 22648.0 744.0
0.9169921875 0.9181756377220154 1649.0 1409.0 22690.0 760.0
0.9287109375 0.9163271188735962 1714.0 1523.0 22576.0 695.0
0.931640625 0.9227780103683472 1603.0 1241.0 22858.0 806.0
0.90625 0.9137995839118958 1709.0 1585.0 22514.0 700.0
0.9228515625 0.9123660922050476 1711.0 1625.0 22474.0 698.0
0.92578125 0.913233757019043 1723.0 1614.0 22485.0 686.0
0.91015625 0.9142522811889648 1699.0 1563.0 22536.0 710.0
0.9150390625 0.9116492867469788 1725.0 1658.0 22441.0 684.0
0.92578125 0.9130828380584717 1688.0 1583.0 22516.0 721.0
0.921875 0.9170816540718079 1688.0 1477.0 22622.0 721.0
0.9306640625 0.91730797290802 1631.0 1414.0 22685.0 778.0
0.9150390625 0.9206277132034302 1646.0 1341.0 22758.0 763.0
0.916015625 0.9187415242195129 1655.0 1400.0 22699.0 754.0
0.9150390625 0.919684648513794 1656.0 1376.0 22723.0 753.0
0.9296875 0.9197977781295776 1671.0 1388.0 22711.0 738.0
0.93359375 0.9196469187736511 1647.0 1368.0 22731.0 762.0
0.92578125 0.9181756377220154 1637.0 1397.0 22702.0 772.0
0.921875 0.9164025783538818 1696.0 1503.0 22596.0 713.0
0.9326171875 0.9205899834632874 1646.0 1342.0 22757.0 763.0
0.9189453125 0.913950502872467 1704.0 1576.0 22523.0 705.0
0.9150390625 0.9175720810890198 1669.0 1445.0 22654.0 740.0
0.923828125 0.9169307351112366 1671.0 1464.0 22635.0 738.0
0.927734375 0.9180247187614441 1670.0 1434.0 22665.0 739.0
0.912109375 0.917534351348877 1685.0 1462.0 22637.0 724.0
0.912109375 0.9156858325004578 1670.0 1496.0 22603.0 739.0
0.9169921875 0.9202127456665039 1679.0 1385.0 22714.0 730.0
0.91796875 0.9128565192222595 1693.0 1594.0 22505.0 716.0
0.931640625 0.9190433025360107 1696.0 1433.0 22666.0 713.0
0.9287109375 0.9176852107048035 1672.0 1445.0 22654.0 737.0
0.9130859375 0.920665442943573 1631.0 1325.0 22774.0 778.0
0.916015625 0.917534351348877 1652.0 1429.0 22670.0 757.0
0.916015625 0.9199864268302917 1653.0 1365.0 22734.0 756.0
0.9140625 0.9117624759674072 1703.0 1633.0 22466.0 706.0
0.935546875 0.9188923835754395 1663.0 1404.0 22695.0 746.0
0.90625 0.9141391515731812 1704.0 1571.0 22528.0 705.0
0.9267578125 0.9204768538475037 1641.0 1340.0 22759.0 768.0
0.9345703125 0.9167420864105225 1675.0 1473.0 22626.0 734.0
0.904296875 0.9209295511245728 1613.0 1300.0 22799.0 796.0
0.9140625 0.9177983999252319 1684.0 1454.0 22645.0 725.0
0.9296875 0.9138750433921814 1722.0 1596.0 22503.0 687.0
0.927734375 0.9155726432800293 1701.0 1530.0 22569.0 708.0
0.9208984375 0.9184397459030151 1651.0 1404.0 22695.0 758.0
0.9189453125 0.9183642864227295 1674.0 1429.0 22670.0 735.0
0.927734375 0.9163271188735962 1681.0 1490.0 22609.0 728.0
0.9189453125 0.9116870164871216 1744.0 1676.0 22423.0 665.0
0.9228515625 0.9107439517974854 1714.0 1671.0 22428.0 695.0
0.919921875 0.9138373136520386 1673.0 1548.0 22551.0 736.0
0.91796875 0.9131960272789001 1705.0 1597.0 22502.0 704.0
0.92578125 0.9148181676864624 1670.0 1519.0 22580.0 739.0
0.9453125 0.9147049784660339 1671.0 1523.0 22576.0 738.0
0.9169921875 0.916591227054596 1671.0 1473.0 22626.0 738.0
0.916015625 0.9198355078697205 1625.0 1341.0 22758.0 784.0
0.8935546875 0.9205145835876465 1647.0 1345.0 22754.0 762.0
0.927734375 0.919684648513794 1676.0 1396.0 22703.0 733.0
0.9169921875 0.9131960272789001 1694.0 1586.0 22513.0 715.0
0.9326171875 0.9193073511123657 1677.0 1407.0 22692.0 732.0
0.92578125 0.9168930053710938 1644.0 1438.0 22661.0 765.0
0.9287109375 0.9168175458908081 1646.0 1442.0 22657.0 763.0
0.9248046875 0.9179115891456604 1655.0 1422.0 22677.0 754.0
0.935546875 0.9149313569068909 1677.0 1523.0 22576.0 732.0
0.9296875 0.913497805595398 1722.0 1606.0 22493.0 687.0
0.92578125 0.9199109673500061 1659.0 1373.0 22726.0 750.0
0.9345703125 0.91730797290802 1610.0 1393.0 22706.0 799.0
0.935546875 0.917534351348877 1677.0 1454.0 22645.0 732.0
0.9189453125 0.9160630702972412 1703.0 1519.0 22580.0 706.0
0.92578125 0.9200618863105774 1630.0 1340.0 22759.0 779.0
0.9287109375 0.9173834323883057 1698.0 1479.0 22620.0 711.0
0.923828125 0.9193073511123657 1633.0 1363.0 22736.0 776.0
0.91796875 0.9156481027603149 1674.0 1501.0 22598.0 735.0
0.923828125 0.9160630702972412 1675.0 1491.0 22608.0 734.0
0.93359375 0.9182133674621582 1606.0 1365.0 22734.0 803.0
0.9208984375 0.9200241565704346 1655.0 1366.0 22733.0 754.0
0.9375 0.9214199781417847 1626.0 1300.0 22799.0 783.0
0.9208984375 0.917534351348877 1649.0 1426.0 22673.0 760.0
0.9072265625 0.9146672487258911 1718.0 1571.0 22528.0 691.0
0.91796875 0.9151954054832458 1717.0 1556.0 22543.0 692.0
0.9306640625 0.9218349456787109 1605.0 1268.0 22831.0 804.0
0.919921875 0.9173457026481628 1678.0 1460.0 22639.0 731.0
0.92578125 0.9198355078697205 1657.0 1373.0 22726.0 752.0
0.9248046875 0.9203259348869324 1672.0 1375.0 22724.0 737.0
0.908203125 0.9154217839241028 1682.0 1515.0 22584.0 727.0
0.9287109375 0.9159876108169556 1658.0 1476.0 22623.0 751.0
0.916015625 0.9202504754066467 1605.0 1310.0 22789.0 804.0
0.927734375 0.9136864542961121 1725.0 1604.0 22495.0 684.0
0.9267578125 0.9113852381706238 1725.0 1665.0 22434.0 684.0
0.91796875 0.9198732376098633 1582.0 1297.0 22802.0 827.0
0.9111328125 0.9159876108169556 1695.0 1513.0 22586.0 714.0
0.9130859375 0.9191564917564392 1641.0 1375.0 22724.0 768.0
0.916015625 0.9160253405570984 1649.0 1466.0 22633.0 760.0
0.9228515625 0.9128187894821167 1704.0 1606.0 22493.0 705.0
0.9228515625 0.9176474809646606 1683.0 1457.0 22642.0 726.0
0.9287109375 0.914440929889679 1667.0 1526.0 22573.0 742.0
0.90625 0.9140259623527527 1670.0 1540.0 22559.0 739.0
0.916015625 0.9172325134277344 1640.0 1425.0 22674.0 769.0
0.91796875 0.9127056002616882 1707.0 1612.0 22487.0 702.0
0.923828125 0.9143277406692505 1685.0 1547.0 22552.0 724.0
0.931640625 0.9205899834632874 1633.0 1329.0 22770.0 776.0
0.9150390625 0.9134600758552551 1698.0 1583.0 22516.0 711.0
0.93359375 0.9180624485015869 1661.0 1424.0 22675.0 748.0
0.9423828125 0.9196469187736511 1633.0 1354.0 22745.0 776.0
0.9228515625 0.9165157675743103 1682.0 1486.0 22613.0 727.0
0.92578125 0.9156481027603149 1665.0 1492.0 22607.0 744.0
0.93359375 0.9150444865226746 1682.0 1525.0 22574.0 727.0
0.923828125 0.9141391515731812 1692.0 1559.0 22540.0 717.0
0.916015625 0.9140259623527527 1684.0 1554.0 22545.0 725.0
0.919921875 0.9208540916442871 1618.0 1307.0 22792.0 791.0
0.9111328125 0.9182888269424438 1691.0 1448.0 22651.0 718.0
0.90625 0.9170061945915222 1682.0 1473.0 22626.0 727.0
0.9208984375 0.9165534973144531 1660.0 1463.0 22636.0 749.0
0.9267578125 0.9167420864105225 1646.0 1444.0 22655.0 763.0
0.9345703125 0.9122529029846191 1704.0 1621.0 22478.0 705.0
0.9267578125 0.9160253405570984 1699.0 1516.0 22583.0 710.0
0.927734375 0.9168930053710938 1689.0 1483.0 22616.0 720.0
0.9169921875 0.9159121513366699 1672.0 1492.0 22607.0 737.0
0.9267578125 0.9194959998130798 1635.0 1360.0 22739.0 774.0
0.908203125 0.9185906052589417 1666.0 1415.0 22684.0 743.0
0.9287109375 0.9169684648513794 1670.0 1462.0 22637.0 739.0
0.9248046875 0.9187037944793701 1653.0 1399.0 22700.0 756.0
0.9287109375 0.9168552756309509 1650.0 1445.0 22654.0 759.0
0.9482421875 0.9176097512245178 1669.0 1444.0 22655.0 740.0
0.9228515625 0.919458270072937 1620.0 1346.0 22753.0 789.0
0.9384765625 0.9211935997009277 1616.0 1296.0 22803.0 793.0
0.9296875 0.9146295189857483 1655.0 1509.0 22590.0 754.0
0.92578125 0.9200241565704346 1657.0 1368.0 22731.0 752.0
0.9140625 0.916100800037384 1664.0 1479.0 22620.0 745.0
0.927734375 0.9140259623527527 1677.0 1547.0 22552.0 732.0
0.931640625 0.9168175458908081 1672.0 1468.0 22631.0 737.0
0.9375 0.9184020161628723 1660.0 1414.0 22685.0 749.0
0.93359375 0.9172702431678772 1653.0 1437.0 22662.0 756.0
0.92578125 0.9155726432800293 1697.0 1526.0 22573.0 712.0
0.9267578125 0.9180624485015869 1670.0 1433.0 22666.0 739.0
0.9306640625 0.9159498810768127 1698.0 1517.0 22582.0 711.0
0.9326171875 0.9126301407814026 1713.0 1620.0 22479.0 696.0
0.91015625 0.9156858325004578 1704.0 1530.0 22569.0 705.0
0.9140625 0.919194221496582 1645.0 1378.0 22721.0 764.0
0.9306640625 0.9130451083183289 1661.0 1557.0 22542.0 748.0
0.931640625 0.9203636646270752 1643.0 1345.0 22754.0 766.0
0.91796875 0.9119511246681213 1694.0 1619.0 22480.0 715.0
0.91796875 0.9107816219329834 1722.0 1678.0 22421.0 687.0
0.9375 0.918515145778656 1662.0 1413.0 22686.0 747.0
0.9248046875 0.9203636646270752 1673.0 1375.0 22724.0 736.0
0.9365234375 0.9165534973144531 1699.0 1502.0 22597.0 710.0
0.92578125 0.9165534973144531 1709.0 1512.0 22587.0 700.0
0.921875 0.9159876108169556 1664.0 1482.0 22617.0 745.0
0.912109375 0.9170061945915222 1690.0 1481.0 22618.0 719.0
0.9326171875 0.9187415242195129 1637.0 1382.0 22717.0 772.0
0.921875 0.9200241565704346 1637.0 1348.0 22751.0 772.0
0.916015625 0.9181001782417297 1678.0 1440.0 22659.0 731.0
0.9169921875 0.9168552756309509 1606.0 1401.0 22698.0 803.0
0.923828125 0.9180247187614441 1654.0 1418.0 22681.0 755.0
0.91015625 0.9178361296653748 1671.0 1440.0 22659.0 738.0
0.921875 0.9119133949279785 1713.0 1639.0 22460.0 696.0
0.93359375 0.9198732376098633 1639.0 1354.0 22745.0 770.0
0.9345703125 0.9156103730201721 1666.0 1494.0 22605.0 743.0
0.9287109375 0.9181756377220154 1614.0 1374.0 22725.0 795.0
0.9111328125 0.9150444865226746 1655.0 1498.0 22601.0 754.0
0.923828125 0.9182133674621582 1679.0 1438.0 22661.0 730.0
0.94140625 0.9210804104804993 1646.0 1329.0 22770.0 763.0
0.923828125 0.9146295189857483 1661.0 1515.0 22584.0 748.0
0.91796875 0.9190055727958679 1627.0 1365.0 22734.0 782.0
0.921875 0.9161385297775269 1691.0 1505.0 22594.0 718.0
0.9208984375 0.9136487245559692 1702.0 1582.0 22517.0 707.0
0.92578125 0.9127056002616882 1705.0 1610.0 22489.0 704.0
0.921875 0.913497805595398 1682.0 1566.0 22533.0 727.0
0.931640625 0.9192696809768677 1656.0 1387.0 22712.0 753.0
0.9228515625 0.915157675743103 1696.0 1536.0 22563.0 713.0
0.935546875 0.9129696488380432 1734.0 1632.0 22467.0 675.0
0.9267578125 0.9121019840240479 1688.0 1609.0 22490.0 721.0
0.91796875 0.9160253405570984 1688.0 1505.0 22594.0 721.0
0.927734375 0.9214199781417847 1628.0 1302.0 22797.0 781.0
0.9228515625 0.9160630702972412 1681.0 1497.0 22602.0 728.0
0.931640625 0.9167798161506653 1669.0 1466.0 22633.0 740.0
0.921875 0.9146672487258911 1716.0 1569.0 22530.0 693.0
0.927734375 0.9195714592933655 1659.0 1382.0 22717.0 750.0
0.91796875 0.9164403080940247 1678.0 1484.0 22615.0 731.0
0.9296875 0.9194959998130798 1617.0 1342.0 22757.0 792.0
0.92578125 0.9159876108169556 1663.0 1481.0 22618.0 746.0
0.919921875 0.9115738868713379 1717.0 1652.0 22447.0 692.0
0.9267578125 0.9154971837997437 1657.0 1488.0 22611.0 752.0
0.9189453125 0.914440929889679 1716.0 1575.0 22524.0 693.0
0.9052734375 0.9107439517974854 1711.0 1668.0 22431.0 698.0
0.9150390625 0.9127810597419739 1687.0 1590.0 22509.0 722.0
0.931640625 0.919684648513794 1629.0 1349.0 22750.0 780.0
0.9384765625 0.9192696809768677 1634.0 1365.0 22734.0 775.0
0.92578125 0.9197600483894348 1629.0 1347.0 22752.0 780.0
0.9326171875 0.9153085947036743 1669.0 1505.0 22594.0 740.0
0.9306640625 0.9149690866470337 1659.0 1504.0 22595.0 750.0
0.92578125 0.914214551448822 1673.0 1538.0 22561.0 736.0
0.9375 0.9176097512245178 1661.0 1436.0 22663.0 748.0
0.9287109375 0.9182133674621582 1657.0 1416.0 22683.0 752.0
0.916015625 0.9110080003738403 1733.0 1683.0 22416.0 676.0
0.927734375 0.9154971837997437 1651.0 1482.0 22617.0 758.0
0.9267578125 0.91730797290802 1647.0 1430.0 22669.0 762.0
0.919921875 0.9167420864105225 1641.0 1439.0 22660.0 768.0
0.9267578125 0.9170816540718079 1637.0 1426.0 22673.0 772.0
0.9091796875 0.9123660922050476 1706.0 1620.0 22479.0 703.0
0.9296875 0.9207031726837158 1613.0 1306.0 22793.0 796.0
0.9150390625 0.9156103730201721 1676.0 1504.0 22595.0 733.0
0.916015625 0.9145541191101074 1694.0 1550.0 22549.0 715.0
0.921875 0.915836751461029 1647.0 1469.0 22630.0 762.0
0.91796875 0.916364848613739 1703.0 1511.0 22588.0 706.0
0.9150390625 0.9171193838119507 1690.0 1478.0 22621.0 719.0
0.921875 0.9173834323883057 1675.0 1456.0 22643.0 734.0
0.919921875 0.9154971837997437 1679.0 1510.0 22589.0 730.0
0.9365234375 0.9178738594055176 1628.0 1396.0 22703.0 781.0
0.9267578125 0.9200996160507202 1632.0 1341.0 22758.0 777.0
0.9189453125 0.9128187894821167 1708.0 1610.0 22489.0 701.0
0.91796875 0.9190055727958679 1655.0 1393.0 22706.0 754.0
0.9326171875 0.9202504754066467 1600.0 1305.0 22794.0 809.0
0.9404296875 0.9167798161506653 1680.0 1477.0 22622.0 729.0
0.9228515625 0.9185528755187988 1651.0 1401.0 22698.0 758.0
0.9208984375 0.9174211621284485 1662.0 1442.0 22657.0 747.0
0.912109375 0.9138750433921814 1705.0 1579.0 22520.0 704.0
0.9189453125 0.9174588918685913 1643.0 1422.0 22677.0 766.0
0.9296875 0.9169684648513794 1691.0 1483.0 22616.0 718.0
0.9375 0.9199864268302917 1640.0 1352.0 22747.0 769.0
0.9267578125 0.9160630702972412 1644.0 1460.0 22639.0 765.0
0.9365234375 0.9132714867591858 1676.0 1566.0 22533.0 733.0
0.927734375 0.914176881313324 1679.0 1545.0 22554.0 730.0
0.9404296875 0.9161762595176697 1664.0 1477.0 22622.0 745.0
0.93359375 0.919684648513794 1634.0 1354.0 22745.0 775.0
0.9140625 0.9145163893699646 1669.0 1526.0 22573.0 740.0
0.9150390625 0.9164780378341675 1664.0 1469.0 22630.0 745.0
0.9296875 0.9146672487258911 1684.0 1537.0 22562.0 725.0
0.9111328125 0.916100800037384 1679.0 1494.0 22605.0 730.0
0.9365234375 0.9222875833511353 1600.0 1251.0 22848.0 809.0
0.9384765625 0.9177606701850891 1676.0 1447.0 22652.0 733.0
0.9169921875 0.9177606701850891 1680.0 1451.0 22648.0 729.0
0.9287109375 0.9216462969779968 1616.0 1284.0 22815.0 793.0
0.923828125 0.9153463244438171 1678.0 1513.0 22586.0 731.0
0.9130859375 0.9114229679107666 1744.0 1683.0 22416.0 665.0
0.9423828125 0.9200241565704346 1632.0 1343.0 22756.0 777.0
0.9267578125 0.919194221496582 1610.0 1343.0 22756.0 799.0
0.9130859375 0.9135732650756836 1685.0 1567.0 22532.0 724.0
0.9208984375 0.9176097512245178 1678.0 1453.0 22646.0 731.0
0.92578125 0.9142522811889648 1685.0 1549.0 22550.0 724.0
0.9189453125 0.9138750433921814 1684.0 1558.0 22541.0 725.0
0.919921875 0.9177983999252319 1651.0 1421.0 22678.0 758.0
0.921875 0.915836751461029 1651.0 1473.0 22626.0 758.0
0.931640625 0.920401394367218 1572.0 1273.0 22826.0 837.0
0.9111328125 0.914893627166748 1665.0 1512.0 22587.0 744.0
0.9248046875 0.9177606701850891 1642.0 1413.0 22686.0 767.0
0.9228515625 0.916591227054596 1619.0 1421.0 22678.0 790.0
0.9404296875 0.9202882051467896 1629.0 1333.0 22766.0 780.0
0.927734375 0.9154595136642456 1681.0 1513.0 22586.0 728.0
0.9384765625 0.9178738594055176 1637.0 1405.0 22694.0 772.0
0.919921875 0.9137241840362549 1689.0 1567.0 22532.0 720.0
0.9189453125 0.9130451083183289 1665.0 1561.0 22538.0 744.0
0.939453125 0.9200996160507202 1580.0 1289.0 22810.0 829.0
0.9208984375 0.912064254283905 1724.0 1646.0 22453.0 685.0
0.912109375 0.9118756651878357 1679.0 1606.0 22493.0 730.0
0.9248046875 0.9169684648513794 1673.0 1465.0 22634.0 736.0
0.9296875 0.9189301133155823 1672.0 1412.0 22687.0 737.0
0.9189453125 0.9142522811889648 1689.0 1553.0 22546.0 720.0
0.923828125 0.9110080003738403 1699.0 1649.0 22450.0 710.0
0.919921875 0.9153085947036743 1696.0 1532.0 22567.0 713.0
0.9296875 0.9145541191101074 1680.0 1536.0 22563.0 729.0
0.916015625 0.9164025783538818 1647.0 1454.0 22645.0 762.0
0.919921875 0.9192319512367249 1607.0 1339.0 22760.0 802.0
0.9189453125 0.9147804379463196 1662.0 1512.0 22587.0 747.0
0.9228515625 0.9140259623527527 1694.0 1564.0 22535.0 715.0
0.921875 0.9174966216087341 1659.0 1437.0 22662.0 750.0
0.9228515625 0.9166666865348816 1681.0 1481.0 22618.0 728.0
0.93359375 0.91180020570755 1732.0 1661.0 22438.0 677.0
0.9287109375 0.9188169836997986 1659.0 1402.0 22697.0 750.0
0.931640625 0.9208163619041443 1647.0 1337.0 22762.0 762.0
0.927734375 0.9182888269424438 1644.0 1401.0 22698.0 765.0
0.9208984375 0.9194959998130798 1659.0 1384.0 22715.0 750.0
0.93359375 0.9146295189857483 1669.0 1523.0 22576.0 740.0
0.916015625 0.9131960272789001 1696.0 1588.0 22511.0 713.0
0.935546875 0.915836751461029 1689.0 1511.0 22588.0 720.0
0.919921875 0.9162894487380981 1671.0 1481.0 22618.0 738.0
0.919921875 0.913007378578186 1700.0 1597.0 22502.0 709.0
0.9296875 0.914214551448822 1674.0 1539.0 22560.0 735.0
0.91796875 0.9174211621284485 1676.0 1456.0 22643.0 733.0
0.9423828125 0.9156481027603149 1669.0 1496.0 22603.0 740.0
0.9140625 0.9169307351112366 1621.0 1414.0 22685.0 788.0
0.9306640625 0.9139127731323242 1667.0 1540.0 22559.0 742.0
0.931640625 0.9177983999252319 1648.0 1418.0 22681.0 761.0
0.939453125 0.9179493188858032 1665.0 1431.0 22668.0 744.0
0.9365234375 0.9169307351112366 1680.0 1473.0 22626.0 729.0
0.9345703125 0.9174966216087341 1672.0 1450.0 22649.0 737.0
0.9345703125 0.9143277406692505 1678.0 1540.0 22559.0 731.0
0.9345703125 0.9181379079818726 1658.0 1419.0 22680.0 751.0
0.9228515625 0.9184774160385132 1620.0 1372.0 22727.0 789.0
0.9306640625 0.9130828380584717 1674.0 1569.0 22530.0 735.0
0.93359375 0.9195714592933655 1663.0 1386.0 22713.0 746.0
0.93359375 0.9121774435043335 1695.0 1614.0 22485.0 714.0
0.927734375 0.917043924331665 1657.0 1447.0 22652.0 752.0
0.9189453125 0.9126301407814026 1709.0 1616.0 22483.0 700.0
0.9296875 0.9180624485015869 1669.0 1432.0 22667.0 740.0
0.92578125 0.9186660647392273 1628.0 1375.0 22724.0 781.0
0.931640625 0.9159876108169556 1663.0 1481.0 22618.0 746.0
0.9208984375 0.9132714867591858 1681.0 1571.0 22528.0 728.0
0.9267578125 0.9162894487380981 1695.0 1505.0 22594.0 714.0
