0.63671875 0.5903878211975098 705.0 9154.0 14945.0 1704.0
0.880859375 0.8807152509689331 987.0 1740.0 22359.0 1422.0
0.87890625 0.8736608028411865 1127.0 2067.0 22032.0 1282.0
0.876953125 0.8620416522026062 1296.0 2544.0 21555.0 1113.0
0.873046875 0.8840349912643433 1209.0 1874.0 22225.0 1200.0
0.857421875 0.8751697540283203 1351.0 2251.0 21848.0 1058.0
0.865234375 0.8640410304069519 1522.0 2717.0 21382.0 887.0
0.90625 0.8862984776496887 1385.0 1990.0 22109.0 1024.0
0.87109375 0.8759996891021729 1503.0 2381.0 21718.0 906.0
0.873046875 0.8855440020561218 1498.0 2123.0 21976.0 911.0
0.875 0.8914290070533752 1514.0 1983.0 22116.0 895.0
0.91015625 0.8882601261138916 1535.0 2088.0 22011.0 874.0
0.888671875 0.8910894989967346 1607.0 2085.0 22014.0 802.0
0.8828125 0.8834314346313477 1674.0 2355.0 21744.0 735.0
0.90234375 0.8944469690322876 1615.0 2004.0 22095.0 794.0
0.927734375 0.8798098564147949 1676.0 2453.0 21646.0 733.0
0.90625 0.896974503993988 1568.0 1890.0 22209.0 841.0
0.90234375 0.8961445689201355 1565.0 1909.0 22190.0 844.0
0.90234375 0.8872416019439697 1700.0 2280.0 21819.0 709.0
0.8828125 0.8896559476852417 1684.0 2200.0 21899.0 725.0
0.884765625 0.8893541693687439 1696.0 2220.0 21879.0 713.0
0.90234375 0.8888260126113892 1722.0 2260.0 21839.0 687.0
0.89453125 0.8910517692565918 1689.0 2168.0 21931.0 720.0
0.904296875 0.8936924934387207 1684.0 2093.0 22006.0 725.0
0.919921875 0.9054625034332275 1598.0 1695.0 22404.0 811.0
0.904296875 0.8946355581283569 1676.0 2060.0 22039.0 733.0
0.892578125 0.8935038447380066 1681.0 2095.0 22004.0 728.0
0.904296875 0.8895427584648132 1756.0 2275.0 21824.0 653.0
0.8984375 0.8967858552932739 1682.0 2009.0 22090.0 727.0
0.931640625 0.9017655253410339 1617.0 1812.0 22287.0 792.0
0.88671875 0.8874301910400391 1698.0 2273.0 21826.0 711.0
0.8984375 0.8983325958251953 1675.0 1961.0 22138.0 734.0
0.890625 0.8990116119384766 1669.0 1937.0 22162.0 740.0
0.90234375 0.8948996663093567 1680.0 2057.0 22042.0 729.0
0.91015625 0.8930134177207947 1719.0 2146.0 21953.0 690.0
0.9140625 0.9031235575675964 1661.0 1820.0 22279.0 748.0
0.888671875 0.9066696763038635 1567.0 1632.0 22467.0 842.0
0.89453125 0.8957296013832092 1739.0 2094.0 22005.0 670.0
0.900390625 0.8949751257896423 1747.0 2122.0 21977.0 662.0
0.904296875 0.9007092118263245 1704.0 1927.0 22172.0 705.0
0.896484375 0.8971254229545593 1705.0 2023.0 22076.0 704.0
0.90625 0.9041798710823059 1645.0 1776.0 22323.0 764.0
0.8984375 0.8983325958251953 1713.0 1999.0 22100.0 696.0
0.900390625 0.894824206829071 1699.0 2078.0 22021.0 710.0
0.921875 0.9076882600784302 1583.0 1621.0 22478.0 826.0
0.916015625 0.9018032550811768 1671.0 1865.0 22234.0 738.0
0.90625 0.8994643092155457 1673.0 1929.0 22170.0 736.0
0.89453125 0.8981062173843384 1738.0 2030.0 22069.0 671.0
0.896484375 0.8931266069412231 1753.0 2177.0 21922.0 656.0
0.91015625 0.8965972661972046 1697.0 2029.0 22070.0 712.0
0.8828125 0.8963331580162048 1745.0 2084.0 22015.0 664.0
0.890625 0.8995020389556885 1723.0 1978.0 22121.0 686.0
0.880859375 0.8957296013832092 1765.0 2120.0 21979.0 644.0
0.912109375 0.9044061899185181 1700.0 1825.0 22274.0 709.0
0.916015625 0.9100648760795593 1665.0 1640.0 22459.0 744.0
0.91796875 0.8995397686958313 1743.0 1997.0 22102.0 666.0
0.921875 0.8963708877563477 1729.0 2067.0 22032.0 680.0
0.90625 0.8958427906036377 1752.0 2104.0 21995.0 657.0
0.900390625 0.8870906829833984 1853.0 2437.0 21662.0 556.0
0.912109375 0.9122151732444763 1656.0 1574.0 22525.0 753.0
0.912109375 0.9002942442893982 1747.0 1981.0 22118.0 662.0
0.9140625 0.8977667093276978 1735.0 2036.0 22063.0 674.0
0.916015625 0.909197211265564 1678.0 1676.0 22423.0 731.0
0.921875 0.9102912545204163 1657.0 1626.0 22473.0 752.0
0.90625 0.8987098336219788 1699.0 1975.0 22124.0 710.0
0.9140625 0.9018786549568176 1674.0 1866.0 22233.0 735.0
0.87890625 0.88644939661026 1820.0 2421.0 21678.0 589.0
0.90625 0.898181676864624 1779.0 2069.0 22030.0 630.0
0.90234375 0.8999547362327576 1725.0 1968.0 22131.0 684.0
0.892578125 0.9019163846969604 1732.0 1923.0 22176.0 677.0
0.90625 0.906782865524292 1657.0 1719.0 22380.0 752.0
0.908203125 0.900331974029541 1705.0 1938.0 22161.0 704.0
0.9140625 0.9002942442893982 1705.0 1939.0 22160.0 704.0
0.923828125 0.8981062173843384 1759.0 2051.0 22048.0 650.0
0.912109375 0.8987098336219788 1770.0 2046.0 22053.0 639.0
0.91015625 0.896521806716919 1746.0 2080.0 22019.0 663.0
0.91015625 0.9060283899307251 1704.0 1786.0 22313.0 705.0
0.919921875 0.9105930328369141 1672.0 1633.0 22466.0 737.0
0.919921875 0.9062169790267944 1721.0 1798.0 22301.0 688.0
0.892578125 0.8968613147735596 1768.0 2093.0 22006.0 641.0
0.896484375 0.9069337844848633 1662.0 1720.0 22379.0 747.0
0.908203125 0.9092726707458496 1691.0 1687.0 22412.0 718.0
0.91015625 0.9060283899307251 1713.0 1795.0 22304.0 696.0
0.88671875 0.8990116119384766 1688.0 1956.0 22143.0 721.0
0.9140625 0.9066319465637207 1724.0 1790.0 22309.0 685.0
0.91015625 0.9001433253288269 1758.0 1996.0 22103.0 651.0
0.916015625 0.9039535522460938 1729.0 1866.0 22233.0 680.0
0.8828125 0.899124801158905 1794.0 2059.0 22040.0 615.0
0.896484375 0.9019918441772461 1744.0 1933.0 22166.0 665.0
0.92578125 0.9027840495109558 1725.0 1893.0 22206.0 684.0
0.908203125 0.9015014171600342 1711.0 1913.0 22186.0 698.0
0.91015625 0.8973894715309143 1787.0 2098.0 22001.0 622.0
0.90625 0.9064810872077942 1689.0 1759.0 22340.0 720.0
0.919921875 0.9155726432800293 1624.0 1453.0 22646.0 785.0
0.904296875 0.9104798436164856 1680.0 1644.0 22455.0 729.0
0.919921875 0.8988606929779053 1751.0 2023.0 22076.0 658.0
0.896484375 0.9006714820861816 1763.0 1987.0 22112.0 646.0
0.91796875 0.91180020570755 1708.0 1637.0 22462.0 701.0
0.89453125 0.8883355855941772 1840.0 2391.0 21708.0 569.0
0.900390625 0.9099516868591309 1634.0 1612.0 22487.0 775.0
0.892578125 0.9056134223937988 1715.0 1808.0 22291.0 694.0
0.908203125 0.8996529579162598 1773.0 2024.0 22075.0 636.0
0.90234375 0.8996906876564026 1720.0 1970.0 22129.0 689.0
0.90234375 0.9013505578041077 1734.0 1940.0 22159.0 675.0
0.900390625 0.9062547087669373 1710.0 1786.0 22313.0 699.0
0.90234375 0.8987098336219788 1764.0 2040.0 22059.0 645.0
0.87890625 0.9072732925415039 1671.0 1720.0 22379.0 738.0
0.919921875 0.9145541191101074 1601.0 1457.0 22642.0 808.0
0.9140625 0.9018032550811768 1767.0 1961.0 22138.0 642.0
0.912109375 0.9125169515609741 1723.0 1633.0 22466.0 686.0
0.888671875 0.8901841044425964 1835.0 2337.0 21762.0 574.0
0.921875 0.9091594815254211 1705.0 1704.0 22395.0 704.0
0.916015625 0.9070091843605042 1754.0 1810.0 22289.0 655.0
0.904296875 0.9034631252288818 1742.0 1892.0 22207.0 667.0
0.876953125 0.8995020389556885 1726.0 1981.0 22118.0 683.0
0.921875 0.9068583250045776 1619.0 1679.0 22420.0 790.0
0.923828125 0.9133846163749695 1632.0 1519.0 22580.0 777.0
0.8828125 0.8936924934387207 1816.0 2225.0 21874.0 593.0
0.912109375 0.8997283577919006 1742.0 1991.0 22108.0 667.0
0.9296875 0.9078013896942139 1672.0 1707.0 22392.0 737.0
0.9140625 0.9105175733566284 1671.0 1634.0 22465.0 738.0
0.91015625 0.8938433527946472 1811.0 2216.0 21883.0 598.0
0.921875 0.9076882600784302 1696.0 1734.0 22365.0 713.0
0.91796875 0.9148181676864624 1655.0 1504.0 22595.0 754.0
0.890625 0.8985211849212646 1806.0 2087.0 22012.0 603.0
0.908203125 0.9064810872077942 1758.0 1828.0 22271.0 651.0
0.90234375 0.8975403904914856 1772.0 2079.0 22020.0 637.0
0.91796875 0.9113852381706238 1677.0 1617.0 22482.0 732.0
0.900390625 0.9158744812011719 1602.0 1423.0 22676.0 807.0
0.912109375 0.8994643092155457 1771.0 2027.0 22072.0 638.0
0.92578125 0.9111211895942688 1650.0 1597.0 22502.0 759.0
0.90234375 0.9008601307868958 1731.0 1950.0 22149.0 678.0
0.94140625 0.9054247736930847 1710.0 1808.0 22291.0 699.0
0.89453125 0.9053493142127991 1709.0 1809.0 22290.0 700.0
0.91796875 0.8994265794754028 1736.0 1993.0 22106.0 673.0
0.9140625 0.8951637148857117 1785.0 2155.0 21944.0 624.0
0.90625 0.905839741230011 1672.0 1759.0 22340.0 737.0
0.9140625 0.9053493142127991 1741.0 1841.0 22258.0 668.0
0.904296875 0.9025954604148865 1747.0 1920.0 22179.0 662.0
0.908203125 0.9137241840362549 1698.0 1576.0 22523.0 711.0
0.912109375 0.9151954054832458 1640.0 1479.0 22620.0 769.0
0.873046875 0.8971254229545593 1748.0 2066.0 22033.0 661.0
0.927734375 0.9008978605270386 1749.0 1967.0 22132.0 660.0
0.888671875 0.9005582928657532 1756.0 1983.0 22116.0 653.0
0.91015625 0.9091217517852783 1704.0 1704.0 22395.0 705.0
0.900390625 0.9083672761917114 1696.0 1716.0 22383.0 713.0
0.8984375 0.907990038394928 1682.0 1712.0 22387.0 727.0
0.908203125 0.8963708877563477 1778.0 2116.0 21983.0 631.0
0.900390625 0.9101780652999878 1678.0 1650.0 22449.0 731.0
0.91796875 0.9008601307868958 1710.0 1929.0 22170.0 699.0
0.892578125 0.8806397914886475 1893.0 2648.0 21451.0 516.0
0.921875 0.9111589193344116 1656.0 1602.0 22497.0 753.0
0.89453125 0.8982571363449097 1765.0 2053.0 22046.0 644.0
0.908203125 0.9060661196708679 1703.0 1784.0 22315.0 706.0
0.919921875 0.9143277406692505 1688.0 1550.0 22549.0 721.0
0.931640625 0.9031990170478821 1751.0 1908.0 22191.0 658.0
0.896484375 0.8995397686958313 1762.0 2016.0 22083.0 647.0
0.900390625 0.9081786870956421 1716.0 1741.0 22358.0 693.0
0.9140625 0.9056511521339417 1684.0 1776.0 22323.0 725.0
0.908203125 0.9096499085426331 1712.0 1698.0 22401.0 697.0
0.900390625 0.8936924934387207 1814.0 2223.0 21876.0 595.0
0.908203125 0.8879960775375366 1760.0 2320.0 21779.0 649.0
0.923828125 0.9072355628013611 1697.0 1747.0 22352.0 712.0
0.91015625 0.8896559476852417 1798.0 2314.0 21785.0 611.0
0.921875 0.9104043841362 1663.0 1629.0 22470.0 746.0
0.900390625 0.8988984227180481 1737.0 2008.0 22091.0 672.0
0.931640625 0.9067451357841492 1716.0 1779.0 22320.0 693.0
0.90625 0.9026331901550293 1732.0 1904.0 22195.0 677.0
0.927734375 0.8977289795875549 1797.0 2099.0 22000.0 612.0
0.890625 0.8967858552932739 1796.0 2123.0 21976.0 613.0
0.89453125 0.9068583250045776 1718.0 1778.0 22321.0 691.0
0.876953125 0.888599693775177 1806.0 2350.0 21749.0 603.0
0.90625 0.8925984501838684 1813.0 2251.0 21848.0 596.0
0.916015625 0.9008978605270386 1760.0 1978.0 22121.0 649.0
0.91015625 0.9102912545204163 1685.0 1654.0 22445.0 724.0
0.892578125 0.9052738547325134 1748.0 1850.0 22249.0 661.0
