-3.905462026596069336e+00 -2.736184120178222656e+00 -4.941393375396728516e+00 2.519668817520141602e+00 4.515600204467773438e+00 -2.043864250183105469e+00 1.700649380683898926e+00 -3.539387941360473633e+00 9.741901606321334839e-02 1.146096825599670410e+00
-4.278842926025390625e+00 2.000175476074218750e+00 -2.204098463058471680e+00 5.501255989074707031e+00 4.922906756401062012e-01 -1.156623244285583496e+00 1.206535816192626953e+00 -7.512803673744201660e-01 -1.510999798774719238e+00 6.894805431365966797e-01
-3.645168542861938477e-01 2.331101179122924805e+00 -2.170409560203552246e-01 -2.615560404956340790e-02 7.499420642852783203e-01 2.123251676559448242e+00 -7.020087838172912598e-01 2.538799524307250977e+00 1.570697307586669922e+00 1.896765947341918945e+00
-1.358362436294555664e+00 4.238857030868530273e-01 -2.770538568496704102e+00 -2.459297657012939453e+00 -2.384737014770507812e+00 -3.341239690780639648e+00 -3.240973949432373047e-01 7.992011308670043945e-01 4.817306995391845703e-01 -4.205420315265655518e-01
7.184087038040161133e-01 7.417111396789550781e-01 2.594410181045532227e+00 -2.526457071304321289e+00 3.494384050369262695e+00 -2.582078456878662109e+00 3.242752075195312500e+00 1.660109400749206543e+00 2.672796726226806641e+00 2.090706974267959595e-01
-6.663415431976318359e-01 -1.886275291442871094e+00 -8.285718560218811035e-01 -3.789913415908813477e+00 4.825161933898925781e+00 -5.277779102325439453e+00 -4.522083282470703125e+00 -4.364244937896728516e+00 -4.531230032444000244e-01 3.927982226014137268e-02
8.719518184661865234e-01 4.861227512359619141e+00 -2.999123096466064453e+00 4.037054061889648438e+00 5.312726497650146484e+00 -5.996655464172363281e+00 -5.072815895080566406e+00 -1.895344018936157227e+00 6.748932838439941406e+00 -1.768233776092529297e+00
2.691469192504882812e+00 1.265815973281860352e+00 3.152410745620727539e+00 4.938844680786132812e+00 -7.340244054794311523e-01 -6.450669765472412109e+00 -1.712934970855712891e+00 2.943825006484985352e+00 1.265997409820556641e+00 4.427509784698486328e+00
1.113038897514343262e+00 3.094516515731811523e+00 -3.746304512023925781e+00 6.676798462867736816e-01 4.688585281372070312e+00 -2.147658616304397583e-01 -4.463322162628173828e+00 2.166427135467529297e+00 -1.510222673416137695e+00 2.688613891601562500e+00
3.553387165069580078e+00 2.817137956619262695e+00 4.890495300292968750e+00 -2.300493955612182617e+00 1.859361082315444946e-01 3.730064153671264648e+00 4.404715299606323242e-01 2.640332698822021484e+00 1.946727156639099121e+00 -1.087211608886718750e+00
7.887223362922668457e-01 2.728390216827392578e+00 -1.382660031318664551e+00 -8.405581712722778320e-01 -8.508137464523315430e-01 5.428119897842407227e-01 -1.657087802886962891e+00 1.654787778854370117e+00 1.011103391647338867e+00 7.370423078536987305e-01
3.091606140136718750e+00 -2.013919591903686523e+00 -3.396680951118469238e-01 -3.242070436477661133e+00 -5.870113372802734375e-01 -2.092973709106445312e+00 1.161630302667617798e-01 7.264659404754638672e-01 -8.083540201187133789e-01 -1.728107690811157227e+00
1.739572763442993164e+00 -1.384742021560668945e+00 2.798359155654907227e+00 -2.927239894866943359e+00 1.960514307022094727e+00 4.572152495384216309e-01 -2.193217277526855469e+00 7.573886513710021973e-01 -6.215187311172485352e-01 1.491854667663574219e+00
2.325104236602783203e+00 -1.443437933921813965e+00 5.682922840118408203e+00 -2.771712779998779297e+00 2.909790992736816406e+00 -4.712142944335937500e+00 2.748279333114624023e+00 -9.007717967033386230e-01 2.574042320251464844e+00 -2.553236484527587891e+00
-1.320089340209960938e+00 -3.118545293807983398e+00 3.542814731597900391e+00 -5.439807891845703125e+00 -4.760066509246826172e+00 -3.122465372085571289e+00 -2.877403199672698975e-01 1.930978894233703613e-01 6.971264839172363281e+00 8.019969463348388672e-01
3.369610011577606201e-01 1.654146909713745117e+00 -1.885365128517150879e+00 3.541690826416015625e+00 -5.415524005889892578e+00 -2.492664575576782227e+00 4.733509063720703125e+00 -8.909185528755187988e-01 2.513877391815185547e+00 -1.315458178520202637e+00
-3.270929455757141113e-01 5.304266929626464844e+00 3.152730464935302734e+00 6.598790645599365234e+00 4.983771800994873047e+00 4.530428946018218994e-01 -5.685581564903259277e-01 3.965811967849731445e+00 2.315051555633544922e+00 2.469319820404052734e+00
-1.587835550308227539e+00 8.711385726928710938e-01 3.181511402130126953e+00 -4.146360874176025391e+00 4.057553768157958984e+00 1.800860404968261719e+00 -8.645129799842834473e-01 -1.179225444793701172e+00 -4.627140998840332031e+00 3.624857425689697266e+00
4.999336898326873779e-01 4.171793460845947266e+00 -7.859735488891601562e-01 -2.937751412391662598e-01 -8.913106322288513184e-01 5.492247939109802246e-01 -2.340993165969848633e+00 1.194277286529541016e+00 5.045601129531860352e-01 -6.647451519966125488e-01
2.046092510223388672e+00 -3.602349758148193359e+00 -1.434195876121520996e+00 -2.890043020248413086e+00 -1.358488798141479492e+00 2.096700966358184814e-01 -4.315154850482940674e-01 6.618306636810302734e-01 4.391588687896728516e+00 1.931614041328430176e+00
2.561436891555786133e+00 3.964074373245239258e+00 6.549871563911437988e-01 -3.070342540740966797e+00 4.422058582305908203e+00 -7.484567761421203613e-01 3.605762958526611328e+00 -4.634251073002815247e-02 3.348531007766723633e+00 1.246280908584594727e+00
2.265090703964233398e+00 1.248758673667907715e+00 -2.906651735305786133e+00 -1.662227034568786621e+00 3.038651347160339355e-01 4.486716091632843018e-01 2.176046371459960938e+00 -2.190456628799438477e+00 6.403588652610778809e-01 1.081855654716491699e+00
-1.388114571571350098e+00 3.100560903549194336e+00 3.065205335617065430e+00 1.299674153327941895e+00 -1.636111259460449219e+00 1.883843302726745605e+00 -2.944488048553466797e+00 -1.885894775390625000e+00 -1.905237913131713867e+00 -2.883853197097778320e+00
4.875151216983795166e-01 6.105426233261823654e-03 3.073261737823486328e+00 5.982460379600524902e-01 2.641103029251098633e+00 5.183099508285522461e-01 5.018858239054679871e-02 1.582747340202331543e+00 -2.821581602096557617e+00 -3.075390577316284180e+00
-7.446272969245910645e-01 -1.022895127534866333e-01 -1.505710840225219727e+00 -1.360201001167297363e+00 -1.242849111557006836e+00 -4.192329943180084229e-01 1.319436073303222656e+00 -9.847161173820495605e-01 -3.017497062683105469e+00 -3.285437077283859253e-02
-3.385507166385650635e-01 -4.844444692134857178e-01 -2.891788005828857422e+00 -3.196892738342285156e+00 -2.439202070236206055e+00 -1.519674658775329590e+00 -4.021635353565216064e-01 -3.453117370605468750e+00 -2.212131977081298828e+00 1.330616712570190430e+00
7.181945443153381348e-01 -9.138669371604919434e-01 -4.845975339412689209e-01 -1.893936038017272949e+00 -2.240132808685302734e+00 -1.690417766571044922e+00 3.721967712044715881e-02 -3.546314477920532227e+00 -2.378226995468139648e+00 -3.611713945865631104e-01
2.106258422136306763e-01 1.286830186843872070e+00 3.212280750274658203e+00 1.085739850997924805e+00 5.697230100631713867e-01 1.727019429206848145e+00 -1.504515767097473145e+00 -2.146468877792358398e+00 -1.743309020996093750e+00 -2.566815614700317383e+00
2.422798633575439453e+00 -1.253035187721252441e+00 8.499574065208435059e-01 -2.199678897857666016e+00 -1.980278611183166504e+00 -1.890366315841674805e+00 4.847476184368133545e-01 2.467029839754104614e-01 -2.648906230926513672e+00 1.862856745719909668e+00
2.012901008129119873e-01 -2.457770824432373047e+00 1.760170459747314453e+00 -1.016245484352111816e+00 2.596502304077148438e+00 -2.462066650390625000e+00 2.227689504623413086e+00 1.752737879753112793e+00 -3.340033054351806641e+00 4.430387616157531738e-01
3.911216497421264648e+00 -9.278777241706848145e-01 9.834797978401184082e-01 -1.726398348808288574e+00 2.003628730773925781e+00 -3.893831372261047363e-01 -6.399687379598617554e-02 -2.178174018859863281e+00 -3.997798264026641846e-01 1.999201893806457520e+00
-4.793906584382057190e-02 -4.806649208068847656e+00 -4.467458724975585938e-01 -8.316059708595275879e-01 -3.348092794418334961e+00 4.882468283176422119e-01 -1.481875777244567871e+00 -4.222984910011291504e-01 -5.641836166381835938e+00 1.373391866683959961e+00
4.681577682495117188e+00 -9.697350859642028809e-01 -1.636181116104125977e+00 2.761474847793579102e+00 4.509513080120086670e-01 -3.262239042669534683e-03 3.233509540557861328e+00 1.042799949645996094e+00 -6.344100952148437500e+00 2.512595176696777344e+00
3.406206130981445312e+00 -2.761499643325805664e+00 -2.077557802200317383e+00 -1.301418662071228027e+00 3.406473636627197266e+00 -2.007400989532470703e+00 9.577388763427734375e-01 -7.371853828430175781e+00 2.108896255493164062e+00 4.680548012256622314e-01
-4.779055118560791016e-01 2.362426757812500000e+00 -4.496163845062255859e+00 2.035891771316528320e+00 3.073927640914916992e+00 -1.652401208877563477e+00 -2.839890003204345703e+00 4.329212188720703125e+00 -1.057389140129089355e+00 -6.467027187347412109e+00
-3.172011852264404297e+00 -4.210873603820800781e+00 -1.643031001091003418e+00 -5.662798285484313965e-01 -1.242859482765197754e+00 -8.295800089836120605e-01 -3.648833513259887695e+00 2.984988451004028320e+00 3.347056388854980469e+00 -6.669121265411376953e+00
1.459792554378509521e-01 3.026931285858154297e+00 -8.450469374656677246e-01 4.892607629299163818e-01 -1.235161542892456055e+00 1.089140057563781738e+00 -2.024136066436767578e+00 2.652922868728637695e+00 -9.725407958030700684e-01 -7.843165993690490723e-01
2.293801069259643555e+00 3.484618186950683594e+00 1.030505299568176270e+00 -5.233650803565979004e-01 1.673830151557922363e+00 1.066737890243530273e+00 1.009415268898010254e+00 2.660167217254638672e+00 6.474615335464477539e-01 -1.499298810958862305e+00
1.908928871154785156e+00 -9.704216718673706055e-01 1.061141252517700195e+00 -7.461769580841064453e-01 -1.232943654060363770e+00 2.109285831451416016e+00 -2.321765661239624023e+00 8.219444155693054199e-01 -9.370979070663452148e-01 -3.054209232330322266e+00
1.408744454383850098e+00 3.540544271469116211e+00 -1.784155249595642090e+00 -2.603865146636962891e+00 2.033440828323364258e+00 2.393573045730590820e+00 2.044653892517089844e+00 3.431308269500732422e-02 3.973329305648803711e+00 3.096281528472900391e+00
-3.056123018264770508e+00 -2.626568078994750977e-01 3.147569656372070312e+00 -3.363564729690551758e+00 8.635718375444412231e-02 -1.123613584786653519e-02 -2.489405632019042969e+00 -9.392684102058410645e-01 3.705929756164550781e+00 -1.734043717384338379e+00
-1.473830044269561768e-01 5.070899009704589844e+00 3.053405284881591797e+00 -1.471542000770568848e+00 -1.193447947502136230e+00 -1.095104932785034180e+00 -1.902556300163269043e+00 -3.092829227447509766e+00 -2.481525897979736328e+00 -1.698641538619995117e+00
8.983798027038574219e-01 -3.480318784713745117e+00 -2.658728837966918945e+00 -4.099799156188964844e+00 3.831787586212158203e+00 -1.730349302291870117e+00 -1.646370887756347656e+00 1.073137760162353516e+00 -3.993786334991455078e+00 1.763826727867126465e+00
-3.968657732009887695e+00 3.734650850296020508e+00 4.168529808521270752e-01 -5.750837326049804688e-01 -5.487034797668457031e+00 6.424832344055175781e-01 4.142962932586669922e+00 3.676869630813598633e+00 -4.032055735588073730e-01 1.942405700683593750e-01
-1.801650643348693848e+00 2.057817459106445312e+00 -1.489750385284423828e+00 -3.621854543685913086e+00 -6.223915815353393555e-01 2.672605276107788086e+00 -2.003863573074340820e+00 -2.044739007949829102e+00 8.150947093963623047e-01 3.713256835937500000e+00
1.526026010513305664e+00 -1.624253153800964355e+00 2.277955532073974609e+00 3.245514035224914551e-01 1.364253461360931396e-01 1.053661666810512543e-02 -6.361867189407348633e-01 -3.576759099960327148e+00 -2.802300751209259033e-01 -1.832921266555786133e+00
-1.661638170480728149e-01 -2.738863825798034668e-01 -5.560060739517211914e-01 -1.479490280151367188e+00 -1.301795244216918945e+00 -2.785223722457885742e-01 5.255182385444641113e-01 -1.362422227859497070e+00 -9.270676374435424805e-01 1.541014313697814941e+00
-2.193891763687133789e+00 1.941001772880554199e+00 -2.264234781265258789e+00 1.889803409576416016e+00 6.322236061096191406e-01 2.416777372360229492e+00 3.107173681259155273e+00 5.652638673782348633e-01 -6.472776532173156738e-01 2.312766551971435547e+00
3.869080305099487305e+00 -1.326211690902709961e+00 -7.774801254272460938e-01 -4.709427356719970703e+00 -2.661382913589477539e+00 1.956533670425415039e+00 -3.455532550811767578e+00 1.085174322128295898e+00 1.988861799240112305e+00 1.484144330024719238e+00
3.945221424102783203e+00 -1.201675534248352051e+00 1.680737853050231934e+00 1.704470515251159668e+00 2.253475189208984375e+00 9.878485798835754395e-01 -8.697282671928405762e-01 -3.373377323150634766e+00 -6.229014396667480469e-01 -2.651746869087219238e-01
-8.795379847288131714e-02 8.127724528312683105e-01 6.036461591720581055e-01 -2.021322488784790039e+00 -2.283113956451416016e+00 2.427904903888702393e-01 2.491878271102905273e+00 -1.358735680580139160e+00 4.999570846557617188e-01 5.758254528045654297e+00
4.862974166870117188e+00 8.498535752296447754e-01 5.018756911158561707e-02 1.234604120254516602e+00 -7.163802385330200195e-01 2.936754703521728516e+00 1.896361708641052246e+00 1.153765797615051270e+00 2.908694982528686523e+00 -5.895338058471679688e+00
-1.512454748153686523e+00 2.645484209060668945e-01 2.513438940048217773e+00 -6.969511032104492188e+00 1.298946022987365723e+00 -6.161140918731689453e+00 5.732015967369079590e-01 1.472352743148803711e+00 2.396654367446899414e+00 1.666461944580078125e+00
1.162634715437889099e-01 2.143747329711914062e+00 -5.198996543884277344e+00 -1.512476801872253418e+00 -1.072873473167419434e+00 -1.973623633384704590e+00 -7.339043617248535156e+00 -1.141577243804931641e+00 -1.152302026748657227e+00 -8.229842782020568848e-01
-7.776257991790771484e-01 -3.226467132568359375e+00 -3.246034383773803711e+00 -8.967053294181823730e-01 1.494820237159729004e+00 8.787316083908081055e-01 1.207499027252197266e+00 2.952989101409912109e+00 2.060404777526855469e+00 -1.193991184234619141e+00
1.984226703643798828e+00 3.815379142761230469e+00 4.588410854339599609e-01 -8.062088489532470703e-01 1.068654656410217285e+00 1.288764476776123047e+00 2.721859216690063477e-01 2.539353132247924805e+00 3.738574087619781494e-01 -1.069144368171691895e+00
1.746070504188537598e+00 2.061171293258666992e+00 1.104349374771118164e+00 5.407401919364929199e-01 1.888641238212585449e+00 2.806357622146606445e+00 1.982591867446899414e+00 3.092026233673095703e+00 -4.844907522201538086e-01 -3.276019811630249023e+00
1.729574680328369141e+00 -7.819558978080749512e-01 1.314377188682556152e+00 -1.625379323959350586e+00 -2.057667732238769531e+00 1.251079678535461426e+00 -2.434774875640869141e+00 2.657445073127746582e-01 -9.936479330062866211e-01 -3.556919097900390625e+00
1.841871976852416992e+00 -7.750400900840759277e-01 1.477585554122924805e+00 -1.667954683303833008e+00 -1.777319192886352539e+00 1.415774226188659668e+00 -2.868057727813720703e+00 5.226813554763793945e-01 -2.560847401618957520e-01 -2.958191871643066406e+00
-2.664491653442382812e+00 -2.406489372253417969e+00 4.386048316955566406e-01 -2.595212757587432861e-01 -8.236584067344665527e-01 3.614888191223144531e-01 1.481714606285095215e+00 4.694739580154418945e-01 -6.165700778365135193e-02 -4.141132831573486328e+00
-1.910339295864105225e-01 -3.551902249455451965e-02 2.266912460327148438e+00 -2.270095348358154297e+00 3.595065832138061523e+00 -5.358574390411376953e-01 1.469636429101228714e-02 -6.532199382781982422e-01 -4.150597155094146729e-01 1.385982155799865723e+00
1.728639602661132812e+00 -7.000553607940673828e-01 1.156332254409790039e+00 -1.131985068321228027e+00 -1.790109634399414062e+00 1.701174616813659668e+00 -2.507775068283081055e+00 8.539308309555053711e-01 -7.725667357444763184e-01 -3.060296058654785156e+00
-1.204540014266967773e+00 3.476015329360961914e+00 -2.200541019439697266e+00 -2.794929742813110352e+00 -2.974403142929077148e+00 3.219890356063842773e+00 -1.866980910301208496e+00 7.878187894821166992e-01 -4.518254660069942474e-03 6.064811944961547852e-01
2.079441308975219727e+00 -6.045457124710083008e-01 9.742605090141296387e-01 -1.379747152328491211e+00 -2.573424875736236572e-01 2.193233013153076172e+00 -1.536313533782958984e+00 1.357799649238586426e+00 -4.400840401649475098e-01 -2.401967525482177734e+00
1.307571887969970703e+00 -2.893703579902648926e-01 7.306501865386962891e-01 -5.663257241249084473e-01 -1.519059181213378906e+00 2.678244829177856445e+00 -2.125583171844482422e+00 9.343799352645874023e-01 -7.738533616065979004e-01 -2.976954460144042969e+00
1.751502633094787598e+00 -1.231675505638122559e+00 9.058797955513000488e-01 -4.642154872417449951e-01 -1.762423038482666016e+00 1.156417727470397949e+00 -1.466739892959594727e+00 6.050276756286621094e-01 -1.821840405464172363e+00 -3.752721071243286133e+00
2.112210750579833984e+00 -1.040135979652404785e+00 1.555856943130493164e+00 -5.327301621437072754e-01 -1.056088805198669434e+00 1.806491732597351074e+00 -2.376377105712890625e+00 9.151548743247985840e-01 -1.296517491340637207e+00 -3.291609048843383789e+00
1.895568251609802246e+00 -7.047736048698425293e-01 1.233678221702575684e+00 -1.431123971939086914e+00 -2.058215379714965820e+00 1.605738282203674316e+00 -2.897100687026977539e+00 5.302310585975646973e-01 -7.433448433876037598e-01 -2.922459125518798828e+00
2.122520446777343750e+00 -1.071269631385803223e+00 1.507992744445800781e+00 -6.225010752677917480e-01 -1.240138053894042969e+00 1.909145593643188477e+00 -2.580250740051269531e+00 7.270466089248657227e-01 -6.953600645065307617e-01 -3.277131319046020508e+00
2.703772068023681641e+00 2.104029417037963867e+00 1.229719281196594238e+00 1.022424697875976562e+00 1.853268265724182129e+00 2.791890859603881836e+00 1.041962981224060059e+00 1.543152689933776855e+00 -7.345794439315795898e-01 -3.166623830795288086e+00
1.465845227241516113e+00 -1.193242073059082031e+00 1.043172836303710938e+00 -3.280877321958541870e-02 -2.039024591445922852e+00 1.345236182212829590e+00 -1.314752936363220215e+00 5.637624859809875488e-01 -1.842436075210571289e+00 -3.826056718826293945e+00
2.404584884643554688e+00 -8.848827332258224487e-02 -2.140548378229141235e-01 -1.272746175527572632e-01 1.639985561370849609e+00 3.764870762825012207e-01 1.153734803199768066e+00 -2.365606129169464111e-01 -3.875048637390136719e+00 -2.080035924911499023e+00
1.750699639320373535e+00 4.442832946777343750e+00 4.484208822250366211e-01 -8.983164429664611816e-01 1.249350190162658691e+00 -3.907068371772766113e-01 1.415068984031677246e+00 -1.162171602249145508e+00 -3.462189435958862305e+00 -1.626685023307800293e+00
-3.986447155475616455e-01 6.040132522583007812e+00 1.176009774208068848e+00 -3.931124925613403320e+00 -3.437280654907226562e-01 -3.488936662673950195e+00 6.455506086349487305e-01 -2.145646333694458008e+00 -4.401690959930419922e+00 4.153992533683776855e-01
-7.119760036468505859e+00 5.290782451629638672e+00 7.267063260078430176e-01 6.260311603546142578e-01 -7.599113583564758301e-01 -2.355947017669677734e+00 6.537827253341674805e-01 -3.945728540420532227e+00 -8.193103671073913574e-01 -4.169437408447265625e+00
-3.706005811691284180e+00 1.933437347412109375e+00 1.195622682571411133e-01 -3.880841434001922607e-01 -4.888513565063476562e+00 -7.484533637762069702e-02 1.976834654808044434e+00 1.713094592094421387e+00 -3.994925737380981445e+00 -7.370269894599914551e-01
1.792350709438323975e-01 3.819694519042968750e+00 1.669608116149902344e+00 -2.139614820480346680e+00 1.927199006080627441e+00 2.638301610946655273e+00 -2.599053382873535156e+00 -3.877187967300415039e+00 2.094942092895507812e+00 3.563995838165283203e+00
-7.699402570724487305e-01 4.497406482696533203e+00 2.287677764892578125e+00 1.669903159141540527e+00 3.466223239898681641e+00 2.939686298370361328e+00 -1.214547082781791687e-01 -5.963160991668701172e+00 1.780050992965698242e+00 6.826730370521545410e-01
-1.997595548629760742e+00 -4.772484779357910156e+00 -7.637778520584106445e-01 6.562080979347229004e-01 -3.667035818099975586e+00 -2.824717164039611816e-01 2.057285785675048828e+00 -1.413716226816177368e-01 -4.290842533111572266e+00 -7.334102988243103027e-01
-3.142583370208740234e+00 -2.670608997344970703e+00 -1.227954402565956116e-01 -8.365320563316345215e-01 -1.178921461105346680e+00 -1.430327892303466797e+00 1.751823782920837402e+00 1.389398872852325439e-01 -2.421614646911621094e+00 1.489768505096435547e+00
-8.626178503036499023e-01 -1.770242094993591309e+00 9.833236038684844971e-02 2.290127426385879517e-01 -3.467121362686157227e+00 -2.781873047351837158e-01 3.276414871215820312e-01 7.830718755722045898e-01 -3.856487751007080078e+00 1.754103422164916992e+00
-3.296366691589355469e+00 1.756822943687438965e+00 4.757209300994873047e+00 2.123801946640014648e+00 -4.757343530654907227e-01 9.483605027198791504e-01 -1.817678213119506836e+00 -2.017957210540771484e+00 -2.202072620391845703e+00 6.717865467071533203e-01
-4.765054225921630859e+00 -1.521265029907226562e+00 2.112930059432983398e+00 4.300711452960968018e-01 -1.176140666007995605e+00 5.078626275062561035e-01 1.089700818061828613e+00 -1.955127120018005371e+00 -1.433903813362121582e+00 1.908111095428466797e+00
7.565110921859741211e-02 -8.715656399726867676e-02 2.974056243896484375e+00 -1.994571447372436523e+00 -1.024957299232482910e+00 4.082767009735107422e+00 8.210063725709915161e-02 -3.800063848495483398e+00 -5.455666542053222656e+00 -1.031615257263183594e+00
6.961255669593811035e-01 6.152278743684291840e-03 -1.785712122917175293e+00 3.754129409790039062e-01 -3.831752300262451172e+00 -7.992876768112182617e-01 1.127120137214660645e+00 2.942494392395019531e+00 3.487377643585205078e+00 1.823161602020263672e+00
2.621264934539794922e+00 -2.744667530059814453e+00 3.237522840499877930e+00 -2.348432779312133789e+00 5.028772830963134766e+00 3.876230716705322266e-01 -7.531223297119140625e-01 3.639269828796386719e+00 -4.035961151123046875e+00 4.771920442581176758e-01
2.227843046188354492e+00 -1.177286148071289062e+00 7.469831109046936035e-01 1.610146880149841309e+00 1.291078925132751465e-01 -2.559898853302001953e+00 -4.395264625549316406e+00 -4.431396961212158203e+00 4.159220218658447266e+00 -7.868343591690063477e-02
3.342438042163848877e-01 -2.132210016250610352e+00 -4.536902427673339844e+00 6.664805412292480469e-01 -1.364055991172790527e+00 1.701722383499145508e+00 2.812001943588256836e+00 1.584478378295898438e+00 -1.688942074775695801e+00 1.676708698272705078e+00
-2.374490261077880859e+00 -8.540588617324829102e-01 2.970281839370727539e+00 -1.809374094009399414e-01 4.058255672454833984e+00 -4.721073806285858154e-01 -3.378583431243896484e+00 -9.570363759994506836e-01 3.445486068725585938e+00 2.582635164260864258e+00
-1.367225170135498047e+00 2.525939464569091797e+00 3.181677103042602539e+00 -1.477064132690429688e+00 -2.589069843292236328e+00 9.055474996566772461e-01 -1.717668414115905762e+00 -6.062549352645874023e-01 2.148034572601318359e+00 -3.753467559814453125e+00
-4.089216709136962891e+00 1.788219332695007324e+00 -4.672918468713760376e-02 -4.590833187103271484e+00 -6.139632225036621094e+00 -1.448385596275329590e+00 1.017835974693298340e+00 5.494373798370361328e+00 1.856119871139526367e+00 -2.487415224313735962e-01
-3.203023672103881836e+00 2.397102355957031250e+00 -5.983828306198120117e-01 1.415196299552917480e+00 -1.289660453796386719e+00 3.243609666824340820e+00 1.217767357826232910e+00 1.249641895294189453e+00 -2.823144674301147461e+00 -5.494751930236816406e+00
2.815521001815795898e+00 -4.119802415370941162e-01 2.765065431594848633e+00 -2.696466445922851562e+00 -9.160766005516052246e-02 4.405826926231384277e-01 -4.563067436218261719e+00 6.449414491653442383e-01 2.162005007266998291e-01 -2.600758075714111328e+00
2.323971986770629883e+00 5.583455562591552734e-01 -2.480505466461181641e+00 -1.296436667442321777e+00 -2.948240995407104492e+00 3.029000043869018555e+00 -1.095743060111999512e+00 6.714985966682434082e-01 -7.208456397056579590e-01 -2.603079676628112793e-01
