4.211063385009765625e+00 2.645714759826660156e+00 3.414996862411499023e+00 6.501467227935791016e-01 -8.753555417060852051e-01 -6.513219326734542847e-02 -1.717656850814819336e+00 1.993659257888793945e+00 -5.798761844635009766e+00 4.083670139312744141e+00
2.365205287933349609e+00 -2.772662401199340820e+00 -7.441842555999755859e-01 6.533331871032714844e+00 -2.869202852249145508e+00 3.289680182933807373e-02 -6.180319190025329590e-01 -1.221642643213272095e-01 -2.381046533584594727e+00 4.530876159667968750e+00
-1.441851377487182617e+00 -9.927277266979217529e-02 -2.526261568069458008e+00 -6.399476528167724609e-01 2.959763050079345703e+00 7.146147489547729492e-01 2.404186725616455078e+00 6.186578869819641113e-01 -5.966137051582336426e-01 -5.983433723449707031e-01
4.481825351715087891e+00 -4.885033071041107178e-01 3.887511014938354492e+00 -1.695867061614990234e+00 -1.332098841667175293e+00 -3.116748809814453125e+00 1.270283699035644531e+00 1.534397721290588379e+00 -3.468968152999877930e+00 1.543733954429626465e+00
-2.782449245452880859e+00 -3.292031526565551758e+00 -7.958565354347229004e-01 1.533008098602294922e+00 5.152914524078369141e-01 -1.943468570709228516e+00 -2.473304033279418945e+00 2.187284231185913086e+00 -7.543741464614868164e-01 6.606559753417968750e-01
1.667703509330749512e+00 -4.637600898742675781e+00 2.487770557403564453e+00 9.407044053077697754e-01 1.677084565162658691e+00 1.933829426765441895e+00 1.228086948394775391e+00 1.346181869506835938e+00 -3.252869844436645508e+00 5.628357529640197754e-01
4.265649020671844482e-01 -2.179702281951904297e+00 -1.833908677101135254e+00 2.909818172454833984e+00 1.160961747169494629e+00 -6.062629699707031250e+00 4.436274528503417969e+00 7.259180545806884766e+00 1.391045451164245605e+00 -2.735942125320434570e+00
-1.228700876235961914e+00 -1.808891415596008301e+00 1.722224593162536621e+00 3.699214220046997070e+00 6.183939456939697266e+00 -3.113319396972656250e+00 1.629939794540405273e+00 -1.450513124465942383e+00 3.478802442550659180e+00 -3.243725746870040894e-02
-9.853604435920715332e-01 6.912683963775634766e+00 -1.974967002868652344e+00 3.025570631027221680e+00 -5.740384012460708618e-02 3.277718782424926758e+00 3.045191764831542969e+00 2.217070579528808594e+00 -6.753243505954742432e-02 4.089669883251190186e-01
-4.279209136962890625e+00 3.587735891342163086e+00 1.850668549537658691e+00 -1.206689596176147461e+00 -3.781007528305053711e+00 -8.037436485290527344e+00 -3.373014211654663086e+00 -5.265356540679931641e+00 7.394571304321289062e-01 -6.988013267517089844e+00
2.741046905517578125e+00 2.324875742197036743e-01 2.926693439483642578e+00 -1.881479322910308838e-01 -6.979380249977111816e-01 1.273897647857666016e+00 7.306665778160095215e-01 -1.134767055511474609e+00 1.285789251327514648e+00 6.795529723167419434e-01
1.957730531692504883e+00 -1.630729794502258301e+00 2.241415262222290039e+00 -1.114261150360107422e+00 -3.058233737945556641e+00 7.002635002136230469e-01 -3.266742229461669922e+00 -9.260740280151367188e-01 9.596695899963378906e-01 3.834392547607421875e+00
5.053824424743652344e+00 -2.522802829742431641e+00 -2.702035903930664062e+00 -9.978158473968505859e-01 3.601203560829162598e-01 -2.054951339960098267e-01 7.968513369560241699e-01 -3.962897300720214844e+00 -7.372478842735290527e-01 1.084248185157775879e+00
-1.960590362548828125e+00 1.529989242553710938e+00 1.951608180999755859e+00 -3.967679977416992188e+00 2.350721120834350586e+00 -2.139689683914184570e+00 3.517906904220581055e+00 -5.102217793464660645e-01 1.527629375457763672e+00 1.784206032752990723e+00
-4.137327671051025391e+00 -9.933418035507202148e-01 2.492118358612060547e+00 -1.487639188766479492e+00 1.676483273506164551e+00 -1.055116891860961914e+00 6.317492961883544922e+00 1.413582682609558105e+00 -2.436830282211303711e+00 -1.424121975898742676e+00
1.807429194450378418e+00 -3.675311505794525146e-01 -3.070595264434814453e+00 6.014184951782226562e+00 -3.653364181518554688e-01 2.377876281738281250e+00 4.382424831390380859e+00 6.593811035156250000e+00 4.596560001373291016e+00 1.119128823280334473e+00
2.401140689849853516e+00 2.023346662521362305e+00 8.372829556465148926e-01 8.594656586647033691e-01 -2.933213114738464355e-01 2.465967655181884766e+00 -3.584954977035522461e+00 2.964014530181884766e+00 4.251249313354492188e+00 2.156960010528564453e+00
-3.893991708755493164e+00 -1.824801683425903320e+00 -2.995379686355590820e+00 -3.861146450042724609e+00 4.187337398529052734e+00 1.156939625740051270e+00 -1.888722777366638184e+00 7.334199905395507812e+00 -7.291559696197509766e+00 1.323575377464294434e+00
-8.522877693176269531e-01 -1.658988475799560547e+00 -2.792265176773071289e+00 3.605879545211791992e+00 5.232086777687072754e-01 1.519273400306701660e+00 4.837522506713867188e-01 -2.045407772064208984e+00 1.107875585556030273e+00 2.847026109695434570e+00
-3.876210927963256836e+00 3.870110988616943359e+00 3.366027832031250000e+00 -5.794079899787902832e-01 -2.554866313934326172e+00 6.264222264289855957e-01 -8.865683078765869141e-01 4.877928495407104492e-01 1.935400724411010742e+00 2.430580139160156250e+00
-3.231897592544555664e+00 -2.242474794387817383e+00 1.120604276657104492e+00 -2.178078413009643555e+00 6.024639606475830078e-01 -3.101154863834381104e-01 1.452280879020690918e+00 2.043208122253417969e+00 1.578929781913757324e+00 2.034180402755737305e+00
-1.492088008671998978e-02 -2.276789188385009766e+00 -3.327755928039550781e+00 -5.412148237228393555e-01 4.503426551818847656e-01 -2.705522537231445312e+00 1.913631677627563477e+00 -8.158048391342163086e-01 1.265595387667417526e-02 6.328040957450866699e-01
-1.306655168533325195e+00 -1.217354416847229004e+00 2.966404438018798828e+00 -1.177998185157775879e+00 4.905604198575019836e-02 -1.169075131416320801e+00 4.503948211669921875e+00 -1.336472630500793457e+00 -3.317429423332214355e-01 -7.413221001625061035e-01
-3.056090354919433594e+00 -6.413775086402893066e-01 -4.692460536956787109e+00 8.845658600330352783e-02 2.175426959991455078e+00 -2.427140235900878906e+00 1.556944370269775391e+00 -4.088023900985717773e-01 1.029840350151062012e+00 3.115133285522460938e+00
-1.223005771636962891e+00 3.150877714157104492e+00 1.439241051673889160e+00 -1.554278492927551270e+00 -9.882305860519409180e-01 2.666028499603271484e+00 6.698349863290786743e-02 3.249348104000091553e-01 2.481675893068313599e-01 -6.361805200576782227e-01
6.127176880836486816e-01 -2.286092042922973633e-01 -2.258977651596069336e+00 -9.682624936103820801e-01 4.614934444427490234e+00 -2.380086183547973633e+00 -3.531403541564941406e+00 1.146506190299987793e+00 -4.412271976470947266e+00 1.500140786170959473e+00
-1.830099821090698242e+00 2.285854816436767578e+00 1.598983526229858398e+00 -1.276709079742431641e+00 1.424389362335205078e+00 3.768511533737182617e+00 -6.797404289245605469e-01 -1.063003063201904297e+00 -6.651974320411682129e-01 6.547771692276000977e-01
-1.520369768142700195e+00 1.386440515518188477e+00 3.100175857543945312e+00 -3.403159379959106445e+00 -7.416597008705139160e-01 3.745529174804687500e+00 -2.746063172817230225e-01 1.141792058944702148e+00 1.798821210861206055e+00 3.704426765441894531e+00
1.988655090332031250e+00 -1.028491139411926270e+00 -3.718400716781616211e+00 1.280301332473754883e+00 2.737627327442169189e-01 -2.901485204696655273e+00 1.571369647979736328e+00 1.791376709938049316e+00 -3.713654279708862305e+00 -2.285898685455322266e+00
1.820424556732177734e+00 1.454653024673461914e+00 1.471010088920593262e+00 -2.181214839220046997e-01 -4.430693149566650391e+00 7.229040265083312988e-01 -1.443085074424743652e+00 7.317835688591003418e-01 1.150813460350036621e+00 1.953772902488708496e+00
2.483743190765380859e+00 -2.276397228240966797e+00 -3.112158924341201782e-02 -2.150937467813491821e-01 -1.282856464385986328e-01 2.744557142257690430e+00 -3.779687583446502686e-01 -2.687987089157104492e+00 -4.885491728782653809e-01 -3.675974369049072266e+00
-5.965676307678222656e+00 -1.816574573516845703e+00 -3.116698265075683594e+00 -1.062856197357177734e+00 2.282701730728149414e+00 2.811593115329742432e-01 2.524633109569549561e-01 6.683316707611083984e+00 1.177164435386657715e+00 3.385719299316406250e+00
3.490294218063354492e-01 -4.753135204315185547e+00 3.690592050552368164e-01 -4.762368679046630859e+00 4.914332389831542969e+00 -5.779053211212158203e+00 3.144440174102783203e+00 7.721186280250549316e-01 -1.241205811500549316e+00 -1.461923122406005859e+00
1.803756237030029297e+00 -2.712189257144927979e-01 -1.557735085487365723e+00 5.688039660453796387e-01 -1.009974241256713867e+00 4.252827644348144531e+00 2.373158931732177734e+00 7.107913494110107422e-02 -1.962773323059082031e+00 -5.779419898986816406e+00
4.767793178558349609e+00 3.794200897216796875e+00 1.394128054380416870e-01 -3.208429336547851562e+00 5.822681263089179993e-02 -4.369459152221679688e+00 -3.761304378509521484e+00 4.494547843933105469e+00 -2.066674947738647461e+00 1.234395980834960938e+00
2.850686311721801758e+00 6.023820877075195312e+00 4.016599655151367188e+00 -1.039245843887329102e+00 -7.840796113014221191e-01 2.050686597824096680e+00 -2.558855295181274414e+00 -3.192049980163574219e+00 3.215546846389770508e+00 6.388421535491943359e+00
3.150768518447875977e+00 9.710059762001037598e-01 -2.147487401962280273e+00 7.911122441291809082e-01 9.564376473426818848e-01 -1.153437376022338867e+00 -1.430520296096801758e+00 -4.176311492919921875e-01 1.344022393226623535e+00 -2.543592929840087891e+00
-2.037602663040161133e+00 1.819640636444091797e+00 -2.817957997322082520e-01 3.499932050704956055e+00 -4.383615493774414062e+00 -3.414589166641235352e+00 -4.557787477970123291e-01 1.419911503791809082e+00 1.479567527770996094e+00 -2.890526056289672852e+00
-2.851260423660278320e+00 9.459356665611267090e-01 -5.379843115806579590e-01 8.620207309722900391e-01 -2.706685543060302734e+00 1.558832526206970215e+00 -1.414041876792907715e+00 1.227420449256896973e+00 3.201365470886230469e-01 -8.835908174514770508e-01
1.241230130195617676e+00 -3.948917150497436523e+00 -3.265786886215209961e+00 6.839216947555541992e-01 1.806623935699462891e+00 3.912213325500488281e+00 2.355397641658782959e-01 -1.274229764938354492e+00 -1.176851272583007812e+00 7.540620565414428711e-01
-3.585840463638305664e+00 -1.441942453384399414e+00 -3.831261396408081055e+00 1.375187039375305176e+00 4.583573639392852783e-01 -2.686595916748046875e+00 4.650074958801269531e+00 -1.561753749847412109e-01 6.765775084495544434e-01 3.058359622955322266e+00
-5.333730697631835938e+00 -1.167977005243301392e-01 8.759383559226989746e-01 1.127291798591613770e+00 -2.750010013580322266e+00 -1.803953051567077637e+00 3.332576036453247070e+00 7.564616799354553223e-01 -1.387246251106262207e+00 1.587073802947998047e+00
-2.464868545532226562e+00 -3.969223201274871826e-01 2.203788757324218750e+00 1.756756544113159180e+00 1.053308486938476562e+00 4.543498039245605469e+00 1.378082156181335449e+00 2.762880027294158936e-01 -2.091567993164062500e+00 -7.644762992858886719e-01
2.460763692855834961e+00 6.865959167480468750e-01 1.980265378952026367e+00 -2.598240375518798828e+00 -2.938008546829223633e+00 -3.771388828754425049e-01 1.411593556404113770e+00 4.436594247817993164e-02 -3.392147541046142578e+00 -1.570416927337646484e+00
6.739468574523925781e-01 7.377644538879394531e+00 -2.846134424209594727e+00 2.161079883575439453e+00 1.445298552513122559e+00 -4.150765895843505859e+00 4.836915016174316406e+00 -3.499434947967529297e+00 -1.484353661537170410e+00 -3.817537069320678711e+00
1.354068875312805176e+00 3.126408576965332031e+00 1.084315180778503418e+00 -1.659241676330566406e+00 -4.184218406677246094e+00 1.372335314750671387e+00 -3.912801027297973633e+00 3.614785432815551758e+00 1.836344599723815918e+00 -3.749137401580810547e+00
2.108851373195648193e-01 2.681202411651611328e+00 -1.027182340621948242e+00 6.787922978401184082e-01 -1.410762906074523926e+00 -1.151228785514831543e+00 1.642162084579467773e+00 2.038727760314941406e+00 -8.581797480583190918e-01 -1.641441345214843750e+00
-1.776747941970825195e+00 -1.591631889343261719e+00 -1.127309918403625488e+00 2.222651839256286621e-01 -1.148045420646667480e+00 -2.354470968246459961e+00 1.140927672386169434e+00 -1.021752238273620605e+00 9.152694791555404663e-02 -5.718147754669189453e-01
2.218140602111816406e+00 -3.463591814041137695e+00 -2.133187532424926758e+00 1.752408027648925781e+00 -1.525304436683654785e+00 -1.329365611076354980e+00 3.901911675930023193e-01 -1.462405800819396973e+00 -2.648170948028564453e+00 -2.563933849334716797e+00
-5.276478528976440430e-01 4.045279026031494141e+00 -1.428286194801330566e+00 -2.094458341598510742e+00 -1.190202236175537109e-01 5.198388695716857910e-01 2.029210090637207031e+00 -1.518239855766296387e+00 4.504350185394287109e+00 -7.359385490417480469e-01
-8.285678625106811523e-01 2.385239839553833008e+00 1.295272231101989746e+00 8.074998855590820312e-01 -2.338341951370239258e+00 -7.161210775375366211e-01 -1.348493546247482300e-01 -2.315607786178588867e+00 -9.697800278663635254e-01 -4.573941707611083984e+00
2.194813013076782227e+00 6.823279857635498047e+00 -1.192012667655944824e+00 -2.317808866500854492e+00 3.861340284347534180e+00 3.491813421249389648e+00 4.301742017269134521e-01 2.986179828643798828e+00 -1.430870294570922852e+00 2.428484678268432617e+00
7.701951861381530762e-01 -1.445948183536529541e-01 5.903915882110595703e+00 1.789539813995361328e+00 2.830535411834716797e+00 1.728682756423950195e+00 -5.298157691955566406e+00 -4.049595832824707031e+00 3.174463987350463867e+00 1.844319850206375122e-01
-1.316854834556579590e+00 -7.277765870094299316e-01 -2.139800071716308594e+00 4.855974674224853516e+00 -5.554588317871093750e+00 -1.716864228248596191e+00 -5.100410938262939453e+00 -1.050640106201171875e+00 7.088783264160156250e+00 2.046340703964233398e+00
1.245747327804565430e+00 -2.647915601730346680e+00 -2.385837316513061523e+00 3.366816759109497070e+00 -2.931750714778900146e-01 2.318226575851440430e+00 9.104046225547790527e-02 -2.669977426528930664e+00 1.650470495223999023e+00 1.146726846694946289e+00
2.611433744430541992e+00 -2.724550962448120117e-01 -1.673099279403686523e+00 1.293285727500915527e+00 1.032303497195243835e-01 -1.429042369127273560e-01 1.821515083312988281e+00 -4.767893791198730469e+00 2.735785007476806641e+00 5.235294699668884277e-01
3.933722972869873047e+00 -5.467444419860839844e+00 -3.358228206634521484e+00 -2.444494009017944336e+00 5.162465095520019531e+00 -5.609538555145263672e+00 1.120751798152923584e-01 1.832521677017211914e+00 -4.290150165557861328e+00 -3.735381126403808594e+00
-2.100399017333984375e+00 -6.195790171623229980e-01 -3.416793584823608398e+00 2.698260545730590820e-01 3.912470117211341858e-02 -1.271883606910705566e+00 -3.130187273025512695e+00 2.832782506942749023e+00 -7.186657190322875977e-01 -1.279467642307281494e-01
-2.843628883361816406e+00 9.393946528434753418e-01 -7.557803988456726074e-01 1.026071548461914062e+00 -2.758072376251220703e+00 1.569852113723754883e+00 -1.326071381568908691e+00 1.235180377960205078e+00 2.548986971378326416e-01 -9.197897315025329590e-01
-1.438190221786499023e+00 3.100214958190917969e+00 -3.345839738845825195e+00 -6.923781037330627441e-01 3.758997201919555664e+00 3.004109382629394531e+00 1.118563890457153320e+00 -4.028172969818115234e+00 1.909737825393676758e+00 6.922259926795959473e-01
8.285148441791534424e-02 3.104217529296875000e+00 -2.087692022323608398e+00 7.918831110000610352e-01 3.249797821044921875e+00 -1.624161303043365479e-01 -1.446651816368103027e+00 -1.878148078918457031e+00 2.846812486648559570e+00 5.190260410308837891e+00
-2.220098972320556641e+00 1.492918372154235840e+00 4.639318287372589111e-01 4.100164771080017090e-01 -3.420100450515747070e+00 1.231918931007385254e+00 -1.380345106124877930e+00 9.982752054929733276e-02 1.445300936698913574e+00 -3.768785297870635986e-01
1.307845592498779297e+00 -1.225227117538452148e+00 -4.562993526458740234e+00 1.798315167427062988e+00 -1.928332149982452393e-01 -1.411959052085876465e+00 3.300293982028961182e-01 -1.292048811912536621e+00 -1.809648275375366211e+00 6.277230978012084961e-01
2.196591943502426147e-01 1.319349288940429688e+00 2.080382108688354492e+00 -4.270561218261718750e+00 2.631142616271972656e+00 -4.746018350124359131e-01 2.749506950378417969e+00 1.644778996706008911e-01 2.656008243560791016e+00 -4.092792987823486328e+00
-5.157363414764404297e-01 -1.213131070137023926e+00 -7.492799162864685059e-01 -4.616543650627136230e-01 -1.977596640586853027e+00 -1.318916440010070801e+00 1.195095777511596680e+00 -6.379267573356628418e-01 1.303050875663757324e+00 -7.630680799484252930e-01
-2.768672466278076172e+00 9.875899553298950195e-01 -6.834875941276550293e-01 9.335960745811462402e-01 -2.903493881225585938e+00 1.460704684257507324e+00 -1.483641386032104492e+00 1.134075522422790527e+00 4.902147054672241211e-01 -1.110391736030578613e+00
-1.519375920295715332e+00 -7.971203327178955078e-01 -5.303889751434326172e+00 3.402486145496368408e-01 3.262272119522094727e+00 7.075145840644836426e-01 2.948777675628662109e-01 -3.251665830612182617e+00 4.413868486881256104e-01 1.263925075531005859e+00
-1.009548187255859375e+00 -3.071493506431579590e-01 -1.433250010013580322e-01 -2.375793457031250000e-01 -2.180077314376831055e+00 -6.223008036613464355e-01 3.074397146701812744e-01 -1.532579183578491211e+00 -1.925984621047973633e-01 8.064785003662109375e-01
-3.333897590637207031e-01 -1.130876421928405762e+00 -4.004299640655517578e+00 1.117891550064086914e+00 -7.479127049446105957e-01 -1.960771441459655762e+00 -1.095654487609863281e+00 -2.296791374683380127e-01 -3.384884893894195557e-01 -3.904542028903961182e-01
-2.801905155181884766e+00 1.810690522193908691e+00 -1.547249555587768555e-01 8.518556356430053711e-01 -2.900183916091918945e+00 1.411607027053833008e+00 -1.412493228912353516e+00 1.630478620529174805e+00 5.961937308311462402e-01 -1.155263662338256836e+00
-2.310755252838134766e+00 1.342545032501220703e+00 6.631488204002380371e-01 -2.605787292122840881e-02 -2.987386465072631836e+00 1.060078501701354980e+00 -1.035678386688232422e+00 -2.475280761718750000e-01 2.095209360122680664e+00 5.062870979309082031e-01
1.341710805892944336e+00 2.320382446050643921e-01 -3.311759471893310547e+00 -1.872392058372497559e+00 5.652533173561096191e-01 -2.778332948684692383e+00 -9.039725065231323242e-01 -1.829731702804565430e+00 2.277369022369384766e+00 3.091784477233886719e+00
8.244451284408569336e-01 -2.127267599105834961e+00 3.255187511444091797e+00 -2.793784618377685547e+00 1.220125436782836914e+00 -2.438060045242309570e-01 3.998520612716674805e+00 2.416924476623535156e+00 -1.835978865623474121e+00 -9.608913660049438477e-01
-8.252727389335632324e-01 -5.136522293090820312e+00 5.211466789245605469e+00 -1.864825487136840820e+00 -1.285996913909912109e+00 4.394197940826416016e+00 -2.877882495522499084e-02 -3.040010929107666016e+00 1.513374447822570801e+00 2.480930089950561523e+00
1.690728545188903809e+00 -6.331677913665771484e+00 -1.788514137268066406e+00 8.718118071556091309e-02 1.482634693384170532e-01 1.640435457229614258e+00 -1.754656910896301270e+00 -1.265397667884826660e-01 2.384620755910873413e-01 1.491390705108642578e+00
-9.116178750991821289e-01 2.287277221679687500e+00 -1.845732927322387695e+00 2.238712310791015625e+00 1.962526291608810425e-01 2.568255960941314697e-01 -3.143110513687133789e+00 -4.837762355804443359e+00 -2.438367366790771484e+00 2.645308017730712891e+00
5.773981213569641113e-01 8.657705038785934448e-02 -3.202067852020263672e+00 -3.077000379562377930e+00 -5.919532179832458496e-01 6.370241194963455200e-02 2.112773180007934570e+00 1.531433820724487305e+00 -9.075861573219299316e-01 1.587708592414855957e+00
2.310686826705932617e+00 -2.693377137184143066e-01 2.097416162490844727e+00 -3.974435925483703613e-01 -4.791167736053466797e+00 -5.343754768371582031e+00 9.532144665718078613e-01 -1.567551612854003906e+00 1.618208408355712891e+00 -1.884311318397521973e+00
2.291996717453002930e+00 2.246159553527832031e+00 6.925352811813354492e-01 -1.051932573318481445e+00 -3.802959203720092773e+00 4.726359248161315918e-01 -1.167369961738586426e+00 6.711414456367492676e-01 2.602192640304565430e+00 2.057886123657226562e-01
1.510582685470581055e+00 5.813798904418945312e-01 6.285157799720764160e-01 1.649571776390075684e+00 -4.324215888977050781e+00 -4.434891223907470703e+00 -2.781052589416503906e+00 4.126304626464843750e+00 -2.047153234481811523e+00 1.684082031250000000e+00
1.641894459724426270e+00 3.715670108795166016e+00 -3.409460783004760742e+00 5.560118556022644043e-01 2.053320854902267456e-01 3.239162266254425049e-01 -1.114794611930847168e+00 -8.220490813255310059e-01 4.218561172485351562e+00 -9.087652564048767090e-01
2.314679920673370361e-01 -2.174623966217041016e+00 -5.993902683258056641e-01 2.021855115890502930e+00 -5.182977318763732910e-01 -1.355043768882751465e+00 1.621220469474792480e+00 -6.075659394264221191e-01 -1.984628915786743164e+00 -3.283590078353881836e+00
-8.750807642936706543e-01 -4.239360809326171875e+00 1.391620278358459473e+00 2.110227108001708984e+00 -3.184472024440765381e-01 3.242025136947631836e+00 9.218771457672119141e-01 -3.027063608169555664e+00 -1.811517596244812012e+00 -8.367076516151428223e-01
-3.481503248214721680e+00 -1.475532531738281250e+00 -6.177622795104980469e+00 -5.993093013763427734e+00 8.699570894241333008e-01 5.464304447174072266e+00 7.632161617279052734e+00 7.708528518676757812e+00 2.921220302581787109e+00 -2.091765850782394409e-01
-1.553630352020263672e+00 1.157843351364135742e+00 1.394593715667724609e+00 5.245176315307617188e+00 3.295868396759033203e+00 1.240667939186096191e+00 7.691005468368530273e-01 9.190382957458496094e-01 -1.155506610870361328e+00 2.161658763885498047e+00
1.834575653076171875e+00 -1.188935995101928711e+00 -1.389294147491455078e+00 -2.444099664688110352e+00 4.851246833801269531e+00 1.172334849834442139e-01 -1.137813091278076172e+00 1.601651668548583984e+00 4.261741042137145996e-01 -4.231308937072753906e+00
9.133041501045227051e-01 6.747010946273803711e-01 2.621710777282714844e+00 9.381642937660217285e-02 -1.153085008263587952e-01 4.444730281829833984e-01 8.464329242706298828e-01 -3.122986078262329102e+00 2.799032688140869141e+00 -8.884252309799194336e-01
-1.588634729385375977e+00 6.984755992889404297e+00 1.072777509689331055e+00 5.912441730499267578e+00 -3.035914897918701172e+00 4.433568477630615234e+00 1.624419450759887695e+00 -1.740457564592361450e-01 -3.631193637847900391e+00 -2.227498054504394531e+00
8.454740792512893677e-02 -4.122727394104003906e+00 2.040453195571899414e+00 1.436719417572021484e+00 -1.751861572265625000e+00 4.286326169967651367e-01 -7.614054679870605469e+00 1.675060272216796875e+00 3.827414512634277344e+00 2.552871704101562500e+00
1.811422467231750488e+00 2.303873538970947266e+00 6.121888756752014160e-01 1.446028828620910645e+00 -6.750904321670532227e-01 1.094430088996887207e+00 -5.263046920299530029e-02 -5.557680130004882812e+00 -4.980347633361816406e+00 -9.786909818649291992e-01
1.496116399765014648e+00 1.577335357666015625e+00 -6.088951110839843750e+00 -3.071703195571899414e+00 5.162070751190185547e+00 -5.169144630432128906e+00 1.323637247085571289e+00 3.620817899703979492e+00 1.037247776985168457e+00 1.692795634269714355e+00
-2.147321462631225586e+00 9.230760484933853149e-02 -2.543202400207519531e+00 -2.415885686874389648e+00 3.926002979278564453e+00 -3.048877239227294922e+00 -3.444511890411376953e-01 3.515345335006713867e+00 -2.375059366226196289e+00 -5.732647418975830078e+00
-7.393466234207153320e-01 -1.892975330352783203e+00 -4.535964012145996094e+00 1.600981473922729492e+00 2.025737285614013672e+00 -3.163536787033081055e+00 -7.239642739295959473e-01 1.170293211936950684e+00 -2.806175947189331055e+00 1.894733190536499023e+00
-4.072525978088378906e+00 -2.668286561965942383e-01 -2.940763235092163086e+00 -8.688769936561584473e-01 6.436105728149414062e+00 1.994128942489624023e+00 -8.306577205657958984e-01 -7.702937722206115723e-01 2.420960187911987305e+00 1.788541793823242188e+00
