-4.288568019866943359e+00 -1.764707207679748535e+00 -8.518117904663085938e+00 -3.837930917739868164e+00 -2.818504810333251953e+00 -1.712036013603210449e+00 -6.457210540771484375e+00 2.585029602050781250e+00 3.465256989002227783e-01 -4.069887161254882812e+00
-5.319051742553710938e+00 3.849269866943359375e+00 1.406905412673950195e+00 -4.239819526672363281e+00 -9.211162477731704712e-02 -4.265882492065429688e+00 1.674956440925598145e+00 1.213680744171142578e+00 -2.952362537384033203e+00 -4.651958942413330078e+00
1.560484647750854492e+00 1.271423935890197754e+00 7.718698382377624512e-01 -1.835298180580139160e+00 7.826828956604003906e-01 -1.757306218147277832e+00 -3.088194131851196289e-01 1.619466662406921387e+00 2.290523767471313477e+00 1.516942024230957031e+00
-2.021995782852172852e+00 -2.455858945846557617e+00 -2.455863714218139648e+00 1.598684191703796387e-01 -2.958196640014648438e+00 -2.031208992004394531e+00 -8.082047104835510254e-01 2.200228214263916016e+00 4.762747764587402344e+00 4.709123611450195312e+00
-4.545477867126464844e+00 -1.990262866020202637e+00 1.403142213821411133e-01 -4.776565551757812500e+00 7.680918574333190918e-01 -1.756969928741455078e+00 1.599893689155578613e+00 -1.117151856422424316e+00 -6.529451370239257812e+00 -2.953829288482666016e+00
-3.787795066833496094e+00 4.106289863586425781e+00 2.421781778335571289e+00 -3.744167566299438477e+00 -1.898145079612731934e+00 -1.388881325721740723e+00 5.225774288177490234e+00 -2.174471855163574219e+00 8.567711830139160156e+00 -2.959929704666137695e+00
-5.714848518371582031e+00 -4.741963386535644531e+00 6.233406543731689453e+00 -4.488476276397705078e+00 3.214585781097412109e+00 -1.067856326699256897e-01 2.047798156738281250e+00 -2.934113979339599609e+00 1.292211174964904785e+00 -2.355028152465820312e+00
3.160292625427246094e+00 -7.781525254249572754e-01 6.024855613708496094e+00 -1.887512683868408203e+00 -1.562468111515045166e-01 -7.394847273826599121e-01 -5.703208923339843750e+00 -5.053938388824462891e+00 -5.224345207214355469e+00 -9.350750446319580078e-01
1.328507184982299805e+00 1.535124421119689941e+00 7.416118383407592773e-01 -1.273850351572036743e-01 9.981615543365478516e-01 -2.632658004760742188e+00 -4.464695453643798828e+00 -4.872521877288818359e+00 5.632702827453613281e+00 -4.147712707519531250e+00
-1.314453482627868652e+00 -7.133642673492431641e+00 -2.981375932693481445e+00 3.604001522064208984e+00 3.807139158248901367e+00 1.258825063705444336e+00 2.474524259567260742e+00 -3.715048551559448242e+00 -1.897890418767929077e-01 3.247017860412597656e-01
-1.921683549880981445e+00 2.987169981002807617e+00 -1.103938460350036621e+00 1.563901156187057495e-01 -1.004391789436340332e+00 1.204416751861572266e-01 -2.835562944412231445e+00 -9.328118562698364258e-01 -1.432364583015441895e+00 -6.827566027641296387e-01
1.351471424102783203e+00 -1.311544895172119141e+00 4.911302626132965088e-01 -2.427170991897583008e+00 3.231406688690185547e+00 -6.745719909667968750e-01 1.508863568305969238e+00 -1.631271362304687500e+00 2.035268068313598633e+00 3.560512065887451172e+00
1.886494874954223633e+00 -8.108564615249633789e-01 -6.379514336585998535e-01 -2.916988849639892578e+00 -7.031800150871276855e-01 2.126305580139160156e+00 3.572963178157806396e-01 4.314340591430664062e+00 -5.762197971343994141e-01 3.154981434345245361e-01
-2.076759338378906250e+00 -1.032124519348144531e+00 2.350661307573318481e-01 1.596266865730285645e+00 -1.147099018096923828e+00 1.125331521034240723e+00 7.404326796531677246e-01 4.409699440002441406e+00 -2.060549020767211914e+00 -3.368589878082275391e+00
5.329220771789550781e+00 -4.507125377655029297e+00 5.017579555511474609e+00 -1.271314263343811035e+00 -5.090738773345947266e+00 -5.077814579010009766e+00 5.908059597015380859e+00 3.660302162170410156e-01 6.031932309269905090e-02 7.932528257369995117e-01
-3.441290140151977539e+00 7.270161993801593781e-03 4.500360965728759766e+00 4.073107242584228516e-01 2.126238107681274414e+00 -8.486111640930175781e+00 1.338943362236022949e+00 9.599853754043579102e-01 -6.932074427604675293e-01 3.257493019104003906e+00
-2.628323137760162354e-01 -3.230776488780975342e-01 -3.012896537780761719e+00 -7.882271766662597656e+00 -3.147610127925872803e-01 -2.892876625061035156e+00 8.675291538238525391e-01 -2.380765914916992188e+00 2.415356874465942383e+00 -1.577213883399963379e+00
6.301030635833740234e+00 2.905872106552124023e+00 -5.097352027893066406e+00 -4.168590307235717773e-01 3.618051052093505859e+00 -2.776201725006103516e+00 3.629716038703918457e-01 -1.954831242561340332e+00 -4.418879985809326172e+00 -1.880760669708251953e+00
-9.672022461891174316e-01 2.204671621322631836e+00 -1.458750247955322266e+00 -8.003430366516113281e-01 -8.777008056640625000e-01 -6.831686943769454956e-03 -2.029259204864501953e+00 -1.167542099952697754e+00 -1.505642533302307129e+00 -8.391191363334655762e-01
4.481029510498046875e+00 1.805855989456176758e+00 8.747846484184265137e-01 -2.878188848495483398e+00 3.603803366422653198e-02 -1.758216023445129395e+00 1.278223276138305664e+00 1.791265964508056641e+00 1.072735667228698730e+00 -1.784783244132995605e+00
2.501190423965454102e+00 -1.191278845071792603e-01 2.442479848861694336e+00 -1.279606342315673828e+00 5.448320508003234863e-01 6.293774247169494629e-01 2.735611438751220703e+00 -3.486765623092651367e-01 3.609027862548828125e-01 2.438445806503295898e+00
-8.809240460395812988e-01 2.212809771299362183e-01 1.035424828529357910e+00 1.520571351051330566e+00 5.359827876091003418e-01 1.113874912261962891e+00 1.668758273124694824e+00 -1.548504233360290527e+00 -9.571694582700729370e-02 1.233328223228454590e+00
2.455435514450073242e+00 -8.805174827575683594e-01 4.423883557319641113e-01 -1.430550336837768555e+00 9.725734591484069824e-01 -8.117005228996276855e-03 2.974879026412963867e+00 9.069841504096984863e-01 -2.172497034072875977e+00 -1.729126453399658203e+00
-1.424656748771667480e+00 -2.343651466071605682e-02 -2.307280540466308594e+00 2.163763761520385742e+00 -1.914949715137481689e-01 -2.044988393783569336e+00 -1.047015428543090820e+00 2.717246770858764648e+00 1.588656306266784668e+00 -1.975325703620910645e+00
1.961074024438858032e-02 1.276550173759460449e+00 -6.144231557846069336e-01 9.136057496070861816e-01 1.236975193023681641e+00 -9.498040080070495605e-01 -1.328802227973937988e+00 2.256011009216308594e+00 5.633413791656494141e-01 -2.512800455093383789e+00
1.292571544647216797e+00 9.393247365951538086e-01 1.211171373724937439e-01 -1.551746010780334473e+00 9.682006835937500000e-01 -3.001202583312988281e+00 -2.680216133594512939e-01 4.974034786224365234e+00 1.419463276863098145e+00 3.527910411357879639e-01
-1.777850747108459473e+00 4.096033096313476562e+00 1.506415128707885742e+00 -9.138036370277404785e-01 2.536420345306396484e+00 -1.372338294982910156e+00 -1.913636445999145508e+00 2.894215106964111328e+00 1.451578497886657715e+00 -1.835663914680480957e+00
-2.398701459169387817e-01 -3.142811298370361328e+00 2.001445442438125610e-01 -1.064414262771606445e+00 3.747226238250732422e+00 -1.794759869575500488e+00 2.603319883346557617e+00 -6.380217671394348145e-01 2.937501430511474609e+00 -1.818727374076843262e+00
1.716533660888671875e+00 3.466880917549133301e-01 4.476167261600494385e-01 3.406459689140319824e-01 9.558651447296142578e-01 -1.932419657707214355e+00 -9.364604949951171875e-01 8.916575908660888672e-01 3.305422544479370117e+00 6.224644780158996582e-01
-4.633655548095703125e+00 2.645331144332885742e+00 -2.889182567596435547e-01 -5.458950400352478027e-01 9.666126370429992676e-01 7.352093458175659180e-01 -4.552505016326904297e-01 -2.441445112228393555e+00 1.996866464614868164e-01 5.904700279235839844e+00
-1.796224355697631836e+00 2.336971521377563477e+00 -1.297615528106689453e+00 7.184186577796936035e-01 5.219008922576904297e+00 3.259044289588928223e-01 -2.979328393936157227e+00 -3.407124757766723633e+00 8.524969220161437988e-01 1.622645974159240723e+00
2.460998535156250000e+00 -4.142142772674560547e+00 -7.686247229576110840e-01 -1.166091680526733398e+00 -1.265939712524414062e+00 2.119449138641357422e+00 2.882832050323486328e+00 3.671845912933349609e+00 -1.554458737373352051e+00 -2.250803470611572266e+00
3.713733911514282227e+00 -7.731907963752746582e-01 -1.485775589942932129e+00 4.213307380676269531e+00 -2.051490992307662964e-01 6.365542113780975342e-02 -2.935716629028320312e+00 -5.482905387878417969e+00 1.796520113945007324e+00 -1.148440003395080566e+00
-8.572134971618652344e-01 -4.126253604888916016e+00 2.963529586791992188e+00 3.276814937591552734e+00 5.728738784790039062e+00 -3.110693693161010742e+00 2.415296792984008789e+00 -4.913777351379394531e+00 1.976539731025695801e+00 6.483075022697448730e-01
4.152315855026245117e-01 -2.839186489582061768e-01 -2.611886739730834961e+00 -6.558730125427246094e+00 2.567796707153320312e+00 -2.483330249786376953e+00 -2.888477802276611328e+00 -3.258742570877075195e+00 1.844146251678466797e+00 4.543899536132812500e+00
2.179825752973556519e-01 1.214564085006713867e+00 -1.777403950691223145e+00 -3.241786956787109375e+00 2.008759498596191406e+00 -4.002205371856689453e+00 -3.421509742736816406e+00 -7.369104027748107910e-01 6.687654852867126465e-01 -6.725531578063964844e+00
-1.915377378463745117e+00 2.391220569610595703e+00 -1.623485803604125977e+00 -4.239615499973297119e-01 -9.294521808624267578e-01 4.224438369274139404e-01 -2.344350337982177734e+00 -1.792607426643371582e+00 -2.002963542938232422e+00 -7.963391542434692383e-01
1.445879101753234863e+00 3.464090347290039062e+00 -7.935667037963867188e-01 -1.488600857555866241e-02 -1.825146675109863281e+00 -2.511567115783691406e+00 -1.553561687469482422e+00 2.586745023727416992e+00 1.238226175308227539e+00 -3.015063762664794922e+00
-1.381773650646209717e-01 9.321039319038391113e-01 -1.518367171287536621e+00 -1.085808515548706055e+00 2.124150037765502930e+00 7.644703388214111328e-01 1.028762221336364746e+00 -1.560460329055786133e-01 -1.607306480407714844e+00 -2.036613225936889648e+00
1.582258343696594238e-01 -1.397324800491333008e+00 -6.002611517906188965e-01 -8.527179360389709473e-01 2.592965841293334961e+00 -3.183781147003173828e+00 1.864969849586486816e+00 -5.181050300598144531e-01 3.993725776672363281e+00 5.067014694213867188e+00
2.621638059616088867e+00 -8.718777298927307129e-01 4.849683642387390137e-01 -1.897887825965881348e+00 8.571447730064392090e-01 1.548596471548080444e-01 3.307666063308715820e+00 1.475522398948669434e+00 -3.124564886093139648e+00 -1.571984410285949707e+00
-9.877954721450805664e-01 2.233469486236572266e+00 7.164904475212097168e-01 3.314955711364746094e+00 -1.746286749839782715e+00 -3.359726428985595703e+00 1.422972083091735840e-01 3.207015275955200195e+00 4.549252986907958984e-01 -3.488062620162963867e+00
-3.224292755126953125e+00 2.924668312072753906e+00 -1.363047003746032715e+00 -1.243375778198242188e+00 -3.843313217163085938e+00 -3.975883007049560547e+00 -2.455227613449096680e+00 5.159967899322509766e+00 -6.171473026275634766e+00 -9.215542793273925781e+00
-1.546931505203247070e+00 2.344866991043090820e+00 3.304713010787963867e+00 1.139190196990966797e+00 -1.722046136856079102e+00 4.910566806793212891e+00 1.597376346588134766e+00 -9.685991406440734863e-01 -2.663287878036499023e+00 1.167963504791259766e+00
2.652297258377075195e+00 8.797743171453475952e-02 4.439454078674316406e+00 -8.022629022598266602e-01 -2.271843910217285156e+00 2.348968982696533203e+00 3.069585084915161133e+00 3.361631929874420166e-01 1.570411443710327148e+00 5.234779834747314453e+00
-7.737929224967956543e-01 -1.170617341995239258e+00 -1.534269809722900391e+00 5.711196660995483398e-01 -3.844270467758178711e+00 5.605686187744140625e+00 7.302020192146301270e-01 6.709524989128112793e-01 -1.239775776863098145e+00 1.441247344017028809e+00
2.050226449966430664e+00 5.123201608657836914e-01 8.424656987190246582e-01 4.706954061985015869e-01 3.137073218822479248e-01 -1.869287729263305664e+00 -1.260365247726440430e+00 8.556417226791381836e-01 3.624703645706176758e+00 8.385925889015197754e-01
-7.126294374465942383e-01 2.726962566375732422e+00 -2.248630285263061523e+00 1.054893255233764648e+00 -1.474913716316223145e+00 5.129960179328918457e-01 -2.061558723449707031e+00 -2.609298229217529297e-01 1.913767814636230469e+00 -1.950764060020446777e+00
3.307448387145996094e+00 -1.670646429061889648e+00 -1.486854195594787598e+00 -2.754638195037841797e+00 2.451265096664428711e+00 2.496045827865600586e+00 4.645278453826904297e-01 -4.073299169540405273e-01 -1.441496968269348145e+00 -1.477272987365722656e+00
-1.830232501029968262e+00 2.578661918640136719e+00 1.528576135635375977e+00 3.599216938018798828e+00 -1.932719349861145020e+00 2.259114027023315430e+00 -2.475526332855224609e+00 2.131127357482910156e+00 1.350378990173339844e+00 8.116810321807861328e-01
2.649975776672363281e+00 -7.563308477401733398e-01 -1.746228694915771484e+00 5.692610740661621094e-01 -1.130960345268249512e+00 -1.434841871261596680e+00 -2.165031433105468750e+00 5.338834762573242188e+00 -1.829460710287094116e-01 1.341540932655334473e+00
-2.573829650878906250e+00 -2.623908281326293945e+00 -4.714628696441650391e+00 1.654229879379272461e+00 1.818616867065429688e+00 2.048421859741210938e+00 5.670856237411499023e-01 -8.179461479187011719e+00 2.610738515853881836e+00 2.202322959899902344e+00
-2.602830410003662109e+00 2.407847046852111816e-01 -2.266697645187377930e+00 -1.089395284652709961e+00 -4.787230014801025391e+00 1.214072942733764648e+00 1.622285604476928711e+00 -3.027701750397682190e-02 -1.933910608291625977e+00 4.454117298126220703e+00
-5.449800968170166016e+00 1.164579272270202637e+00 -1.786862730979919434e+00 -2.310289382934570312e+00 -5.541051387786865234e+00 4.418308258056640625e+00 -8.257213234901428223e-01 3.095775842666625977e+00 -1.783680081367492676e+00 1.666633725166320801e+00
-1.907318830490112305e+00 2.784192800521850586e+00 -1.219745159149169922e+00 1.590129137039184570e-01 -1.546819329261779785e+00 9.521685242652893066e-01 -2.444515228271484375e+00 -1.932064175605773926e+00 -2.074357271194458008e+00 -8.807012438774108887e-01
1.532516479492187500e+00 3.349611043930053711e+00 -4.469811022281646729e-01 -1.048549890518188477e+00 -1.003193378448486328e+00 -1.605131506919860840e+00 -9.178828001022338867e-01 1.651128411293029785e+00 1.727269291877746582e-01 -2.623415708541870117e+00
1.537422418594360352e+00 8.362991809844970703e-01 -1.048008441925048828e+00 -1.819433808326721191e+00 1.762734055519104004e+00 1.582969874143600464e-01 1.682708621025085449e+00 4.976334571838378906e-01 -1.360483050346374512e+00 -1.970937490463256836e+00
5.316715836524963379e-01 9.947682023048400879e-01 -1.424206018447875977e+00 -1.161101937294006348e+00 1.990495920181274414e+00 4.230489730834960938e-01 1.356626749038696289e+00 2.257716357707977295e-01 -1.736738443374633789e+00 -2.262538433074951172e+00
6.118395328521728516e-01 9.326884746551513672e-01 -1.201462268829345703e+00 -1.188749551773071289e+00 1.796000838279724121e+00 4.577478766441345215e-01 1.427206754684448242e+00 8.072387427091598511e-02 -1.559871554374694824e+00 -2.039518117904663086e+00
-8.646794594824314117e-04 1.206803917884826660e+00 -1.284861683845520020e+00 -8.581596016883850098e-01 2.025224924087524414e+00 5.086622834205627441e-01 1.068929195404052734e+00 -7.480186223983764648e-02 -1.724534392356872559e+00 -2.180181503295898438e+00
4.801591396331787109e+00 -2.486696004867553711e+00 4.821387290954589844e+00 -6.435158252716064453e-01 -4.196309566497802734e+00 -1.819970965385437012e+00 -1.157380223274230957e+00 -4.076921939849853516e+00 3.794776916503906250e+00 -5.619297027587890625e+00
2.076815366744995117e-01 1.137980818748474121e+00 -1.324326038360595703e+00 -9.106709361076354980e-01 1.860036015510559082e+00 4.738352000713348389e-01 1.067128300666809082e+00 9.654190391302108765e-02 -1.608444452285766602e+00 -2.294118881225585938e+00
3.660833835601806641e+00 1.089785337448120117e+00 1.663925647735595703e-01 -2.227007150650024414e+00 9.668703079223632812e-01 -1.305950641632080078e+00 1.642559766769409180e+00 1.010077953338623047e+00 3.554333448410034180e-01 -1.567976117134094238e+00
-1.765611469745635986e-01 1.221157073974609375e+00 -1.415331244468688965e+00 -1.014022827148437500e+00 2.289188385009765625e+00 5.292481780052185059e-01 1.034159421920776367e+00 3.007975220680236816e-01 -1.701603889465332031e+00 -1.918934583663940430e+00
7.827981114387512207e-01 6.237848401069641113e-01 -1.165028691291809082e+00 -1.407973170280456543e+00 1.827965259552001953e+00 3.986020684242248535e-01 1.556474685668945312e+00 -9.659904986619949341e-03 -1.095080971717834473e+00 -1.534281253814697266e+00
-3.218846619129180908e-01 1.086972832679748535e+00 -1.812155485153198242e+00 -6.118948459625244141e-01 2.064860582351684570e+00 7.177799344062805176e-01 8.821119070053100586e-01 4.566703364253044128e-02 -1.950235724449157715e+00 -2.599262237548828125e+00
9.288314580917358398e-01 1.692290455102920532e-01 -1.161009311676025391e+00 -1.215170383453369141e+00 1.693737745285034180e+00 4.720975160598754883e-01 1.727764844894409180e+00 -2.243786007165908813e-01 -5.605413913726806641e-01 -1.317291378974914551e+00
-5.343630909919738770e-01 1.221767067909240723e+00 -9.983699023723602295e-02 6.860566735267639160e-01 9.969536662101745605e-01 8.056676983833312988e-01 1.067874550819396973e+00 -8.696088790893554688e-01 1.946544833481311798e-02 -7.442009449005126953e-01
-2.635596096515655518e-01 1.154573798179626465e+00 -1.584873557090759277e+00 -8.003485798835754395e-01 2.141808986663818359e+00 5.537157058715820312e-01 8.208442330360412598e-01 8.208893984556198120e-02 -1.730285406112670898e+00 -2.138966798782348633e+00
1.897668689489364624e-01 1.342164754867553711e+00 -1.472944498062133789e+00 -1.019236683845520020e+00 1.968769192695617676e+00 4.964719712734222412e-01 5.631875395774841309e-01 -3.443859890103340149e-02 -1.742315649986267090e+00 -2.173726320266723633e+00
9.260950088500976562e-01 -1.905706822872161865e-01 -8.798131942749023438e-01 -1.241126418113708496e+00 1.573686361312866211e+00 4.965386986732482910e-01 1.914578437805175781e+00 -6.962056159973144531e-01 -1.705662757158279419e-01 -4.427797198295593262e-01
-3.457995653152465820e+00 -2.856507062911987305e+00 -8.002920746803283691e-01 4.485293865203857422e+00 -4.675281047821044922e-01 -2.010608673095703125e+00 1.852538824081420898e+00 -1.826472640037536621e+00 3.779990196228027344e+00 5.454915761947631836e-02
-3.034271955490112305e+00 1.019664406776428223e+00 7.579241394996643066e-01 1.550218224525451660e+00 1.041064143180847168e+00 5.741387605667114258e-01 1.600946426391601562e+00 -7.463036179542541504e-01 -3.600234985351562500e+00 -5.287435054779052734e-01
-2.323317527770996094e+00 -3.954586267471313477e+00 -2.982868432998657227e+00 -1.145756840705871582e+00 -3.544485330581665039e+00 -5.466700077056884766e+00 3.886199474334716797e+00 1.787495493888854980e+00 2.003518581390380859e+00 -2.266677141189575195e+00
-3.367800951004028320e+00 3.185925960540771484e+00 2.691672325134277344e+00 2.889557361602783203e+00 2.573782920837402344e+00 -1.669307589530944824e+00 7.197407484054565430e-01 1.938487529754638672e+00 -3.002209663391113281e+00 -1.408024549484252930e+00
-4.300162792205810547e+00 6.230693817138671875e+00 -2.770765304565429688e+00 -2.818466901779174805e+00 7.769168168306350708e-02 -6.927930712699890137e-01 -3.061125278472900391e+00 3.877765178680419922e+00 1.049419283866882324e+00 -3.044373512268066406e+00
-4.433722972869873047e+00 1.991981983184814453e+00 4.502446949481964111e-01 2.377622842788696289e+00 2.368559122085571289e+00 7.058545947074890137e-01 -2.522680759429931641e+00 4.656101703643798828e+00 -3.978654384613037109e+00 4.976826667785644531e+00
-1.521024942398071289e+00 4.230362415313720703e+00 1.319477796554565430e+00 1.710795640945434570e+00 3.133708000183105469e+00 -1.397871136665344238e+00 -2.751086711883544922e+00 7.903567552566528320e-01 2.590541839599609375e+00 -3.377709627151489258e+00
1.029234528541564941e+00 -1.415502786636352539e+00 -2.087296485900878906e+00 -6.466638445854187012e-01 -2.708544969558715820e+00 3.384175777435302734e+00 -7.268612086772918701e-02 1.110548257827758789e+00 -1.402902483940124512e+00 1.573278546333312988e+00
3.499874770641326904e-01 7.920620441436767578e-01 -2.847435235977172852e+00 -2.089806795120239258e+00 -3.254776597023010254e-01 9.816116094589233398e-01 -3.598063588142395020e-01 -1.817155838012695312e+00 9.701781868934631348e-01 5.393231404013931751e-04
4.360292911529541016e+00 -3.198230981826782227e+00 6.586422324180603027e-01 -2.263276576995849609e+00 1.415518283843994141e+00 2.854468226432800293e-01 6.683220863342285156e-01 -2.369442939758300781e+00 -7.039442658424377441e-01 4.102305412292480469e+00
3.585474252700805664e+00 1.187795996665954590e+00 1.491380929946899414e+00 2.688020706176757812e+00 -4.310065269470214844e+00 1.276570320129394531e+00 -3.426926374435424805e+00 2.411969900131225586e+00 1.314343690872192383e+00 -9.361386895179748535e-01
-2.055214881896972656e+00 -1.260481476783752441e+00 -8.661839365959167480e-01 -1.317692041397094727e+00 2.986232042312622070e+00 1.708107233047485352e+00 -3.466711521148681641e+00 5.967617511749267578e+00 3.203385770320892334e-01 3.752288341522216797e+00
-3.794028460979461670e-01 -1.515367507934570312e+00 3.790822625160217285e-01 2.141752958297729492e+00 1.198392391204833984e+00 5.044236183166503906e+00 -4.571708384901285172e-03 2.213663756847381592e-01 1.249804615974426270e+00 5.493014812469482422e+00
8.324977755546569824e-01 -1.990989446640014648e+00 9.322501420974731445e-01 2.585086598992347717e-02 4.195840358734130859e+00 -4.459133148193359375e-01 -3.218608379364013672e+00 -1.984532117843627930e+00 -3.090493440628051758e+00 3.468401908874511719e+00
1.466870069503784180e+00 -3.952398777008056641e+00 2.757612705230712891e+00 -1.291059494018554688e+00 2.948611974716186523e-01 4.735476016998291016e+00 -1.836211681365966797e+00 -4.735895633697509766e+00 1.336603879928588867e+00 -4.577936172485351562e+00
6.271780729293823242e-01 -3.738915324211120605e-01 -4.173336029052734375e+00 -1.415466308593750000e+00 -1.737457275390625000e+00 -1.444642901420593262e+00 5.301387786865234375e+00 -3.286968469619750977e+00 -2.248600870370864868e-01 -2.252478450536727905e-01
-1.391986846923828125e+00 1.638955712318420410e+00 -4.763643741607666016e+00 -4.441342830657958984e+00 2.127647161483764648e+00 9.261819839477539062e+00 -7.103412151336669922e+00 3.191781759262084961e+00 -1.229096412658691406e+00 -2.648146390914916992e+00
-3.567644059658050537e-01 -2.873098134994506836e+00 2.373995184898376465e-01 -7.320728302001953125e-01 -4.014594554901123047e+00 4.003176212310791016e+00 -5.286674499511718750e-01 -4.789102971553802490e-01 3.383009195327758789e+00 -5.052130699157714844e+00
4.551949501037597656e-01 -1.765052676200866699e+00 -4.067990303039550781e+00 -9.403007030487060547e-01 2.228329658508300781e+00 -1.867205053567886353e-01 1.794562339782714844e+00 4.052838087081909180e-01 -2.077291965484619141e+00 -1.909376025199890137e+00
-2.397322416305541992e+00 1.524433016777038574e+00 -1.873154163360595703e+00 -1.396974086761474609e+00 -1.607622861862182617e+00 -2.157731771469116211e+00 1.982507228851318359e+00 3.915218353271484375e+00 -3.010520219802856445e+00 2.800398349761962891e+00
-6.829811334609985352e-01 3.034981012344360352e+00 -1.183923363685607910e+00 2.191423177719116211e+00 -3.397864997386932373e-01 -2.408577680587768555e+00 1.925240159034729004e-01 2.983078718185424805e+00 -4.706435203552246094e-01 -3.829492092132568359e+00
-2.373816967010498047e+00 -1.728799343109130859e+00 -8.276970386505126953e-01 9.087799191474914551e-01 5.536490082740783691e-01 4.125030636787414551e-01 2.801432132720947266e+00 -3.054391622543334961e+00 -1.189378261566162109e+00 1.459480047225952148e+00
-2.296992540359497070e-01 1.371300458908081055e+00 -1.437731504440307617e+00 -4.008755087852478027e-01 2.629993915557861328e+00 9.916915893554687500e-01 7.925509214401245117e-01 -1.436109185218811035e+00 -1.928171515464782715e+00 -3.038835763931274414e+00
