-1.177127361297607422e+00 -3.402620077133178711e+00 6.520071506500244141e+00 2.529915809631347656e+00 -2.908259391784667969e+00 -3.309979200363159180e+00 -4.627575397491455078e+00 -1.160636469721794128e-01 1.026884675025939941e+00 -2.674140930175781250e+00
6.541647911071777344e-01 2.813782691955566406e-01 5.973845005035400391e+00 3.769428491592407227e+00 7.545946240425109863e-01 -2.936886787414550781e+00 3.174710571765899658e-01 -2.237807512283325195e+00 3.348159193992614746e-01 -1.521142125129699707e+00
-1.705358028411865234e+00 -1.539577126502990723e+00 3.347853899002075195e+00 3.195660114288330078e+00 1.574035167694091797e+00 -1.665828675031661987e-01 2.257111549377441406e+00 9.480475187301635742e-01 1.195242524147033691e+00 -1.809699535369873047e-01
2.364830113947391510e-02 1.203518286347389221e-01 -1.580200672149658203e+00 3.575162649154663086e+00 -7.918490767478942871e-01 -4.401267528533935547e+00 -3.787840008735656738e-01 -2.939637660980224609e+00 4.180128574371337891e+00 -1.889971643686294556e-01
1.894464850425720215e+00 1.350324392318725586e+00 -1.867475152015686035e+00 1.995965242385864258e+00 3.569558382034301758e+00 -5.497993469238281250e+00 -1.680308222770690918e+00 3.334406137466430664e+00 3.518397569656372070e+00 3.003335952758789062e+00
-2.907996997237205505e-03 2.464269161224365234e+00 -3.155930042266845703e+00 2.759012937545776367e+00 4.199283599853515625e+00 -6.600230216979980469e+00 -3.586586713790893555e+00 3.372147798538208008e+00 2.098626375198364258e+00 1.890331149101257324e+00
1.733602762222290039e+00 -1.343712925910949707e+00 -6.727287769317626953e+00 3.297494888305664062e+00 7.189094066619873047e+00 -5.920611858367919922e+00 4.380562782287597656e+00 -2.301050186157226562e+00 3.183664083480834961e+00 -3.734132766723632812e+00
6.211357116699218750e+00 8.892243504524230957e-01 1.231644153594970703e+00 5.820282936096191406e+00 -4.816029071807861328e+00 4.200335025787353516e+00 -1.741082310676574707e+00 -2.780807018280029297e+00 -6.215807437896728516e+00 1.161196827888488770e+00
-3.888310670852661133e+00 7.313425540924072266e+00 6.489919185638427734e+00 2.651117563247680664e+00 -1.936034560203552246e+00 2.265608072280883789e+00 5.083408951759338379e-01 4.412382602691650391e+00 -5.291855335235595703e+00 3.785213232040405273e-01
4.890310764312744141e+00 -9.558196067810058594e-01 2.654283523559570312e+00 -3.599499464035034180e-01 -7.212806344032287598e-01 -1.288083672523498535e+00 4.449383258819580078e+00 -2.859041929244995117e+00 5.095051765441894531e+00 -2.350709915161132812e+00
-2.302012890577316284e-01 -2.746317863464355469e+00 2.920176029205322266e+00 3.802728176116943359e+00 -8.299314379692077637e-01 -1.780647873878479004e+00 2.802697896957397461e+00 1.022646903991699219e+00 1.461411476135253906e+00 -4.906470179557800293e-01
-6.426714658737182617e-01 1.041176199913024902e+00 6.803857535123825073e-02 1.095882803201675415e-01 7.402477264404296875e-01 1.345472693443298340e+00 2.117747813463211060e-01 1.299636483192443848e+00 5.099319219589233398e-01 5.232982635498046875e-01
1.630982756614685059e+00 -2.641566753387451172e+00 -1.685064435005187988e+00 -1.504085540771484375e+00 -1.450652837753295898e+00 4.361046552658081055e-01 -3.521847963333129883e+00 3.024016857147216797e+00 4.108468592166900635e-01 2.313573122024536133e+00
1.609677791595458984e+00 -5.097097873687744141e+00 4.084339618682861328e+00 -2.467550635337829590e-01 4.418883800506591797e+00 5.071520209312438965e-01 1.045885443687438965e+00 4.321287631988525391e+00 1.275141119956970215e+00 2.219785690307617188e+00
6.169562339782714844e+00 -1.908950924873352051e+00 3.572817564010620117e+00 -2.887212753295898438e+00 -1.794988512992858887e+00 -2.925151586532592773e+00 5.452517509460449219e+00 2.573233604431152344e+00 -1.487605690956115723e+00 -2.805773317813873291e-01
-3.597467541694641113e-01 2.299949377775192261e-01 4.844978809356689453e+00 -4.796877384185791016e+00 3.988360881805419922e+00 -6.554359436035156250e+00 -1.511194407939910889e-01 -7.251702308654785156e+00 -1.206244111061096191e+00 -2.909778833389282227e+00
4.302440643310546875e+00 -1.090498328208923340e+00 -8.850275278091430664e-01 1.692213535308837891e+00 9.085299968719482422e-01 -2.939117431640625000e+00 -1.083952069282531738e+00 3.159492969512939453e+00 -3.702672481536865234e+00 -4.384099483489990234e+00
-2.160939931869506836e+00 -1.438912153244018555e+00 4.584401547908782959e-01 3.572778224945068359e+00 -6.043801903724670410e-01 1.064477935433387756e-01 -6.722844243049621582e-01 -5.241077899932861328e+00 3.728555440902709961e+00 3.134531736373901367e+00
5.181847810745239258e-01 -2.508224010467529297e+00 2.398788928985595703e+00 3.154636621475219727e+00 -1.148942708969116211e+00 -2.349591970443725586e+00 2.319714069366455078e+00 8.996348977088928223e-01 1.514754176139831543e+00 -4.629398584365844727e-01
-2.147661447525024414e+00 5.872994661331176758e-01 1.053497195243835449e+00 -1.042621731758117676e-01 1.571173787117004395e+00 -1.063501477241516113e+00 1.847077965736389160e+00 7.940689474344253540e-02 5.096646547317504883e-01 3.417059659957885742e+00
3.315576612949371338e-01 1.058332443237304688e+00 -9.194310903549194336e-01 -2.525617122650146484e+00 -3.094499409198760986e-01 2.054345756769180298e-01 -9.872660636901855469e-01 -3.198402523994445801e-01 5.226587653160095215e-01 2.839025735855102539e+00
-4.629344642162322998e-01 -6.885184049606323242e-01 3.393213152885437012e-01 -3.514457225799560547e+00 2.411126494407653809e-01 -1.823162317276000977e+00 -1.317421913146972656e+00 -4.117523729801177979e-01 2.961197137832641602e+00 -1.375997900962829590e+00
5.975269675254821777e-01 1.467687606811523438e+00 -8.304809331893920898e-01 -2.613120317459106445e+00 -3.414646089076995850e-01 -2.307074069976806641e+00 1.215646266937255859e+00 -3.639819473028182983e-02 1.439325928688049316e+00 -2.266837596893310547e+00
-7.698765993118286133e-01 1.048131227493286133e+00 -1.682354450225830078e+00 -1.305131435394287109e+00 -4.491570472717285156e+00 7.174709439277648926e-01 1.312412142753601074e+00 1.390350341796875000e+00 -1.604529023170471191e+00 8.300992846488952637e-01
-1.647274851799011230e+00 -1.635096311569213867e+00 -5.378007292747497559e-01 -1.496622681617736816e+00 -3.563350677490234375e+00 7.945694923400878906e-01 -7.169696092605590820e-01 -3.358498811721801758e-01 -1.126568317413330078e+00 2.034204483032226562e+00
4.625223875045776367e-01 -9.104862809181213379e-01 -2.137659788131713867e+00 -3.158252954483032227e+00 2.194215059280395508e-01 1.099026352167129517e-01 -3.492912948131561279e-01 -1.727459311485290527e+00 6.212329268455505371e-01 -1.744341254234313965e+00
-1.171019971370697021e-01 4.055395722389221191e-01 -2.708987712860107422e+00 -2.337623357772827148e+00 6.073966026306152344e-01 7.888103127479553223e-01 1.434755444526672363e+00 -1.104415416717529297e+00 2.327820211648941040e-01 -2.949405431747436523e+00
-3.655690848827362061e-01 3.136938810348510742e-01 -2.781023263931274414e+00 -2.182519912719726562e+00 6.480258107185363770e-01 1.055478811264038086e+00 1.534789443016052246e+00 -1.311585903167724609e+00 4.789350032806396484e-01 -2.956181287765502930e+00
-1.407526135444641113e+00 -1.238014101982116699e+00 -1.448892652988433838e-01 1.966298460960388184e+00 -1.429552435874938965e+00 5.224208235740661621e-01 1.550361275672912598e+00 -2.227197647094726562e+00 4.187631607055664062e-01 7.056056261062622070e-01
-1.253249287605285645e+00 -3.024997711181640625e+00 2.656009435653686523e+00 1.624240636825561523e+00 -2.463436603546142578e+00 1.051058292388916016e+00 1.417489409446716309e+00 1.934482693672180176e+00 -1.625150591135025024e-01 2.734291791915893555e+00
1.958214044570922852e-01 -1.330113530158996582e+00 8.241400718688964844e-01 -1.547816157341003418e+00 -1.842572569847106934e+00 1.608730196952819824e+00 1.291592836380004883e+00 2.155414342880249023e+00 -1.671893298625946045e-01 1.351900026202201843e-02
1.994864463806152344e+00 -3.646104574203491211e+00 1.344316601753234863e-01 -1.707054018974304199e+00 3.613826036453247070e+00 1.065917134284973145e+00 -6.076905131340026855e-01 3.108338415622711182e-01 2.418660163879394531e+00 -6.335983425378799438e-02
-2.888272047042846680e+00 -1.685144662857055664e+00 -2.319188594818115234e+00 2.032111644744873047e+00 -4.293620109558105469e+00 1.903979659080505371e+00 -4.427501261234283447e-01 1.937638163566589355e+00 -8.666948676109313965e-01 9.425396323204040527e-01
5.110299587249755859e+00 8.651401519775390625e+00 1.928673267364501953e+00 7.636458396911621094e+00 2.459250450134277344e+00 1.796323895454406738e+00 -6.278854846954345703e+00 1.041608929634094238e+00 -5.823013186454772949e-01 1.579656481742858887e+00
3.157450199127197266e+00 2.189667224884033203e+00 7.626209259033203125e-01 2.011209249496459961e+00 -2.543197154998779297e+00 -1.175236463546752930e+00 -2.438542604446411133e+00 3.845253705978393555e+00 -6.296389579772949219e+00 -5.780661582946777344e+00
-1.096409440040588379e+00 -3.161779880523681641e+00 -3.733510375022888184e-01 3.884046792984008789e+00 -7.010815143585205078e-01 -5.631798744201660156e+00 1.746093392372131348e+00 3.586286544799804688e+00 3.824187040328979492e+00 -3.660406351089477539e+00
5.745769739151000977e-01 -2.222339153289794922e+00 2.102086782455444336e+00 2.857887744903564453e+00 -9.768248796463012695e-01 -2.692624330520629883e+00 1.794353365898132324e+00 2.675344645977020264e-01 1.644915938377380371e+00 -4.233852624893188477e-01
-1.964748501777648926e+00 1.390962600708007812e-01 1.383973240852355957e+00 -1.287821978330612183e-01 1.344696164131164551e+00 -1.433748483657836914e+00 1.956884622573852539e+00 4.447314441204071045e-01 4.373497366905212402e-01 3.304220438003540039e+00
-8.435611724853515625e-01 1.128552079200744629e+00 -6.262679100036621094e-01 -2.673564434051513672e+00 -5.359099507331848145e-01 -2.203824818134307861e-01 -2.831391617655754089e-02 -3.505181372165679932e-01 1.035042166709899902e+00 2.205314159393310547e+00
-2.000011444091796875e+00 2.618819177150726318e-01 -2.348346635699272156e-02 -1.616176486015319824e+00 -1.583277732133865356e-01 1.176128908991813660e-01 2.331285953521728516e+00 7.584396284073591232e-03 2.618466138839721680e+00 -1.877030253410339355e+00
4.081327438354492188e+00 -3.968011438846588135e-01 -4.596516609191894531e+00 -2.351454019546508789e+00 -2.772350549697875977e+00 -9.923050403594970703e-01 -3.100989341735839844e+00 1.225669860839843750e+00 8.686267137527465820e-01 -2.274442762136459351e-01
4.906552731990814209e-01 2.548208236694335938e+00 -2.211444139480590820e+00 -1.095710277557373047e+00 -3.986801624298095703e+00 -1.014081478118896484e+00 2.744946479797363281e+00 1.516596078872680664e+00 -2.075961828231811523e+00 -3.610685169696807861e-01
-8.727735877037048340e-01 -1.754634618759155273e+00 -4.301249682903289795e-01 -2.076826572418212891e+00 -6.163022041320800781e+00 -1.475555747747421265e-01 -2.249482154846191406e+00 1.568065524101257324e+00 -2.446782588958740234e-01 2.409340381622314453e+00
-6.342717409133911133e-01 1.632665514945983887e+00 -3.014710187911987305e+00 -5.253222584724426270e-01 9.632778167724609375e-01 1.913012415170669556e-01 2.169344902038574219e+00 1.967035770416259766e+00 -1.402854204177856445e+00 -2.743789255619049072e-01
-1.387265622615814209e-01 7.564503550529479980e-01 -2.540133237838745117e+00 -1.870031833648681641e+00 1.196344137191772461e+00 1.206679701805114746e+00 2.833995819091796875e+00 -5.265527963638305664e-01 -1.040044948458671570e-01 -2.917177438735961914e+00
2.924994945526123047e+00 3.574069023132324219e+00 -1.532883524894714355e+00 1.963779926300048828e+00 -2.942292988300323486e-01 3.196767807006835938e+00 1.399227142333984375e+00 5.877248764038085938e+00 -1.840011000633239746e+00 1.478488087654113770e+00
-1.237028837203979492e+00 3.856488764286041260e-01 4.016088694334030151e-02 9.576268792152404785e-01 -3.502624630928039551e-01 5.954804420471191406e-01 -1.562434341758489609e-02 9.725950956344604492e-01 -7.894338369369506836e-01 1.045013189315795898e+00
4.401829540729522705e-01 1.774090230464935303e-01 -3.080779075622558594e+00 -4.427171349525451660e-01 -1.204930543899536133e+00 1.660356760025024414e+00 -7.057842016220092773e-01 -1.300704598426818848e+00 1.253512501716613770e-01 -1.720404982566833496e+00
-7.066266238689422607e-02 -1.542757868766784668e+00 1.523167729377746582e+00 -9.775788784027099609e-01 -1.768768787384033203e+00 1.805533885955810547e+00 1.522491455078125000e+00 2.716763734817504883e+00 4.838950932025909424e-02 -3.595729768276214600e-01
6.737530827522277832e-01 -3.001003742218017578e+00 -2.615849733352661133e+00 -1.558526039123535156e+00 -2.485768079757690430e+00 6.336275935173034668e-01 -4.061297893524169922e+00 1.476579666137695312e+00 2.604068517684936523e-01 1.449897527694702148e+00
-4.372409820556640625e+00 -3.056945800781250000e+00 -8.612645417451858521e-02 1.957407742738723755e-01 -2.050804853439331055e+00 2.289564132690429688e+00 1.036159634590148926e+00 -1.640788197517395020e+00 1.089362502098083496e+00 -3.550738096237182617e+00
-5.164019107818603516e+00 5.556166172027587891e+00 -8.027327060699462891e-02 7.075680255889892578e+00 1.186877846717834473e+00 -1.195706725120544434e+00 1.948311209678649902e+00 -6.719678640365600586e-01 -4.504417419433593750e+00 4.153430461883544922e+00
3.913828611373901367e+00 -5.333798885345458984e+00 -2.060098648071289062e+00 1.155071854591369629e+00 2.501187801361083984e+00 -1.781856060028076172e+00 -5.885839462280273438e+00 1.617361903190612793e+00 -4.741172492504119873e-01 -1.380932480096817017e-01
-5.262418746948242188e+00 -5.729550719261169434e-01 4.546318531036376953e+00 7.707612037658691406e+00 -8.116426467895507812e+00 -6.145859241485595703e+00 7.587473988533020020e-01 2.638585269451141357e-01 5.247628211975097656e+00 -1.985980272293090820e+00
8.508104085922241211e-02 -1.762586355209350586e+00 6.308898925781250000e-01 2.386338472366333008e+00 -6.708317995071411133e-01 -3.644098758697509766e+00 5.797749757766723633e-01 -2.089145183563232422e+00 1.182826280593872070e+00 1.737028360366821289e+00
1.249887228012084961e+00 1.988725423812866211e+00 -1.157370656728744507e-01 1.659541487693786621e+00 3.071743249893188477e-01 -8.968005180358886719e-01 1.882038474082946777e+00 -7.147486805915832520e-01 2.765042066574096680e+00 2.300246953964233398e+00
9.568259716033935547e-01 2.689165592193603516e+00 -1.435130000114440918e+00 -1.546217799186706543e+00 -4.216928184032440186e-01 3.254893422126770020e-01 1.270957827568054199e+00 1.859293133020401001e-02 1.639837980270385742e+00 2.438517808914184570e+00
8.225657939910888672e-01 2.774301052093505859e+00 -1.495256543159484863e+00 -1.684739232063293457e+00 -3.255401253700256348e-01 3.907282650470733643e-01 1.183598160743713379e+00 -2.710559405386447906e-02 1.845675349235534668e+00 2.398907661437988281e+00
9.300184249877929688e-01 2.647026777267456055e+00 -1.395554900169372559e+00 -1.718328833580017090e+00 -4.153236448764801025e-01 2.733743786811828613e-01 1.099688768386840820e+00 6.885019689798355103e-02 1.562305569648742676e+00 2.407870054244995117e+00
8.505038619041442871e-01 2.673418283462524414e+00 -1.405465960502624512e+00 -1.721693754196166992e+00 -2.745470106601715088e-01 2.334600687026977539e-01 9.691526293754577637e-01 3.103595413267612457e-02 1.588729381561279297e+00 2.215259075164794922e+00
1.132491156458854675e-01 -3.270931243896484375e+00 5.711956977844238281e+00 -1.228611946105957031e+00 -9.746832400560379028e-02 8.179559707641601562e-01 -1.627323389053344727e+00 1.971219897270202637e+00 -3.017854452133178711e+00 -2.474278688430786133e+00
-1.561030983924865723e+00 1.060139894485473633e+00 1.024859547615051270e+00 -1.742520689964294434e+00 3.627675771713256836e-01 -2.147362679243087769e-01 1.310987234115600586e+00 4.232278466224670410e-01 1.289713025093078613e+00 1.791614055633544922e+00
-2.224956750869750977e+00 5.413667559623718262e-01 1.108193635940551758e+00 -4.414619207382202148e-01 7.916935086250305176e-01 -3.819123804569244385e-01 2.510035037994384766e+00 -2.403922975063323975e-01 6.805968880653381348e-01 3.227042913436889648e+00
7.389827370643615723e-01 2.741004705429077148e+00 -1.686651825904846191e+00 -1.815672278404235840e+00 -3.247306346893310547e-01 4.502810537815093994e-01 1.048743486404418945e+00 -1.013750135898590088e-01 1.674970269203186035e+00 2.138158798217773438e+00
-1.745665669441223145e+00 9.715432524681091309e-01 9.850065708160400391e-01 -1.695999503135681152e+00 2.929752469062805176e-01 -1.922326087951660156e-01 1.193168282508850098e+00 5.062436461448669434e-01 1.610189080238342285e+00 1.152593970298767090e+00
1.120365411043167114e-01 2.813660144805908203e+00 -1.002241253852844238e+00 -1.999339818954467773e+00 1.547116786241531372e-01 3.839500546455383301e-01 1.090456247329711914e+00 -4.698024094104766846e-01 1.698911190032958984e+00 1.563530802726745605e+00
-1.835038661956787109e+00 8.326721787452697754e-01 1.172844171524047852e+00 -1.506270647048950195e+00 2.882329821586608887e-01 -7.796650379896163940e-02 1.202604651451110840e+00 6.410436034202575684e-01 1.711772680282592773e+00 1.287913918495178223e+00
-1.886808395385742188e+00 9.362159371376037598e-01 1.126299262046813965e+00 -1.582474231719970703e+00 4.760984778404235840e-01 -1.631726622581481934e-01 1.262254595756530762e+00 3.887522220611572266e-01 1.702953100204467773e+00 1.092085123062133789e+00
3.586573526263237000e-02 2.727113723754882812e+00 -9.274867177009582520e-01 -1.888950467109680176e+00 1.772592961788177490e-01 3.586627840995788574e-01 1.111678123474121094e+00 -6.376057863235473633e-01 1.617550849914550781e+00 1.430613040924072266e+00
-2.041589021682739258e+00 7.356109619140625000e-01 1.075188398361206055e+00 -1.454049944877624512e+00 7.687276601791381836e-01 -1.569624543190002441e-01 1.495837569236755371e+00 -2.962402813136577606e-02 1.848742723464965820e+00 9.737924337387084961e-01
-1.780854821205139160e+00 7.738814949989318848e-01 1.211072444915771484e+00 -1.603960275650024414e+00 5.453383326530456543e-01 -1.664320826530456543e-01 1.193593978881835938e+00 5.717878341674804688e-01 1.635842919349670410e+00 1.061018705368041992e+00
-2.416797399520874023e+00 -2.337913274765014648e+00 -5.710003972053527832e-01 -3.042930364608764648e+00 -2.351282119750976562e+00 -6.132346391677856445e-01 5.690676569938659668e-01 -1.117706894874572754e+00 1.108961939811706543e+00 5.716443061828613281e-01
4.129334926605224609e+00 1.552392721176147461e+00 -3.091913461685180664e+00 -4.381886959075927734e+00 -5.097467899322509766e+00 -4.548301219940185547e+00 -1.362693190574645996e+00 -2.890967130661010742e-01 -4.043020248413085938e+00 2.740018367767333984e+00
5.024434924125671387e-01 2.418180704116821289e+00 -1.462479114532470703e+00 -2.174288034439086914e-01 -4.775374889373779297e+00 -3.912225484848022461e+00 2.123954772949218750e+00 2.998126268386840820e+00 -2.660637617111206055e+00 9.891595244407653809e-01
2.368464320898056030e-01 3.972853422164916992e+00 -5.297366619110107422e+00 -2.222900867462158203e+00 -3.186371564865112305e+00 -1.476807951927185059e+00 8.244531750679016113e-01 -1.204581260681152344e+00 -1.555103302001953125e+00 -2.965946912765502930e+00
5.630832910537719727e-01 1.618522167205810547e+00 -1.055650591850280762e+00 -1.760790944099426270e+00 7.544275522232055664e-01 9.721133112907409668e-01 5.663474559783935547e+00 1.515032529830932617e+00 -3.427429437637329102e+00 -2.427236795425415039e+00
-4.734996855258941650e-01 6.596613526344299316e-01 -2.302027225494384766e+00 -1.468717813491821289e+00 1.662326693534851074e+00 1.164795398712158203e+00 3.734556436538696289e+00 -6.875183898955583572e-03 -4.188567698001861572e-01 -3.195706844329833984e+00
5.586103916168212891e+00 -2.571940124034881592e-01 3.424522161483764648e+00 -1.170798182487487793e+00 1.199603676795959473e+00 2.066504955291748047e+00 1.116884112358093262e+00 1.063518285751342773e+00 3.970402479171752930e+00 -4.824546337127685547e+00
-1.153266072273254395e+00 -1.763581037521362305e-01 -3.366276741027832031e+00 -1.805871009826660156e+00 -1.781231880187988281e+00 1.520619273185729980e+00 -5.842946767807006836e-01 -2.635096311569213867e+00 -4.392995834350585938e-01 -1.391931653022766113e+00
-1.441825747489929199e+00 1.277369976043701172e+00 -1.951255798339843750e+00 -1.808065056800842285e+00 3.072367012500762939e-01 -9.667533040046691895e-01 -3.309874773025512695e+00 -3.218171596527099609e+00 8.840372413396835327e-02 -2.085372447967529297e+00
-4.132977724075317383e-01 -7.696841955184936523e-01 -1.133751153945922852e+00 2.062437385320663452e-01 -1.501790881156921387e+00 8.078848123550415039e-01 -7.102774977684020996e-01 4.582901000976562500e-01 -1.781372874975204468e-01 -2.366561651229858398e+00
-1.413785368204116821e-01 -1.757859230041503906e+00 1.837342262268066406e+00 -1.197344422340393066e+00 -2.073995351791381836e+00 1.166156172752380371e+00 2.648932635784149170e-01 2.282046794891357422e+00 -5.712372064590454102e-01 -9.023105502128601074e-01
-1.488264441490173340e+00 -2.579093933105468750e+00 -1.469757795333862305e+00 -1.766205906867980957e+00 -1.197180032730102539e+00 2.327341958880424500e-02 -4.040878295898437500e+00 -3.798699975013732910e-01 6.028094291687011719e-01 1.331413164734840393e-02
5.157649517059326172e-01 -3.204800605773925781e+00 2.935341358184814453e+00 -3.373786509037017822e-01 7.041578646749258041e-03 2.839612245559692383e+00 -6.896435618400573730e-01 -5.189967155456542969e-01 7.725900650024414062e+00 -7.463884353637695312e+00
-3.205698013305664062e+00 -2.066568613052368164e+00 -5.472295880317687988e-01 2.334384679794311523e+00 -2.047588229179382324e-01 2.400555849075317383e+00 -3.130177497863769531e+00 -6.247890740633010864e-02 9.207283258438110352e-01 -2.963686704635620117e+00
2.597662210464477539e-01 -2.334981441497802734e+00 -1.623103380203247070e+00 -1.730480074882507324e+00 -2.165572404861450195e+00 -1.326176166534423828e+00 7.511889934539794922e-01 -7.472103834152221680e-01 2.046453237533569336e+00 6.467282772064208984e-01
2.842147350311279297e+00 1.782501459121704102e+00 5.005726337432861328e+00 1.076875090599060059e+00 -1.278748154640197754e+00 2.254734039306640625e+00 -3.027665376663208008e+00 -2.401887893676757812e+00 3.516925334930419922e+00 -1.070061683654785156e+00
-1.675554037094116211e+00 1.197794675827026367e+00 7.149236202239990234e-01 -4.500732421875000000e+00 -2.396698713302612305e+00 7.085638642311096191e-01 5.573951005935668945e-01 -2.806980133056640625e+00 -2.553889751434326172e+00 -4.372325539588928223e-01
-3.934381961822509766e+00 3.532502651214599609e+00 1.197339057922363281e+00 -2.534959793090820312e+00 3.267052471637725830e-01 -6.790325164794921875e+00 1.165780305862426758e+00 2.315619468688964844e+00 -4.283593177795410156e+00 -5.333270549774169922e+00
-2.156608343124389648e+00 1.378917455673217773e+00 8.448322415351867676e-01 -2.476024150848388672e+00 -1.872294098138809204e-01 -5.279527511447668076e-03 1.958444356918334961e+00 -8.083996772766113281e-01 2.298178672790527344e+00 -4.770829975605010986e-01
6.539879322052001953e+00 -4.819147586822509766e+00 -3.474673986434936523e+00 -7.222653031349182129e-01 -3.130426406860351562e-01 2.341760694980621338e-01 6.556287407875061035e-01 -2.259696722030639648e+00 2.130506515502929688e+00 -2.383939743041992188e+00
-1.004886507987976074e+00 1.174960017204284668e+00 -7.418090701103210449e-01 -4.597062587738037109e+00 -3.805155038833618164e+00 -1.480142831802368164e+00 -3.613914847373962402e-01 -1.263930201530456543e+00 -2.844338715076446533e-01 1.001712203025817871e+00
-1.045058146119117737e-01 3.860937356948852539e+00 -1.439896225929260254e+00 -2.556989908218383789e+00 8.067148923873901367e-01 2.974884584546089172e-02 2.844300270080566406e+00 -2.085754871368408203e+00 7.056624889373779297e-01 -2.025671243667602539e+00
-9.511951804161071777e-01 1.163625359535217285e+00 -2.338271588087081909e-01 -3.217407703399658203e+00 -8.400036692619323730e-01 -1.048759937286376953e+00 1.935324192047119141e+00 -9.927580356597900391e-01 1.243199467658996582e+00 -1.551657199859619141e+00
