3.052286624908447266e+00 2.350589990615844727e+00 -2.996928215026855469e+00 1.250922441482543945e+00 -2.227565765380859375e+00 -3.041882038116455078e+00 -1.451884031295776367e+00 -2.202067613601684570e+00 1.884404063224792480e+00 -5.129465103149414062e+00
-1.245011687278747559e+00 -6.191391468048095703e+00 -3.114952802658081055e+00 4.924460947513580322e-01 7.162945747375488281e+00 1.063497447967529297e+01 -1.797446131706237793e+00 3.792259216308593750e+00 6.801020622253417969e+00 6.655055880546569824e-01
-1.016362905502319336e+00 -7.447379231452941895e-01 -3.223020136356353760e-01 -1.631845355033874512e+00 2.134934186935424805e+00 -1.157985568046569824e+00 4.184398353099822998e-01 8.889068365097045898e-01 -9.844990968704223633e-01 -1.113187789916992188e+00
1.313619375228881836e+00 -9.716765880584716797e-01 -3.089292287826538086e+00 2.402033329010009766e+00 -1.774542570114135742e+00 -1.110973238945007324e+00 -9.259468913078308105e-01 -1.212625503540039062e+00 -1.278994202613830566e+00 -1.888981223106384277e+00
4.988023638725280762e-01 1.771742403507232666e-01 5.293457984924316406e+00 6.240730881690979004e-01 -1.905225753784179688e+00 6.723862886428833008e-01 4.427544474601745605e-01 8.009311556816101074e-01 -6.955075263977050781e-01 3.717114031314849854e-01
3.727052927017211914e+00 9.245702624320983887e-02 -1.366784930229187012e+00 5.334199428558349609e+00 1.009436249732971191e+00 -3.863744735717773438e+00 9.114903211593627930e-01 -9.808007478713989258e-01 -3.456712484359741211e+00 -4.465486049652099609e+00
1.009452342987060547e+00 -1.483677387237548828e+00 2.668676614761352539e+00 7.256766796112060547e+00 6.956978797912597656e+00 -1.077916145324707031e+00 2.143541336059570312e+00 5.669177055358886719e+00 1.506635069847106934e+00 -7.298555850982666016e+00
2.869533777236938477e+00 1.018639206886291504e-01 -2.790833711624145508e+00 2.968473672866821289e+00 4.564164638519287109e+00 4.646789550781250000e+00 -1.361899495124816895e+00 -1.576848745346069336e+00 8.701285719871520996e-02 -1.625116705894470215e+00
3.584394931793212891e+00 -1.937619090080261230e+00 1.642421245574951172e+00 9.210846424102783203e-01 4.866881847381591797e+00 2.128401994705200195e+00 -3.339977979660034180e+00 -5.234245300292968750e+00 -8.086989074945449829e-02 -2.405000448226928711e+00
-3.973450660705566406e+00 -7.248097896575927734e+00 1.125327348709106445e+00 3.438054084777832031e+00 1.761827588081359863e+00 9.730858802795410156e-01 -1.701561927795410156e+00 2.564551591873168945e+00 -3.948128461837768555e+00 7.273198962211608887e-01
-1.894984483718872070e+00 -2.768935859203338623e-01 -1.746848821640014648e+00 -1.721385598182678223e+00 1.777749896049499512e+00 -9.529557824134826660e-01 -5.532484054565429688e-01 1.018414974212646484e+00 -1.230601191520690918e+00 -2.420182704925537109e+00
1.376179575920104980e+00 -2.260374873876571655e-01 -5.025549530982971191e-01 -8.388115167617797852e-01 -1.274042844772338867e+00 -1.421534419059753418e+00 5.243765711784362793e-01 9.063020348548889160e-02 -1.507077336311340332e+00 -4.456519708037376404e-02
2.591655969619750977e+00 -1.422923445701599121e+00 1.145086169242858887e+00 9.207704663276672363e-01 -2.013449192047119141e+00 -4.832012206315994263e-02 1.724570542573928833e-01 1.304362416267395020e+00 -9.346685409545898438e-01 1.628285169601440430e+00
1.554455876350402832e+00 3.786428451538085938e+00 -5.376786589622497559e-01 -6.914888620376586914e-01 2.414956837892532349e-01 -1.999295830726623535e+00 2.346998453140258789e+00 -8.243064880371093750e-01 3.223137378692626953e+00 2.931535482406616211e+00
-5.204822063446044922e+00 2.830731868743896484e+00 -6.824639797210693359e+00 8.283809661865234375e+00 -5.960734486579895020e-01 -3.236941099166870117e+00 2.128454685211181641e+00 1.258321046829223633e+00 -1.557741641998291016e+00 -2.987774848937988281e+00
-1.614145189523696899e-01 6.288166046142578125e+00 2.824651718139648438e+00 -2.786327838897705078e+00 1.639379501342773438e+00 4.174722671508789062e+00 -1.770816087722778320e+00 3.409546852111816406e+00 -1.037973046302795410e+00 -1.457859754562377930e+00
-1.189131379127502441e+00 5.338719367980957031e+00 -2.688024520874023438e+00 1.668110251426696777e+00 1.681589365005493164e+00 6.553395748138427734e+00 1.097717881202697754e+00 -3.640465736389160156e+00 -7.170685768127441406e+00 1.875717759132385254e+00
9.511702656745910645e-01 1.837514996528625488e+00 3.395713806152343750e+00 5.303157329559326172e+00 -8.020149230957031250e+00 -6.917713165283203125e+00 3.896006822586059570e+00 -2.193885326385498047e+00 -2.208038091659545898e+00 4.411232948303222656e+00
-2.771666049957275391e+00 6.067212224006652832e-01 -2.004778623580932617e+00 -2.458622932434082031e+00 -1.894660592079162598e-01 -2.001099884510040283e-01 -4.735166430473327637e-01 1.055234432220458984e+00 -1.454904675483703613e+00 -3.590559005737304688e+00
-3.408478021621704102e+00 2.622350454330444336e+00 -1.921306997537612915e-01 3.541870594024658203e+00 -9.941844940185546875e-01 1.840783596038818359e+00 8.198465347290039062e+00 -1.316523432731628418e+00 6.376035809516906738e-01 -6.268401741981506348e-01
-1.303034424781799316e+00 -6.976117491722106934e-01 -7.153597474098205566e-01 -5.493287444114685059e-01 -1.639639735221862793e+00 -5.783162713050842285e-01 -1.630759716033935547e+00 2.014319151639938354e-01 -2.134526729583740234e+00 1.153496861457824707e+00
-2.501444816589355469e+00 -1.637271404266357422e+00 2.965518087148666382e-02 1.759346961975097656e+00 -2.590080261230468750e+00 9.908607602119445801e-01 -1.924104213714599609e+00 1.505106210708618164e+00 -1.300180554389953613e+00 6.854661703109741211e-01
-3.818536996841430664e+00 -6.758738160133361816e-01 2.219899177551269531e+00 3.014748096466064453e+00 -2.127200126647949219e+00 1.037964701652526855e+00 -1.259311914443969727e+00 6.326001882553100586e-01 -2.074946403503417969e+00 -6.009193658828735352e-01
-2.862955093383789062e+00 -1.638512969017028809e+00 6.338680386543273926e-01 2.177052259445190430e+00 -1.869860291481018066e+00 1.099725604057312012e+00 -1.660776138305664062e+00 1.480751156806945801e+00 -1.041218936443328857e-01 3.080091774463653564e-01
-1.944397568702697754e+00 -7.963646054267883301e-01 4.236041009426116943e-01 2.009453296661376953e+00 -3.753550052642822266e-01 8.979512453079223633e-01 -1.517281830310821533e-01 4.538955688476562500e-01 3.405758365988731384e-02 1.731689929962158203e+00
-3.876816928386688232e-01 -2.400293350219726562e+00 -3.976189717650413513e-02 9.435651302337646484e-01 1.023944139480590820e+00 9.794259071350097656e-02 -1.928901195526123047e+00 7.982621192932128906e-01 3.123021602630615234e+00 1.593267560005187988e+00
4.393390417098999023e-01 -2.105679512023925781e+00 -1.477914452552795410e-01 4.858593046665191650e-01 7.066107988357543945e-01 -2.134296298027038574e-01 -1.981795430183410645e+00 2.652431726455688477e-01 2.844691991806030273e+00 1.566073060035705566e+00
1.756782412528991699e+00 -1.270239233970642090e+00 5.692129611968994141e+00 -1.160245776176452637e+00 1.353867053985595703e+00 -1.482376575469970703e+00 9.794532656669616699e-01 -3.077828884124755859e+00 -2.132616043090820312e+00 -8.793056011199951172e-01
-7.441563010215759277e-01 -1.113355085253715515e-01 -1.113302707672119141e+00 -1.000062227249145508e+00 -1.046076893806457520e+00 1.125582098960876465e+00 1.160286307334899902e+00 -1.798571705818176270e+00 1.471145749092102051e+00 1.056736469268798828e+00
-3.283162415027618408e-01 -4.561214745044708252e-01 6.776652932167053223e-01 -4.350218474864959717e-01 -5.463576912879943848e-01 -7.683915495872497559e-01 6.882687807083129883e-01 -3.371992409229278564e-01 1.056894063949584961e+00 1.570964604616165161e-01
2.333419561386108398e+00 2.573623359203338623e-01 1.745608821511268616e-02 2.457449734210968018e-01 1.597364097833633423e-01 -1.285185456275939941e+00 1.076477885246276855e+00 1.512248277664184570e+00 5.656759738922119141e-01 2.341811418533325195e+00
-4.268900305032730103e-02 3.334138989448547363e-01 2.294713020324707031e+00 2.487745523452758789e+00 2.069665908813476562e+00 -1.230511426925659180e+00 -1.979292035102844238e-01 3.651258945465087891e+00 2.103681325912475586e+00 2.809355258941650391e+00
3.321802318096160889e-01 5.103591442108154297e+00 4.763925969600677490e-01 3.362588644027709961e+00 -4.576055049896240234e+00 -7.979174852371215820e-01 -3.005265951156616211e+00 3.114089250564575195e+00 2.027113437652587891e+00 -8.682819455862045288e-02
-2.662621736526489258e-01 6.356697559356689453e+00 2.906930446624755859e+00 -2.789109706878662109e+00 1.458589792251586914e+00 4.387246131896972656e+00 -1.981733322143554688e+00 3.254721879959106445e+00 -1.067333579063415527e+00 -1.490543484687805176e+00
-7.044153213500976562e+00 -2.371226102113723755e-01 -1.467967271804809570e+00 1.723792076110839844e+00 2.231439828872680664e+00 -1.187581300735473633e+00 -4.826137065887451172e+00 -3.266765832901000977e+00 4.404295921325683594e+00 -5.707816123962402344e+00
-6.498111724853515625e+00 1.954226255416870117e+00 3.317039251327514648e+00 3.381389975547790527e-01 1.148685097694396973e+00 1.748174130916595459e-01 9.680453538894653320e-01 -4.266439914703369141e+00 -2.033397436141967773e+00 -6.989360809326171875e+00
-2.992870569229125977e+00 7.559937238693237305e-01 -2.239648103713989258e+00 -2.747766017913818359e+00 -4.594371914863586426e-01 2.377060353755950928e-01 -8.685043454170227051e-01 9.356449246406555176e-01 -1.585820078849792480e+00 -4.010050296783447266e+00
-1.992368936538696289e+00 -4.267937242984771729e-01 -1.804109930992126465e+00 -2.042286872863769531e+00 7.895873188972473145e-01 -2.451469421386718750e+00 -1.502279996871948242e+00 1.003008842468261719e+00 -2.402828693389892578e+00 -1.549260139465332031e+00
-2.233500719070434570e+00 -9.295112639665603638e-02 -1.050399184226989746e+00 -5.693434476852416992e-01 3.478862345218658447e-01 -1.802128314971923828e+00 -1.083561778068542480e+00 5.749751925468444824e-01 -2.523569107055664062e+00 1.554866790771484375e+00
9.259605407714843750e-01 -1.479505896568298340e+00 1.127146124839782715e+00 7.187128067016601562e-01 -1.056134819984436035e+00 -2.141499519348144531e+00 -2.417806863784790039e+00 2.121150255203247070e+00 -3.778365373611450195e+00 6.082049608230590820e-01
-4.322176456451416016e+00 -1.841882109642028809e+00 -6.951173543930053711e-01 2.741874933242797852e+00 -2.200830936431884766e+00 1.477196931838989258e+00 -1.083844542503356934e+00 2.449616909027099609e+00 -2.304044008255004883e+00 9.047439098358154297e-01
-4.794339656829833984e+00 -1.851870305836200714e-02 2.705246686935424805e+00 2.865170717239379883e+00 -2.467086791992187500e+00 6.623084545135498047e-01 -4.194519221782684326e-01 6.378756761550903320e-01 -2.389891386032104492e+00 -1.711580872535705566e+00
-8.242941498756408691e-01 -4.598301887512207031e+00 4.941698014736175537e-01 -2.356300592422485352e+00 -1.377394318580627441e+00 2.972482442855834961e+00 -3.318970918655395508e+00 3.725283861160278320e+00 2.143491268157958984e+00 -2.031754493713378906e+00
-2.209081888198852539e+00 -3.260196924209594727e+00 5.927755832672119141e+00 5.327316522598266602e-01 4.140938818454742432e-02 -1.441446781158447266e+00 -2.462122678756713867e+00 -2.624253273010253906e+00 2.266525506973266602e+00 -3.028091192245483398e+00
1.024752259254455566e+00 8.462364077568054199e-01 -2.440036296844482422e+00 1.102261304855346680e+00 -4.225141525268554688e+00 -2.319052070379257202e-01 8.436310291290283203e-02 -2.722802400588989258e+00 2.441397905349731445e+00 1.864240884780883789e+00
9.540711045265197754e-01 -2.986878454685211182e-01 -1.598152399063110352e+00 -8.334221839904785156e-01 -2.378049135208129883e+00 8.896215558052062988e-01 1.838909387588500977e-01 -2.136342763900756836e+00 1.292404055595397949e+00 1.627724289894104004e+00
-4.726048409938812256e-01 -2.862068414688110352e-01 -1.892108798027038574e+00 -1.532110214233398438e+00 -3.592049777507781982e-01 1.610031366348266602e+00 1.860973238945007324e+00 -1.441263914108276367e+00 1.058373689651489258e+00 9.900045990943908691e-01
4.701496064662933350e-01 -1.649587154388427734e-01 -1.325487643480300903e-01 -3.961773514747619629e-01 -3.757279813289642334e-01 -1.282102465629577637e+00 1.190361499786376953e+00 3.357906639575958252e-01 1.103674173355102539e+00 -1.702623628079891205e-02
1.293183326721191406e+00 -4.378469288349151611e-01 -7.180587202310562134e-02 -3.695574998855590820e-01 -4.535941779613494873e-01 -1.619480013847351074e+00 1.932886481285095215e+00 9.397546052932739258e-01 1.117232203483581543e+00 1.159947633743286133e+00
1.233927011489868164e+00 -1.973717063665390015e-01 -6.237311959266662598e-01 -4.175266623497009277e-01 -8.457248210906982422e-01 -1.734552741050720215e+00 2.026850223541259766e+00 1.027355909347534180e+00 1.160515785217285156e+00 1.296745538711547852e+00
2.479649782180786133e+00 1.162431597709655762e+00 -7.672264575958251953e-01 -3.809164464473724365e-01 7.956137657165527344e-01 -1.698770403861999512e+00 -4.585205912590026855e-01 3.688113927841186523e+00 3.270632505416870117e+00 2.533532619476318359e+00
3.716265678405761719e+00 -3.567436456680297852e+00 -4.203603267669677734e+00 -2.463613033294677734e+00 -3.338572740554809570e+00 4.390715122222900391e+00 9.553509354591369629e-01 6.255725383758544922e+00 5.285727500915527344e+00 -1.845489978790283203e+00
-2.238066941499710083e-01 -6.009236574172973633e-01 3.115267992019653320e+00 -4.474524021148681641e+00 -7.361759543418884277e-01 3.042566299438476562e+00 4.786428451538085938e+00 -9.245465993881225586e-01 1.610128998756408691e+00 -3.603867530822753906e+00
-2.805397987365722656e+00 2.662663459777832031e-01 7.543230056762695312e+00 -5.009480953216552734e+00 4.622502326965332031e+00 -3.430741548538208008e+00 9.320273399353027344e-01 -7.658572196960449219e+00 7.356388866901397705e-02 -1.668728256225585938e+01
-3.286808967590332031e+00 7.184496521949768066e-01 -2.218988656997680664e+00 -2.562716484069824219e+00 -2.990698516368865967e-01 -5.463805794715881348e-02 -9.114208817481994629e-01 1.217811942100524902e+00 -1.522334218025207520e+00 -3.749629974365234375e+00
-2.380667209625244141e+00 -4.969401359558105469e-01 -2.184822320938110352e+00 -2.392042398452758789e+00 8.598994016647338867e-01 -2.391521692276000977e+00 -1.791263222694396973e+00 1.333211302757263184e+00 -2.598866224288940430e+00 -1.971964836120605469e+00
-2.476454973220825195e+00 -2.594222128391265869e-01 -1.459851264953613281e+00 -1.010496258735656738e+00 7.762396931648254395e-01 -1.751280546188354492e+00 -1.079809784889221191e+00 6.746581792831420898e-01 -2.342546701431274414e+00 1.430629730224609375e+00
-2.343199014663696289e+00 -3.323014974594116211e-01 -1.421016335487365723e+00 -9.013473391532897949e-01 2.724789083003997803e-01 -1.685790300369262695e+00 -1.332347035408020020e+00 7.683052420616149902e-01 -2.558810234069824219e+00 1.588668942451477051e+00
-2.455457687377929688e+00 -2.325932383537292480e-01 -1.259943604469299316e+00 -7.867158651351928711e-01 5.991020202636718750e-01 -1.656357526779174805e+00 -9.806106686592102051e-01 6.528586149215698242e-01 -2.501078844070434570e+00 1.686834096908569336e+00
-2.393918275833129883e+00 -2.826183438301086426e-01 -1.326714634895324707e+00 -7.827351093292236328e-01 4.728684723377227783e-01 -1.669892787933349609e+00 -1.088271975517272949e+00 9.119452834129333496e-01 -2.572663068771362305e+00 1.518547177314758301e+00
-1.312352776527404785e+00 2.122561693191528320e+00 -5.202118873596191406e+00 6.769845485687255859e+00 -3.964208841323852539e+00 1.757033705711364746e+00 2.973481178283691406e+00 -1.260846138000488281e+00 -2.160131782293319702e-01 -3.822997331619262695e+00
-2.316180706024169922e+00 -3.286771476268768311e-01 -1.277203798294067383e+00 -9.447705745697021484e-01 6.896389722824096680e-01 -1.797808527946472168e+00 -1.073762655258178711e+00 8.077765107154846191e-01 -2.539415359497070312e+00 1.489107966423034668e+00
-1.783885598182678223e+00 -4.019910097122192383e-01 -2.161343812942504883e+00 -2.238368749618530273e+00 2.424104064702987671e-01 -2.240814447402954102e+00 -1.884803414344787598e+00 1.078519701957702637e+00 -2.034067392349243164e+00 -2.596947252750396729e-01
-2.344317436218261719e+00 -2.665637135505676270e-01 -1.330754518508911133e+00 -7.055070400238037109e-01 2.544068098068237305e-01 -1.752090334892272949e+00 -9.478358030319213867e-01 4.497493803501129150e-01 -2.518011093139648438e+00 1.721166610717773438e+00
-2.337249040603637695e+00 -9.986514598131179810e-02 -1.069522976875305176e+00 -6.457678675651550293e-01 2.757335901260375977e-01 -1.668398261070251465e+00 -9.170714020729064941e-01 6.404764056205749512e-01 -2.609345436096191406e+00 1.709574580192565918e+00
-2.249234914779663086e+00 -1.463042348623275757e-01 -1.160406231880187988e+00 -7.380689382553100586e-01 2.292847186326980591e-01 -1.645885348320007324e+00 -1.155660152435302734e+00 5.110929608345031738e-01 -2.624608993530273438e+00 1.598982214927673340e+00
-2.092222690582275391e+00 -2.185389101505279541e-01 -1.192100167274475098e+00 -7.289214134216308594e-01 3.751136064529418945e-01 -1.549061655998229980e+00 -9.997849464416503906e-01 8.056524395942687988e-01 -2.484454154968261719e+00 1.648895502090454102e+00
-2.211417913436889648e+00 -2.017697542905807495e-01 -1.219675302505493164e+00 -6.325379610061645508e-01 3.640322685241699219e-01 -1.574971079826354980e+00 -9.598920941352844238e-01 5.758392214775085449e-01 -2.554144144058227539e+00 1.647903561592102051e+00
-2.317454814910888672e+00 -1.773923337459564209e-01 -1.458405971527099609e+00 -7.043685317039489746e-01 3.544169962406158447e-01 -1.464941978454589844e+00 -9.078014492988586426e-01 3.281924426555633545e-01 -2.512903690338134766e+00 1.607261419296264648e+00
-2.003894329071044922e+00 -3.271634578704833984e-01 -1.281754851341247559e+00 -7.805466055870056152e-01 4.614270925521850586e-01 -1.554606795310974121e+00 -1.235830426216125488e+00 5.957392454147338867e-01 -2.967462539672851562e+00 1.709562182426452637e+00
-1.999667048454284668e+00 -2.037236541509628296e-01 -1.236492872238159180e+00 -5.950242877006530762e-01 4.091510176658630371e-01 -1.489684939384460449e+00 -9.913495182991027832e-01 5.031506419181823730e-01 -2.489437818527221680e+00 1.709738731384277344e+00
-6.585161089897155762e-01 -4.152567863464355469e+00 -8.185882568359375000e-01 -8.318451046943664551e-01 -8.280194997787475586e-01 2.468438744544982910e-01 -3.568878412246704102e+00 1.579526543617248535e+00 -6.787717938423156738e-01 9.965194463729858398e-01
-5.066504001617431641e+00 -2.077235221862792969e+00 -2.249961048364639282e-01 3.194835424423217773e+00 -2.183713674545288086e+00 1.623477697372436523e+00 -9.281738996505737305e-01 2.836315155029296875e+00 -3.210179328918457031e+00 3.322768807411193848e-01
-4.886471271514892578e+00 -2.447698354721069336e+00 -4.654373824596405029e-01 3.248958349227905273e+00 -3.256464958190917969e+00 1.547595381736755371e+00 -1.691434144973754883e+00 4.539111614227294922e+00 -3.580040454864501953e+00 -2.629512310028076172e+00
-4.025062024593353271e-01 9.789186120033264160e-01 2.001819849014282227e+00 4.060729503631591797e+00 -8.763041496276855469e+00 1.614400744438171387e+00 -2.459313631057739258e+00 -1.499628901481628418e+00 -1.545277237892150879e+00 -1.272652506828308105e+00
4.849950969219207764e-01 1.075933098793029785e+00 -2.284477233886718750e+00 1.653563141822814941e+00 -3.650752782821655273e+00 -2.701885461807250977e+00 6.111345887184143066e-01 -3.004904508590698242e+00 3.626218080520629883e+00 6.261248588562011719e-01
1.056938290596008301e+00 7.650905251502990723e-01 -2.257258892059326172e+00 1.400470972061157227e+00 -4.056584835052490234e+00 -9.586493372917175293e-01 -7.033140957355499268e-02 -3.132111310958862305e+00 2.498989343643188477e+00 1.455703258514404297e+00
2.948275804519653320e+00 -1.525941252708435059e+00 5.128364562988281250e+00 2.365069389343261719e+00 -4.148249626159667969e+00 1.308606505393981934e+00 -3.757278442382812500e+00 -2.255229473114013672e+00 3.204159736633300781e-01 1.221530795097351074e+00
-1.286587834358215332e+00 3.899801492691040039e+00 2.324478477239608765e-01 1.940774321556091309e+00 -1.971251890063285828e-02 -5.133002400398254395e-01 -1.632384777069091797e+00 -5.198445916175842285e-01 4.417809486389160156e+00 2.545785427093505859e+00
2.070564508438110352e+00 -1.655913114547729492e+00 -1.905164241790771484e+00 -2.088225126266479492e+00 -2.216369628906250000e+00 1.451306700706481934e+00 1.242508649826049805e+00 9.763735532760620117e-01 4.028341472148895264e-01 -6.137254238128662109e-01
2.124875545501708984e+00 1.158905982971191406e+00 6.149941086769104004e-01 -9.444893598556518555e-01 -2.620524466037750244e-01 1.192189082503318787e-01 -1.308619499206542969e+00 2.945923089981079102e+00 2.934036016464233398e+00 -2.832294106483459473e-01
1.020702004432678223e+00 -2.487453699111938477e+00 -5.181021690368652344e-01 -5.029769539833068848e-01 -1.851695299148559570e+00 -1.779132932424545288e-01 3.380092382431030273e+00 1.420197963714599609e+00 2.159137725830078125e+00 -1.178992748260498047e+00
-9.478686451911926270e-01 -2.002818584442138672e+00 -7.035819888114929199e-01 6.470724344253540039e-01 -5.830287933349609375e-01 -2.064739465713500977e+00 2.305788040161132812e+00 3.402978897094726562e+00 3.375436305999755859e+00 -1.101809263229370117e+00
1.818091511726379395e+00 -5.603055477142333984e+00 3.650465726852416992e+00 4.501404762268066406e+00 -1.045550942420959473e+00 -2.849703311920166016e+00 -2.887662410736083984e+00 3.654142618179321289e+00 -5.396463394165039062e+00 8.201585769653320312e+00
4.279654026031494141e+00 -5.336141109466552734e+00 1.992303133010864258e+00 2.485756635665893555e+00 -2.508145570755004883e+00 5.035213947296142578e+00 -3.184200227260589600e-01 1.740927100181579590e+00 3.728525638580322266e+00 1.593708872795104980e+00
-2.804148435592651367e+00 4.051693916320800781e+00 9.930426478385925293e-01 2.431794852018356323e-01 -1.965973615646362305e+00 -3.368757247924804688e+00 4.056818783283233643e-01 -6.080050468444824219e-01 7.853457927703857422e-01 4.177849292755126953e+00
-1.273854732513427734e+00 -1.807541996240615845e-01 -3.494501352310180664e+00 -3.523295879364013672e+00 -1.335351228713989258e+00 1.062318444252014160e+00 -3.253318071365356445e-01 -2.665837049484252930e+00 2.217211961746215820e+00 -4.710896015167236328e+00
-2.881621599197387695e+00 1.273072838783264160e+00 3.216763734817504883e-01 -1.583121895790100098e+00 -4.500338733196258545e-01 1.617745518684387207e+00 -1.322352409362792969e+00 1.381511092185974121e+00 -3.234733104705810547e+00 -1.937888622283935547e+00
3.894143342971801758e+00 1.589225888252258301e+00 2.153052568435668945e+00 1.276700019836425781e+00 1.073024272918701172e+00 4.046569824218750000e+00 1.381872892379760742e+00 2.995725631713867188e+00 -4.005857944488525391e+00 -3.006094932556152344e+00
-2.845256090164184570e+00 -7.027713656425476074e-01 -1.892734527587890625e+00 -2.665891051292419434e-01 -3.233364582061767578e+00 -1.338728547096252441e+00 -3.925480842590332031e+00 1.757919073104858398e+00 -4.120617866516113281e+00 1.048411250114440918e+00
2.160898685455322266e+00 -7.253664731979370117e-01 -3.303816795349121094e+00 2.016232013702392578e+00 -5.677425384521484375e+00 1.839011192321777344e+00 -1.569485187530517578e+00 1.652575731277465820e-01 1.860989689826965332e+00 3.285140097141265869e-01
-5.443612575531005859e+00 -9.885041713714599609e-01 -1.156606316566467285e+00 1.688137054443359375e+00 -1.387081265449523926e+00 1.321923136711120605e-01 -1.579279422760009766e+00 1.935690402984619141e+00 -4.267786979675292969e+00 1.427558183670043945e+00
-6.583915710449218750e+00 1.231908705085515976e-02 -1.960265189409255981e-01 1.360672593116760254e+00 -3.861096203327178955e-01 5.271340012550354004e-01 -1.158648729324340820e+00 4.996295571327209473e-01 -3.688675642013549805e+00 2.161663055419921875e+00
-1.237676382064819336e+00 -3.210139513015747070e+00 -2.191438913345336914e+00 -1.293459892272949219e+00 -3.879757404327392578e+00 3.768316507339477539e-01 -1.627838969230651855e+00 1.035689711570739746e+00 -3.322537183761596680e+00 -9.971022009849548340e-01
