-3.272243738174438477e+00
-3.636299610137939453e+00
-1.368780422210693359e+01
8.250836372375488281e+00
-8.515556335449218750e+00
5.208506584167480469e+00
2.102997779846191406e+00
-2.968651771545410156e+00
2.636317968368530273e+00
-2.156466007232666016e+00
-5.776046752929687500e+00
3.592603206634521484e+00
1.057633304595947266e+01
1.984481811523437500e+00
5.775022029876708984e+00
2.240427769720554352e-02
8.467679977416992188e+00
-1.249681091308593750e+01
1.266894817352294922e+01
3.457320213317871094e+00
8.421251296997070312e+00
2.224711179733276367e+00
-1.684559583663940430e+00
-5.759208202362060547e+00
5.682417392730712891e+00
3.325120925903320312e+00
-1.449401259422302246e+00
7.529078006744384766e+00
-1.164377808570861816e+00
4.181552410125732422e+00
-4.053588390350341797e+00
5.013198375701904297e+00
-1.267022490501403809e+00
3.331702709197998047e+00
9.585669040679931641e-01
6.330261230468750000e+00
-7.674945354461669922e+00
-5.560945510864257812e+00
-7.846357822418212891e+00
2.390747785568237305e+00
-8.627827644348144531e+00
-1.285374760627746582e+00
-3.668718099594116211e+00
-7.668880462646484375e+00
4.721197605133056641e+00
-9.397609233856201172e-01
1.161038589477539062e+01
-3.238521337509155273e+00
-4.236425399780273438e+00
-1.001789474487304688e+01
5.489943623542785645e-01
-2.155067443847656250e+00
1.372162914276123047e+01
-3.515081405639648438e+00
-6.828626632690429688e+00
-4.965595006942749023e-01
-1.532656073570251465e+00
-5.238803625106811523e-01
1.678378224372863770e+00
3.629645347595214844e+00
5.502414226531982422e+00
-1.002732038497924805e+00
4.752864360809326172e+00
-2.066620588302612305e+00
6.393571853637695312e+00
-7.786384224891662598e-01
-3.397410869598388672e+00
-1.233247995376586914e+00
1.470387935638427734e+00
3.812200725078582764e-01
1.117435359954833984e+01
-1.437006831169128418e+00
-8.880046844482421875e+00
-3.944597482681274414e+00
4.334810256958007812e+00
4.567929267883300781e+00
5.414800643920898438e+00
-5.954204559326171875e+00
8.313044548034667969e+00
-5.667549133300781250e+00
