4.450438976287841797e+00
9.391875267028808594e+00
-5.538569927215576172e+00
-1.112407684326171875e+00
-5.942098617553710938e+00
9.844102859497070312e-01
2.154725074768066406e+00
-4.252158164978027344e+00
3.012024879455566406e+00
-6.061668872833251953e+00
-3.482350111007690430e+00
4.882020473480224609e+00
-1.647197914123535156e+01
4.438642978668212891e+00
2.846890926361083984e+00
-3.352191448211669922e+00
-8.177475333213806152e-01
-5.494146347045898438e+00
-8.058565139770507812e+00
-2.353395462036132812e+00
2.212488174438476562e+00
9.359854698181152344e+00
-1.671759366989135742e+00
-7.203905582427978516e+00
-2.719924211502075195e+00
3.539497137069702148e+00
-1.897941470146179199e+00
1.037182331085205078e+00
-8.799729496240615845e-02
3.160038292407989502e-01
2.374068737030029297e+00
-4.240126132965087891e+00
5.836213111877441406e+00
-5.842034339904785156e+00
-2.181246519088745117e+00
2.974839925765991211e+00
1.622261047363281250e+00
-4.256260097026824951e-01
4.417899131774902344e+00
-2.833408832550048828e+00
-4.615547180175781250e+00
7.802362442016601562e+00
1.730893254280090332e+00
-2.542433500289916992e+00
-8.131444931030273438e+00
-1.790250658988952637e+00
9.585866928100585938e+00
-5.955723285675048828e+00
4.225793838500976562e+00
9.327105522155761719e+00
3.165285825729370117e+00
8.910167694091796875e+00
-3.330551862716674805e+00
4.023587226867675781e+00
-4.214950799942016602e-01
4.197280406951904297e+00
-5.537034869194030762e-01
-2.641449928283691406e+00
-1.067138385772705078e+01
3.291260719299316406e+00
