-1.927950143814086914e+00
2.737715244293212891e+00
-1.641671299934387207e+00
-2.476348161697387695e+00
-3.921863734722137451e-01
-1.849664807319641113e+00
1.049948096275329590e+00
-2.410814464092254639e-01
-2.762438058853149414e-01
-3.170807838439941406e+00
3.683574438095092773e+00
5.275620222091674805e-01
-1.253700494766235352e+00
3.246098518371582031e+00
3.583863675594329834e-01
-1.807262659072875977e+00
5.332412719726562500e-01
1.600293040275573730e+00
1.995017051696777344e+00
-4.443363666534423828e+00
-2.690921783447265625e+00
4.008359432220458984e+00
2.834721282124519348e-02
-2.068125009536743164e+00
1.832928895950317383e+00
2.520879268646240234e+00
-6.787760257720947266e-01
-3.977833390235900879e-01
2.556022644042968750e+00
2.349234580993652344e+00
2.647183239459991455e-01
3.175305366516113281e+00
1.290274262428283691e-01
3.728971719741821289e+00
5.829764842987060547e+00
2.225150823593139648e+00
-1.839273214340209961e+00
1.335505127906799316e+00
-3.186928033828735352e+00
-1.667621850967407227e+00
1.986166357994079590e+00
-1.394420385360717773e+00
1.164539624005556107e-02
3.325114727020263672e+00
2.613160371780395508e+00
-1.889864683151245117e+00
8.087403297424316406e+00
1.663031458854675293e+00
5.961868762969970703e-01
2.198042631149291992e+00
2.497028857469558716e-01
3.710448026657104492e+00
8.937489986419677734e-01
1.093047857284545898e+00
2.133894443511962891e+00
2.603952169418334961e+00
-2.168276786804199219e+00
-4.979512691497802734e+00
-1.424721360206604004e+00
-9.400846481323242188e+00
3.725430250167846680e+00
-1.367521047592163086e+00
3.191522598266601562e+00
8.552890419960021973e-01
-2.213497877120971680e+00
2.659179210662841797e+00
-3.227220058441162109e+00
1.856519222259521484e+00
-2.406761646270751953e+00
3.061092615127563477e+00
-2.702592372894287109e+00
1.595790743827819824e+00
3.719210147857666016e+00
4.625718295574188232e-02
1.624825000762939453e+00
-2.617448329925537109e+00
2.681801319122314453e+00
-2.623584568500518799e-01
-3.485712051391601562e+00
-5.046781301498413086e-01
