6.158836483955383301e-01
2.443555891513824463e-01
3.419471681118011475e-01
1.762857317924499512e+00
-4.512494802474975586e-01
-7.445294409990310669e-02
3.684160113334655762e-01
1.876145005226135254e+00
-1.399298667907714844e+00
6.125981807708740234e-01
-2.572349011898040771e-01
2.131706237792968750e+00
-1.372752666473388672e+00
1.561802387237548828e+00
-5.412990450859069824e-01
2.828137278556823730e-01
4.465264678001403809e-01
-1.337531566619873047e+00
-1.131953835487365723e+00
6.279205083847045898e-01
-1.005448698997497559e+00
4.200489223003387451e-01
1.532965183258056641e+00
1.728407859802246094e+00
7.110329270362854004e-01
-2.211428731679916382e-01
-1.791895866394042969e+00
-8.299304842948913574e-01
-6.064583063125610352e-01
8.727754950523376465e-01
2.137583017349243164e+00
-1.084905505180358887e+00
2.112532109022140503e-01
-5.049636960029602051e-01
2.466452568769454956e-01
1.842973381280899048e-01
-5.928370356559753418e-01
-6.720040440559387207e-01
1.186245679855346680e+00
2.163864374160766602e-01
2.700698673725128174e-01
9.767261743545532227e-01
1.513450145721435547e+00
-1.114824652671813965e+00
-4.595941305160522461e-01
-1.431574821472167969e-01
8.019521236419677734e-01
1.502425074577331543e-01
9.086726903915405273e-01
-2.214652776718139648e+00
-3.958319723606109619e-01
-7.697251439094543457e-01
-1.084681510925292969e+00
-1.614666938781738281e+00
1.384056210517883301e+00
-1.103957056999206543e+00
3.932131528854370117e-01
-5.210399627685546875e-01
9.462029933929443359e-01
-9.098553657531738281e-01
