1.359677433967590332e+00
-1.165909528732299805e+00
4.215882301330566406e+00
5.628679752349853516e+00
1.555854678153991699e+00
-3.942733049392700195e+00
3.240316390991210938e+00
1.115247726440429688e+00
3.939165472984313965e-01
1.678488135337829590e+00
-6.521436214447021484e+00
-2.969482421875000000e+00
-2.654961347579956055e-01
-1.586448192596435547e+00
1.485939264297485352e+00
4.845289230346679688e+00
-1.075343966484069824e+00
-1.882763504981994629e+00
3.383987843990325928e-01
-1.843501925468444824e+00
-1.684473633766174316e+00
2.040887355804443359e+00
1.318699002265930176e+00
3.189204633235931396e-01
-6.797579526901245117e-01
-1.787213921546936035e+00
-9.261016845703125000e-01
2.023872375488281250e+00
1.520451307296752930e+00
1.780957728624343872e-01
3.476430892944335938e+00
1.093320369720458984e+00
3.920225858688354492e+00
2.142331600189208984e+00
-4.154195785522460938e+00
-5.320951938629150391e+00
-2.742399454116821289e+00
1.366789579391479492e+00
2.316125154495239258e+00
-1.876728892326354980e+00
-1.839588582515716553e-01
-6.590701103210449219e+00
1.503071188926696777e+00
-7.806114554405212402e-01
-2.611900806427001953e+00
-1.392573595046997070e+00
2.871708944439888000e-02
1.739108443260192871e+00
7.317233085632324219e-01
-1.122881293296813965e+00
1.056649923324584961e+00
1.073763251304626465e+00
2.047036401927471161e-02
2.666322946548461914e+00
8.522999882698059082e-01
1.924108266830444336e+00
2.428216934204101562e+00
-2.250606715679168701e-01
7.169240117073059082e-01
2.103606224060058594e+00
-1.570767283439636230e+00
-3.973740041255950928e-01
-4.053155899047851562e+00
2.107271671295166016e+00
5.948882579803466797e+00
-3.816775083541870117e+00
-1.086121678352355957e+00
-2.814470052719116211e+00
1.329361915588378906e+00
3.570401668548583984e+00
-2.317782878875732422e+00
2.302286148071289062e+00
5.087492465972900391e+00
1.856230258941650391e+00
-4.163556098937988281e-01
1.205030202865600586e+00
1.350223898887634277e+00
2.639883518218994141e+00
4.004766047000885010e-01
-7.320758342742919922e+00
