-2.256770581007003784e-01 3.466557264328002930e-01
-8.547495603561401367e-01 -1.239053130149841309e+00
7.659670114517211914e-01 3.042040169239044189e-01
-3.588565289974212646e-01 -7.809952497482299805e-01
5.820138752460479736e-02 5.525462031364440918e-01
4.811125993728637695e-01 9.008832275867462158e-03
9.234429597854614258e-01 1.277014017105102539e+00
-1.807921975851058960e-01 3.052635788917541504e-01
3.495074063539505005e-02 -4.669236242771148682e-01
1.027023196220397949e-01 4.909678101539611816e-01
-6.995596885681152344e-01 -1.248255372047424316e+00
2.243145368993282318e-02 3.006914854049682617e-01
-6.340529322624206543e-01 -1.100708365440368652e+00
7.067161798477172852e-01 2.919489443302154541e-01
2.878870368003845215e-01 4.362471699714660645e-01
4.585107862949371338e-01 -9.343425929546356201e-02
-3.591372668743133545e-01 3.668260201811790466e-02
7.358850240707397461e-01 2.329863458871841431e-01
-7.857193946838378906e-01 -1.942778676748275757e-01
-6.195868849754333496e-01 -8.091178536415100098e-02
4.599066823720932007e-02 4.858577847480773926e-01
3.786024451255798340e-01 1.001812145113945007e-01
-8.235279470682144165e-02 3.558699786663055420e-01
7.913318872451782227e-01 4.016540348529815674e-01
1.747032105922698975e-01 3.781144022941589355e-01
2.235152721405029297e-01 5.098827481269836426e-01
-2.660532295703887939e-01 -7.725526690483093262e-01
3.113472759723663330e-01 1.074532605707645416e-02
1.139792352914810181e-01 -2.401175200939178467e-01
7.409486770629882812e-01 5.084319710731506348e-01
