-8.056679368019104004e-01 -5.928480029106140137e-01
-2.664534449577331543e-01 -4.706194400787353516e-01
8.039413690567016602e-01 4.494040310382843018e-01
-1.871039420366287231e-01 -1.902076229453086853e-02
-2.219193801283836365e-02 -4.577293395996093750e-01
9.716540575027465820e-01 8.366325497627258301e-01
3.344154357910156250e-01 1.640686690807342529e-01
5.707286000251770020e-01 6.409316658973693848e-01
-1.032607674598693848e+00 -1.320362329483032227e+00
6.837050914764404297e-01 3.972753286361694336e-01
9.876679629087448120e-02 -4.394052922725677490e-02
-5.623404979705810547e-01 -3.216507434844970703e-01
4.830473065376281738e-01 7.446321249008178711e-01
6.895830482244491577e-02 -2.146831750869750977e-01
-5.316228866577148438e-01 -7.904245257377624512e-01
1.734231859445571899e-01 1.001488268375396729e-01
-7.532466948032379150e-02 -4.849135577678680420e-01
1.182413101196289062e-01 2.844183146953582764e-01
-6.415271759033203125e-01 -8.296197652816772461e-01
-2.056596875190734863e-01 -1.279640644788742065e-01
-8.659373223781585693e-02 3.442452102899551392e-02
2.382089793682098389e-01 2.827554345130920410e-01
-6.447072625160217285e-01 -8.596014976501464844e-01
-7.435194849967956543e-01 -6.695986390113830566e-01
-7.335167527198791504e-01 -8.546506762504577637e-01
-4.471420943737030029e-01 -8.703420162200927734e-01
-1.143698930740356445e+00 -1.266436696052551270e+00
-5.766997933387756348e-01 -7.798916101455688477e-01
-2.478478401899337769e-01 8.396417647600173950e-02
2.709295973181724548e-02 -2.819626927375793457e-01
-2.226658463478088379e-01 4.973675310611724854e-02
1.157676614820957184e-02 -2.263313829898834229e-01
6.164529919624328613e-01 5.396003723144531250e-01
1.160240545868873596e-01 6.630782485008239746e-01
1.083455204963684082e+00 1.160581231117248535e+00
-1.485160708427429199e+00 -1.184676051139831543e+00
4.314333200454711914e-01 2.973755002021789551e-01
3.979756236076354980e-01 1.256587505340576172e-01
4.967447519302368164e-01 2.276705503463745117e-01
6.454563140869140625e-01 5.382559299468994141e-01
