9.547916650772094727e-01 5.963521003723144531e-01
-5.156841874122619629e-01 -4.758717119693756104e-02
-2.128957659006118774e-01 -5.733226537704467773e-01
-3.197464048862457275e-01 7.197444885969161987e-02
3.236917853355407715e-01 6.924025416374206543e-01
1.112653762102127075e-01 4.755270481109619141e-01
-7.759853452444076538e-02 -5.018386840820312500e-01
3.157005831599235535e-02 -3.255358636379241943e-01
3.753662705421447754e-01 -7.785120513290166855e-03
1.335012316703796387e-01 4.986977279186248779e-01
-3.695044815540313721e-01 -6.843366622924804688e-01
4.723351299762725830e-01 1.512763202190399170e-01
-4.269162416458129883e-01 -8.250433802604675293e-01
2.232865989208221436e-01 7.622466683387756348e-01
4.053865671157836914e-01 -1.006577834486961365e-01
9.786270260810852051e-01 1.359390616416931152e+00
1.108911409974098206e-01 -3.917512297630310059e-01
2.068522423505783081e-01 6.785777807235717773e-01
-3.176702260971069336e-01 -7.359300851821899414e-01
9.097607806324958801e-03 -3.387742638587951660e-01
-6.830392479896545410e-01 -1.033954858779907227e+00
-1.947312206029891968e-01 -4.945642352104187012e-01
9.578769207000732422e-01 3.885328769683837891e-01
1.879473030567169189e-01 6.399961113929748535e-01
-4.159577488899230957e-01 1.561412960290908813e-01
-6.144427061080932617e-01 -8.003122359514236450e-02
3.165024220943450928e-01 -2.171406336128711700e-02
3.683955371379852295e-01 8.312805891036987305e-01
4.207576811313629150e-01 -2.522070705890655518e-01
7.730785012245178223e-01 1.145775556564331055e+00
