-6.173478364944458008e-01 -1.089428663253784180e+00
4.159332215785980225e-01 8.786785006523132324e-01
-1.765207499265670776e-01 7.024907469749450684e-01
-3.732748329639434814e-01 1.519574075937271118e-01
-4.488410055637359619e-01 -4.549406096339225769e-02
-5.151253938674926758e-01 -8.365179896354675293e-01
3.994036018848419189e-01 -2.475723028182983398e-01
-9.824894070625305176e-01 -5.434345006942749023e-01
7.462448477745056152e-01 1.150929808616638184e+00
-6.953969001770019531e-01 -1.534728765487670898e+00
-1.371014267206192017e-01 3.472419381141662598e-01
-1.074751257896423340e+00 -5.544458627700805664e-01
-1.982341408729553223e-01 -5.112258195877075195e-01
1.627742648124694824e-01 -3.758796751499176025e-01
-3.389500081539154053e-02 5.806130170822143555e-01
7.976150512695312500e-01 3.154337406158447266e-01
-1.432713389396667480e+00 -9.410429000854492188e-01
1.193143129348754883e+00 8.430257439613342285e-01
-2.122389711439609528e-02 5.084151029586791992e-01
7.242075800895690918e-01 1.919700801372528076e-01
-1.699922606348991394e-02 -4.963909685611724854e-01
5.867570638656616211e-01 7.817257195711135864e-02
-1.137045100331306458e-01 5.701571702957153320e-01
5.688600540161132812e-01 1.328969359397888184e+00
-7.204795256257057190e-03 6.894373297691345215e-01
2.884620428085327148e-01 7.771019339561462402e-01
-5.357062816619873047e-01 3.448925316333770752e-01
-9.371729493141174316e-01 -2.306491434574127197e-01
-6.060513854026794434e-01 -1.169337332248687744e-01
-4.421668946743011475e-01 9.435803443193435669e-02
-5.675184354186058044e-02 -5.722016096115112305e-01
-7.447417974472045898e-01 -1.817359328269958496e-01
1.654027849435806274e-01 -2.148611545562744141e-01
-3.524227738380432129e-01 2.981506884098052979e-01
-1.587242484092712402e-01 3.531166315078735352e-01
6.054687127470970154e-02 -3.941941559314727783e-01
3.894586861133575439e-01 -1.194090321660041809e-01
-3.664738237857818604e-01 1.842928677797317505e-01
6.792417168617248535e-01 9.930359572172164917e-02
-7.708446979522705078e-01 -2.319215089082717896e-01
