-6.281725168228149414e-01 -1.757462024688720703e-01
-3.668814897537231445e-01 -2.172889187932014465e-02
-2.795168198645114899e-02 -4.911259114742279053e-01
-1.138247728347778320e+00 -6.871002912521362305e-01
-2.382121980190277100e-01 -5.148655176162719727e-01
3.137781918048858643e-01 -1.208061203360557556e-01
-7.993729114532470703e-01 -1.652524024248123169e-01
4.702896475791931152e-01 9.317158460617065430e-01
-9.861360788345336914e-01 -5.342245101928710938e-01
-7.267986536026000977e-01 -2.687611877918243408e-01
4.457679390907287598e-01 -2.167948782444000244e-01
1.210728585720062256e-01 4.693470001220703125e-01
-2.777028083801269531e-01 -8.104079365730285645e-01
7.412222623825073242e-01 1.372502446174621582e-01
-9.926334023475646973e-01 -5.598948597908020020e-01
4.770191907882690430e-01 -5.824503675103187561e-02
-7.788858413696289062e-01 -3.791331946849822998e-01
-9.161770343780517578e-01 -2.757940888404846191e-01
-8.191364407539367676e-01 -4.102793633937835693e-01
-1.626024723052978516e+00 -1.375661015510559082e+00
4.671698212623596191e-01 2.117238640785217285e-01
1.352821588516235352e+00 7.978138923645019531e-01
-2.351303845643997192e-01 7.386321574449539185e-02
-5.702841281890869141e-01 -2.313370555639266968e-01
6.139369010925292969e-01 2.449120283126831055e-01
7.383298873901367188e-02 5.930234789848327637e-01
-8.367525935173034668e-01 -5.521035194396972656e-01
-5.185418725013732910e-01 -1.860267370939254761e-01
1.002079367637634277e+00 7.245290279388427734e-01
4.956088960170745850e-01 1.199551820755004883e-01
7.395209372043609619e-02 4.561826884746551514e-01
-7.056857645511627197e-02 4.564080834388732910e-01
1.787304878234863281e+00 1.246818423271179199e+00
-9.531579613685607910e-01 -5.002753734588623047e-01
-2.090311646461486816e-01 1.558531224727630615e-01
5.912323594093322754e-01 1.814503073692321777e-01
1.392630338668823242e-01 -3.603545129299163818e-01
1.091473579406738281e+00 5.244408249855041504e-01
-1.288970708847045898e+00 -7.632020711898803711e-01
6.480646133422851562e-01 2.330804020166397095e-01
1.297864317893981934e+00 1.684904098510742188e+00
3.628091216087341309e-01 3.113010665401816368e-03
8.071685433387756348e-01 3.603254556655883789e-01
3.758467733860015869e-01 9.471809864044189453e-01
-6.596271991729736328e-01 -1.119593501091003418e+00
-6.633456349372863770e-01 -1.696755886077880859e-01
6.372233033180236816e-01 9.669113755226135254e-01
1.189181327819824219e+00 7.959808111190795898e-01
4.466977417469024658e-01 7.679671049118041992e-01
-2.142106145620346069e-01 -6.041141748428344727e-01
