-1.201079264283180237e-01 -4.519768655300140381e-01
-5.872049927711486816e-01 -2.208017855882644653e-01
-9.023159146308898926e-01 -1.185242652893066406e+00
-6.169676780700683594e-01 -3.532567918300628662e-01
3.673370182514190674e-01 1.676227450370788574e-01
-2.510784268379211426e-01 -5.810496807098388672e-01
-3.428062796592712402e-01 -5.111473202705383301e-01
4.800431132316589355e-01 3.671448230743408203e-01
-4.041352868080139160e-01 -2.413080483675003052e-01
-1.505710482597351074e+00 -1.342110633850097656e+00
-8.046646118164062500e-01 -1.171425819396972656e+00
2.749654650688171387e-01 1.435617059469223022e-01
-6.260879039764404297e-01 -8.381436467170715332e-01
3.054066896438598633e-01 6.376075744628906250e-01
-9.112851619720458984e-01 -1.252293586730957031e+00
-6.034990400075912476e-02 2.280589044094085693e-01
4.197974503040313721e-01 4.967171251773834229e-01
1.766764372587203979e-01 3.339169919490814209e-01
-7.212794572114944458e-02 1.951330006122589111e-01
1.452177166938781738e-01 4.787661433219909668e-01
4.200640022754669189e-01 8.464553356170654297e-01
-7.012584209442138672e-01 -3.284632861614227295e-01
-1.365632057189941406e+00 -1.048668980598449707e+00
-2.327563427388668060e-02 -2.548766434192657471e-01
7.612414956092834473e-01 5.391451120376586914e-01
9.895989298820495605e-01 6.849241256713867188e-01
-2.446515709161758423e-01 2.977946400642395020e-02
6.406095623970031738e-01 8.484233021736145020e-01
3.457926511764526367e-01 4.737356007099151611e-01
6.239768266677856445e-01 1.606948971748352051e-01
-3.439559936523437500e-01 -9.184309840202331543e-01
9.325794875621795654e-02 -1.910630613565444946e-01
4.259918034076690674e-01 3.271680176258087158e-01
1.086887121200561523e+00 8.035721778869628906e-01
4.381851851940155029e-02 2.133130580186843872e-01
-4.438020288944244385e-01 -2.847601175308227539e-01
9.569447636604309082e-01 2.038914263248443604e-01
-3.594763278961181641e-01 -1.147359758615493774e-01
-2.834107875823974609e-01 -5.141537189483642578e-01
5.310175418853759766e-01 7.198669314384460449e-01
4.569613039493560791e-01 5.791152715682983398e-01
2.545822858810424805e-01 -5.593284033238887787e-03
-5.393567681312561035e-01 -7.162408232688903809e-01
9.744552969932556152e-01 1.118174433708190918e+00
4.686706662178039551e-01 7.001906037330627441e-01
1.022545456886291504e+00 8.832029104232788086e-01
-6.030943393707275391e-01 -3.708903193473815918e-01
3.755276799201965332e-01 1.950118690729141235e-01
4.700550064444541931e-02 1.250734329223632812e-01
-7.940431237220764160e-01 -5.608651041984558105e-01
-1.851135939359664917e-01 1.071500405669212341e-01
1.085331365466117859e-01 -1.188270077109336853e-01
1.735314726829528809e+00 1.452633142471313477e+00
2.056344747543334961e-01 4.952679872512817383e-01
-6.330952048301696777e-02 -2.593881487846374512e-01
1.048777222633361816e+00 8.962199687957763672e-01
5.543299317359924316e-01 3.926323354244232178e-01
3.111845254898071289e-01 1.462758183479309082e-01
1.974016427993774414e-01 -1.250396221876144409e-01
6.414715945720672607e-02 2.497097700834274292e-01
