-5.854254961013793945e-01 -9.982702881097793579e-02
4.970730468630790710e-02 -5.658479332923889160e-01
-6.940068006515502930e-01 -1.012936711311340332e+00
-2.042472660541534424e-01 2.123183757066726685e-01
3.254981040954589844e-01 6.676937937736511230e-01
-6.027469635009765625e-01 -1.857555061578750610e-01
6.586174964904785156e-01 3.106911778450012207e-01
-5.863857269287109375e-02 4.413280189037322998e-01
-1.331404894590377808e-01 -7.403900027275085449e-01
-4.086709320545196533e-01 -7.930800318717956543e-01
8.887817263603210449e-01 4.660099148750305176e-01
4.881696999073028564e-01 1.385151594877243042e-01
6.307631134986877441e-01 1.648146361112594604e-01
8.961953520774841309e-01 1.566535830497741699e+00
-8.060644567012786865e-02 -5.484724640846252441e-01
2.114563882350921631e-01 5.883523225784301758e-01
-6.574633121490478516e-01 -2.488947063684463501e-01
-1.050736904144287109e+00 -7.515864968299865723e-01
-6.449609994888305664e-01 -1.227589622139930725e-01
3.394808769226074219e-01 7.181823253631591797e-02
-7.158817052841186523e-01 -3.424780368804931641e-01
-9.414731264114379883e-01 1.348617196083068848e+00
-1.150010108947753906e+00 -1.470528841018676758e+00
3.914600610733032227e-01 -1.072731465101242065e-01
-6.077606081962585449e-01 -1.226219892501831055e+00
-9.587755799293518066e-01 -4.042990803718566895e-01
-3.998934924602508545e-01 -7.242183089256286621e-01
-9.290883541107177734e-01 -4.485894739627838135e-01
2.287770956754684448e-01 -2.341290414333343506e-01
-6.529112160205841064e-02 5.912666320800781250e-01
-6.087830662727355957e-01 -1.020333051681518555e+00
-4.873207807540893555e-01 -7.799642533063888550e-02
-4.539315700531005859e-01 -2.662509493529796600e-02
-1.848120927810668945e+00 -1.509192585945129395e+00
-3.436462879180908203e-01 -8.609495162963867188e-01
-1.579796820878982544e-01 -1.206141710281372070e+00
1.101892352104187012e+00 7.017562985420227051e-01
-4.622234106063842773e-01 -8.705155849456787109e-01
-1.167719244956970215e+00 -1.618630051612854004e+00
1.760302424430847168e+00 1.386694163084030151e-01
