-9.248637557029724121e-01 -6.402271389961242676e-01
-6.788481771945953369e-02 2.132582813501358032e-01
2.527664974331855774e-02 2.844775617122650146e-01
-1.079684309661388397e-02 -6.577137708663940430e-01
6.575194001197814941e-01 4.604795575141906738e-01
-5.199625492095947266e-01 -3.037694394588470459e-01
8.398953676223754883e-01 5.582802891731262207e-01
-3.879972994327545166e-01 -8.045357465744018555e-01
9.657470881938934326e-02 -1.326652616262435913e-01
1.846279352903366089e-01 4.491468071937561035e-01
-2.970219217240810394e-02 -4.628349542617797852e-01
-5.959494709968566895e-01 -3.872341215610504150e-01
5.857261419296264648e-01 8.668488860130310059e-01
-7.028112411499023438e-01 -4.115848541259765625e-01
4.525753259658813477e-01 1.412054002285003662e-01
8.097617626190185547e-01 1.011937141418457031e+00
-8.291966915130615234e-01 -1.121504545211791992e+00
-4.859872758388519287e-01 -6.875094175338745117e-01
-3.625905811786651611e-01 -4.781835153698921204e-02
-1.365977674722671509e-01 2.829065620899200439e-01
-1.831980794668197632e-01 6.153721362352371216e-02
5.341459512710571289e-01 2.374133765697479248e-01
-1.048385500907897949e+00 -8.295081257820129395e-01
-3.133301809430122375e-02 2.600080072879791260e-01
1.096634984016418457e+00 7.142254114151000977e-01
2.124242931604385376e-01 6.798856258392333984e-01
-2.029041200876235962e-01 -5.905981063842773438e-01
1.926665008068084717e-01 -2.431451678276062012e-01
-8.218330740928649902e-01 -5.306447744369506836e-01
2.344568073749542236e-01 5.444217324256896973e-01
-1.220830809324979782e-02 -3.198695778846740723e-01
-1.355346918106079102e+00 -1.069849133491516113e+00
-9.658482670783996582e-01 -1.227726578712463379e+00
-7.567539215087890625e-01 -1.085840463638305664e+00
5.910712480545043945e-01 8.797504901885986328e-01
-1.516006946563720703e+00 -1.209296464920043945e+00
1.003471136093139648e+00 6.661505103111267090e-01
2.465629577636718750e-01 5.410583615303039551e-01
1.200907304883003235e-01 -3.689906299114227295e-01
-1.161554813385009766e+00 -9.084726572036743164e-01
1.339179396629333496e+00 1.109387636184692383e+00
3.196671903133392334e-01 5.850726366043090820e-01
1.626445353031158447e-01 5.022971630096435547e-01
-4.812259972095489502e-02 2.275164127349853516e-01
-3.594199120998382568e-01 -6.881558895111083984e-01
-3.377327620983123779e-01 -5.674953460693359375e-01
-6.881173253059387207e-01 -9.226810336112976074e-01
2.343249022960662842e-01 4.711490273475646973e-01
4.329282343387603760e-01 7.260194420814514160e-01
5.944075807929039001e-02 -2.436352521181106567e-01
