0.537109375 0.5354489684104919 1040.0 22141.0 26058.0 1369.0
0.798828125 0.8213523626327515 438.0 7070.0 41129.0 1971.0
0.873046875 0.8725102543830872 392.0 4435.0 43764.0 2017.0
0.908203125 0.9000553488731384 348.0 2997.0 45202.0 2061.0
0.919921875 0.9164164066314697 329.0 2150.0 46049.0 2080.0
0.931640625 0.9292206764221191 302.0 1475.0 46724.0 2107.0
0.9375 0.9385472536087036 268.0 969.0 47230.0 2141.0
0.94140625 0.9445739984512329 217.0 613.0 47586.0 2192.0
0.95703125 0.9481702446937561 159.0 373.0 47826.0 2250.0
0.94921875 0.9497708082199097 154.0 287.0 47912.0 2255.0
0.953125 0.9512330293655396 145.0 204.0 47995.0 2264.0
0.94921875 0.9514898657798767 148.0 194.0 48005.0 2261.0
0.953125 0.95143061876297 177.0 226.0 47973.0 2232.0
0.95703125 0.9515491724014282 190.0 233.0 47966.0 2219.0
0.955078125 0.9514503479003906 181.0 229.0 47970.0 2228.0
0.953125 0.9512330293655396 232.0 291.0 47908.0 2177.0
0.9375 0.9512132406234741 232.0 292.0 47907.0 2177.0
0.955078125 0.9512527585029602 239.0 297.0 47902.0 2170.0
0.953125 0.9506006836891174 273.0 364.0 47835.0 2136.0
0.94921875 0.9515293836593628 254.0 298.0 47901.0 2155.0
0.951171875 0.9508180618286133 298.0 378.0 47821.0 2111.0
0.9609375 0.9507785439491272 295.0 377.0 47822.0 2114.0
0.955078125 0.9510749578475952 306.0 373.0 47826.0 2103.0
0.9609375 0.9508970975875854 320.0 396.0 47803.0 2089.0
0.95703125 0.9504624009132385 353.0 451.0 47748.0 2056.0
0.95703125 0.951173722743988 324.0 386.0 47813.0 2085.0
0.951171875 0.9513120651245117 331.0 386.0 47813.0 2078.0
0.9609375 0.9511539936065674 362.0 425.0 47774.0 2047.0
0.955078125 0.9512132406234741 379.0 439.0 47760.0 2030.0
0.95703125 0.9514503479003906 364.0 412.0 47787.0 2045.0
0.955078125 0.9519838690757751 381.0 402.0 47797.0 2028.0
0.943359375 0.9512527585029602 377.0 435.0 47764.0 2032.0
