-2.222490310668945312e+00
-1.216217160224914551e+00
-1.277338027954101562e+00
2.515087604522705078e+00
9.505769014358520508e-01
2.560523271560668945e+00
3.468954563140869141e+00
1.527521371841430664e+00
-7.516751885414123535e-01
1.724696516990661621e+00
-2.314441204071044922e+00
5.483703017234802246e-01
1.231313347816467285e+00
-2.534445822238922119e-01
2.844282388687133789e+00
7.441604137420654297e-01
2.335157155990600586e+00
4.638823866844177246e-01
-3.112699747085571289e+00
3.106427431106567383e+00
-1.426241397857666016e+00
1.852723836898803711e+00
2.339312076568603516e+00
4.727185666561126709e-01
2.473725557327270508e+00
1.255401253700256348e+00
2.199813127517700195e+00
-1.914855241775512695e+00
-3.482604742050170898e+00
3.253969907760620117e+00
-2.481034547090530396e-01
3.101780891418457031e+00
-1.909195303916931152e+00
9.520183205604553223e-01
-2.581824779510498047e+00
1.620901674032211304e-01
1.651206254959106445e+00
-3.632779359817504883e+00
-1.316521018743515015e-01
-1.044555306434631348e+00
-4.009023904800415039e-01
7.559623718261718750e-01
2.730276346206665039e+00
-9.729871749877929688e-01
-2.061953842639923096e-01
-3.519224166870117188e+00
1.644428968429565430e-01
1.671539783477783203e+00
-2.183374166488647461e+00
2.156109094619750977e+00
-1.797333955764770508e+00
1.102650240063667297e-01
-1.021946787834167480e+00
2.278970479965209961e+00
-1.981747895479202271e-01
-9.686573743820190430e-01
-1.102720260620117188e+00
-4.108752682805061340e-02
-5.581189990043640137e-01
1.149643659591674805e+00
