-3.432033956050872803e-01
-1.303954601287841797e+00
7.132428884506225586e-01
3.140202760696411133e-01
4.342768788337707520e-01
3.467234611511230469e+00
-9.376754164695739746e-01
-5.448564887046813965e-01
-1.204004168510437012e+00
-1.656186223030090332e+00
7.661613821983337402e-01
4.423490166664123535e-01
-2.084478378295898438e+00
6.624978780746459961e-01
7.900412678718566895e-01
-1.025750756263732910e+00
2.630852460861206055e+00
1.139831423759460449e+00
-6.912028193473815918e-01
-9.933050721883773804e-02
1.460220068693161011e-01
1.554681777954101562e+00
5.022257804870605469e+00
-2.146400213241577148e+00
3.841312825679779053e-01
-2.325494527816772461e+00
6.418316625058650970e-03
-7.904037088155746460e-02
3.275424957275390625e+00
-1.801219463348388672e+00
1.751665353775024414e+00
6.429490447044372559e-01
-9.172723889350891113e-01
-3.508332073688507080e-01
5.133124589920043945e-01
-1.012443229556083679e-01
-9.877545833587646484e-01
-9.026349782943725586e-01
-1.008360266685485840e+00
-2.837221145629882812e+00
-1.515119910240173340e+00
-8.535836935043334961e-01
-5.713794827461242676e-01
-2.174430608749389648e+00
2.442170977592468262e-01
4.692170917987823486e-01
7.805668115615844727e-01
-2.774816751480102539e-01
-2.103781223297119141e+00
1.127454519271850586e+00
-3.818563818931579590e-01
-1.525414705276489258e+00
4.041333675384521484e+00
3.673234879970550537e-01
-1.329096704721450806e-01
-2.671640634536743164e+00
-4.287712574005126953e+00
-1.921571493148803711e+00
1.883824229240417480e+00
-2.916482985019683838e-01
-2.512125074863433838e-01
-1.756349086761474609e+00
-1.976404190063476562e+00
-1.591985583305358887e+00
-2.381761789321899414e+00
1.765771746635437012e+00
5.310147404670715332e-01
-9.754949808120727539e-01
1.233704924583435059e+00
-3.064938545227050781e+00
6.562730669975280762e-01
7.701593637466430664e-01
-2.162532955408096313e-01
7.259118556976318359e-01
-2.777840137481689453e+00
9.771500825881958008e-01
-2.543520927429199219e-01
-2.572230339050292969e+00
1.047846600413322449e-01
-2.181675672531127930e+00
