1.692036390304565430e+00
7.175178050994873047e+00
5.894397735595703125e+00
-1.078617095947265625e+01
4.549558758735656738e-01
-2.813903093338012695e-01
-1.222479629516601562e+01
9.292786598205566406e+00
-7.374597072601318359e+00
-1.064125919342041016e+01
-6.654814243316650391e+00
9.505284309387207031e+00
7.424788475036621094e+00
1.467636013031005859e+01
-6.960342407226562500e+00
-1.040604400634765625e+01
-9.761874675750732422e-01
-4.702864289283752441e-01
-5.984628677368164062e+00
7.950450181961059570e-01
3.081162691116333008e+00
5.078998208045959473e-01
5.298177719116210938e+00
4.494433403015136719e+00
6.204308509826660156e+00
6.460980415344238281e+00
-3.148934602737426758e+00
-5.664545059204101562e+00
-3.087466716766357422e+00
-2.335485965013504028e-01
-6.557471752166748047e+00
-1.761834621429443359e+00
1.443091154098510742e+00
3.973108768463134766e+00
-9.991459846496582031e-01
8.379158973693847656e+00
-2.888304710388183594e+00
-1.553222274780273438e+01
1.119246363639831543e+00
6.217656612396240234e+00
-1.619518756866455078e+00
3.602939367294311523e+00
-8.488137245178222656e+00
-7.273905754089355469e+00
-3.197968006134033203e+00
-6.321701049804687500e+00
1.059282016754150391e+01
-1.083423614501953125e+00
-1.421022295951843262e+00
-8.187887191772460938e+00
