5.577378273010253906e+00
-1.930374503135681152e+00
-2.048073768615722656e+00
-4.092208862304687500e+00
-2.741237640380859375e+00
-3.965328693389892578e+00
3.626578152179718018e-01
-3.203358948230743408e-01
-5.350342273712158203e+00
1.066204738616943359e+01
2.770664691925048828e+00
-1.266112565994262695e+00
6.384117603302001953e+00
1.632915616035461426e+00
5.105382204055786133e-01
-9.183512926101684570e-01
5.772578239440917969e+00
2.414664268493652344e+00
-4.798788428306579590e-01
1.625440835952758789e+00
2.632467746734619141e+00
-6.929779052734375000e+00
-4.897588729858398438e+00
1.366656780242919922e+00
-1.903711438179016113e+00
-1.225684523582458496e+00
6.939233541488647461e-01
2.697291135787963867e+00
-9.464308619499206543e-01
7.482367157936096191e-01
-3.922192096710205078e+00
-2.913738965988159180e+00
4.363278388977050781e+00
-1.605841666460037231e-01
-4.023816585540771484e+00
-3.644729614257812500e+00
-4.582783222198486328e+00
-5.109591007232666016e+00
6.856005191802978516e-01
5.074738502502441406e+00
-1.027719497680664062e+00
2.847861766815185547e+00
-6.685866832733154297e+00
6.720948219299316406e+00
6.499600410461425781e-01
1.951741576194763184e+00
1.539145708084106445e-01
-4.228252172470092773e-02
3.440885305404663086e+00
-2.072592020034790039e+00
-4.030343532562255859e+00
-2.590416193008422852e+00
-6.583074569702148438e+00
1.639933586120605469e+00
-3.862696647644042969e+00
4.176528453826904297e+00
2.253264188766479492e+00
-1.089545845985412598e+00
2.428252935409545898e+00
2.860641002655029297e+00
-3.129122778773307800e-02
7.495494931936264038e-02
-6.064229011535644531e+00
1.406518936157226562e+00
-4.938896179199218750e+00
-4.051707088947296143e-01
1.975832343101501465e+00
7.896215915679931641e+00
2.158849954605102539e+00
-1.182639524340629578e-01
-5.108800530433654785e-02
-1.259227514266967773e+00
2.630700349807739258e+00
6.146524906158447266e+00
-3.547072172164916992e+00
-2.415576457977294922e+00
2.669278383255004883e+00
-2.584751844406127930e+00
-9.560273885726928711e-01
-1.237373113632202148e+00
