1.192844867706298828e+00
-7.458063602447509766e+00
4.609085083007812500e+00
-1.044129431247711182e-01
-1.169028663635253906e+01
-1.251024723052978516e+01
-1.421476364135742188e+00
-1.484858417510986328e+01
4.591827869415283203e+00
2.154455184936523438e+01
8.993099212646484375e+00
-7.990471363067626953e+00
1.115059852600097656e+01
2.110943794250488281e+01
2.929779291152954102e+00
-6.697644233703613281e+00
2.733627510070800781e+01
-1.192701935768127441e+00
-6.351740360260009766e+00
2.342756271362304688e+01
-1.368382453918457031e+01
-2.996148824691772461e+00
-1.250948619842529297e+01
-1.772468090057373047e+00
2.349998474121093750e+01
1.171799945831298828e+01
1.166745471954345703e+01
-1.156510543823242188e+01
4.883306026458740234e+00
-6.748034477233886719e+00
2.058132553100585938e+01
1.840185546875000000e+01
-2.368448257446289062e+01
1.920753669738769531e+01
-8.170579910278320312e+00
-1.759238624572753906e+01
7.391214847564697266e+00
-9.382989406585693359e-01
4.211849212646484375e+00
7.963090896606445312e+00
