7.993186712265014648e-01
-4.284135997295379639e-01
-3.481900393962860107e-01
-1.906950920820236206e-01
6.110851168632507324e-01
-6.707097589969635010e-02
7.972623705863952637e-01
-1.053204298019409180e+00
-6.942040920257568359e-01
-8.211045861244201660e-01
1.118713498115539551e+00
-1.479775428771972656e+00
3.654317617416381836e+00
-1.150591850280761719e+00
5.646905303001403809e-01
1.441446065902709961e+00
-1.908439099788665771e-01
1.303154043853282928e-02
-1.719895601272583008e+00
-9.637827873229980469e-01
2.552655637264251709e-01
-5.453234910964965820e-01
-1.931693553924560547e-01
4.604106545448303223e-01
1.652796387672424316e+00
1.626927614212036133e+00
1.274515271186828613e+00
-1.234009981155395508e+00
2.074593752622604370e-01
4.247957766056060791e-01
5.258002877235412598e-01
-1.966900229454040527e+00
2.758445441722869873e-01
2.873559594154357910e-01
3.938747346401214600e-01
-2.247212409973144531e+00
-3.567886352539062500e-01
1.641662120819091797e+00
1.446700692176818848e+00
7.257125377655029297e-01
