1.896201133728027344e+00
-2.059846650809049606e-03
-2.825202643871307373e-01
-1.284243106842041016e+00
-1.234567910432815552e-01
-2.002335190773010254e-01
-1.992450714111328125e+00
7.658905386924743652e-01
-1.409849166870117188e+00
-2.378561735153198242e+00
1.461195945739746094e+00
-4.145771563053131104e-01
-4.847224652767181396e-01
-2.705372333526611328e+00
4.364614486694335938e-01
-1.144111275672912598e+00
1.805081605911254883e+00
-1.295518159866333008e+00
-8.328385353088378906e-01
-9.716331958770751953e-01
7.008228302001953125e-01
1.960664510726928711e+00
-1.692015886306762695e+00
-1.184012889862060547e+00
7.663052678108215332e-01
6.474704146385192871e-01
-7.506457567214965820e-01
7.702417969703674316e-01
-8.515272736549377441e-01
-1.913402080535888672e+00
1.602095365524291992e+00
2.231307983398437500e+00
-7.088209688663482666e-02
-2.619679868221282959e-01
1.480257630348205566e+00
-4.751841425895690918e-01
-2.084993124008178711e-01
8.421653509140014648e-01
-2.881454467773437500e+00
1.698030471801757812e+00
4.268633425235748291e-01
1.847196072340011597e-01
1.398574709892272949e+00
9.241323471069335938e-01
-1.457479834556579590e+00
-2.211099386215209961e+00
-1.046368002891540527e+00
-1.769914865493774414e+00
-1.516844987869262695e+00
-1.359529644250869751e-01
