5.104859352111816406e+00
2.627752065658569336e+00
1.071939826011657715e+00
2.140893220901489258e+00
6.303327083587646484e+00
-4.661539494991302490e-01
-9.905326962471008301e-01
1.493989467620849609e+00
-2.018471002578735352e+00
-1.240228533744812012e+00
1.857283473014831543e+00
-2.437953501939773560e-01
1.911859154701232910e+00
-2.276420593261718750e+00
-3.250395536422729492e+00
-3.053741753101348877e-01
-9.844979047775268555e-01
3.014634847640991211e+00
-4.221572875976562500e+00
4.765117168426513672e+00
3.663365602493286133e+00
-1.501518011093139648e+00
-5.587630748748779297e+00
5.377050042152404785e-01
2.581443071365356445e+00
-3.839142322540283203e-01
-4.991587162017822266e+00
3.102261066436767578e+00
3.463063478469848633e+00
2.124853134155273438e+00
-1.439839124679565430e+00
2.993093967437744141e+00
2.945369958877563477e+00
1.390471458435058594e+00
-4.140827655792236328e+00
-1.966576457023620605e+00
-2.915388584136962891e+00
5.994640588760375977e-01
-3.650756835937500000e+00
-1.403766274452209473e+00
-1.753051877021789551e+00
9.254156947135925293e-01
-3.546809852123260498e-01
1.176976859569549561e-01
-2.723996639251708984e+00
-6.796237230300903320e-01
3.396688699722290039e+00
1.026193499565124512e+00
-1.911998629570007324e+00
-2.200118541717529297e+00
-1.226257562637329102e+00
-4.895865619182586670e-01
-2.234726428985595703e+00
1.010310292243957520e+00
1.084278345108032227e+00
-3.129607066512107849e-02
7.705240976065397263e-03
1.567940473556518555e+00
2.616797447204589844e+00
-3.793272018432617188e+00
