2.078574299812316895e-01 -1.198362827301025391e+00
9.062790870666503906e-01 -1.667707785964012146e-02
-1.855331420898437500e+00 6.717520952224731445e-01
-7.967478036880493164e-01 1.301374793052673340e+00
-1.247277975082397461e+00 2.471989989280700684e-01
7.858628034591674805e-01 2.113212198019027710e-01
-2.333556562662124634e-01 -7.069590091705322266e-01
1.230211853981018066e+00 5.080562829971313477e-01
7.750076055526733398e-01 -7.976244688034057617e-01
9.427071809768676758e-01 5.709682106971740723e-01
-4.678962752223014832e-02 -4.142780900001525879e-01
9.340291023254394531e-01 6.453025937080383301e-01
1.304699301719665527e+00 1.371520996093750000e+00
7.938241362571716309e-01 -1.466628462076187134e-01
-1.290576219558715820e+00 1.396598339080810547e+00
2.226614952087402344e-01 -5.756915807723999023e-01
7.994774580001831055e-01 -5.086218118667602539e-01
5.469077825546264648e-01 -1.635962724685668945e+00
-1.408036202192306519e-01 -1.158480495214462280e-01
2.924212217330932617e-01 8.972340077161788940e-02
1.928774863481521606e-01 8.577352762222290039e-01
1.253612279891967773e+00 9.360607266426086426e-01
3.759873807430267334e-01 3.352565169334411621e-01
-1.472241878509521484e+00 1.914836913347244263e-01
-1.393822073936462402e+00 -8.048065304756164551e-01
-1.611074686050415039e+00 4.569315314292907715e-01
-7.816453576087951660e-01 -4.133304953575134277e-01
-2.077828198671340942e-01 1.276293516159057617e+00
4.731382727622985840e-01 -2.366263270378112793e-01
-1.382204532623291016e+00 7.714694738388061523e-01
-9.705947637557983398e-01 -8.571152091026306152e-01
-3.027901351451873779e-01 1.539503931999206543e-01
-7.542142271995544434e-02 9.392193555831909180e-01
-1.797107100486755371e+00 8.683830499649047852e-01
5.676534175872802734e-01 -4.282636046409606934e-01
-7.957128882408142090e-01 -3.658136725425720215e-02
1.307636857032775879e+00 7.944840192794799805e-01
2.460620179772377014e-02 -3.804935216903686523e-01
-1.165376976132392883e-01 -6.851196289062500000e-01
7.998719811439514160e-01 9.426154494285583496e-01
