-6.612384915351867676e-01 -4.917068481445312500e-01
-1.232838630676269531e+00 -1.565532922744750977e+00
4.968872964382171631e-01 8.820377290248870850e-02
1.265648722648620605e+00 1.459860563278198242e+00
-2.604621350765228271e-01 -3.518696129322052002e-02
7.124787569046020508e-01 9.762627482414245605e-01
4.011677205562591553e-01 1.371086984872817993e-01
-1.734850406646728516e-01 -4.551655650138854980e-01
-4.910784959793090820e-01 -5.450811982154846191e-02
-1.043704748153686523e+00 -1.386339068412780762e+00
7.279509305953979492e-02 3.595760464668273926e-01
-7.422513365745544434e-01 -1.050384521484375000e+00
-8.928837776184082031e-01 -3.112845122814178467e-01
-3.394347056746482849e-02 -3.150780200958251953e-01
2.385178506374359131e-01 -1.510301232337951660e-01
-6.189017891883850098e-01 -3.248648941516876221e-01
6.629520654678344727e-01 3.454329073429107666e-01
-5.422210693359375000e-01 -3.495394885540008545e-01
1.510725617408752441e-01 -1.539916545152664185e-01
1.509061008691787720e-01 -1.855246424674987793e-01
2.170409262180328369e-01 -1.255971342325210571e-01
9.829369783401489258e-01 6.637135744094848633e-01
1.158183097839355469e+00 1.425595521926879883e+00
6.430306434631347656e-01 2.388428449630737305e-01
2.113064378499984741e-02 3.466585576534271240e-01
-1.066101431846618652e+00 -8.518763184547424316e-01
1.183788254857063293e-01 5.349407792091369629e-01
1.006442904472351074e+00 6.192160248756408691e-01
-7.328396439552307129e-01 -5.081908702850341797e-01
-8.472350239753723145e-01 -9.937247633934020996e-01
-1.066031813621520996e+00 -8.466714024543762207e-01
-5.703287720680236816e-01 -8.372831940650939941e-01
4.195856451988220215e-01 8.218471407890319824e-01
1.162747517228126526e-01 3.713005781173706055e-01
-2.399777527898550034e-03 -1.573902964591979980e-01
-1.770855486392974854e-02 -4.214892089366912842e-01
-4.899634048342704773e-02 2.619068622589111328e-01
-3.978271484375000000e-01 -1.491833329200744629e-01
1.093708992004394531e+00 1.273457527160644531e+00
4.292190074920654297e-02 4.009554684162139893e-01
