1.061816453933715820e+00 4.734772443771362305e-01
1.148846864700317383e+00 1.794362664222717285e-01
4.611379802227020264e-01 8.902655839920043945e-01
2.391075789928436279e-01 -2.908721566200256348e-01
-1.490272283554077148e+00 -9.895624518394470215e-01
-6.187706589698791504e-01 9.217263013124465942e-02
1.047400712966918945e+00 1.605723798274993896e-01
2.872728109359741211e-01 -4.268076717853546143e-01
2.752732634544372559e-01 -2.083080410957336426e-01
1.308646917343139648e+00 7.590243220329284668e-01
-2.716915905475616455e-01 -8.111649751663208008e-01
-2.574770450592041016e-01 2.262980788946151733e-01
-6.117302775382995605e-01 3.138909041881561279e-01
-1.831537783145904541e-01 -6.571736931800842285e-01
-8.395697474479675293e-01 -1.341280937194824219e+00
-4.470551013946533203e-01 -7.903987169265747070e-02
-3.099534660577774048e-02 -4.622518420219421387e-01
1.297428727149963379e+00 8.227983117103576660e-01
-1.913210749626159668e-01 6.568623185157775879e-01
1.977673321962356567e-01 -3.712264001369476318e-01
-9.546618461608886719e-01 -4.211926162242889404e-01
-6.365992873907089233e-02 4.946095049381256104e-01
-5.316594243049621582e-01 1.723868250846862793e-01
3.010597229003906250e-01 -1.973255723714828491e-01
2.933679223060607910e-01 7.505583763122558594e-01
-3.133534491062164307e-01 -8.553285598754882812e-01
6.729180812835693359e-01 1.176935911178588867e+00
-4.631027281284332275e-01 8.614186942577362061e-02
3.351466357707977295e-02 -7.016612291336059570e-01
3.766926527023315430e-01 -2.764270007610321045e-01
