0.587890625 0.5836142897605896 777.0 14423.0 21726.0 1632.0
0.90625 0.9163338541984558 846.0 1663.0 34486.0 1563.0
0.912109375 0.9208724498748779 845.0 1487.0 34662.0 1564.0
0.921875 0.9254629611968994 805.0 1270.0 34879.0 1604.0
0.93359375 0.9154261350631714 1123.0 1975.0 34174.0 1286.0
0.927734375 0.9152186512947083 1130.0 1990.0 34159.0 1279.0
0.921875 0.9177083969116211 1146.0 1910.0 34239.0 1263.0
0.923828125 0.915374219417572 1216.0 2070.0 34079.0 1193.0
0.919921875 0.9240883588790894 1096.0 1614.0 34535.0 1313.0
0.9296875 0.9151408076286316 1237.0 2100.0 34049.0 1172.0
0.908203125 0.9235956072807312 1256.0 1793.0 34356.0 1153.0
0.9453125 0.9279008507728577 1224.0 1595.0 34554.0 1185.0
0.9375 0.9257741570472717 1291.0 1744.0 34405.0 1118.0
0.908203125 0.9209761619567871 1226.0 1864.0 34285.0 1183.0
0.923828125 0.9221173524856567 1358.0 1952.0 34197.0 1051.0
0.921875 0.9330359697341919 1249.0 1422.0 34727.0 1160.0
0.935546875 0.9286529421806335 1262.0 1604.0 34545.0 1147.0
0.947265625 0.9346179962158203 1284.0 1396.0 34753.0 1125.0
0.939453125 0.938248872756958 1259.0 1231.0 34918.0 1150.0
0.921875 0.9217283129692078 1422.0 2031.0 34118.0 987.0
0.93359375 0.9291975498199463 1362.0 1683.0 34466.0 1047.0
0.939453125 0.9289122819900513 1373.0 1705.0 34444.0 1036.0
0.919921875 0.9274080395698547 1400.0 1790.0 34359.0 1009.0
0.943359375 0.9350588917732239 1336.0 1431.0 34718.0 1073.0
0.935546875 0.9283676743507385 1367.0 1720.0 34429.0 1042.0
0.92578125 0.9290679097175598 1384.0 1710.0 34439.0 1025.0
0.943359375 0.9365371465682983 1341.0 1379.0 34770.0 1068.0
0.916015625 0.9277970790863037 1400.0 1775.0 34374.0 1009.0
0.939453125 0.9428393840789795 1268.0 1063.0 35086.0 1141.0
0.947265625 0.9320763349533081 1444.0 1654.0 34495.0 965.0
0.935546875 0.9400643110275269 1317.0 1219.0 34930.0 1092.0
0.935546875 0.9317910671234131 1422.0 1643.0 34506.0 987.0
0.947265625 0.9372633695602417 1356.0 1366.0 34783.0 1053.0
0.931640625 0.9351366758346558 1384.0 1476.0 34673.0 1025.0
0.927734375 0.9263966083526611 1478.0 1907.0 34242.0 931.0
0.95703125 0.9360703229904175 1453.0 1509.0 34640.0 956.0
0.939453125 0.9156595468521118 1599.0 2442.0 33707.0 810.0
0.943359375 0.9367446303367615 1427.0 1457.0 34692.0 982.0
0.931640625 0.9139996767044067 1652.0 2559.0 33590.0 757.0
0.935546875 0.9256704449653625 1467.0 1924.0 34225.0 942.0
0.94140625 0.9399605989456177 1373.0 1279.0 34870.0 1036.0
0.94140625 0.9276155233383179 1505.0 1887.0 34262.0 904.0
0.95703125 0.9412572979927063 1282.0 1138.0 35011.0 1127.0
0.935546875 0.9162300825119019 1682.0 2503.0 33646.0 727.0
0.939453125 0.9360703229904175 1465.0 1521.0 34628.0 944.0
0.923828125 0.9341511726379395 1503.0 1633.0 34516.0 906.0
0.9296875 0.928108274936676 1533.0 1896.0 34253.0 876.0
0.951171875 0.9365630745887756 1459.0 1496.0 34653.0 950.0
0.9453125 0.938248872756958 1405.0 1377.0 34772.0 1004.0
0.947265625 0.9423984885215759 1396.0 1208.0 34941.0 1013.0
0.9453125 0.9386119842529297 1398.0 1356.0 34793.0 1011.0
0.923828125 0.9270709156990051 1464.0 1867.0 34282.0 945.0
0.927734375 0.9290419816970825 1530.0 1857.0 34292.0 879.0
0.943359375 0.932543158531189 1458.0 1650.0 34499.0 951.0
0.943359375 0.938637912273407 1396.0 1353.0 34796.0 1013.0
0.9296875 0.9361221790313721 1469.0 1523.0 34626.0 940.0
0.919921875 0.9277711510658264 1540.0 1916.0 34233.0 869.0
0.953125 0.9327765703201294 1505.0 1688.0 34461.0 904.0
0.9453125 0.9344105124473572 1515.0 1635.0 34514.0 894.0
0.9296875 0.9371077418327332 1474.0 1490.0 34659.0 935.0
0.923828125 0.9378857612609863 1471.0 1457.0 34692.0 938.0
0.94140625 0.9340992569923401 1521.0 1653.0 34496.0 888.0
0.943359375 0.9422169327735901 1417.0 1236.0 34913.0 992.0
0.951171875 0.9412832856178284 1428.0 1283.0 34866.0 981.0
0.962890625 0.9401680827140808 1451.0 1349.0 34800.0 958.0
0.939453125 0.9308055639266968 1531.0 1790.0 34359.0 878.0
0.947265625 0.9407126903533936 1398.0 1275.0 34874.0 1011.0
0.947265625 0.9346179962158203 1496.0 1608.0 34541.0 913.0
0.921875 0.9280304908752441 1579.0 1945.0 34204.0 830.0
0.921875 0.9334768652915955 1555.0 1711.0 34438.0 854.0
0.935546875 0.9197572469711304 1672.0 2357.0 33792.0 737.0
0.94140625 0.93690025806427 1486.0 1510.0 34639.0 923.0
0.94140625 0.9341251850128174 1509.0 1640.0 34509.0 900.0
0.92578125 0.9316613674163818 1570.0 1796.0 34353.0 839.0
0.935546875 0.9235437512397766 1690.0 2229.0 33920.0 719.0
0.943359375 0.9398049712181091 1398.0 1310.0 34839.0 1011.0
0.943359375 0.9384563565254211 1485.0 1449.0 34700.0 924.0
0.94140625 0.9296643733978271 1640.0 1943.0 34206.0 769.0
0.935546875 0.9399346709251404 1490.0 1397.0 34752.0 919.0
0.943359375 0.9428393840789795 1453.0 1248.0 34901.0 956.0
0.943359375 0.9411276578903198 1476.0 1337.0 34812.0 933.0
0.939453125 0.9333730936050415 1475.0 1635.0 34514.0 934.0
0.9375 0.9322060346603394 1551.0 1756.0 34393.0 858.0
0.935546875 0.937289297580719 1506.0 1515.0 34634.0 903.0
0.927734375 0.9311167597770691 1566.0 1813.0 34336.0 843.0
0.95703125 0.9326210021972656 1543.0 1732.0 34417.0 866.0
0.927734375 0.9330618977546692 1575.0 1747.0 34402.0 834.0
0.927734375 0.9345401525497437 1507.0 1622.0 34527.0 902.0
0.93359375 0.9347476363182068 1551.0 1658.0 34491.0 858.0
0.923828125 0.9208465218544006 1672.0 2315.0 33834.0 737.0
0.939453125 0.939882755279541 1505.0 1414.0 34735.0 904.0
0.943359375 0.939882755279541 1540.0 1449.0 34700.0 869.0
0.94140625 0.9388972520828247 1481.0 1428.0 34721.0 928.0
0.951171875 0.9390268921852112 1518.0 1460.0 34689.0 891.0
0.939453125 0.9349291920661926 1543.0 1643.0 34506.0 866.0
0.947265625 0.936511218547821 1502.0 1541.0 34608.0 907.0
0.95703125 0.9372633695602417 1480.0 1490.0 34659.0 929.0
0.939453125 0.9449400901794434 1379.0 1093.0 35056.0 1030.0
0.95703125 0.9410498738288879 1497.0 1361.0 34788.0 912.0
0.935546875 0.9453291296958923 1364.0 1063.0 35086.0 1045.0
0.923828125 0.9252554774284363 1634.0 2107.0 34042.0 775.0
0.93359375 0.9304424524307251 1570.0 1843.0 34306.0 839.0
0.943359375 0.9401161670684814 1477.0 1377.0 34772.0 932.0
0.939453125 0.9408423900604248 1448.0 1320.0 34829.0 961.0
0.93359375 0.939986526966095 1535.0 1440.0 34709.0 874.0
0.955078125 0.94364333152771 1453.0 1217.0 34932.0 956.0
0.951171875 0.9446548223495483 1370.0 1095.0 35054.0 1039.0
0.94921875 0.9364852905273438 1552.0 1592.0 34557.0 857.0
0.9609375 0.9428653120994568 1444.0 1238.0 34911.0 965.0
0.95703125 0.9438248872756958 1483.0 1240.0 34909.0 926.0
0.947265625 0.9384304285049438 1511.0 1476.0 34673.0 898.0
0.9375 0.934877336025238 1582.0 1684.0 34465.0 827.0
0.93359375 0.9346179962158203 1526.0 1638.0 34511.0 883.0
0.9296875 0.9317651391029358 1594.0 1816.0 34333.0 815.0
0.935546875 0.9398308992385864 1397.0 1308.0 34841.0 1012.0
0.94921875 0.9389750361442566 1522.0 1466.0 34683.0 887.0
0.9453125 0.9310649037361145 1550.0 1799.0 34350.0 859.0
0.943359375 0.9404274225234985 1427.0 1315.0 34834.0 982.0
0.951171875 0.9334768652915955 1621.0 1777.0 34372.0 788.0
0.9375 0.9381710886955261 1529.0 1504.0 34645.0 880.0
0.943359375 0.9411535859107971 1505.0 1365.0 34784.0 904.0
0.927734375 0.9376264214515686 1492.0 1488.0 34661.0 917.0
0.939453125 0.9294050335884094 1582.0 1895.0 34254.0 827.0
0.90625 0.921157717704773 1682.0 2313.0 33836.0 727.0
0.93359375 0.9378079771995544 1534.0 1523.0 34626.0 875.0
0.9453125 0.9430727958679199 1460.0 1246.0 34903.0 949.0
0.958984375 0.9371336698532104 1524.0 1539.0 34610.0 885.0
0.9296875 0.9302090406417847 1648.0 1930.0 34219.0 761.0
0.93359375 0.9371336698532104 1531.0 1546.0 34603.0 878.0
0.947265625 0.9408942461013794 1456.0 1326.0 34823.0 953.0
0.927734375 0.9276155233383179 1642.0 2024.0 34125.0 767.0
0.9453125 0.9363296627998352 1582.0 1628.0 34521.0 827.0
0.939453125 0.9304683804512024 1614.0 1886.0 34263.0 795.0
0.951171875 0.9360184669494629 1547.0 1605.0 34544.0 862.0
0.951171875 0.93352872133255 1548.0 1702.0 34447.0 861.0
0.9453125 0.9401161670684814 1398.0 1298.0 34851.0 1011.0
0.943359375 0.9372633695602417 1476.0 1486.0 34663.0 933.0
0.935546875 0.933243453502655 1566.0 1731.0 34418.0 843.0
0.94921875 0.9304943084716797 1569.0 1840.0 34309.0 840.0
0.93359375 0.9414647817611694 1474.0 1322.0 34827.0 935.0
0.9453125 0.9430468678474426 1469.0 1256.0 34893.0 940.0
0.947265625 0.9321282505989075 1553.0 1761.0 34388.0 856.0
0.9296875 0.9320504069328308 1537.0 1748.0 34401.0 872.0
0.93359375 0.93352872133255 1547.0 1701.0 34448.0 862.0
0.951171875 0.9328284859657288 1532.0 1713.0 34436.0 877.0
0.912109375 0.9151148796081543 1736.0 2600.0 33549.0 673.0
0.9375 0.9319985508918762 1541.0 1754.0 34395.0 868.0
0.939453125 0.9420613050460815 1438.0 1263.0 34886.0 971.0
0.9296875 0.9283417463302612 1568.0 1922.0 34227.0 841.0
0.939453125 0.9410498738288879 1467.0 1331.0 34818.0 942.0
0.91796875 0.9163597822189331 1671.0 2487.0 33662.0 738.0
0.94140625 0.9460812211036682 1399.0 1069.0 35080.0 1010.0
0.939453125 0.9400124549865723 1536.0 1440.0 34709.0 873.0
0.9375 0.9376264214515686 1483.0 1479.0 34670.0 926.0
0.92578125 0.9434877038002014 1446.0 1216.0 34933.0 963.0
0.94921875 0.9397790431976318 1477.0 1390.0 34759.0 932.0
0.9296875 0.9404014945030212 1486.0 1375.0 34774.0 923.0
0.955078125 0.9400902390480042 1439.0 1340.0 34809.0 970.0
0.947265625 0.927537739276886 1570.0 1955.0 34194.0 839.0
0.923828125 0.9254629611968994 1662.0 2127.0 34022.0 747.0
0.955078125 0.9261372685432434 1625.0 2064.0 34085.0 784.0
0.947265625 0.9391825199127197 1459.0 1395.0 34754.0 950.0
0.921875 0.9247886538505554 1658.0 2149.0 34000.0 751.0
0.92578125 0.9369521141052246 1563.0 1585.0 34564.0 846.0
0.927734375 0.9436174035072327 1380.0 1145.0 35004.0 1029.0
0.939453125 0.9270709156990051 1588.0 1991.0 34158.0 821.0
0.9296875 0.9258778691291809 1622.0 2071.0 34078.0 787.0
0.935546875 0.9345401525497437 1559.0 1674.0 34475.0 850.0
0.9453125 0.9341771006584167 1574.0 1703.0 34446.0 835.0
0.939453125 0.9433321356773376 1452.0 1228.0 34921.0 957.0
0.955078125 0.935836911201477 1467.0 1532.0 34617.0 942.0
0.939453125 0.9352923035621643 1523.0 1609.0 34540.0 886.0
0.951171875 0.9435914754867554 1454.0 1220.0 34929.0 955.0
0.935546875 0.9354219436645508 1520.0 1601.0 34548.0 889.0
0.939453125 0.93690025806427 1479.0 1503.0 34646.0 930.0
0.9453125 0.9430987238883972 1410.0 1195.0 34954.0 999.0
0.939453125 0.9351107478141785 1508.0 1601.0 34548.0 901.0
0.958984375 0.9448623061180115 1413.0 1130.0 35019.0 996.0
0.921875 0.9383785724639893 1481.0 1448.0 34701.0 928.0
0.935546875 0.9277192950248718 1668.0 2046.0 34103.0 741.0
0.9375 0.9367705583572388 1593.0 1622.0 34527.0 816.0
0.93359375 0.9347476363182068 1573.0 1680.0 34469.0 836.0
0.931640625 0.9307277202606201 1589.0 1851.0 34298.0 820.0
0.94921875 0.9391565918922424 1527.0 1464.0 34685.0 882.0
0.919921875 0.9299756288528442 1610.0 1901.0 34248.0 799.0
0.93359375 0.9331656098365784 1556.0 1724.0 34425.0 853.0
0.94921875 0.942969024181366 1478.0 1268.0 34881.0 931.0
0.931640625 0.940660834312439 1490.0 1369.0 34780.0 919.0
0.93359375 0.9448623061180115 1441.0 1158.0 34991.0 968.0
0.955078125 0.9391825199127197 1516.0 1452.0 34697.0 893.0
0.9296875 0.9280304908752441 1665.0 2031.0 34118.0 744.0
0.9296875 0.9416981935501099 1426.0 1265.0 34884.0 983.0
0.955078125 0.9367187023162842 1513.0 1544.0 34605.0 896.0
0.923828125 0.9351626038551331 1596.0 1687.0 34462.0 813.0
0.943359375 0.9344882965087891 1550.0 1667.0 34482.0 859.0
0.908203125 0.9205612540245056 1700.0 2354.0 33795.0 709.0
0.939453125 0.92821204662323 1643.0 2002.0 34147.0 766.0
0.947265625 0.9356294274330139 1600.0 1673.0 34476.0 809.0
0.94140625 0.941335141658783 1467.0 1320.0 34829.0 942.0
0.931640625 0.939986526966095 1521.0 1426.0 34723.0 888.0
0.919921875 0.9304943084716797 1631.0 1902.0 34247.0 778.0
0.94140625 0.9388713240623474 1554.0 1502.0 34647.0 855.0
0.943359375 0.9334249496459961 1571.0 1729.0 34420.0 838.0
0.951171875 0.9442398548126221 1387.0 1128.0 35021.0 1022.0
0.9453125 0.9415426254272461 1502.0 1347.0 34802.0 907.0
0.935546875 0.937185525894165 1523.0 1536.0 34613.0 886.0
0.953125 0.9393900036811829 1485.0 1413.0 34736.0 924.0
0.93359375 0.9371595978736877 1536.0 1550.0 34599.0 873.0
0.9296875 0.9262669086456299 1664.0 2098.0 34051.0 745.0
0.947265625 0.9450178742408752 1412.0 1123.0 35026.0 997.0
0.931640625 0.9320244789123535 1594.0 1806.0 34343.0 815.0
0.94921875 0.9447066783905029 1366.0 1089.0 35060.0 1043.0
0.9375 0.941335141658783 1472.0 1325.0 34824.0 937.0
0.935546875 0.9376004934310913 1516.0 1513.0 34636.0 893.0
0.935546875 0.9349032640457153 1620.0 1721.0 34428.0 789.0
0.943359375 0.937963604927063 1533.0 1516.0 34633.0 876.0
0.9453125 0.9387416243553162 1528.0 1481.0 34668.0 881.0
0.955078125 0.9469111561775208 1425.0 1063.0 35086.0 984.0
0.9375 0.9309870600700378 1613.0 1865.0 34284.0 796.0
0.9453125 0.9419835209846497 1494.0 1322.0 34827.0 915.0
0.94921875 0.9514238238334656 1325.0 789.0 35360.0 1084.0
0.9296875 0.9319726228713989 1602.0 1816.0 34333.0 807.0
0.9609375 0.9465739727020264 1438.0 1089.0 35060.0 971.0
0.9453125 0.9441101551055908 1426.0 1172.0 34977.0 983.0
0.947265625 0.9435136914253235 1400.0 1169.0 34980.0 1009.0
0.931640625 0.9394159317016602 1553.0 1480.0 34669.0 856.0
0.939453125 0.9402458667755127 1511.0 1406.0 34743.0 898.0
0.927734375 0.9376264214515686 1540.0 1536.0 34613.0 869.0
0.931640625 0.9376264214515686 1563.0 1559.0 34590.0 846.0
0.947265625 0.9376523494720459 1475.0 1470.0 34679.0 934.0
0.93359375 0.9361221790313721 1564.0 1618.0 34531.0 845.0
0.927734375 0.9356294274330139 1574.0 1647.0 34502.0 835.0
0.92578125 0.9326210021972656 1577.0 1766.0 34383.0 832.0
0.951171875 0.9308833479881287 1565.0 1821.0 34328.0 844.0
0.939453125 0.9314539432525635 1608.0 1842.0 34307.0 801.0
0.95703125 0.9411795139312744 1466.0 1325.0 34824.0 943.0
0.94921875 0.9386119842529297 1501.0 1459.0 34690.0 908.0
0.931640625 0.9331915378570557 1599.0 1766.0 34383.0 810.0
0.93359375 0.9294828772544861 1584.0 1894.0 34255.0 825.0
0.94921875 0.933917760848999 1610.0 1749.0 34400.0 799.0
0.9296875 0.9455106854438782 1365.0 1057.0 35092.0 1044.0
0.919921875 0.916541337966919 1749.0 2558.0 33591.0 660.0
0.9453125 0.9311426877975464 1623.0 1869.0 34280.0 786.0
0.947265625 0.9337102770805359 1546.0 1693.0 34456.0 863.0
0.94140625 0.9163338541984558 1713.0 2530.0 33619.0 696.0
0.951171875 0.9363815784454346 1547.0 1591.0 34558.0 862.0
0.9453125 0.9383266568183899 1491.0 1460.0 34689.0 918.0
0.9453125 0.9361221790313721 1592.0 1646.0 34503.0 817.0
0.9609375 0.9424244165420532 1420.0 1231.0 34918.0 989.0
0.94921875 0.9443694949150085 1423.0 1159.0 34990.0 986.0
0.947265625 0.9409979581832886 1501.0 1367.0 34782.0 908.0
0.9375 0.9430208802223206 1450.0 1238.0 34911.0 959.0
0.947265625 0.938637912273407 1513.0 1470.0 34679.0 896.0
0.923828125 0.9230509996414185 1605.0 2163.0 33986.0 804.0
0.935546875 0.940946102142334 1383.0 1251.0 34898.0 1026.0
0.939453125 0.9391565918922424 1519.0 1456.0 34693.0 890.0
0.94921875 0.9477670192718506 1326.0 931.0 35218.0 1083.0
0.935546875 0.9412832856178284 1486.0 1341.0 34808.0 923.0
0.931640625 0.9319207668304443 1518.0 1734.0 34415.0 891.0
0.94140625 0.9395715594291687 1498.0 1419.0 34730.0 911.0
0.927734375 0.9354219436645508 1558.0 1639.0 34510.0 851.0
0.94140625 0.9290160536766052 1616.0 1944.0 34205.0 793.0
0.947265625 0.9425540566444397 1457.0 1263.0 34886.0 952.0
0.94140625 0.9385082125663757 1482.0 1444.0 34705.0 927.0
0.9453125 0.927433967590332 1608.0 1997.0 34152.0 801.0
0.94921875 0.9468333125114441 1380.0 1021.0 35128.0 1029.0
0.93359375 0.9317651391029358 1558.0 1780.0 34369.0 851.0
0.931640625 0.9340992569923401 1533.0 1665.0 34484.0 876.0
0.947265625 0.9416981935501099 1483.0 1322.0 34827.0 926.0
0.9453125 0.9467555284500122 1376.0 1020.0 35129.0 1033.0
0.935546875 0.9341771006584167 1532.0 1661.0 34488.0 877.0
0.962890625 0.9470927119255066 1304.0 935.0 35214.0 1105.0
0.94140625 0.944628894329071 1423.0 1149.0 35000.0 986.0
0.943359375 0.935940682888031 1551.0 1612.0 34537.0 858.0
0.9296875 0.9341251850128174 1482.0 1613.0 34536.0 927.0
0.939453125 0.9377042651176453 1526.0 1519.0 34630.0 883.0
0.943359375 0.936225950717926 1544.0 1594.0 34555.0 865.0
0.9296875 0.9402199387550354 1484.0 1380.0 34769.0 925.0
0.935546875 0.9253332614898682 1681.0 2151.0 33998.0 728.0
0.921875 0.9213652014732361 1696.0 2319.0 33830.0 713.0
0.9296875 0.9365890622138977 1558.0 1594.0 34555.0 851.0
0.943359375 0.9447844624519348 1383.0 1103.0 35046.0 1026.0
0.9375 0.9314539432525635 1647.0 1881.0 34268.0 762.0
0.9453125 0.9422428607940674 1500.0 1318.0 34831.0 909.0
0.93359375 0.9378079771995544 1513.0 1502.0 34647.0 896.0
0.93359375 0.9274080395698547 1660.0 2050.0 34099.0 749.0
0.955078125 0.9465480446815491 1393.0 1045.0 35104.0 1016.0
0.939453125 0.9357331991195679 1591.0 1660.0 34489.0 818.0
0.9375 0.944991946220398 1498.0 1210.0 34939.0 911.0
0.9453125 0.9368743300437927 1541.0 1566.0 34583.0 868.0
0.951171875 0.9428653120994568 1460.0 1254.0 34895.0 949.0
0.9453125 0.9420872330665588 1495.0 1319.0 34830.0 914.0
0.9453125 0.9298718571662903 1672.0 1967.0 34182.0 737.0
0.9375 0.9397271871566772 1541.0 1456.0 34693.0 868.0
0.927734375 0.9341251850128174 1560.0 1691.0 34458.0 849.0
0.953125 0.9432283639907837 1411.0 1191.0 34958.0 998.0
0.92578125 0.9263706803321838 1676.0 2106.0 34043.0 733.0
0.9296875 0.9392603635787964 1487.0 1420.0 34729.0 922.0
0.931640625 0.9329581260681152 1568.0 1744.0 34405.0 841.0
0.927734375 0.937185525894165 1562.0 1575.0 34574.0 847.0
0.947265625 0.932569146156311 1586.0 1777.0 34372.0 823.0
0.953125 0.9339696168899536 1515.0 1652.0 34497.0 894.0
0.947265625 0.9337880611419678 1565.0 1709.0 34440.0 844.0
0.931640625 0.9344623684883118 1542.0 1660.0 34489.0 867.0
0.9140625 0.9240105748176575 1634.0 2155.0 33994.0 775.0
0.91796875 0.9359147548675537 1525.0 1587.0 34562.0 884.0
0.94140625 0.9437989592552185 1436.0 1194.0 34955.0 973.0
0.9453125 0.9373152256011963 1510.0 1518.0 34631.0 899.0
0.94140625 0.9348254799842834 1599.0 1703.0 34446.0 810.0
0.958984375 0.9443435668945312 1400.0 1137.0 35012.0 1009.0
0.94921875 0.9445510506629944 1382.0 1111.0 35038.0 1027.0
0.92578125 0.9337880611419678 1549.0 1693.0 34456.0 860.0
0.935546875 0.944991946220398 1357.0 1069.0 35080.0 1052.0
0.935546875 0.9420872330665588 1504.0 1328.0 34821.0 905.0
0.94140625 0.9357331991195679 1601.0 1670.0 34479.0 808.0
0.9375 0.9343326687812805 1546.0 1669.0 34480.0 863.0
0.9609375 0.9474039077758789 1406.0 1025.0 35124.0 1003.0
0.939453125 0.9434877038002014 1422.0 1192.0 34957.0 987.0
0.927734375 0.9359666109085083 1583.0 1643.0 34506.0 826.0
0.9296875 0.9376264214515686 1525.0 1521.0 34628.0 884.0
0.953125 0.9458218812942505 1404.0 1084.0 35065.0 1005.0
0.9453125 0.9430727958679199 1461.0 1247.0 34902.0 948.0
0.931640625 0.9283417463302612 1580.0 1934.0 34215.0 829.0
0.9375 0.9440842270851135 1428.0 1175.0 34974.0 981.0
0.951171875 0.9441360831260681 1406.0 1151.0 34998.0 1003.0
0.943359375 0.9383785724639893 1518.0 1485.0 34664.0 891.0
0.9453125 0.9312204718589783 1636.0 1879.0 34270.0 773.0
0.9140625 0.9280045628547668 1620.0 1987.0 34162.0 789.0
0.93359375 0.9308833479881287 1594.0 1850.0 34299.0 815.0
0.92578125 0.9425540566444397 1443.0 1249.0 34900.0 966.0
0.939453125 0.9288085699081421 1561.0 1897.0 34252.0 848.0
0.93359375 0.9150630235671997 1721.0 2587.0 33562.0 688.0
0.921875 0.9203537702560425 1652.0 2314.0 33835.0 757.0
0.951171875 0.9359925389289856 1541.0 1600.0 34549.0 868.0
0.9375 0.9394418597221375 1529.0 1455.0 34694.0 880.0
0.912109375 0.9223507642745972 1674.0 2259.0 33890.0 735.0
0.955078125 0.9445251226425171 1432.0 1162.0 34987.0 977.0
0.9453125 0.9407904744148254 1556.0 1430.0 34719.0 853.0
0.93359375 0.942969024181366 1487.0 1277.0 34872.0 922.0
0.939453125 0.9402199387550354 1438.0 1334.0 34815.0 971.0
0.939453125 0.9306499361991882 1619.0 1884.0 34265.0 790.0
0.9453125 0.942579984664917 1470.0 1275.0 34874.0 939.0
0.923828125 0.9285491704940796 1629.0 1975.0 34174.0 780.0
0.951171875 0.9417241811752319 1488.0 1326.0 34823.0 921.0
0.943359375 0.9289641380310059 1612.0 1942.0 34207.0 797.0
0.955078125 0.9360443949699402 1554.0 1611.0 34538.0 855.0
0.9453125 0.9426319003105164 1474.0 1277.0 34872.0 935.0
0.947265625 0.9349032640457153 1596.0 1697.0 34452.0 813.0
0.923828125 0.9314798712730408 1587.0 1820.0 34329.0 822.0
0.943359375 0.9402977228164673 1533.0 1426.0 34723.0 876.0
0.94140625 0.9392862915992737 1477.0 1409.0 34740.0 932.0
0.939453125 0.9384045004844666 1514.0 1480.0 34669.0 895.0
0.935546875 0.9384822845458984 1502.0 1465.0 34684.0 907.0
0.947265625 0.9420353770256042 1472.0 1298.0 34851.0 937.0
0.927734375 0.9341251850128174 1580.0 1711.0 34438.0 829.0
0.9296875 0.9403236508369446 1494.0 1386.0 34763.0 915.0
0.919921875 0.935940682888031 1544.0 1605.0 34544.0 865.0
0.94140625 0.9378857612609863 1520.0 1506.0 34643.0 889.0
0.94140625 0.9462887048721313 1341.0 1003.0 35146.0 1068.0
0.943359375 0.9412572979927063 1484.0 1340.0 34809.0 925.0
0.9296875 0.9352923035621643 1520.0 1606.0 34543.0 889.0
0.931640625 0.9351626038551331 1600.0 1691.0 34458.0 809.0
0.955078125 0.9381710886955261 1563.0 1538.0 34611.0 846.0
0.9453125 0.9363296627998352 1594.0 1640.0 34509.0 815.0
0.94140625 0.9494268298149109 1345.0 886.0 35263.0 1064.0
0.947265625 0.9435914754867554 1444.0 1210.0 34939.0 965.0
0.9453125 0.9384304285049438 1544.0 1509.0 34640.0 865.0
0.931640625 0.934566080570221 1597.0 1711.0 34438.0 812.0
0.94140625 0.9463146328926086 1391.0 1052.0 35097.0 1018.0
0.91796875 0.9329062700271606 1609.0 1787.0 34362.0 800.0
0.939453125 0.9425540566444397 1460.0 1266.0 34883.0 949.0
0.921875 0.9413610696792603 1518.0 1370.0 34779.0 891.0
0.94921875 0.943928599357605 1438.0 1191.0 34958.0 971.0
0.94140625 0.9351107478141785 1615.0 1708.0 34441.0 794.0
0.9375 0.941335141658783 1535.0 1388.0 34761.0 874.0
0.953125 0.9354997873306274 1507.0 1585.0 34564.0 902.0
0.962890625 0.9407126903533936 1377.0 1254.0 34895.0 1032.0
0.939453125 0.9421910047531128 1398.0 1218.0 34931.0 1011.0
0.9296875 0.9393640756607056 1450.0 1379.0 34770.0 959.0
0.9453125 0.9317910671234131 1517.0 1738.0 34411.0 892.0
0.95703125 0.946651816368103 1336.0 984.0 35165.0 1073.0
0.931640625 0.9350329637527466 1538.0 1634.0 34515.0 871.0
0.93359375 0.9350069761276245 1551.0 1648.0 34501.0 858.0
0.939453125 0.9392862915992737 1522.0 1454.0 34695.0 887.0
0.94921875 0.9484413266181946 1359.0 938.0 35211.0 1050.0
0.923828125 0.9332953095436096 1570.0 1733.0 34416.0 839.0
0.947265625 0.9377820491790771 1534.0 1524.0 34625.0 875.0
0.955078125 0.9370558857917786 1482.0 1500.0 34649.0 927.0
0.91796875 0.9285491704940796 1609.0 1955.0 34194.0 800.0
0.9453125 0.9409979581832886 1489.0 1355.0 34794.0 920.0
0.9296875 0.9397271871566772 1511.0 1426.0 34723.0 898.0
0.9375 0.9327247142791748 1555.0 1740.0 34409.0 854.0
0.9453125 0.9354997873306274 1524.0 1602.0 34547.0 885.0
0.94921875 0.9388194680213928 1483.0 1433.0 34716.0 926.0
0.93359375 0.9228953719139099 1674.0 2238.0 33911.0 735.0
0.939453125 0.9349551200866699 1485.0 1584.0 34565.0 924.0
0.916015625 0.9279527068138123 1648.0 2017.0 34132.0 761.0
0.9453125 0.9364593625068665 1542.0 1583.0 34566.0 867.0
0.947265625 0.9409201741218567 1489.0 1358.0 34791.0 920.0
0.935546875 0.9344364404678345 1517.0 1636.0 34513.0 892.0
0.94921875 0.9414388537406921 1495.0 1344.0 34805.0 914.0
0.935546875 0.9358887672424316 1590.0 1653.0 34496.0 819.0
0.943359375 0.9357072710990906 1521.0 1591.0 34558.0 888.0
0.955078125 0.9465999007225037 1385.0 1035.0 35114.0 1024.0
0.951171875 0.9475595355033875 1315.0 928.0 35221.0 1094.0
0.95703125 0.9458218812942505 1407.0 1087.0 35062.0 1002.0
0.93359375 0.9365371465682983 1538.0 1576.0 34573.0 871.0
0.951171875 0.9390268921852112 1528.0 1470.0 34679.0 881.0
0.94140625 0.9473001956939697 1351.0 974.0 35175.0 1058.0
0.947265625 0.9460293650627136 1455.0 1127.0 35022.0 954.0
0.947265625 0.93158358335495 1630.0 1859.0 34290.0 779.0
0.91796875 0.9303386807441711 1590.0 1867.0 34282.0 819.0
0.939453125 0.9394937753677368 1498.0 1422.0 34727.0 911.0
0.951171875 0.9419575929641724 1478.0 1307.0 34842.0 931.0
0.962890625 0.9474298357963562 1304.0 922.0 35227.0 1105.0
0.955078125 0.9488043785095215 1337.0 902.0 35247.0 1072.0
0.931640625 0.9290160536766052 1631.0 1959.0 34190.0 778.0
0.939453125 0.9458996653556824 1362.0 1039.0 35110.0 1047.0
0.916015625 0.9266300201416016 1658.0 2078.0 34071.0 751.0
0.931640625 0.9350848197937012 1546.0 1640.0 34509.0 863.0
0.94921875 0.9413092136383057 1481.0 1335.0 34814.0 928.0
0.935546875 0.938637912273407 1479.0 1436.0 34713.0 930.0
0.955078125 0.9393640756607056 1474.0 1403.0 34746.0 935.0
0.912109375 0.9397271871566772 1516.0 1431.0 34718.0 893.0
0.94140625 0.9394677877426147 1435.0 1360.0 34789.0 974.0
0.935546875 0.9508013725280762 1358.0 846.0 35303.0 1051.0
0.95703125 0.942969024181366 1411.0 1201.0 34948.0 998.0
0.935546875 0.9433580636978149 1469.0 1244.0 34905.0 940.0
0.931640625 0.9256963729858398 1606.0 2062.0 34087.0 803.0
0.93359375 0.931194543838501 1603.0 1847.0 34302.0 806.0
0.927734375 0.9400902390480042 1529.0 1430.0 34719.0 880.0
0.9375 0.9432283639907837 1391.0 1171.0 34978.0 1018.0
0.955078125 0.9396234154701233 1430.0 1349.0 34800.0 979.0
0.9453125 0.9349551200866699 1570.0 1669.0 34480.0 839.0
0.955078125 0.94896000623703 1292.0 851.0 35298.0 1117.0
0.931640625 0.9396493434906006 1470.0 1388.0 34761.0 939.0
0.9375 0.942294716835022 1398.0 1214.0 34935.0 1011.0
0.9375 0.9419575929641724 1497.0 1326.0 34823.0 912.0
0.94921875 0.9433580636978149 1498.0 1273.0 34876.0 911.0
0.919921875 0.9318169951438904 1580.0 1800.0 34349.0 829.0
0.951171875 0.9481300711631775 1375.0 966.0 35183.0 1034.0
0.92578125 0.930909276008606 1593.0 1848.0 34301.0 816.0
0.955078125 0.9467036724090576 1338.0 984.0 35165.0 1071.0
0.9296875 0.9313760995864868 1580.0 1817.0 34332.0 829.0
0.9296875 0.9415944814682007 1421.0 1264.0 34885.0 988.0
0.9296875 0.9476891756057739 1383.0 991.0 35158.0 1026.0
0.9453125 0.9479485154151917 1338.0 936.0 35213.0 1071.0
0.9453125 0.9401161670684814 1426.0 1326.0 34823.0 983.0
0.931640625 0.9367964863777161 1464.0 1492.0 34657.0 945.0
0.935546875 0.9364593625068665 1516.0 1557.0 34592.0 893.0
0.9296875 0.9277452230453491 1657.0 2034.0 34115.0 752.0
0.935546875 0.9373411536216736 1528.0 1535.0 34614.0 881.0
0.953125 0.9408683180809021 1474.0 1345.0 34804.0 935.0
0.94921875 0.945303201675415 1358.0 1058.0 35091.0 1051.0
0.955078125 0.9448623061180115 1376.0 1093.0 35056.0 1033.0
0.9296875 0.9346957802772522 1558.0 1667.0 34482.0 851.0
0.951171875 0.9402199387550354 1467.0 1363.0 34786.0 942.0
0.95703125 0.9423984885215759 1420.0 1232.0 34917.0 989.0
0.919921875 0.9336324334144592 1530.0 1680.0 34469.0 879.0
0.9453125 0.9441879987716675 1449.0 1192.0 34957.0 960.0
0.955078125 0.9384045004844666 1523.0 1489.0 34660.0 886.0
0.939453125 0.9383266568183899 1532.0 1501.0 34648.0 877.0
0.9375 0.9351366758346558 1525.0 1617.0 34532.0 884.0
0.921875 0.9149852395057678 1711.0 2580.0 33569.0 698.0
0.927734375 0.9412054419517517 1463.0 1321.0 34828.0 946.0
0.95703125 0.9453550577163696 1380.0 1078.0 35071.0 1029.0
0.921875 0.9421650767326355 1420.0 1241.0 34908.0 989.0
0.95703125 0.9470927119255066 1364.0 995.0 35154.0 1045.0
0.96484375 0.9400383830070496 1414.0 1317.0 34832.0 995.0
0.9296875 0.9436951875686646 1426.0 1188.0 34961.0 983.0
0.951171875 0.9294828772544861 1594.0 1904.0 34245.0 815.0
0.931640625 0.9454069137573242 1387.0 1083.0 35066.0 1022.0
0.955078125 0.931194543838501 1588.0 1832.0 34317.0 821.0
0.935546875 0.9360703229904175 1533.0 1589.0 34560.0 876.0
0.927734375 0.9426319003105164 1435.0 1238.0 34911.0 974.0
0.912109375 0.9297422170639038 1558.0 1858.0 34291.0 851.0
0.94140625 0.937289297580719 1495.0 1504.0 34645.0 914.0
0.955078125 0.9418019652366638 1414.0 1249.0 34900.0 995.0
0.9375 0.9386119842529297 1456.0 1414.0 34735.0 953.0
0.919921875 0.9288085699081421 1615.0 1951.0 34198.0 794.0
0.939453125 0.937574565410614 1506.0 1504.0 34645.0 903.0
0.94140625 0.9410758018493652 1462.0 1325.0 34824.0 947.0
0.927734375 0.9246070981025696 1627.0 2125.0 34024.0 782.0
0.9375 0.9400902390480042 1456.0 1357.0 34792.0 953.0
0.923828125 0.9354478716850281 1484.0 1564.0 34585.0 925.0
0.93359375 0.9213911294937134 1677.0 2299.0 33850.0 732.0
0.931640625 0.9362000226974487 1463.0 1514.0 34635.0 946.0
0.943359375 0.941905677318573 1408.0 1239.0 34910.0 1001.0
0.916015625 0.9220135807991028 1668.0 2266.0 33883.0 741.0
0.953125 0.9337880611419678 1554.0 1698.0 34451.0 855.0
0.958984375 0.9425281286239624 1451.0 1258.0 34891.0 958.0
0.931640625 0.9345142245292664 1553.0 1669.0 34480.0 856.0
0.93359375 0.9360962510108948 1555.0 1610.0 34539.0 854.0
0.939453125 0.9434877038002014 1430.0 1200.0 34949.0 979.0
0.939453125 0.9302090406417847 1563.0 1845.0 34304.0 846.0
0.91796875 0.9317910671234131 1579.0 1800.0 34349.0 830.0
0.919921875 0.933243453502655 1609.0 1774.0 34375.0 800.0
0.951171875 0.9442398548126221 1334.0 1075.0 35074.0 1075.0
0.93359375 0.9364593625068665 1496.0 1537.0 34612.0 913.0
0.931640625 0.9416722655296326 1421.0 1261.0 34888.0 988.0
0.953125 0.9428912401199341 1451.0 1244.0 34905.0 958.0
0.9296875 0.9425281286239624 1450.0 1257.0 34892.0 959.0
0.9375 0.9380673170089722 1472.0 1451.0 34698.0 937.0
0.951171875 0.938248872756958 1479.0 1451.0 34698.0 930.0
0.9375 0.9479225873947144 1317.0 916.0 35233.0 1092.0
0.92578125 0.9329840540885925 1540.0 1715.0 34434.0 869.0
0.9296875 0.9348254799842834 1565.0 1669.0 34480.0 844.0
0.927734375 0.9328284859657288 1551.0 1732.0 34417.0 858.0
0.970703125 0.941335141658783 1474.0 1327.0 34822.0 935.0
0.935546875 0.9371336698532104 1527.0 1542.0 34607.0 882.0
0.947265625 0.9389491081237793 1480.0 1425.0 34724.0 929.0
0.9453125 0.9307536482810974 1597.0 1858.0 34291.0 812.0
0.927734375 0.9322319626808167 1508.0 1712.0 34437.0 901.0
0.94921875 0.9354738593101501 1575.0 1654.0 34495.0 834.0
0.9453125 0.9374189376831055 1528.0 1532.0 34617.0 881.0
0.93359375 0.9291456937789917 1602.0 1925.0 34224.0 807.0
0.912109375 0.9356812834739685 1487.0 1558.0 34591.0 922.0
0.9375 0.9447066783905029 1382.0 1105.0 35044.0 1027.0
0.947265625 0.9390528798103333 1510.0 1451.0 34698.0 899.0
0.9453125 0.940660834312439 1483.0 1362.0 34787.0 926.0
0.927734375 0.9333990216255188 1584.0 1743.0 34406.0 825.0
0.947265625 0.9390788078308105 1515.0 1455.0 34694.0 894.0
0.943359375 0.9272783994674683 1668.0 2063.0 34086.0 741.0
0.953125 0.9407386183738708 1467.0 1343.0 34806.0 942.0
0.939453125 0.926759660243988 1628.0 2043.0 34106.0 781.0
0.95703125 0.949245274066925 1280.0 828.0 35321.0 1129.0
0.943359375 0.9397531151771545 1455.0 1369.0 34780.0 954.0
0.9453125 0.9330618977546692 1544.0 1716.0 34433.0 865.0
0.92578125 0.9290419816970825 1609.0 1936.0 34213.0 800.0
0.95703125 0.9376004934310913 1499.0 1496.0 34653.0 910.0
0.921875 0.9301571846008301 1628.0 1912.0 34237.0 781.0
0.9453125 0.9394418597221375 1490.0 1416.0 34733.0 919.0
0.935546875 0.9314020276069641 1538.0 1774.0 34375.0 871.0
0.9453125 0.9383007287979126 1490.0 1460.0 34689.0 919.0
0.94921875 0.936225950717926 1559.0 1609.0 34540.0 850.0
0.953125 0.9412054419517517 1451.0 1309.0 34840.0 958.0
0.92578125 0.9333212375640869 1543.0 1705.0 34444.0 866.0
0.94921875 0.9508532881736755 1268.0 754.0 35395.0 1141.0
0.931640625 0.9474816918373108 1339.0 955.0 35194.0 1070.0
0.9375 0.930909276008606 1543.0 1798.0 34351.0 866.0
0.94140625 0.9405311346054077 1473.0 1357.0 34792.0 936.0
0.947265625 0.9270449876785278 1628.0 2032.0 34117.0 781.0
0.962890625 0.9450957179069519 1401.0 1109.0 35040.0 1008.0
0.947265625 0.947611391544342 1411.0 1022.0 35127.0 998.0
0.943359375 0.9427874684333801 1411.0 1208.0 34941.0 998.0
0.94140625 0.9396493434906006 1484.0 1402.0 34747.0 925.0
0.935546875 0.9396752715110779 1530.0 1447.0 34702.0 879.0
0.939453125 0.9364593625068665 1570.0 1611.0 34538.0 839.0
0.9453125 0.9341511726379395 1554.0 1684.0 34465.0 855.0
0.943359375 0.9472223520278931 1377.0 1003.0 35146.0 1032.0
0.95703125 0.9440842270851135 1489.0 1236.0 34913.0 920.0
0.9375 0.9371336698532104 1524.0 1539.0 34610.0 885.0
0.94921875 0.9423465728759766 1453.0 1267.0 34882.0 956.0
0.939453125 0.944317638874054 1463.0 1201.0 34948.0 946.0
0.9296875 0.9429171681404114 1462.0 1254.0 34895.0 947.0
0.958984375 0.9326210021972656 1591.0 1780.0 34369.0 818.0
0.94140625 0.9334768652915955 1568.0 1724.0 34425.0 841.0
0.95703125 0.9354219436645508 1593.0 1674.0 34475.0 816.0
0.9296875 0.9354997873306274 1531.0 1609.0 34540.0 878.0
0.947265625 0.9476373195648193 1389.0 999.0 35150.0 1020.0
0.955078125 0.9420353770256042 1446.0 1272.0 34877.0 963.0
0.91015625 0.9362518787384033 1499.0 1548.0 34601.0 910.0
0.9453125 0.9460552930831909 1355.0 1026.0 35123.0 1054.0
0.9375 0.9425281286239624 1397.0 1204.0 34945.0 1012.0
0.935546875 0.9369521141052246 1552.0 1574.0 34575.0 857.0
0.9296875 0.9338139891624451 1570.0 1713.0 34436.0 839.0
0.9453125 0.9348514080047607 1564.0 1667.0 34482.0 845.0
0.951171875 0.9255926012992859 1461.0 1921.0 34228.0 948.0
0.94140625 0.9313242435455322 1623.0 1862.0 34287.0 786.0
0.955078125 0.9442139267921448 1364.0 1106.0 35043.0 1045.0
0.931640625 0.9249961376190186 1639.0 2122.0 34027.0 770.0
0.939453125 0.9435136914253235 1439.0 1208.0 34941.0 970.0
0.912109375 0.926189124584198 1633.0 2070.0 34079.0 776.0
0.951171875 0.9435655474662781 1412.0 1179.0 34970.0 997.0
0.943359375 0.9462368488311768 1348.0 1012.0 35137.0 1061.0
0.935546875 0.9222210645675659 1676.0 2266.0 33883.0 733.0
0.935546875 0.9337621331214905 1532.0 1677.0 34472.0 877.0
0.921875 0.937289297580719 1503.0 1512.0 34637.0 906.0
0.93359375 0.9359666109085083 1547.0 1607.0 34542.0 862.0
0.939453125 0.9387416243553162 1490.0 1443.0 34706.0 919.0
0.953125 0.93690025806427 1507.0 1531.0 34618.0 902.0
0.93359375 0.942009449005127 1483.0 1310.0 34839.0 926.0
0.943359375 0.9427874684333801 1432.0 1229.0 34920.0 977.0
0.94140625 0.9463924765586853 1340.0 998.0 35151.0 1069.0
0.947265625 0.9353182315826416 1510.0 1595.0 34554.0 899.0
0.916015625 0.9249182939529419 1646.0 2132.0 34017.0 763.0
0.943359375 0.9330359697341919 1568.0 1741.0 34408.0 841.0
0.94140625 0.9283676743507385 1594.0 1947.0 34202.0 815.0
0.947265625 0.9445769786834717 1355.0 1083.0 35066.0 1054.0
0.943359375 0.9369780421257019 1557.0 1578.0 34571.0 852.0
0.9453125 0.9291456937789917 1632.0 1955.0 34194.0 777.0
0.923828125 0.9370818138122559 1521.0 1538.0 34611.0 888.0
0.921875 0.9378339052200317 1550.0 1538.0 34611.0 859.0
0.943359375 0.937574565410614 1523.0 1521.0 34628.0 886.0
0.9453125 0.9453550577163696 1378.0 1076.0 35073.0 1031.0
0.92578125 0.9263447523117065 1662.0 2093.0 34056.0 747.0
0.9453125 0.937859833240509 1475.0 1462.0 34687.0 934.0
0.931640625 0.9333730936050415 1569.0 1729.0 34420.0 840.0
0.94140625 0.9247626662254333 1644.0 2136.0 34013.0 765.0
0.923828125 0.9347735643386841 1516.0 1622.0 34527.0 893.0
0.943359375 0.9454587697982788 1339.0 1033.0 35116.0 1070.0
0.9375 0.9208205938339233 1690.0 2334.0 33815.0 719.0
0.94140625 0.9361221790313721 1509.0 1563.0 34586.0 900.0
0.951171875 0.9404274225234985 1499.0 1387.0 34762.0 910.0
0.96484375 0.9413610696792603 1461.0 1313.0 34836.0 948.0
0.939453125 0.9435396194458008 1447.0 1215.0 34934.0 962.0
0.947265625 0.943928599357605 1393.0 1146.0 35003.0 1016.0
0.935546875 0.9335805773735046 1620.0 1772.0 34377.0 789.0
0.95703125 0.9476891756057739 1429.0 1037.0 35112.0 980.0
0.953125 0.9370299577713013 1530.0 1549.0 34600.0 879.0
0.951171875 0.9342289566993713 1566.0 1693.0 34456.0 843.0
0.927734375 0.9360443949699402 1569.0 1626.0 34523.0 840.0
0.93359375 0.9312204718589783 1597.0 1840.0 34309.0 812.0
0.955078125 0.9306240081787109 1578.0 1844.0 34305.0 831.0
0.9375 0.9438508152961731 1413.0 1169.0 34980.0 996.0
0.9296875 0.9391565918922424 1519.0 1456.0 34693.0 890.0
0.947265625 0.9350848197937012 1549.0 1643.0 34506.0 860.0
0.939453125 0.9210280776023865 1699.0 2335.0 33814.0 710.0
0.923828125 0.9207687377929688 1686.0 2332.0 33817.0 723.0
0.935546875 0.938637912273407 1484.0 1441.0 34708.0 925.0
0.931640625 0.9399086833000183 1494.0 1402.0 34747.0 915.0
0.947265625 0.9445769786834717 1393.0 1121.0 35028.0 1016.0
0.9296875 0.932569146156311 1616.0 1807.0 34342.0 793.0
0.951171875 0.9452772736549377 1337.0 1038.0 35111.0 1072.0
0.935546875 0.9307795763015747 1609.0 1869.0 34280.0 800.0
0.943359375 0.9414388537406921 1446.0 1295.0 34854.0 963.0
0.9296875 0.9287047982215881 1606.0 1946.0 34203.0 803.0
0.939453125 0.9422169327735901 1391.0 1210.0 34939.0 1018.0
0.94140625 0.9382748007774353 1501.0 1472.0 34677.0 908.0
0.916015625 0.9225063323974609 1677.0 2256.0 33893.0 732.0
0.94140625 0.9408683180809021 1437.0 1308.0 34841.0 972.0
0.943359375 0.9439805150032043 1316.0 1067.0 35082.0 1093.0
0.94140625 0.9370299577713013 1463.0 1482.0 34667.0 946.0
0.939453125 0.9356812834739685 1495.0 1566.0 34583.0 914.0
0.94140625 0.9465221166610718 1315.0 968.0 35181.0 1094.0
0.931640625 0.9427096843719482 1385.0 1185.0 34964.0 1024.0
0.919921875 0.9319466948509216 1595.0 1810.0 34339.0 814.0
0.943359375 0.9294309616088867 1571.0 1883.0 34266.0 838.0
0.943359375 0.9387934803962708 1374.0 1325.0 34824.0 1035.0
0.947265625 0.9397011995315552 1427.0 1343.0 34806.0 982.0
0.94140625 0.9372114539146423 1469.0 1481.0 34668.0 940.0
0.947265625 0.9389491081237793 1516.0 1461.0 34688.0 893.0
0.927734375 0.9358109831809998 1449.0 1515.0 34634.0 960.0
0.93359375 0.9404014945030212 1460.0 1349.0 34800.0 949.0
0.9375 0.9374448657035828 1493.0 1496.0 34653.0 916.0
0.955078125 0.9479225873947144 1309.0 908.0 35241.0 1100.0
0.9375 0.9282898306846619 1641.0 1997.0 34152.0 768.0
0.931640625 0.9352923035621643 1450.0 1536.0 34613.0 959.0
0.95703125 0.9394418597221375 1478.0 1404.0 34745.0 931.0
0.912109375 0.9195238351821899 1671.0 2365.0 33784.0 738.0
0.955078125 0.9470148682594299 1356.0 990.0 35159.0 1053.0
0.931640625 0.9366927742958069 1484.0 1516.0 34633.0 925.0
0.9609375 0.9434358477592468 1421.0 1193.0 34956.0 988.0
0.9453125 0.9436951875686646 1430.0 1192.0 34957.0 979.0
0.9453125 0.9255407452583313 1626.0 2088.0 34061.0 783.0
0.951171875 0.9463405609130859 1356.0 1016.0 35133.0 1053.0
0.947265625 0.9339696168899536 1544.0 1681.0 34468.0 865.0
0.939453125 0.9352403879165649 1504.0 1592.0 34557.0 905.0
0.95703125 0.9464702606201172 1334.0 989.0 35160.0 1075.0
0.947265625 0.9312204718589783 1575.0 1818.0 34331.0 834.0
0.9375 0.9455884695053101 1428.0 1117.0 35032.0 981.0
0.92578125 0.9386638402938843 1498.0 1454.0 34695.0 911.0
0.958984375 0.9455366134643555 1340.0 1031.0 35118.0 1069.0
0.94140625 0.9327247142791748 1505.0 1690.0 34459.0 904.0
0.951171875 0.936511218547821 1499.0 1538.0 34611.0 910.0
0.939453125 0.9412054419517517 1405.0 1263.0 34886.0 1004.0
