0.5927734375 0.5642149448394775 1046.0 15440.0 20709.0 1363.0
0.923828125 0.9166450500488281 886.0 1691.0 34458.0 1523.0
0.9365234375 0.9164894223213196 1025.0 1836.0 34313.0 1384.0
0.9091796875 0.9122620224952698 1132.0 2106.0 34043.0 1277.0
0.912109375 0.9176305532455444 1219.0 1986.0 34163.0 1190.0
0.9052734375 0.9176565408706665 1275.0 2041.0 34108.0 1134.0
0.923828125 0.9164116382598877 1318.0 2132.0 34017.0 1091.0
0.919921875 0.9239327907562256 1348.0 1872.0 34277.0 1061.0
0.9345703125 0.9281861186027527 1310.0 1670.0 34479.0 1099.0
0.9208984375 0.9236993789672852 1435.0 1968.0 34181.0 974.0
0.923828125 0.9215986132621765 1435.0 2049.0 34100.0 974.0
0.92578125 0.9287566542625427 1391.0 1729.0 34420.0 1018.0
0.9287109375 0.9272005558013916 1413.0 1811.0 34338.0 996.0
0.935546875 0.9267856478691101 1493.0 1907.0 34242.0 916.0
0.9443359375 0.9314020276069641 1447.0 1683.0 34466.0 962.0
0.9140625 0.924736738204956 1550.0 2043.0 34106.0 859.0
0.9287109375 0.9272005558013916 1510.0 1908.0 34241.0 899.0
0.9306640625 0.9326987862586975 1483.0 1669.0 34480.0 926.0
0.912109375 0.9318169951438904 1490.0 1710.0 34439.0 919.0
0.927734375 0.9232844114303589 1562.0 2111.0 34038.0 847.0
0.93359375 0.9295088052749634 1533.0 1842.0 34307.0 876.0
0.9287109375 0.9256963729858398 1560.0 2016.0 34133.0 849.0
0.9443359375 0.9284454584121704 1541.0 1891.0 34258.0 868.0
0.9375 0.9344364404678345 1482.0 1601.0 34548.0 927.0
0.927734375 0.926189124584198 1566.0 2003.0 34146.0 843.0
0.9296875 0.927252471446991 1568.0 1964.0 34185.0 841.0
0.9443359375 0.9359147548675537 1505.0 1567.0 34582.0 904.0
0.927734375 0.9313501715660095 1559.0 1797.0 34352.0 850.0
0.9384765625 0.9274599552154541 1571.0 1959.0 34190.0 838.0
0.943359375 0.9364075064659119 1487.0 1530.0 34619.0 922.0
0.9501953125 0.9356034994125366 1472.0 1546.0 34603.0 937.0
0.9482421875 0.9294309616088867 1586.0 1898.0 34251.0 823.0
0.91796875 0.9329062700271606 1575.0 1753.0 34396.0 834.0
0.9267578125 0.9343067407608032 1551.0 1675.0 34474.0 858.0
0.9521484375 0.9331137537956238 1531.0 1701.0 34448.0 878.0
0.9248046875 0.9323356747627258 1593.0 1793.0 34356.0 816.0
0.9267578125 0.9300793409347534 1583.0 1870.0 34279.0 826.0
0.9326171875 0.932257890701294 1543.0 1746.0 34403.0 866.0
0.947265625 0.9391306638717651 1483.0 1421.0 34728.0 926.0
0.9384765625 0.9310649037361145 1592.0 1841.0 34308.0 817.0
0.9306640625 0.9308055639266968 1568.0 1827.0 34322.0 841.0
0.943359375 0.9335546493530273 1578.0 1731.0 34418.0 831.0
0.947265625 0.9313501715660095 1603.0 1841.0 34308.0 806.0
0.9384765625 0.9284195303916931 1608.0 1959.0 34190.0 801.0
0.9296875 0.9312983155250549 1567.0 1807.0 34342.0 842.0
0.916015625 0.9254370331764221 1638.0 2104.0 34045.0 771.0
0.939453125 0.9320763349533081 1600.0 1810.0 34339.0 809.0
0.9365234375 0.9306499361991882 1606.0 1871.0 34278.0 803.0
0.93359375 0.9336583614349365 1604.0 1753.0 34396.0 805.0
0.9287109375 0.9289900660514832 1637.0 1966.0 34183.0 772.0
0.9375 0.9317132830619812 1580.0 1804.0 34345.0 829.0
0.9365234375 0.9351366758346558 1600.0 1692.0 34457.0 809.0
0.923828125 0.9343326687812805 1591.0 1714.0 34435.0 818.0
0.931640625 0.9346698522567749 1584.0 1694.0 34455.0 825.0
0.9423828125 0.9358109831809998 1555.0 1621.0 34528.0 854.0
0.939453125 0.932569146156311 1639.0 1830.0 34319.0 770.0
0.9287109375 0.9290160536766052 1684.0 2012.0 34137.0 725.0
0.9453125 0.9354997873306274 1617.0 1695.0 34454.0 792.0
0.9443359375 0.9376264214515686 1555.0 1551.0 34598.0 854.0
0.931640625 0.9346698522567749 1619.0 1729.0 34420.0 790.0
0.9287109375 0.9301312565803528 1653.0 1938.0 34211.0 756.0
0.9453125 0.9350069761276245 1605.0 1702.0 34447.0 804.0
0.9384765625 0.9272265434265137 1685.0 2082.0 34067.0 724.0
0.93359375 0.9358887672424316 1605.0 1668.0 34481.0 804.0
0.943359375 0.9365890622138977 1573.0 1609.0 34540.0 836.0
0.9365234375 0.9387416243553162 1549.0 1502.0 34647.0 860.0
0.9404296875 0.9260075688362122 1673.0 2117.0 34032.0 736.0
0.9267578125 0.9381710886955261 1552.0 1527.0 34622.0 857.0
0.9384765625 0.9386897683143616 1551.0 1506.0 34643.0 858.0
0.9326171875 0.9286270141601562 1656.0 1999.0 34150.0 753.0
0.9482421875 0.9373411536216736 1567.0 1574.0 34575.0 842.0
0.939453125 0.933217465877533 1638.0 1804.0 34345.0 771.0
0.935546875 0.9396752715110779 1544.0 1461.0 34688.0 865.0
0.93359375 0.9322838187217712 1640.0 1842.0 34307.0 769.0
0.955078125 0.936225950717926 1587.0 1637.0 34512.0 822.0
0.93359375 0.9301831126213074 1675.0 1958.0 34191.0 734.0
0.939453125 0.9407386183738708 1566.0 1442.0 34707.0 843.0
0.9365234375 0.9349551200866699 1627.0 1726.0 34423.0 782.0
0.93359375 0.9327506422996521 1666.0 1850.0 34299.0 743.0
0.9423828125 0.940375566482544 1570.0 1460.0 34689.0 839.0
0.931640625 0.942969024181366 1512.0 1302.0 34847.0 897.0
0.921875 0.9313242435455322 1653.0 1892.0 34257.0 756.0
0.9501953125 0.9366668462753296 1565.0 1598.0 34551.0 844.0
0.9306640625 0.9414907693862915 1525.0 1372.0 34777.0 884.0
0.9296875 0.9320763349533081 1663.0 1873.0 34276.0 746.0
0.9296875 0.9357072710990906 1608.0 1678.0 34471.0 801.0
0.943359375 0.9346439242362976 1629.0 1740.0 34409.0 780.0
0.9296875 0.9373411536216736 1641.0 1648.0 34501.0 768.0
0.9453125 0.9330099821090698 1684.0 1858.0 34291.0 725.0
0.9423828125 0.9369261860847473 1594.0 1617.0 34532.0 815.0
0.921875 0.9306240081787109 1696.0 1962.0 34187.0 713.0
0.94140625 0.934592068195343 1612.0 1725.0 34424.0 797.0
0.9384765625 0.9319466948509216 1667.0 1882.0 34267.0 742.0
0.9287109375 0.9312464594841003 1669.0 1911.0 34238.0 740.0
0.9521484375 0.9408164620399475 1555.0 1428.0 34721.0 854.0
0.9423828125 0.9331656098365784 1671.0 1839.0 34310.0 738.0
0.943359375 0.9354478716850281 1617.0 1697.0 34452.0 792.0
0.939453125 0.9367187023162842 1629.0 1660.0 34489.0 780.0
0.9423828125 0.9291197657585144 1715.0 2039.0 34110.0 694.0
0.9384765625 0.9318169951438904 1659.0 1879.0 34270.0 750.0
0.9462890625 0.9367705583572388 1617.0 1646.0 34503.0 792.0
0.9462890625 0.9402977228164673 1531.0 1424.0 34725.0 878.0
0.91796875 0.9197313189506531 1754.0 2440.0 33709.0 655.0
0.951171875 0.9363555908203125 1627.0 1672.0 34477.0 782.0
0.94140625 0.9400643110275269 1548.0 1450.0 34699.0 861.0
0.931640625 0.9338399171829224 1635.0 1777.0 34372.0 774.0
0.9384765625 0.9341771006584167 1651.0 1780.0 34369.0 758.0
0.9326171875 0.9333990216255188 1627.0 1786.0 34363.0 782.0
0.9306640625 0.9363037347793579 1558.0 1605.0 34544.0 851.0
0.9423828125 0.9348514080047607 1648.0 1751.0 34398.0 761.0
0.9248046875 0.9297681450843811 1674.0 1973.0 34176.0 735.0
0.94140625 0.9384822845458984 1646.0 1609.0 34540.0 763.0
0.9453125 0.936614990234375 1617.0 1652.0 34497.0 792.0
0.943359375 0.9331915378570557 1636.0 1803.0 34346.0 773.0
0.9384765625 0.9370818138122559 1589.0 1606.0 34543.0 820.0
0.931640625 0.9347217082977295 1621.0 1729.0 34420.0 788.0
0.9296875 0.9249701499938965 1726.0 2210.0 33939.0 683.0
0.9404296875 0.9377561211585999 1577.0 1568.0 34581.0 832.0
