0.638671875 0.6603298783302307 864.0 11552.0 24597.0 1545.0
0.912109375 0.896286129951477 1063.0 2653.0 33496.0 1346.0
0.921875 0.9057523608207703 1090.0 2315.0 33834.0 1319.0
0.91015625 0.9033663868904114 1250.0 2567.0 33582.0 1159.0
0.904296875 0.8977384567260742 1262.0 2796.0 33353.0 1147.0
0.9111328125 0.9113543033599854 1305.0 2314.0 33835.0 1104.0
0.9228515625 0.9137144088745117 1368.0 2286.0 33863.0 1041.0
0.9208984375 0.9142590165138245 1420.0 2317.0 33832.0 989.0
0.919921875 0.9158410429954529 1466.0 2302.0 33847.0 943.0
0.9296875 0.927148699760437 1410.0 1810.0 34339.0 999.0
0.9208984375 0.9078012108802795 1587.0 2733.0 33416.0 822.0
0.927734375 0.9238549470901489 1488.0 2015.0 34134.0 921.0
0.939453125 0.917786180973053 1533.0 2294.0 33855.0 876.0
0.9306640625 0.9208465218544006 1549.0 2192.0 33957.0 860.0
0.92578125 0.9159448146820068 1530.0 2362.0 33787.0 879.0
0.916015625 0.9239327907562256 1536.0 2060.0 34089.0 873.0
0.9404296875 0.9276933670043945 1496.0 1875.0 34274.0 913.0
0.9169921875 0.9170340895652771 1571.0 2361.0 33788.0 838.0
0.9140625 0.9217283129692078 1601.0 2209.0 33939.0 808.0
0.927734375 0.9193422794342041 1625.0 2326.0 33823.0 784.0
0.927734375 0.9247886538505554 1591.0 2082.0 34067.0 818.0
0.9365234375 0.9209502339363098 1607.0 2246.0 33903.0 802.0
0.91796875 0.921157717704773 1610.0 2241.0 33908.0 799.0
0.9111328125 0.9183567762374878 1648.0 2387.0 33762.0 761.0
0.931640625 0.9157373309135437 1640.0 2480.0 33669.0 769.0
0.9365234375 0.9294050335884094 1571.0 1884.0 34265.0 838.0
0.90625 0.9111728072166443 1706.0 2722.0 33427.0 703.0
0.9111328125 0.9198609590530396 1650.0 2331.0 33818.0 759.0
0.9296875 0.9227138161659241 1650.0 2221.0 33928.0 759.0
0.91796875 0.9242958426475525 1596.0 2106.0 34043.0 813.0
0.9267578125 0.9266300201416016 1606.0 2026.0 34123.0 803.0
0.927734375 0.9243996143341064 1603.0 2109.0 34040.0 806.0
0.916015625 0.9155557751655579 1691.0 2538.0 33611.0 718.0
0.921875 0.9232844114303589 1635.0 2184.0 33965.0 774.0
0.9140625 0.9223507642745972 1629.0 2214.0 33935.0 780.0
0.93359375 0.9171378016471863 1683.0 2469.0 33680.0 726.0
0.919921875 0.922143280506134 1686.0 2279.0 33870.0 723.0
0.9267578125 0.9275636672973633 1632.0 2016.0 34133.0 777.0
0.9267578125 0.9270190596580505 1653.0 2058.0 34091.0 756.0
0.90625 0.9227657318115234 1696.0 2265.0 33884.0 713.0
0.9228515625 0.9280304908752441 1660.0 2026.0 34123.0 749.0
0.9443359375 0.9306758642196655 1609.0 1873.0 34276.0 800.0
0.93359375 0.9328803420066833 1593.0 1772.0 34377.0 816.0
0.939453125 0.9283676743507385 1654.0 2007.0 34142.0 755.0
0.9404296875 0.9280304908752441 1652.0 2018.0 34131.0 757.0
0.9306640625 0.9240883588790894 1659.0 2177.0 33972.0 750.0
0.9267578125 0.9225322604179382 1704.0 2282.0 33867.0 705.0
0.9345703125 0.9309870600700378 1653.0 1905.0 34244.0 756.0
0.947265625 0.932543158531189 1610.0 1802.0 34347.0 799.0
0.921875 0.9263966083526611 1673.0 2102.0 34047.0 736.0
0.9267578125 0.9272005558013916 1646.0 2044.0 34105.0 763.0
0.9208984375 0.9176305532455444 1720.0 2487.0 33662.0 689.0
0.9189453125 0.9326469302177429 1653.0 1841.0 34308.0 756.0
0.935546875 0.9319985508918762 1597.0 1810.0 34339.0 812.0
0.9208984375 0.922143280506134 1702.0 2295.0 33854.0 707.0
0.9267578125 0.9272783994674683 1679.0 2074.0 34075.0 730.0
0.9287109375 0.9263447523117065 1665.0 2096.0 34053.0 744.0
0.9267578125 0.9246330261230469 1673.0 2170.0 33979.0 736.0
0.9248046875 0.9275895953178406 1622.0 2005.0 34144.0 787.0
0.94140625 0.935551643371582 1581.0 1657.0 34492.0 828.0
0.9267578125 0.9265003204345703 1671.0 2096.0 34053.0 738.0
0.9345703125 0.9252814054489136 1719.0 2191.0 33958.0 690.0
0.927734375 0.9336324334144592 1634.0 1784.0 34365.0 775.0
0.9384765625 0.9287566542625427 1628.0 1966.0 34183.0 781.0
0.9013671875 0.9147777557373047 1782.0 2659.0 33490.0 627.0
0.9296875 0.9297422170639038 1621.0 1921.0 34228.0 788.0
0.9208984375 0.933217465877533 1613.0 1779.0 34370.0 796.0
0.9404296875 0.9256963729858398 1704.0 2160.0 33989.0 705.0
0.9326171875 0.9267078042030334 1713.0 2130.0 34019.0 696.0
0.927734375 0.9301831126213074 1631.0 1914.0 34235.0 778.0
0.91796875 0.9257741570472717 1698.0 2151.0 33998.0 711.0
0.9365234375 0.9277452230453491 1698.0 2075.0 34074.0 711.0
0.9248046875 0.9267078042030334 1724.0 2141.0 34008.0 685.0
0.9228515625 0.9301571846008301 1630.0 1914.0 34235.0 779.0
0.931640625 0.9292494654655457 1665.0 1984.0 34165.0 744.0
0.92578125 0.9271227717399597 1715.0 2116.0 34033.0 694.0
0.9306640625 0.9323616623878479 1628.0 1827.0 34322.0 781.0
0.9326171875 0.9298978447914124 1627.0 1921.0 34228.0 782.0
0.9326171875 0.9329840540885925 1658.0 1833.0 34316.0 751.0
0.93359375 0.930909276008606 1667.0 1922.0 34227.0 742.0
0.9267578125 0.925514817237854 1716.0 2179.0 33970.0 693.0
0.927734375 0.925125777721405 1705.0 2183.0 33966.0 704.0
0.9296875 0.9319985508918762 1617.0 1830.0 34319.0 792.0
0.939453125 0.9289900660514832 1649.0 1978.0 34171.0 760.0
0.9296875 0.9309611320495605 1663.0 1916.0 34233.0 746.0
0.9296875 0.922428548336029 1703.0 2285.0 33864.0 706.0
0.9267578125 0.9257223010063171 1680.0 2135.0 34014.0 729.0
0.9287109375 0.9236215353012085 1682.0 2218.0 33931.0 727.0
0.9404296875 0.9237512350082397 1706.0 2237.0 33912.0 703.0
0.9462890625 0.9331137537956238 1619.0 1789.0 34360.0 790.0
0.9228515625 0.9357591271400452 1578.0 1646.0 34503.0 831.0
0.935546875 0.9278748631477356 1680.0 2052.0 34097.0 729.0
0.9365234375 0.9268893599510193 1670.0 2080.0 34069.0 739.0
0.9462890625 0.9332693815231323 1620.0 1784.0 34365.0 789.0
0.9404296875 0.9232325553894043 1720.0 2271.0 33878.0 689.0
0.9296875 0.9285491704940796 1693.0 2039.0 34110.0 716.0
0.921875 0.9169043898582458 1771.0 2566.0 33583.0 638.0
0.927734375 0.9266559481620789 1691.0 2110.0 34039.0 718.0
0.939453125 0.9280045628547668 1642.0 2009.0 34140.0 767.0
0.9365234375 0.9250479936599731 1691.0 2172.0 33977.0 718.0
0.9228515625 0.9216764569282532 1754.0 2365.0 33784.0 655.0
0.9228515625 0.9262150526046753 1715.0 2151.0 33998.0 694.0
0.9365234375 0.9364852905273438 1617.0 1657.0 34492.0 792.0
0.9306640625 0.9291197657585144 1694.0 2018.0 34131.0 715.0
0.921875 0.9232325553894043 1742.0 2293.0 33856.0 667.0
0.9208984375 0.9244773983955383 1727.0 2230.0 33919.0 682.0
0.927734375 0.9217283129692078 1801.0 2410.0 33739.0 608.0
0.921875 0.9322838187217712 1646.0 1848.0 34301.0 763.0
0.93359375 0.9300793409347534 1657.0 1944.0 34205.0 752.0
0.92578125 0.9179418087005615 1772.0 2527.0 33622.0 637.0
0.92578125 0.9334768652915955 1655.0 1811.0 34338.0 754.0
0.93359375 0.9231287837028503 1695.0 2250.0 33899.0 714.0
0.9130859375 0.9315057992935181 1600.0 1832.0 34317.0 809.0
0.94140625 0.9336583614349365 1608.0 1757.0 34392.0 801.0
0.94140625 0.9286270141601562 1718.0 2061.0 34088.0 691.0
0.931640625 0.9273302555084229 1670.0 2063.0 34086.0 739.0
0.9423828125 0.9294828772544861 1668.0 1978.0 34171.0 741.0
0.9326171875 0.9287566542625427 1677.0 2015.0 34134.0 732.0
0.931640625 0.9326728582382202 1648.0 1835.0 34314.0 761.0
0.9404296875 0.9339955449104309 1632.0 1768.0 34381.0 777.0
0.9326171875 0.9242958426475525 1746.0 2256.0 33893.0 663.0
0.931640625 0.9239846467971802 1711.0 2233.0 33916.0 698.0
0.9326171875 0.9220135807991028 1745.0 2343.0 33806.0 664.0
0.9248046875 0.9315576553344727 1650.0 1880.0 34269.0 759.0
0.919921875 0.9234140515327454 1756.0 2300.0 33849.0 653.0
0.93359375 0.9340474009513855 1640.0 1774.0 34375.0 769.0
0.9482421875 0.936225950717926 1621.0 1671.0 34478.0 788.0
0.9306640625 0.9302090406417847 1667.0 1949.0 34200.0 742.0
0.9345703125 0.9246848821640015 1774.0 2269.0 33880.0 635.0
0.92578125 0.9301571846008301 1713.0 1997.0 34152.0 696.0
0.931640625 0.9285751581192017 1684.0 2029.0 34120.0 725.0
0.9287109375 0.9353700876235962 1642.0 1725.0 34424.0 767.0
0.9375 0.9290160536766052 1689.0 2017.0 34132.0 720.0
0.9296875 0.9250479936599731 1670.0 2151.0 33998.0 739.0
0.921875 0.9184086322784424 1752.0 2489.0 33660.0 657.0
0.9404296875 0.925903856754303 1691.0 2139.0 34010.0 718.0
0.9013671875 0.9225841760635376 1726.0 2302.0 33847.0 683.0
0.9267578125 0.9273561835289001 1691.0 2083.0 34066.0 718.0
0.927734375 0.9138959646224976 1780.0 2691.0 33458.0 629.0
0.939453125 0.9337621331214905 1629.0 1774.0 34375.0 780.0
0.9189453125 0.9250998497009277 1710.0 2189.0 33960.0 699.0
0.9345703125 0.926474392414093 1680.0 2106.0 34043.0 729.0
0.9404296875 0.9319207668304443 1657.0 1873.0 34276.0 752.0
0.923828125 0.9222729206085205 1745.0 2333.0 33816.0 664.0
0.921875 0.9192644953727722 1762.0 2466.0 33683.0 647.0
0.9345703125 0.9324394464492798 1664.0 1860.0 34289.0 745.0
0.9462890625 0.9278748631477356 1705.0 2077.0 34072.0 704.0
0.92578125 0.9227397441864014 1726.0 2296.0 33853.0 683.0
0.927734375 0.9290938377380371 1708.0 2033.0 34116.0 701.0
0.92578125 0.9288344979286194 1744.0 2079.0 34070.0 665.0
0.931640625 0.9279008507728577 1739.0 2110.0 34039.0 670.0
0.9208984375 0.9149852395057678 1771.0 2640.0 33509.0 638.0
0.9267578125 0.9290679097175598 1666.0 1992.0 34157.0 743.0
0.9296875 0.927537739276886 1709.0 2094.0 34055.0 700.0
0.9521484375 0.9364852905273438 1590.0 1630.0 34519.0 819.0
0.9267578125 0.9273561835289001 1690.0 2082.0 34067.0 719.0
0.9326171875 0.9287307262420654 1720.0 2059.0 34090.0 689.0
0.9150390625 0.9214949011802673 1769.0 2387.0 33762.0 640.0
0.935546875 0.9299756288528442 1679.0 1970.0 34179.0 730.0
0.94921875 0.9294309616088867 1674.0 1986.0 34163.0 735.0
0.931640625 0.9290938377380371 1727.0 2052.0 34097.0 682.0
0.9208984375 0.9278748631477356 1707.0 2079.0 34070.0 702.0
0.9375 0.9311686158180237 1686.0 1931.0 34218.0 723.0
0.9560546875 0.935940682888031 1616.0 1677.0 34472.0 793.0
0.9267578125 0.9256963729858398 1740.0 2196.0 33953.0 669.0
0.9287109375 0.9295347332954407 1694.0 2002.0 34147.0 715.0
0.927734375 0.9320763349533081 1706.0 1916.0 34233.0 703.0
0.9189453125 0.9254888892173767 1755.0 2219.0 33930.0 654.0
0.939453125 0.9270968437194824 1676.0 2078.0 34071.0 733.0
0.9375 0.9255407452583313 1697.0 2159.0 33990.0 712.0
0.9267578125 0.9189792275428772 1777.0 2492.0 33657.0 632.0
0.939453125 0.9295088052749634 1654.0 1963.0 34186.0 755.0
0.931640625 0.9205612540245056 1752.0 2406.0 33743.0 657.0
0.9228515625 0.9298200011253357 1673.0 1970.0 34179.0 736.0
0.931640625 0.9219617247581482 1765.0 2365.0 33784.0 644.0
0.943359375 0.925514817237854 1699.0 2162.0 33987.0 710.0
0.9287109375 0.9347995519638062 1627.0 1732.0 34417.0 782.0
0.9248046875 0.9320763349533081 1705.0 1915.0 34234.0 704.0
0.927734375 0.9267337322235107 1726.0 2142.0 34007.0 683.0
0.939453125 0.9330618977546692 1594.0 1766.0 34383.0 815.0
0.9423828125 0.931868851184845 1673.0 1891.0 34258.0 736.0
0.9208984375 0.9273561835289001 1693.0 2085.0 34064.0 716.0
0.9306640625 0.9309611320495605 1670.0 1923.0 34226.0 739.0
0.9208984375 0.9322838187217712 1630.0 1832.0 34317.0 779.0
0.927734375 0.929845929145813 1692.0 1988.0 34161.0 717.0
0.927734375 0.9273821115493774 1705.0 2096.0 34053.0 704.0
0.931640625 0.9196275472640991 1782.0 2472.0 33677.0 627.0
0.943359375 0.9262669086456299 1737.0 2171.0 33978.0 672.0
0.9384765625 0.9329321980476379 1644.0 1821.0 34328.0 765.0
0.9150390625 0.9201722145080566 1745.0 2414.0 33735.0 664.0
0.9189453125 0.9280823469161987 1712.0 2076.0 34073.0 697.0
0.9208984375 0.9305980801582336 1646.0 1913.0 34236.0 763.0
0.9287109375 0.9338139891624451 1637.0 1780.0 34369.0 772.0
0.9365234375 0.9155817031860352 1781.0 2627.0 33522.0 628.0
0.9150390625 0.9208465218544006 1749.0 2392.0 33757.0 660.0
0.912109375 0.9257741570472717 1722.0 2175.0 33974.0 687.0
0.931640625 0.9307795763015747 1659.0 1919.0 34230.0 750.0
0.919921875 0.9217542409896851 1771.0 2379.0 33770.0 638.0
0.9169921875 0.9272783994674683 1702.0 2097.0 34052.0 707.0
0.919921875 0.9204056262969971 1747.0 2407.0 33742.0 662.0
0.94140625 0.929171621799469 1676.0 1998.0 34151.0 733.0
0.9345703125 0.9253851175308228 1721.0 2189.0 33960.0 688.0
0.951171875 0.9340474009513855 1632.0 1766.0 34383.0 777.0
0.939453125 0.9302090406417847 1675.0 1957.0 34192.0 734.0
0.93359375 0.9333730936050415 1603.0 1763.0 34386.0 806.0
0.9306640625 0.9294569492340088 1715.0 2026.0 34123.0 694.0
0.9306640625 0.9304165244102478 1650.0 1924.0 34225.0 759.0
0.9150390625 0.9179158806800842 1749.0 2505.0 33644.0 660.0
0.9404296875 0.9256185293197632 1701.0 2160.0 33989.0 708.0
0.94140625 0.9269930720329285 1667.0 2073.0 34076.0 742.0
0.9453125 0.9300793409347534 1662.0 1949.0 34200.0 747.0
0.9521484375 0.9351366758346558 1597.0 1689.0 34460.0 812.0
0.9365234375 0.9280823469161987 1697.0 2061.0 34088.0 712.0
0.9404296875 0.9353700876235962 1625.0 1708.0 34441.0 784.0
0.9228515625 0.9251776337623596 1711.0 2187.0 33962.0 698.0
0.9267578125 0.9298200011253357 1696.0 1993.0 34156.0 713.0
0.9384765625 0.9340474009513855 1663.0 1797.0 34352.0 746.0
0.921875 0.9275118112564087 1703.0 2089.0 34060.0 706.0
0.9375 0.9249701499938965 1737.0 2221.0 33928.0 672.0
0.9306640625 0.9317132830619812 1726.0 1950.0 34199.0 683.0
0.9189453125 0.9256963729858398 1726.0 2182.0 33967.0 683.0
0.92578125 0.9293791055679321 1703.0 2017.0 34132.0 706.0
0.939453125 0.933217465877533 1632.0 1798.0 34351.0 777.0
0.931640625 0.9280304908752441 1714.0 2080.0 34069.0 695.0
0.943359375 0.9300015568733215 1686.0 1976.0 34173.0 723.0
0.9267578125 0.9229991436004639 1751.0 2311.0 33838.0 658.0
0.9453125 0.9305980801582336 1657.0 1924.0 34225.0 752.0
0.9296875 0.9291456937789917 1700.0 2023.0 34126.0 709.0
0.9296875 0.9293791055679321 1702.0 2016.0 34133.0 707.0
0.9287109375 0.9317392110824585 1683.0 1906.0 34243.0 726.0
0.9287109375 0.9145443439483643 1815.0 2701.0 33448.0 594.0
0.921875 0.9249701499938965 1722.0 2206.0 33943.0 687.0
0.943359375 0.9324653744697571 1657.0 1852.0 34297.0 752.0
0.9326171875 0.9359147548675537 1576.0 1638.0 34511.0 833.0
0.9169921875 0.9235178232192993 1708.0 2248.0 33901.0 701.0
0.921875 0.9270190596580505 1711.0 2116.0 34033.0 698.0
0.9091796875 0.9227138161659241 1751.0 2322.0 33827.0 658.0
0.943359375 0.9391825199127197 1566.0 1502.0 34647.0 843.0
0.9111328125 0.9216764569282532 1752.0 2363.0 33786.0 657.0
0.9296875 0.9309352040290833 1644.0 1898.0 34251.0 765.0
0.9248046875 0.9297681450843811 1645.0 1944.0 34205.0 764.0
0.92578125 0.9205871820449829 1769.0 2422.0 33727.0 640.0
0.9306640625 0.9297940731048584 1713.0 2011.0 34138.0 696.0
0.9404296875 0.9276933670043945 1746.0 2125.0 34024.0 663.0
0.94140625 0.9262409806251526 1699.0 2134.0 34015.0 710.0
0.9521484375 0.9336583614349365 1655.0 1804.0 34345.0 754.0
0.9345703125 0.9342289566993713 1614.0 1741.0 34408.0 795.0
0.9091796875 0.9291197657585144 1679.0 2003.0 34146.0 730.0
0.927734375 0.9228694438934326 1732.0 2297.0 33852.0 677.0
0.931640625 0.9278748631477356 1721.0 2093.0 34056.0 688.0
0.9375 0.9182530045509338 1751.0 2494.0 33655.0 658.0
0.9287109375 0.921157717704773 1737.0 2368.0 33781.0 672.0
0.94140625 0.9314279556274414 1667.0 1902.0 34247.0 742.0
0.9326171875 0.9302868247032166 1629.0 1908.0 34241.0 780.0
0.9296875 0.9280564188957214 1678.0 2043.0 34106.0 731.0
0.93359375 0.9241143465042114 1699.0 2216.0 33933.0 710.0
0.93359375 0.9295347332954407 1666.0 1974.0 34175.0 743.0
0.93359375 0.9239068627357483 1725.0 2250.0 33899.0 684.0
0.9404296875 0.9317132830619812 1648.0 1872.0 34277.0 761.0
0.927734375 0.9294050335884094 1694.0 2007.0 34142.0 715.0
0.9208984375 0.9179677367210388 1782.0 2536.0 33613.0 627.0
0.908203125 0.9196535348892212 1768.0 2457.0 33692.0 641.0
0.9208984375 0.9294309616088867 1687.0 1999.0 34150.0 722.0
0.94140625 0.9213133454322815 1744.0 2369.0 33780.0 665.0
0.92578125 0.9274858832359314 1662.0 2049.0 34100.0 747.0
0.935546875 0.9304943084716797 1661.0 1932.0 34217.0 748.0
0.9306640625 0.9299497008323669 1714.0 2006.0 34143.0 695.0
0.9248046875 0.9239327907562256 1684.0 2208.0 33941.0 725.0
0.939453125 0.9325950741767883 1691.0 1881.0 34268.0 718.0
0.9306640625 0.9252035617828369 1720.0 2195.0 33954.0 689.0
0.939453125 0.9270190596580505 1723.0 2128.0 34021.0 686.0
0.921875 0.9277711510658264 1720.0 2096.0 34053.0 689.0
0.92578125 0.9225063323974609 1739.0 2318.0 33831.0 670.0
0.9248046875 0.9237253069877625 1752.0 2284.0 33865.0 657.0
0.94921875 0.9379895329475403 1618.0 1600.0 34549.0 791.0
0.91796875 0.9260334968566895 1729.0 2172.0 33977.0 680.0
0.9462890625 0.9294050335884094 1690.0 2003.0 34146.0 719.0
0.939453125 0.9250220656394958 1757.0 2239.0 33910.0 652.0
0.9345703125 0.9317910671234131 1672.0 1893.0 34256.0 737.0
0.9365234375 0.9287047982215881 1710.0 2050.0 34099.0 699.0
0.9423828125 0.929275393486023 1689.0 2007.0 34142.0 720.0
0.935546875 0.9297162890434265 1693.0 1994.0 34155.0 716.0
0.9189453125 0.9314798712730408 1697.0 1930.0 34219.0 712.0
0.9267578125 0.9279008507728577 1714.0 2085.0 34064.0 695.0
0.935546875 0.9263187646865845 1765.0 2197.0 33952.0 644.0
0.9296875 0.9287826418876648 1657.0 1994.0 34155.0 752.0
0.908203125 0.9191607236862183 1739.0 2447.0 33702.0 670.0
0.9111328125 0.9241402745246887 1708.0 2224.0 33925.0 701.0
0.921875 0.9263447523117065 1732.0 2163.0 33986.0 677.0
0.9169921875 0.9296643733978271 1694.0 1997.0 34152.0 715.0
0.94140625 0.9302868247032166 1683.0 1962.0 34187.0 726.0
0.9423828125 0.9280823469161987 1685.0 2049.0 34100.0 724.0
0.94140625 0.9251776337623596 1701.0 2177.0 33972.0 708.0
0.943359375 0.9313501715660095 1645.0 1883.0 34266.0 764.0
0.94921875 0.9322060346603394 1637.0 1842.0 34307.0 772.0
0.939453125 0.9337880611419678 1637.0 1781.0 34368.0 772.0
0.9306640625 0.9307017922401428 1619.0 1882.0 34267.0 790.0
0.9345703125 0.9206649661064148 1747.0 2397.0 33752.0 662.0
0.91796875 0.9258778691291809 1722.0 2171.0 33978.0 687.0
0.9169921875 0.9210280776023865 1810.0 2446.0 33703.0 599.0
0.939453125 0.9304165244102478 1705.0 1979.0 34170.0 704.0
0.9443359375 0.9256444573402405 1734.0 2192.0 33957.0 675.0
0.923828125 0.9281342625617981 1696.0 2058.0 34091.0 713.0
0.9345703125 0.937963604927063 1625.0 1608.0 34541.0 784.0
0.93359375 0.9294309616088867 1725.0 2037.0 34112.0 684.0
0.9267578125 0.9270968437194824 1715.0 2117.0 34032.0 694.0
0.904296875 0.9192385673522949 1804.0 2509.0 33640.0 605.0
0.9326171875 0.924555242061615 1718.0 2218.0 33931.0 691.0
0.9453125 0.9374967813491821 1567.0 1568.0 34581.0 842.0
0.9326171875 0.9290938377380371 1666.0 1991.0 34158.0 743.0
0.9267578125 0.9304165244102478 1690.0 1964.0 34185.0 719.0
0.921875 0.9272265434265137 1745.0 2142.0 34007.0 664.0
0.94140625 0.9331656098365784 1661.0 1829.0 34320.0 748.0
0.931640625 0.928497314453125 1697.0 2045.0 34104.0 712.0
0.9423828125 0.9280045628547668 1692.0 2059.0 34090.0 717.0
0.9287109375 0.9365371465682983 1596.0 1634.0 34515.0 813.0
0.9306640625 0.9312204718589783 1657.0 1900.0 34249.0 752.0
0.939453125 0.9282898306846619 1699.0 2055.0 34094.0 710.0
0.9306640625 0.9261113405227661 1698.0 2138.0 34011.0 711.0
0.943359375 0.9312204718589783 1637.0 1880.0 34269.0 772.0
0.9306640625 0.930520236492157 1673.0 1943.0 34206.0 736.0
0.9375 0.927252471446991 1706.0 2102.0 34047.0 703.0
0.94140625 0.9315317273139954 1668.0 1899.0 34250.0 741.0
0.9267578125 0.9250479936599731 1760.0 2241.0 33908.0 649.0
0.9296875 0.9224026203155518 1781.0 2364.0 33785.0 628.0
0.923828125 0.9254629611968994 1731.0 2196.0 33953.0 678.0
0.9326171875 0.9270190596580505 1740.0 2145.0 34004.0 669.0
0.921875 0.927926778793335 1732.0 2102.0 34047.0 677.0
0.912109375 0.9268115758895874 1754.0 2167.0 33982.0 655.0
0.9228515625 0.9230769276618958 1733.0 2290.0 33859.0 676.0
0.9345703125 0.9291197657585144 1704.0 2028.0 34121.0 705.0
0.921875 0.9260334968566895 1736.0 2179.0 33970.0 673.0
0.9296875 0.9222988486289978 1799.0 2386.0 33763.0 610.0
0.9326171875 0.9300274848937988 1636.0 1925.0 34224.0 773.0
0.9375 0.9261372685432434 1726.0 2165.0 33984.0 683.0
0.9248046875 0.9313760995864868 1677.0 1914.0 34235.0 732.0
0.923828125 0.9294569492340088 1700.0 2011.0 34138.0 709.0
0.9267578125 0.9300793409347534 1690.0 1977.0 34172.0 719.0
0.91796875 0.9302868247032166 1683.0 1962.0 34187.0 726.0
0.935546875 0.9315317273139954 1653.0 1884.0 34265.0 756.0
0.9091796875 0.9198350310325623 1776.0 2458.0 33691.0 633.0
0.923828125 0.932569146156311 1691.0 1882.0 34267.0 718.0
0.92578125 0.9293531775474548 1707.0 2022.0 34127.0 702.0
0.9267578125 0.9272265434265137 1689.0 2086.0 34063.0 720.0
0.9306640625 0.9286270141601562 1708.0 2051.0 34098.0 701.0
0.9267578125 0.9251517057418823 1708.0 2185.0 33964.0 701.0
0.93359375 0.9268893599510193 1726.0 2136.0 34013.0 683.0
0.939453125 0.9287566542625427 1693.0 2031.0 34118.0 716.0
0.9287109375 0.9269930720329285 1716.0 2122.0 34027.0 693.0
0.9296875 0.9226101040840149 1739.0 2314.0 33835.0 670.0
0.91796875 0.9246330261230469 1772.0 2269.0 33880.0 637.0
0.943359375 0.9344623684883118 1676.0 1794.0 34355.0 733.0
0.931640625 0.9250998497009277 1733.0 2212.0 33937.0 676.0
0.9365234375 0.9343067407608032 1589.0 1713.0 34436.0 820.0
0.916015625 0.9258778691291809 1745.0 2194.0 33955.0 664.0
0.9267578125 0.930234968662262 1702.0 1983.0 34166.0 707.0
0.9287109375 0.9176565408706665 1785.0 2551.0 33598.0 624.0
0.9384765625 0.9330359697341919 1735.0 1908.0 34241.0 674.0
0.9345703125 0.9231287837028503 1780.0 2335.0 33814.0 629.0
0.9375 0.932569146156311 1681.0 1872.0 34277.0 728.0
0.9326171875 0.9293531775474548 1688.0 2003.0 34146.0 721.0
0.9306640625 0.9281601905822754 1698.0 2059.0 34090.0 711.0
0.916015625 0.9313760995864868 1727.0 1964.0 34185.0 682.0
0.9296875 0.9235696792602539 1796.0 2334.0 33815.0 613.0
0.94140625 0.9323616623878479 1731.0 1930.0 34219.0 678.0
0.9384765625 0.9304683804512024 1706.0 1978.0 34171.0 703.0
0.9306640625 0.920120358467102 1800.0 2471.0 33678.0 609.0
0.9345703125 0.9290419816970825 1729.0 2056.0 34093.0 680.0
0.9365234375 0.9296125173568726 1704.0 2009.0 34140.0 705.0
0.92578125 0.9266040921211243 1717.0 2138.0 34011.0 692.0
0.9345703125 0.9269412159919739 1737.0 2145.0 34004.0 672.0
0.9375 0.9275895953178406 1732.0 2115.0 34034.0 677.0
0.91796875 0.924555242061615 1741.0 2241.0 33908.0 668.0
0.9228515625 0.9306758642196655 1645.0 1909.0 34240.0 764.0
0.921875 0.9225841760635376 1780.0 2356.0 33793.0 629.0
0.9345703125 0.9281861186027527 1741.0 2101.0 34048.0 668.0
0.9296875 0.9276933670043945 1690.0 2069.0 34080.0 719.0
0.9365234375 0.9320244789123535 1619.0 1831.0 34318.0 790.0
0.9375 0.9329062700271606 1707.0 1885.0 34264.0 702.0
0.9296875 0.9254370331764221 1732.0 2198.0 33951.0 677.0
0.9306640625 0.9298718571662903 1734.0 2029.0 34120.0 675.0
0.9287109375 0.931868851184845 1666.0 1884.0 34265.0 743.0
0.9228515625 0.9294309616088867 1734.0 2046.0 34103.0 675.0
0.947265625 0.9366927742958069 1656.0 1688.0 34461.0 753.0
0.921875 0.9226878881454468 1785.0 2357.0 33792.0 624.0
0.9296875 0.9232844114303589 1738.0 2287.0 33862.0 671.0
0.953125 0.938637912273407 1606.0 1563.0 34586.0 803.0
0.923828125 0.9249442219734192 1749.0 2234.0 33915.0 660.0
0.939453125 0.9327247142791748 1669.0 1854.0 34295.0 740.0
0.9228515625 0.9205353260040283 1795.0 2450.0 33699.0 614.0
0.9208984375 0.9267078042030334 1714.0 2131.0 34018.0 695.0
0.9326171875 0.9232325553894043 1739.0 2290.0 33859.0 670.0
0.939453125 0.9298200011253357 1695.0 1992.0 34157.0 714.0
0.927734375 0.9311426877975464 1684.0 1930.0 34219.0 725.0
0.9375 0.9149593114852905 1822.0 2692.0 33457.0 587.0
0.931640625 0.9290679097175598 1683.0 2009.0 34140.0 726.0
0.91796875 0.927148699760437 1679.0 2079.0 34070.0 730.0
0.927734375 0.9272005558013916 1644.0 2042.0 34107.0 765.0
0.91796875 0.9246589541435242 1734.0 2230.0 33919.0 675.0
0.94140625 0.9353441596031189 1633.0 1717.0 34432.0 776.0
0.93359375 0.926189124584198 1732.0 2169.0 33980.0 677.0
0.9287109375 0.9294569492340088 1654.0 1965.0 34184.0 755.0
0.9375 0.932854413986206 1642.0 1822.0 34327.0 767.0
0.9296875 0.9304683804512024 1710.0 1982.0 34167.0 699.0
0.9453125 0.9279008507728577 1702.0 2073.0 34076.0 707.0
0.9267578125 0.9268375039100647 1726.0 2138.0 34011.0 683.0
0.9453125 0.935551643371582 1605.0 1681.0 34468.0 804.0
0.9287109375 0.9297162890434265 1703.0 2004.0 34145.0 706.0
0.9462890625 0.9216505289077759 1768.0 2380.0 33769.0 641.0
0.9462890625 0.9314020276069641 1659.0 1895.0 34254.0 750.0
0.9404296875 0.9305721521377563 1653.0 1921.0 34228.0 756.0
0.9306640625 0.9236993789672852 1716.0 2249.0 33900.0 693.0
0.9306640625 0.9287047982215881 1669.0 2009.0 34140.0 740.0
0.9296875 0.9287047982215881 1697.0 2037.0 34112.0 712.0
0.93359375 0.9232325553894043 1729.0 2280.0 33869.0 680.0
0.93359375 0.9253073334693909 1712.0 2183.0 33966.0 697.0
0.9306640625 0.9325172305107117 1651.0 1844.0 34305.0 758.0
0.923828125 0.925800085067749 1707.0 2159.0 33990.0 702.0
0.9345703125 0.9318169951438904 1659.0 1879.0 34270.0 750.0
0.935546875 0.937859833240509 1576.0 1563.0 34586.0 833.0
0.943359375 0.94027179479599 1604.0 1498.0 34651.0 805.0
0.927734375 0.9185383319854736 1790.0 2522.0 33627.0 619.0
0.94921875 0.93352872133255 1688.0 1842.0 34307.0 721.0
0.94140625 0.9241921305656433 1751.0 2265.0 33884.0 658.0
0.9443359375 0.9309352040290833 1691.0 1945.0 34204.0 718.0
0.9443359375 0.9346439242362976 1615.0 1726.0 34423.0 794.0
0.923828125 0.9317910671234131 1675.0 1896.0 34253.0 734.0
0.9462890625 0.9339436888694763 1657.0 1795.0 34354.0 752.0
0.939453125 0.9289382100105286 1697.0 2028.0 34121.0 712.0
0.931640625 0.9333730936050415 1613.0 1773.0 34376.0 796.0
0.9453125 0.9319207668304443 1647.0 1863.0 34286.0 762.0
0.9306640625 0.9374189376831055 1600.0 1604.0 34545.0 809.0
0.9365234375 0.9271746277809143 1699.0 2098.0 34051.0 710.0
0.9365234375 0.9326210021972656 1649.0 1838.0 34311.0 760.0
0.9306640625 0.9296125173568726 1676.0 1981.0 34168.0 733.0
0.9326171875 0.9282898306846619 1695.0 2051.0 34098.0 714.0
0.9423828125 0.9301312565803528 1670.0 1955.0 34194.0 739.0
0.935546875 0.9289122819900513 1685.0 2017.0 34132.0 724.0
0.9267578125 0.9319726228713989 1695.0 1909.0 34240.0 714.0
0.94921875 0.9298978447914124 1676.0 1970.0 34179.0 733.0
0.9501953125 0.9344105124473572 1639.0 1759.0 34390.0 770.0
0.9248046875 0.9207168221473694 1771.0 2419.0 33730.0 638.0
0.927734375 0.9257223010063171 1758.0 2213.0 33936.0 651.0
0.927734375 0.9243736863136292 1727.0 2234.0 33915.0 682.0
0.9267578125 0.9239327907562256 1744.0 2268.0 33881.0 665.0
0.9248046875 0.9162819385528564 1828.0 2647.0 33502.0 581.0
0.9404296875 0.9313760995864868 1672.0 1909.0 34240.0 737.0
0.923828125 0.9200944304466248 1783.0 2455.0 33694.0 626.0
0.9404296875 0.9337880611419678 1676.0 1820.0 34329.0 733.0
0.931640625 0.9312723875045776 1687.0 1928.0 34221.0 722.0
0.927734375 0.9280564188957214 1704.0 2069.0 34080.0 705.0
0.9404296875 0.9330099821090698 1663.0 1837.0 34312.0 746.0
0.947265625 0.9322319626808167 1654.0 1858.0 34291.0 755.0
0.923828125 0.9229731559753418 1783.0 2344.0 33805.0 626.0
0.9375 0.9260594248771667 1714.0 2156.0 33993.0 695.0
0.947265625 0.9307277202606201 1651.0 1913.0 34236.0 758.0
0.951171875 0.930234968662262 1672.0 1953.0 34196.0 737.0
0.9267578125 0.9172934293746948 1765.0 2545.0 33604.0 644.0
0.9228515625 0.9247626662254333 1706.0 2198.0 33951.0 703.0
0.9248046875 0.9270449876785278 1694.0 2098.0 34051.0 715.0
0.923828125 0.925903856754303 1732.0 2180.0 33969.0 677.0
0.943359375 0.9239327907562256 1705.0 2229.0 33920.0 704.0
0.91796875 0.9213911294937134 1758.0 2380.0 33769.0 651.0
0.93359375 0.9331396818161011 1618.0 1787.0 34362.0 791.0
0.9287109375 0.9223507642745972 1714.0 2299.0 33850.0 695.0
0.9375 0.929560661315918 1703.0 2010.0 34139.0 706.0
0.9482421875 0.9373411536216736 1622.0 1629.0 34520.0 787.0
0.93359375 0.9296384453773499 1693.0 1997.0 34152.0 716.0
0.923828125 0.9171637296676636 1754.0 2539.0 33610.0 655.0
0.92578125 0.9277970790863037 1709.0 2084.0 34065.0 700.0
0.923828125 0.9235956072807312 1723.0 2260.0 33889.0 686.0
0.9375 0.9251517057418823 1699.0 2176.0 33973.0 710.0
0.9228515625 0.9218320250511169 1736.0 2341.0 33808.0 673.0
0.9443359375 0.933217465877533 1700.0 1866.0 34283.0 709.0
0.9345703125 0.9301571846008301 1673.0 1957.0 34192.0 736.0
0.931640625 0.9289641380310059 1674.0 2004.0 34145.0 735.0
0.93359375 0.9351107478141785 1604.0 1697.0 34452.0 805.0
0.923828125 0.923880934715271 1735.0 2261.0 33888.0 674.0
0.9345703125 0.9343067407608032 1625.0 1749.0 34400.0 784.0
0.927734375 0.9256704449653625 1729.0 2186.0 33963.0 680.0
0.92578125 0.9266040921211243 1727.0 2148.0 34001.0 682.0
0.9345703125 0.927252471446991 1709.0 2105.0 34044.0 700.0
0.9384765625 0.9289382100105286 1690.0 2021.0 34128.0 719.0
0.931640625 0.928108274936676 1717.0 2080.0 34069.0 692.0
0.9150390625 0.9253332614898682 1715.0 2185.0 33964.0 694.0
0.9375 0.928108274936676 1695.0 2058.0 34091.0 714.0
0.9306640625 0.9183827042579651 1761.0 2499.0 33650.0 648.0
0.916015625 0.9263966083526611 1720.0 2149.0 34000.0 689.0
0.927734375 0.9355257153511047 1613.0 1690.0 34459.0 796.0
0.93359375 0.9319985508918762 1637.0 1850.0 34299.0 772.0
0.9267578125 0.9230250716209412 1673.0 2232.0 33917.0 736.0
0.9208984375 0.9277452230453491 1680.0 2057.0 34092.0 729.0
0.9296875 0.9283936023712158 1692.0 2044.0 34105.0 717.0
0.9404296875 0.928601086139679 1700.0 2044.0 34105.0 709.0
0.92578125 0.9189013838768005 1744.0 2462.0 33687.0 665.0
0.912109375 0.9213392734527588 1736.0 2360.0 33789.0 673.0
0.94140625 0.9214430451393127 1746.0 2366.0 33783.0 663.0
0.9150390625 0.9234140515327454 1751.0 2295.0 33854.0 658.0
0.9375 0.9298978447914124 1738.0 2032.0 34117.0 671.0
0.9208984375 0.9156336188316345 1789.0 2633.0 33516.0 620.0
0.919921875 0.9354219436645508 1598.0 1679.0 34470.0 811.0
0.9326171875 0.9302090406417847 1588.0 1870.0 34279.0 821.0
0.927734375 0.9288085699081421 1693.0 2029.0 34120.0 716.0
0.9384765625 0.9283157587051392 1672.0 2027.0 34122.0 737.0
0.92578125 0.9270449876785278 1654.0 2058.0 34091.0 755.0
0.9296875 0.9274858832359314 1682.0 2069.0 34080.0 727.0
0.919921875 0.921157717704773 1756.0 2387.0 33762.0 653.0
0.927734375 0.9263187646865845 1681.0 2113.0 34036.0 728.0
0.947265625 0.935836911201477 1586.0 1651.0 34498.0 823.0
0.9140625 0.922143280506134 1750.0 2343.0 33806.0 659.0
0.92578125 0.918849527835846 1737.0 2457.0 33692.0 672.0
0.9365234375 0.9312464594841003 1659.0 1901.0 34248.0 750.0
0.939453125 0.9266559481620789 1714.0 2133.0 34016.0 695.0
0.91015625 0.9218839406967163 1746.0 2349.0 33800.0 663.0
0.9130859375 0.9296384453773499 1720.0 2024.0 34125.0 689.0
0.93359375 0.9295088052749634 1675.0 1984.0 34165.0 734.0
0.9130859375 0.9215208292007446 1731.0 2348.0 33801.0 678.0
0.935546875 0.926759660243988 1654.0 2069.0 34080.0 755.0
0.9501953125 0.9338139891624451 1612.0 1755.0 34394.0 797.0
0.921875 0.9280045628547668 1733.0 2100.0 34049.0 676.0
0.921875 0.9276155233383179 1744.0 2126.0 34023.0 665.0
0.9384765625 0.926085352897644 1740.0 2181.0 33968.0 669.0
0.9248046875 0.9327506422996521 1665.0 1849.0 34300.0 744.0
0.9326171875 0.926474392414093 1698.0 2124.0 34025.0 711.0
0.9365234375 0.9273302555084229 1698.0 2091.0 34058.0 711.0
0.9345703125 0.9366927742958069 1637.0 1669.0 34480.0 772.0
0.947265625 0.9279527068138123 1709.0 2078.0 34071.0 700.0
0.923828125 0.9175527691841125 1771.0 2541.0 33608.0 638.0
0.93359375 0.9333730936050415 1662.0 1822.0 34327.0 747.0
0.923828125 0.9309352040290833 1627.0 1881.0 34268.0 782.0
0.9326171875 0.9322838187217712 1583.0 1785.0 34364.0 826.0
0.9189453125 0.9285491704940796 1694.0 2040.0 34109.0 715.0
0.9345703125 0.9305461645126343 1645.0 1914.0 34235.0 764.0
0.939453125 0.9273561835289001 1688.0 2080.0 34069.0 721.0
0.9248046875 0.9229472279548645 1781.0 2343.0 33806.0 628.0
0.9453125 0.9277452230453491 1667.0 2044.0 34105.0 742.0
0.93359375 0.9293013215065002 1687.0 2004.0 34145.0 722.0
0.9404296875 0.9350329637527466 1585.0 1681.0 34468.0 824.0
0.9140625 0.918460488319397 1775.0 2510.0 33639.0 634.0
0.9267578125 0.9241921305656433 1706.0 2220.0 33929.0 703.0
