0.6416015625 0.6457544565200806 656.0 11906.0 24243.0 1753.0
0.861328125 0.8532859683036804 504.0 3752.0 32397.0 1905.0
0.8818359375 0.8713626265525818 561.0 3112.0 33037.0 1848.0
0.884765625 0.8800508379936218 573.0 2789.0 33360.0 1836.0
0.892578125 0.8896726965904236 572.0 2417.0 33732.0 1837.0
0.90625 0.8968566656112671 569.0 2137.0 34012.0 1840.0
0.912109375 0.9049484133720398 577.0 1833.0 34316.0 1832.0
0.9091796875 0.9126510620117188 557.0 1516.0 34633.0 1852.0
0.9208984375 0.9202240705490112 512.0 1179.0 34970.0 1897.0
0.9287109375 0.9247626662254333 512.0 1004.0 35145.0 1897.0
0.9384765625 0.9284195303916931 477.0 828.0 35321.0 1932.0
0.92578125 0.9317651391029358 467.0 689.0 35460.0 1942.0
0.9326171875 0.9329062700271606 487.0 665.0 35484.0 1922.0
0.9287109375 0.933917760848999 465.0 604.0 35545.0 1944.0
0.93359375 0.9349291920661926 483.0 583.0 35566.0 1926.0
0.9306640625 0.9352144598960876 444.0 533.0 35616.0 1965.0
0.9375 0.9353441596031189 492.0 576.0 35573.0 1917.0
0.9345703125 0.934592068195343 505.0 618.0 35531.0 1904.0
0.9306640625 0.9347476363182068 538.0 645.0 35504.0 1871.0
0.9423828125 0.9348254799842834 543.0 647.0 35502.0 1866.0
0.9345703125 0.9351626038551331 535.0 626.0 35523.0 1874.0
0.9443359375 0.9353960156440735 569.0 651.0 35498.0 1840.0
0.931640625 0.9352403879165649 579.0 667.0 35482.0 1830.0
0.939453125 0.9359666109085083 594.0 654.0 35495.0 1815.0
0.9296875 0.9360443949699402 595.0 652.0 35497.0 1814.0
0.9365234375 0.9358628392219543 613.0 677.0 35472.0 1796.0
0.9375 0.9362518787384033 597.0 646.0 35503.0 1812.0
0.9375 0.9356294274330139 630.0 703.0 35446.0 1779.0
0.9375 0.9361740946769714 621.0 673.0 35476.0 1788.0
0.9296875 0.9362518787384033 643.0 692.0 35457.0 1766.0
0.93359375 0.9365630745887756 638.0 675.0 35474.0 1771.0
0.943359375 0.9368224740028381 644.0 671.0 35478.0 1765.0
0.935546875 0.9361481666564941 664.0 717.0 35432.0 1745.0
0.935546875 0.9368224740028381 660.0 687.0 35462.0 1749.0
0.9306640625 0.9370558857917786 657.0 675.0 35474.0 1752.0
0.9384765625 0.9367187023162842 678.0 709.0 35440.0 1731.0
0.9306640625 0.9363815784454346 680.0 724.0 35425.0 1729.0
0.9248046875 0.9373930096626282 659.0 664.0 35485.0 1750.0
0.9296875 0.9370558857917786 683.0 701.0 35448.0 1726.0
0.9375 0.937574565410614 663.0 661.0 35488.0 1746.0
0.9453125 0.9373411536216736 680.0 687.0 35462.0 1729.0
0.9345703125 0.9376004934310913 687.0 684.0 35465.0 1722.0
0.939453125 0.9374707937240601 673.0 675.0 35474.0 1736.0
0.9423828125 0.9365630745887756 694.0 731.0 35418.0 1715.0
0.9423828125 0.9371077418327332 686.0 702.0 35447.0 1723.0
0.935546875 0.93690025806427 703.0 727.0 35422.0 1706.0
0.9287109375 0.936614990234375 708.0 743.0 35406.0 1701.0
0.927734375 0.9369521141052246 695.0 717.0 35432.0 1714.0
0.93359375 0.9372373819351196 703.0 714.0 35435.0 1706.0
0.9404296875 0.9373152256011963 702.0 710.0 35439.0 1707.0
0.9404296875 0.9370299577713013 713.0 732.0 35417.0 1696.0
0.943359375 0.9363555908203125 735.0 780.0 35369.0 1674.0
0.927734375 0.9368484020233154 725.0 751.0 35398.0 1684.0
0.94140625 0.9375227093696594 705.0 705.0 35444.0 1704.0
0.947265625 0.9370039701461792 729.0 749.0 35400.0 1680.0
0.939453125 0.937185525894165 717.0 730.0 35419.0 1692.0
0.9326171875 0.937289297580719 737.0 746.0 35403.0 1672.0
0.9326171875 0.9368224740028381 712.0 739.0 35410.0 1697.0
0.93359375 0.9363815784454346 736.0 780.0 35369.0 1673.0
0.9365234375 0.9371595978736877 726.0 740.0 35409.0 1683.0
0.9375 0.9371336698532104 742.0 757.0 35392.0 1667.0
0.931640625 0.9365630745887756 756.0 793.0 35356.0 1653.0
0.9287109375 0.9367964863777161 746.0 774.0 35375.0 1663.0
0.9375 0.9365890622138977 746.0 782.0 35367.0 1663.0
0.9345703125 0.9368743300437927 739.0 764.0 35385.0 1670.0
0.9345703125 0.9367964863777161 751.0 779.0 35370.0 1658.0
0.94140625 0.9365890622138977 764.0 800.0 35349.0 1645.0
0.927734375 0.9364852905273438 760.0 800.0 35349.0 1649.0
0.9443359375 0.9370039701461792 754.0 774.0 35375.0 1655.0
0.9482421875 0.9369261860847473 783.0 806.0 35343.0 1626.0
0.9248046875 0.9374967813491821 745.0 746.0 35403.0 1664.0
0.943359375 0.9362518787384033 766.0 815.0 35334.0 1643.0
0.947265625 0.9368224740028381 776.0 803.0 35346.0 1633.0
0.9453125 0.9372114539146423 752.0 764.0 35385.0 1657.0
0.9345703125 0.9364334344863892 775.0 817.0 35332.0 1634.0
0.94140625 0.9369521141052246 777.0 799.0 35350.0 1632.0
0.943359375 0.937289297580719 750.0 759.0 35390.0 1659.0
0.9365234375 0.9371595978736877 758.0 772.0 35377.0 1651.0
0.9423828125 0.9370818138122559 766.0 783.0 35366.0 1643.0
0.947265625 0.9371595978736877 770.0 784.0 35365.0 1639.0
0.935546875 0.9368224740028381 781.0 808.0 35341.0 1628.0
0.9443359375 0.9366409182548523 783.0 817.0 35332.0 1626.0
0.94140625 0.9370039701461792 769.0 789.0 35360.0 1640.0
0.9375 0.9371077418327332 771.0 787.0 35362.0 1638.0
0.94140625 0.9373670816421509 774.0 780.0 35369.0 1635.0
0.9365234375 0.936225950717926 811.0 861.0 35288.0 1598.0
0.9365234375 0.9366409182548523 813.0 847.0 35302.0 1596.0
0.94140625 0.9375486373901367 806.0 805.0 35344.0 1603.0
0.9375 0.9370299577713013 812.0 831.0 35318.0 1597.0
0.9375 0.9367964863777161 800.0 828.0 35321.0 1609.0
0.9443359375 0.9367187023162842 803.0 834.0 35315.0 1606.0
0.94140625 0.9374189376831055 805.0 809.0 35340.0 1604.0
0.9443359375 0.9378339052200317 787.0 775.0 35374.0 1622.0
0.9462890625 0.9367964863777161 821.0 849.0 35300.0 1588.0
0.939453125 0.9367446303367615 822.0 852.0 35297.0 1587.0
0.9375 0.9373930096626282 807.0 812.0 35337.0 1602.0
0.9453125 0.9369521141052246 823.0 845.0 35304.0 1586.0
0.9306640625 0.9375227093696594 793.0 793.0 35356.0 1616.0
0.9453125 0.9374189376831055 809.0 813.0 35336.0 1600.0
0.9482421875 0.9379895329475403 816.0 798.0 35351.0 1593.0
0.9404296875 0.9373152256011963 822.0 830.0 35319.0 1587.0
0.9375 0.9367705583572388 834.0 863.0 35286.0 1575.0
0.9365234375 0.9374967813491821 819.0 820.0 35329.0 1590.0
0.939453125 0.9380932450294495 822.0 800.0 35349.0 1587.0
0.9365234375 0.9373411536216736 842.0 849.0 35300.0 1567.0
0.9404296875 0.9375486373901367 819.0 818.0 35331.0 1590.0
0.935546875 0.9373411536216736 819.0 826.0 35323.0 1590.0
0.9375 0.9372114539146423 825.0 837.0 35312.0 1584.0
0.9482421875 0.9374189376831055 819.0 823.0 35326.0 1590.0
0.939453125 0.937289297580719 829.0 838.0 35311.0 1580.0
0.9462890625 0.9367705583572388 847.0 876.0 35273.0 1562.0
0.935546875 0.9370299577713013 823.0 842.0 35307.0 1586.0
0.9482421875 0.9372114539146423 846.0 858.0 35291.0 1563.0
0.93359375 0.9380413889884949 830.0 810.0 35339.0 1579.0
0.93359375 0.9371336698532104 839.0 854.0 35295.0 1570.0
0.9375 0.9380154609680176 833.0 814.0 35335.0 1576.0
0.9541015625 0.9368224740028381 848.0 875.0 35274.0 1561.0
0.9384765625 0.9370818138122559 845.0 862.0 35287.0 1564.0
0.9521484375 0.9373930096626282 831.0 836.0 35313.0 1578.0
0.9443359375 0.9364334344863892 851.0 893.0 35256.0 1558.0
0.9423828125 0.9374189376831055 841.0 845.0 35304.0 1568.0
0.9375 0.9371595978736877 838.0 852.0 35297.0 1571.0
0.9345703125 0.9370558857917786 868.0 886.0 35263.0 1541.0
0.935546875 0.937289297580719 845.0 854.0 35295.0 1564.0
0.9296875 0.9374448657035828 864.0 867.0 35282.0 1545.0
0.9501953125 0.9377042651176453 855.0 848.0 35301.0 1554.0
0.939453125 0.937574565410614 833.0 831.0 35318.0 1576.0
0.943359375 0.9372114539146423 848.0 860.0 35289.0 1561.0
0.9404296875 0.9375486373901367 845.0 844.0 35305.0 1564.0
0.9296875 0.9380154609680176 851.0 832.0 35317.0 1558.0
0.9423828125 0.9376004934310913 846.0 843.0 35306.0 1563.0
0.9296875 0.9374707937240601 869.0 871.0 35278.0 1540.0
0.947265625 0.9378079771995544 857.0 846.0 35303.0 1552.0
0.9384765625 0.9373411536216736 864.0 871.0 35278.0 1545.0
0.947265625 0.9376004934310913 855.0 852.0 35297.0 1554.0
0.94140625 0.9372633695602417 879.0 889.0 35260.0 1530.0
0.943359375 0.9379895329475403 856.0 838.0 35311.0 1553.0
0.9365234375 0.9377042651176453 864.0 857.0 35292.0 1545.0
0.93359375 0.9374707937240601 877.0 879.0 35270.0 1532.0
0.935546875 0.9374967813491821 865.0 866.0 35283.0 1544.0
0.9443359375 0.9369780421257019 878.0 899.0 35250.0 1531.0
0.9482421875 0.9381970167160034 854.0 828.0 35321.0 1555.0
0.9375 0.9377301931381226 869.0 861.0 35288.0 1540.0
0.9326171875 0.9376004934310913 901.0 898.0 35251.0 1508.0
0.9306640625 0.9374189376831055 882.0 886.0 35263.0 1527.0
0.947265625 0.937859833240509 886.0 873.0 35276.0 1523.0
0.9453125 0.9380932450294495 868.0 846.0 35303.0 1541.0
0.9296875 0.9381710886955261 883.0 858.0 35291.0 1526.0
0.9375 0.9376004934310913 909.0 906.0 35243.0 1500.0
0.935546875 0.9377042651176453 871.0 864.0 35285.0 1538.0
0.9404296875 0.937963604927063 887.0 870.0 35279.0 1522.0
0.9501953125 0.938534140586853 864.0 825.0 35324.0 1545.0
0.931640625 0.9377301931381226 895.0 887.0 35262.0 1514.0
0.943359375 0.9383007287979126 889.0 859.0 35290.0 1520.0
0.947265625 0.939312219619751 877.0 808.0 35341.0 1532.0
0.9521484375 0.9390788078308105 878.0 818.0 35331.0 1531.0
0.94140625 0.9390009641647339 886.0 829.0 35320.0 1523.0
0.951171875 0.9380673170089722 909.0 888.0 35261.0 1500.0
0.953125 0.9389491081237793 878.0 823.0 35326.0 1531.0
0.935546875 0.9389491081237793 889.0 834.0 35315.0 1520.0
0.9345703125 0.9386897683143616 889.0 844.0 35305.0 1520.0
0.9365234375 0.9384304285049438 908.0 873.0 35276.0 1501.0
0.9423828125 0.9380932450294495 906.0 884.0 35265.0 1503.0
0.9482421875 0.938637912273407 896.0 853.0 35296.0 1513.0
0.9384765625 0.9383525848388672 897.0 865.0 35284.0 1512.0
0.94140625 0.9381451606750488 917.0 893.0 35256.0 1492.0
0.943359375 0.9386897683143616 894.0 849.0 35300.0 1515.0
0.9521484375 0.9385082125663757 902.0 864.0 35285.0 1507.0
0.9404296875 0.9394418597221375 911.0 837.0 35312.0 1498.0
0.9482421875 0.9390009641647339 908.0 851.0 35298.0 1501.0
0.939453125 0.938248872756958 916.0 888.0 35261.0 1493.0
0.94140625 0.9387416243553162 916.0 869.0 35280.0 1493.0
0.9453125 0.9389750361442566 914.0 858.0 35291.0 1495.0
0.9326171875 0.939312219619751 921.0 852.0 35297.0 1488.0
0.9423828125 0.9386897683143616 925.0 880.0 35269.0 1484.0
0.9453125 0.9388713240623474 928.0 876.0 35273.0 1481.0
0.943359375 0.938637912273407 940.0 897.0 35252.0 1469.0
0.927734375 0.9392862915992737 935.0 867.0 35282.0 1474.0
0.94140625 0.9393900036811829 932.0 860.0 35289.0 1477.0
0.9423828125 0.9398308992385864 927.0 838.0 35311.0 1482.0
0.935546875 0.9398049712181091 925.0 837.0 35312.0 1484.0
0.9375 0.939882755279541 929.0 838.0 35311.0 1480.0
0.9404296875 0.9394677877426147 925.0 850.0 35299.0 1484.0
0.9453125 0.9399346709251404 931.0 838.0 35311.0 1478.0
0.9365234375 0.9396752715110779 939.0 856.0 35293.0 1470.0
0.94140625 0.9397531151771545 926.0 840.0 35309.0 1483.0
0.9404296875 0.9400124549865723 945.0 849.0 35300.0 1464.0
0.939453125 0.9399086833000183 936.0 844.0 35305.0 1473.0
0.9365234375 0.9396234154701233 936.0 855.0 35294.0 1473.0
0.9423828125 0.9393640756607056 942.0 871.0 35278.0 1467.0
0.9345703125 0.9395715594291687 944.0 865.0 35284.0 1465.0
0.935546875 0.9392862915992737 956.0 888.0 35261.0 1453.0
0.943359375 0.9396234154701233 946.0 865.0 35284.0 1463.0
0.9541015625 0.9394677877426147 953.0 878.0 35271.0 1456.0
0.935546875 0.9395456314086914 950.0 872.0 35277.0 1459.0
0.9423828125 0.9395456314086914 947.0 869.0 35280.0 1462.0
0.9287109375 0.9396234154701233 968.0 887.0 35262.0 1441.0
0.9345703125 0.9396493434906006 979.0 897.0 35252.0 1430.0
0.9423828125 0.9406867623329163 950.0 828.0 35321.0 1459.0
0.9326171875 0.940375566482544 957.0 847.0 35302.0 1452.0
0.951171875 0.939208447933197 972.0 907.0 35242.0 1437.0
0.9521484375 0.9388713240623474 984.0 932.0 35217.0 1425.0
0.943359375 0.9393900036811829 969.0 897.0 35252.0 1440.0
0.9345703125 0.9391565918922424 993.0 930.0 35219.0 1416.0
0.9453125 0.94027179479599 974.0 868.0 35281.0 1435.0
0.9501953125 0.9393640756607056 980.0 909.0 35240.0 1429.0
0.9404296875 0.9396752715110779 977.0 894.0 35255.0 1432.0
0.9501953125 0.9397011995315552 975.0 891.0 35258.0 1434.0
0.9345703125 0.9394937753677368 973.0 897.0 35252.0 1436.0
0.9384765625 0.9400124549865723 992.0 896.0 35253.0 1417.0
0.939453125 0.9396752715110779 980.0 897.0 35252.0 1429.0
0.94140625 0.94027179479599 966.0 860.0 35289.0 1443.0
0.9345703125 0.9405829906463623 979.0 861.0 35288.0 1430.0
0.9375 0.9398049712181091 991.0 903.0 35246.0 1418.0
0.943359375 0.9393381476402283 998.0 928.0 35221.0 1411.0
0.9404296875 0.9397531151771545 987.0 901.0 35248.0 1422.0
0.931640625 0.9395715594291687 993.0 914.0 35235.0 1416.0
0.9501953125 0.9402458667755127 982.0 877.0 35272.0 1427.0
0.947265625 0.939882755279541 1005.0 914.0 35235.0 1404.0
0.939453125 0.9395715594291687 987.0 908.0 35241.0 1422.0
0.9462890625 0.9401940107345581 980.0 877.0 35272.0 1429.0
0.9423828125 0.9397531151771545 999.0 913.0 35236.0 1410.0
0.943359375 0.9403236508369446 972.0 864.0 35285.0 1437.0
0.9248046875 0.9401420950889587 981.0 880.0 35269.0 1428.0
0.94140625 0.9404014945030212 986.0 875.0 35274.0 1423.0
0.947265625 0.9403236508369446 986.0 878.0 35271.0 1423.0
0.939453125 0.9400124549865723 1002.0 906.0 35243.0 1407.0
0.9521484375 0.9406349062919617 977.0 857.0 35292.0 1432.0
0.931640625 0.9400643110275269 1000.0 902.0 35247.0 1409.0
0.93359375 0.9407126903533936 984.0 861.0 35288.0 1425.0
0.9345703125 0.9407904744148254 997.0 871.0 35278.0 1412.0
0.94140625 0.94027179479599 1014.0 908.0 35241.0 1395.0
0.93359375 0.9405052065849304 1001.0 886.0 35263.0 1408.0
0.939453125 0.9405052065849304 1014.0 899.0 35250.0 1395.0
0.9365234375 0.9404274225234985 1015.0 903.0 35246.0 1394.0
0.955078125 0.9411017298698425 1010.0 872.0 35277.0 1399.0
0.9404296875 0.9404533505439758 1026.0 913.0 35236.0 1383.0
0.9365234375 0.9409720301628113 1001.0 868.0 35281.0 1408.0
0.9404296875 0.9406349062919617 998.0 878.0 35271.0 1411.0
0.92578125 0.9404014945030212 1014.0 903.0 35246.0 1395.0
0.9384765625 0.940946102142334 1018.0 886.0 35263.0 1391.0
0.9462890625 0.9400383830070496 1009.0 912.0 35237.0 1400.0
0.939453125 0.9413869976997375 996.0 847.0 35302.0 1413.0
0.935546875 0.9399605989456177 1014.0 920.0 35229.0 1395.0
0.9443359375 0.9400383830070496 1014.0 917.0 35232.0 1395.0
0.9365234375 0.94027179479599 1021.0 915.0 35234.0 1388.0
0.935546875 0.9412054419517517 1006.0 864.0 35285.0 1403.0
0.9404296875 0.9410498738288879 1012.0 876.0 35273.0 1397.0
0.9326171875 0.9413092136383057 1016.0 870.0 35279.0 1393.0
0.9638671875 0.9410238862037659 1011.0 876.0 35273.0 1398.0
0.9365234375 0.9404014945030212 1018.0 907.0 35242.0 1391.0
0.9365234375 0.9408683180809021 1019.0 890.0 35259.0 1390.0
0.9462890625 0.9401680827140808 1015.0 913.0 35236.0 1394.0
0.9453125 0.9407904744148254 1015.0 889.0 35260.0 1394.0
0.9462890625 0.9402458667755127 1037.0 932.0 35217.0 1372.0
0.95703125 0.9410758018493652 1016.0 879.0 35270.0 1393.0
0.9404296875 0.9412054419517517 1018.0 876.0 35273.0 1391.0
0.94921875 0.9404792785644531 1010.0 896.0 35253.0 1399.0
0.9501953125 0.9414907693862915 1015.0 862.0 35287.0 1394.0
0.931640625 0.9403495788574219 1025.0 916.0 35233.0 1384.0
0.94921875 0.9400902390480042 1045.0 946.0 35203.0 1364.0
0.9345703125 0.9412572979927063 1035.0 891.0 35258.0 1374.0
0.951171875 0.9416981935501099 1038.0 877.0 35272.0 1371.0
0.9482421875 0.941620409488678 1034.0 876.0 35273.0 1375.0
0.9443359375 0.9415685534477234 1037.0 881.0 35268.0 1372.0
0.947265625 0.940946102142334 1053.0 921.0 35228.0 1356.0
0.9501953125 0.941905677318573 1046.0 877.0 35272.0 1363.0
0.939453125 0.9417501091957092 1036.0 873.0 35276.0 1373.0
0.94140625 0.9413610696792603 1039.0 891.0 35258.0 1370.0
0.939453125 0.941335141658783 1050.0 903.0 35246.0 1359.0
0.9541015625 0.9419575929641724 1033.0 862.0 35287.0 1376.0
0.947265625 0.9414388537406921 1040.0 889.0 35260.0 1369.0
0.9423828125 0.9416722655296326 1048.0 888.0 35261.0 1361.0
0.9384765625 0.9417501091957092 1045.0 882.0 35267.0 1364.0
0.953125 0.9418278932571411 1033.0 867.0 35282.0 1376.0
0.9375 0.9420872330665588 1060.0 884.0 35265.0 1349.0
0.9462890625 0.9415166974067688 1065.0 911.0 35238.0 1344.0
0.935546875 0.9411535859107971 1047.0 907.0 35242.0 1362.0
0.943359375 0.9418019652366638 1054.0 889.0 35260.0 1355.0
0.951171875 0.941335141658783 1047.0 900.0 35249.0 1362.0
0.9345703125 0.9413869976997375 1050.0 901.0 35248.0 1359.0
0.9482421875 0.9421131610870361 1048.0 871.0 35278.0 1361.0
0.9443359375 0.9413610696792603 1042.0 894.0 35255.0 1367.0
0.9443359375 0.9423984885215759 1059.0 871.0 35278.0 1350.0
0.9453125 0.9411535859107971 1071.0 931.0 35218.0 1338.0
0.9384765625 0.9414647817611694 1046.0 894.0 35255.0 1363.0
0.93359375 0.941905677318573 1065.0 896.0 35253.0 1344.0
0.943359375 0.9411017298698425 1071.0 933.0 35216.0 1338.0
0.9384765625 0.9409720301628113 1070.0 937.0 35212.0 1339.0
0.939453125 0.9416463375091553 1041.0 882.0 35267.0 1368.0
0.94921875 0.9413610696792603 1071.0 923.0 35226.0 1338.0
0.9560546875 0.9424244165420532 1045.0 856.0 35293.0 1364.0
0.9443359375 0.9414129257202148 1061.0 911.0 35238.0 1348.0
0.9423828125 0.9418797492980957 1068.0 900.0 35249.0 1341.0
0.951171875 0.9418019652366638 1071.0 906.0 35243.0 1338.0
0.95703125 0.9422169327735901 1062.0 881.0 35268.0 1347.0
0.9423828125 0.9423725008964539 1063.0 876.0 35273.0 1346.0
0.9501953125 0.9419316649436951 1079.0 909.0 35240.0 1330.0
0.9482421875 0.9413610696792603 1079.0 931.0 35218.0 1330.0
0.9443359375 0.9412832856178284 1085.0 940.0 35209.0 1324.0
0.943359375 0.9419316649436951 1077.0 907.0 35242.0 1332.0
0.951171875 0.9416981935501099 1086.0 925.0 35224.0 1323.0
0.943359375 0.9411535859107971 1082.0 942.0 35207.0 1327.0
0.9501953125 0.9412832856178284 1080.0 935.0 35214.0 1329.0
0.943359375 0.9415944814682007 1078.0 921.0 35228.0 1331.0
0.9423828125 0.9415426254272461 1082.0 927.0 35222.0 1327.0
0.9462890625 0.9418538212776184 1075.0 908.0 35241.0 1334.0
0.9521484375 0.9424503445625305 1079.0 889.0 35260.0 1330.0
0.9462890625 0.9421650767326355 1090.0 911.0 35238.0 1319.0
0.9423828125 0.9425022006034851 1093.0 901.0 35248.0 1316.0
0.9521484375 0.9416463375091553 1101.0 942.0 35207.0 1308.0
0.943359375 0.9423206448554993 1080.0 895.0 35254.0 1329.0
0.9521484375 0.9419835209846497 1080.0 908.0 35241.0 1329.0
0.93359375 0.9422169327735901 1087.0 906.0 35243.0 1322.0
0.947265625 0.941620409488678 1116.0 958.0 35191.0 1293.0
0.9404296875 0.9426578283309937 1093.0 895.0 35254.0 1316.0
0.9580078125 0.9414907693862915 1096.0 943.0 35206.0 1313.0
0.9423828125 0.9429430961608887 1098.0 889.0 35260.0 1311.0
0.9375 0.942009449005127 1099.0 926.0 35223.0 1310.0
0.94140625 0.9422687888145447 1097.0 914.0 35235.0 1312.0
0.947265625 0.9419835209846497 1101.0 929.0 35220.0 1308.0
0.9306640625 0.9426059722900391 1099.0 903.0 35246.0 1310.0
0.9501953125 0.9423465728759766 1098.0 912.0 35237.0 1311.0
0.94921875 0.9421131610870361 1090.0 913.0 35236.0 1319.0
0.9296875 0.9424244165420532 1101.0 912.0 35237.0 1308.0
0.9345703125 0.9425022006034851 1102.0 910.0 35239.0 1307.0
0.9384765625 0.9424244165420532 1097.0 908.0 35241.0 1312.0
0.93359375 0.9426578283309937 1089.0 891.0 35258.0 1320.0
0.953125 0.9427615404129028 1090.0 888.0 35261.0 1319.0
0.939453125 0.9423725008964539 1104.0 917.0 35232.0 1305.0
0.9521484375 0.9424244165420532 1114.0 925.0 35224.0 1295.0
0.9326171875 0.942294716835022 1090.0 906.0 35243.0 1319.0
0.9482421875 0.9416981935501099 1104.0 943.0 35206.0 1305.0
0.9462890625 0.9423206448554993 1109.0 924.0 35225.0 1300.0
0.9423828125 0.9421390891075134 1097.0 919.0 35230.0 1312.0
0.951171875 0.9418019652366638 1106.0 941.0 35208.0 1303.0
0.943359375 0.9415426254272461 1118.0 963.0 35186.0 1291.0
0.9453125 0.941905677318573 1113.0 944.0 35205.0 1296.0
0.947265625 0.9417501091957092 1119.0 956.0 35193.0 1290.0
0.9404296875 0.9423206448554993 1105.0 920.0 35229.0 1304.0
0.9375 0.9415944814682007 1107.0 950.0 35199.0 1302.0
0.9404296875 0.9425281286239624 1126.0 933.0 35216.0 1283.0
0.9404296875 0.9422687888145447 1117.0 934.0 35215.0 1292.0
0.939453125 0.9426578283309937 1112.0 914.0 35235.0 1297.0
0.9521484375 0.9423465728759766 1076.0 890.0 35259.0 1333.0
0.943359375 0.9416981935501099 1108.0 947.0 35202.0 1301.0
0.9462890625 0.9417760372161865 1122.0 958.0 35191.0 1287.0
0.951171875 0.942683756351471 1116.0 917.0 35232.0 1293.0
0.9345703125 0.9417760372161865 1134.0 970.0 35179.0 1275.0
0.935546875 0.9423206448554993 1133.0 948.0 35201.0 1276.0
0.939453125 0.9421650767326355 1118.0 939.0 35210.0 1291.0
0.9462890625 0.9422428607940674 1110.0 928.0 35221.0 1299.0
0.9384765625 0.9413092136383057 1130.0 984.0 35165.0 1279.0
0.9501953125 0.942294716835022 1114.0 930.0 35219.0 1295.0
0.9560546875 0.9412054419517517 1143.0 1001.0 35148.0 1266.0
0.9443359375 0.941905677318573 1138.0 969.0 35180.0 1271.0
0.9521484375 0.9421910047531128 1117.0 937.0 35212.0 1292.0
0.9482421875 0.9423206448554993 1123.0 938.0 35211.0 1286.0
0.9560546875 0.9418538212776184 1122.0 955.0 35194.0 1287.0
0.943359375 0.9417501091957092 1137.0 974.0 35175.0 1272.0
0.947265625 0.9418538212776184 1132.0 965.0 35184.0 1277.0
0.9462890625 0.9423465728759766 1114.0 928.0 35221.0 1295.0
0.9345703125 0.942969024181366 1119.0 909.0 35240.0 1290.0
0.951171875 0.9421390891075134 1129.0 951.0 35198.0 1280.0
0.94140625 0.9421910047531128 1138.0 958.0 35191.0 1271.0
0.9375 0.9427356123924255 1124.0 923.0 35226.0 1285.0
0.939453125 0.9424503445625305 1123.0 933.0 35216.0 1286.0
0.9443359375 0.9428393840789795 1136.0 931.0 35218.0 1273.0
0.939453125 0.9421650767326355 1144.0 965.0 35184.0 1265.0
0.9404296875 0.9425540566444397 1125.0 931.0 35218.0 1284.0
0.94140625 0.942683756351471 1124.0 925.0 35224.0 1285.0
0.9462890625 0.9427874684333801 1132.0 929.0 35220.0 1277.0
0.9375 0.9425022006034851 1137.0 945.0 35204.0 1272.0
0.951171875 0.9420613050460815 1126.0 951.0 35198.0 1283.0
0.951171875 0.942683756351471 1136.0 937.0 35212.0 1273.0
0.9443359375 0.9423206448554993 1126.0 941.0 35208.0 1283.0
0.955078125 0.9417501091957092 1142.0 979.0 35170.0 1267.0
0.94921875 0.9424244165420532 1122.0 933.0 35216.0 1287.0
0.9501953125 0.9428912401199341 1133.0 926.0 35223.0 1276.0
0.955078125 0.9420872330665588 1131.0 955.0 35194.0 1278.0
0.9443359375 0.9416981935501099 1153.0 992.0 35157.0 1256.0
0.951171875 0.9429949522018433 1128.0 917.0 35232.0 1281.0
0.9453125 0.9426059722900391 1140.0 944.0 35205.0 1269.0
0.953125 0.9425281286239624 1138.0 945.0 35204.0 1271.0
0.951171875 0.9421910047531128 1130.0 950.0 35199.0 1279.0
0.947265625 0.943254292011261 1119.0 898.0 35251.0 1290.0
0.943359375 0.9420872330665588 1133.0 957.0 35192.0 1276.0
0.9541015625 0.9428133964538574 1140.0 936.0 35213.0 1269.0
0.953125 0.9423984885215759 1146.0 958.0 35191.0 1263.0
0.943359375 0.9424244165420532 1141.0 952.0 35197.0 1268.0
0.9453125 0.9423725008964539 1155.0 968.0 35181.0 1254.0
0.947265625 0.9427356123924255 1140.0 939.0 35210.0 1269.0
0.9501953125 0.9427874684333801 1126.0 923.0 35226.0 1283.0
0.9453125 0.9429171681404114 1148.0 940.0 35209.0 1261.0
0.943359375 0.942579984664917 1138.0 943.0 35206.0 1271.0
0.9482421875 0.9425281286239624 1142.0 949.0 35200.0 1267.0
0.9404296875 0.9420353770256042 1157.0 983.0 35166.0 1252.0
0.943359375 0.9430208802223206 1136.0 924.0 35225.0 1273.0
0.9521484375 0.9425540566444397 1152.0 958.0 35191.0 1257.0
0.9482421875 0.9423984885215759 1132.0 944.0 35205.0 1277.0
0.935546875 0.9427874684333801 1148.0 945.0 35204.0 1261.0
0.9453125 0.9434358477592468 1126.0 898.0 35251.0 1283.0
0.9501953125 0.9422169327735901 1159.0 978.0 35171.0 1250.0
0.9462890625 0.9426578283309937 1160.0 962.0 35187.0 1249.0
0.943359375 0.9435396194458008 1136.0 904.0 35245.0 1273.0
0.9521484375 0.9429171681404114 1139.0 931.0 35218.0 1270.0
0.9365234375 0.9429430961608887 1152.0 943.0 35206.0 1257.0
0.9423828125 0.9432024359703064 1161.0 942.0 35207.0 1248.0
0.951171875 0.9434877038002014 1151.0 921.0 35228.0 1258.0
0.9423828125 0.9430468678474426 1159.0 946.0 35203.0 1250.0
0.9501953125 0.9438767433166504 1145.0 900.0 35249.0 1264.0
0.939453125 0.9433839917182922 1156.0 930.0 35219.0 1253.0
0.953125 0.9434358477592468 1165.0 937.0 35212.0 1244.0
0.9501953125 0.9441879987716675 1149.0 892.0 35257.0 1260.0
0.939453125 0.9433062076568604 1175.0 952.0 35197.0 1234.0
0.9521484375 0.9429430961608887 1156.0 947.0 35202.0 1253.0
0.958984375 0.9441620707511902 1153.0 897.0 35252.0 1256.0
0.955078125 0.9426059722900391 1193.0 997.0 35152.0 1216.0
0.9560546875 0.9434358477592468 1170.0 942.0 35207.0 1239.0
0.9482421875 0.943254292011261 1175.0 954.0 35195.0 1234.0
0.951171875 0.9436951875686646 1171.0 933.0 35216.0 1238.0
0.953125 0.9434617757797241 1147.0 918.0 35231.0 1262.0
0.9462890625 0.9442657828330994 1156.0 896.0 35253.0 1253.0
0.9404296875 0.9440323710441589 1190.0 939.0 35210.0 1219.0
0.9443359375 0.9439026713371277 1166.0 920.0 35229.0 1243.0
0.9482421875 0.9440064430236816 1161.0 911.0 35238.0 1248.0
0.9462890625 0.9437730312347412 1164.0 923.0 35226.0 1245.0
0.943359375 0.9435396194458008 1174.0 942.0 35207.0 1235.0
0.953125 0.9433062076568604 1185.0 962.0 35187.0 1224.0
0.947265625 0.9440842270851135 1188.0 935.0 35214.0 1221.0
0.9482421875 0.9441101551055908 1183.0 929.0 35220.0 1226.0
0.951171875 0.9438248872756958 1195.0 952.0 35197.0 1214.0
0.9560546875 0.9438508152961731 1186.0 942.0 35207.0 1223.0
0.953125 0.9441879987716675 1181.0 924.0 35225.0 1228.0
0.951171875 0.9443435668945312 1174.0 911.0 35238.0 1235.0
0.9462890625 0.9435655474662781 1189.0 956.0 35193.0 1220.0
0.955078125 0.9434358477592468 1185.0 957.0 35192.0 1224.0
0.9443359375 0.9447844624519348 1167.0 887.0 35262.0 1242.0
0.943359375 0.9441620707511902 1175.0 919.0 35230.0 1234.0
0.9443359375 0.9444473385810852 1171.0 904.0 35245.0 1238.0
0.955078125 0.9438508152961731 1184.0 940.0 35209.0 1225.0
0.94921875 0.9445769786834717 1182.0 910.0 35239.0 1227.0
0.9580078125 0.9443694949150085 1180.0 916.0 35233.0 1229.0
0.935546875 0.9445251226425171 1182.0 912.0 35237.0 1227.0
0.9384765625 0.9437471032142639 1185.0 945.0 35204.0 1224.0
0.94921875 0.9441879987716675 1178.0 921.0 35228.0 1231.0
0.951171875 0.9438767433166504 1181.0 936.0 35213.0 1228.0
0.9541015625 0.9452253580093384 1172.0 875.0 35274.0 1237.0
0.943359375 0.9438767433166504 1181.0 936.0 35213.0 1228.0
0.951171875 0.9441101551055908 1171.0 917.0 35232.0 1238.0
0.951171875 0.9444214105606079 1181.0 915.0 35234.0 1228.0
0.9560546875 0.9449660181999207 1159.0 872.0 35277.0 1250.0
0.9453125 0.944628894329071 1177.0 903.0 35246.0 1232.0
0.9501953125 0.94364333152771 1172.0 936.0 35213.0 1237.0
0.9443359375 0.9434358477592468 1181.0 953.0 35196.0 1228.0
0.94921875 0.9445769786834717 1178.0 906.0 35243.0 1231.0
0.9462890625 0.9447326064109802 1179.0 901.0 35248.0 1230.0
0.9462890625 0.9447326064109802 1189.0 911.0 35238.0 1220.0
0.943359375 0.9439805150032043 1179.0 930.0 35219.0 1230.0
0.9462890625 0.9444732666015625 1184.0 916.0 35233.0 1225.0
0.94921875 0.9437211751937866 1189.0 950.0 35199.0 1220.0
0.951171875 0.9433321356773376 1203.0 979.0 35170.0 1206.0
0.947265625 0.9441879987716675 1195.0 938.0 35211.0 1214.0
0.9462890625 0.9444732666015625 1187.0 919.0 35230.0 1222.0
0.9423828125 0.9440064430236816 1204.0 954.0 35195.0 1205.0
0.9384765625 0.9440064430236816 1189.0 939.0 35210.0 1220.0
0.953125 0.9442657828330994 1178.0 918.0 35231.0 1231.0
0.951171875 0.9441879987716675 1183.0 926.0 35223.0 1226.0
0.9423828125 0.9447066783905029 1196.0 919.0 35230.0 1213.0
0.9541015625 0.9438248872756958 1204.0 961.0 35188.0 1205.0
0.9560546875 0.9441360831260681 1193.0 938.0 35211.0 1216.0
0.9541015625 0.9445510506629944 1189.0 918.0 35231.0 1220.0
0.94140625 0.9444473385810852 1193.0 926.0 35223.0 1216.0
0.943359375 0.944317638874054 1196.0 934.0 35215.0 1213.0
0.935546875 0.9438248872756958 1196.0 953.0 35196.0 1213.0
0.9462890625 0.9439805150032043 1196.0 947.0 35202.0 1213.0
0.9482421875 0.9441620707511902 1183.0 927.0 35222.0 1226.0
0.935546875 0.9441360831260681 1218.0 963.0 35186.0 1191.0
0.9423828125 0.9443954825401306 1202.0 937.0 35212.0 1207.0
0.939453125 0.9441879987716675 1206.0 949.0 35200.0 1203.0
0.951171875 0.9436174035072327 1201.0 966.0 35183.0 1208.0
0.9521484375 0.9444214105606079 1205.0 939.0 35210.0 1204.0
0.9404296875 0.9440064430236816 1195.0 945.0 35204.0 1214.0
0.9501953125 0.943254292011261 1191.0 970.0 35179.0 1218.0
0.953125 0.9443435668945312 1200.0 937.0 35212.0 1209.0
0.94921875 0.9438248872756958 1199.0 956.0 35193.0 1210.0
0.9599609375 0.9437989592552185 1199.0 957.0 35192.0 1210.0
0.9443359375 0.9442139267921448 1199.0 941.0 35208.0 1210.0
0.9423828125 0.9437211751937866 1200.0 961.0 35188.0 1209.0
0.9482421875 0.9453291296958923 1184.0 883.0 35266.0 1225.0
0.9345703125 0.9443954825401306 1188.0 923.0 35226.0 1221.0
0.9482421875 0.9447844624519348 1194.0 914.0 35235.0 1215.0
0.939453125 0.9447585344314575 1204.0 925.0 35224.0 1205.0
0.9501953125 0.944317638874054 1209.0 947.0 35202.0 1200.0
0.9580078125 0.9443435668945312 1201.0 938.0 35211.0 1208.0
0.943359375 0.9444991946220398 1203.0 934.0 35215.0 1206.0
0.9482421875 0.9448363780975342 1208.0 926.0 35223.0 1201.0
0.951171875 0.9444732666015625 1215.0 947.0 35202.0 1194.0
0.9462890625 0.9442139267921448 1210.0 952.0 35197.0 1199.0
0.9541015625 0.9448103904724121 1197.0 916.0 35233.0 1212.0
0.94921875 0.9443694949150085 1232.0 968.0 35181.0 1177.0
0.9521484375 0.9444732666015625 1208.0 940.0 35209.0 1201.0
0.9462890625 0.9447585344314575 1201.0 922.0 35227.0 1208.0
0.9521484375 0.9445769786834717 1194.0 922.0 35227.0 1215.0
0.9443359375 0.944317638874054 1218.0 956.0 35193.0 1191.0
0.94140625 0.9448623061180115 1208.0 925.0 35224.0 1201.0
0.94921875 0.9439805150032043 1219.0 970.0 35179.0 1190.0
0.943359375 0.9446807503700256 1212.0 936.0 35213.0 1197.0
0.9482421875 0.9439026713371277 1209.0 963.0 35186.0 1200.0
0.9423828125 0.9440582990646362 1212.0 960.0 35189.0 1197.0
0.9501953125 0.9448623061180115 1211.0 928.0 35221.0 1198.0
0.9501953125 0.9448103904724121 1212.0 931.0 35218.0 1197.0
0.94140625 0.944991946220398 1196.0 908.0 35241.0 1213.0
0.9501953125 0.9445510506629944 1209.0 938.0 35211.0 1200.0
0.947265625 0.9444473385810852 1222.0 955.0 35194.0 1187.0
0.939453125 0.9441360831260681 1213.0 958.0 35191.0 1196.0
0.9541015625 0.943928599357605 1228.0 981.0 35168.0 1181.0
0.9501953125 0.9449660181999207 1216.0 929.0 35220.0 1193.0
0.9423828125 0.944317638874054 1216.0 954.0 35195.0 1193.0
0.955078125 0.9442657828330994 1221.0 961.0 35188.0 1188.0
0.9482421875 0.9443435668945312 1219.0 956.0 35193.0 1190.0
0.9423828125 0.9449141621589661 1210.0 925.0 35224.0 1199.0
0.9443359375 0.9440582990646362 1225.0 973.0 35176.0 1184.0
0.953125 0.9445510506629944 1218.0 947.0 35202.0 1191.0
0.9462890625 0.9440842270851135 1210.0 957.0 35192.0 1199.0
0.9482421875 0.9449400901794434 1215.0 929.0 35220.0 1194.0
0.9501953125 0.9458218812942505 1194.0 874.0 35275.0 1215.0
0.953125 0.9449660181999207 1217.0 930.0 35219.0 1192.0
0.9482421875 0.9446807503700256 1215.0 939.0 35210.0 1194.0
0.947265625 0.9449141621589661 1219.0 934.0 35215.0 1190.0
0.9501953125 0.9450957179069519 1227.0 935.0 35214.0 1182.0
0.9560546875 0.9448623061180115 1214.0 931.0 35218.0 1195.0
0.9501953125 0.9447844624519348 1219.0 939.0 35210.0 1190.0
0.958984375 0.9443954825401306 1205.0 940.0 35209.0 1204.0
0.9384765625 0.9451216459274292 1209.0 916.0 35233.0 1200.0
