0.5888671875 0.5643705725669861 1028.0 15416.0 20733.0 1381.0
0.921875 0.9125992059707642 975.0 1936.0 34213.0 1434.0
0.9091796875 0.9127289056777954 1103.0 2059.0 34090.0 1306.0
0.9189453125 0.9156854748725891 1138.0 1980.0 34169.0 1271.0
0.9189453125 0.9119508266448975 1299.0 2285.0 33864.0 1110.0
0.92578125 0.9184345602989197 1220.0 1956.0 34193.0 1189.0
0.9189453125 0.9210280776023865 1333.0 1969.0 34180.0 1076.0
0.89453125 0.916541337966919 1406.0 2215.0 33934.0 1003.0
0.9248046875 0.9240883588790894 1370.0 1888.0 34261.0 1039.0
0.9033203125 0.9202759265899658 1480.0 2145.0 34004.0 929.0
0.919921875 0.9152186512947083 1538.0 2398.0 33751.0 871.0
0.921875 0.9246589541435242 1399.0 1895.0 34254.0 1010.0
0.9169921875 0.92484050989151 1503.0 1992.0 34157.0 906.0
0.921875 0.9197313189506531 1544.0 2230.0 33919.0 865.0
0.9267578125 0.9224026203155518 1516.0 2099.0 34050.0 893.0
0.92578125 0.9225841760635376 1493.0 2069.0 34080.0 916.0
0.919921875 0.9254888892173767 1540.0 2004.0 34145.0 869.0
0.921875 0.9245811700820923 1559.0 2058.0 34091.0 850.0
0.921875 0.9274599552154541 1546.0 1934.0 34215.0 863.0
0.9443359375 0.9335027933120728 1509.0 1664.0 34485.0 900.0
0.9462890625 0.9319466948509216 1498.0 1713.0 34436.0 911.0
0.935546875 0.9352144598960876 1452.0 1541.0 34608.0 957.0
0.94140625 0.9302090406417847 1541.0 1823.0 34326.0 868.0
0.9228515625 0.9236474633216858 1617.0 2152.0 33997.0 792.0
0.939453125 0.9294050335884094 1569.0 1882.0 34267.0 840.0
0.9228515625 0.9246589541435242 1635.0 2131.0 34018.0 774.0
0.9462890625 0.9326728582382202 1590.0 1777.0 34372.0 819.0
0.9072265625 0.9231806397438049 1664.0 2217.0 33932.0 745.0
0.9375 0.933243453502655 1551.0 1716.0 34433.0 858.0
0.927734375 0.9321022629737854 1576.0 1785.0 34364.0 833.0
0.923828125 0.9324913024902344 1621.0 1815.0 34334.0 788.0
0.9326171875 0.9294828772544861 1637.0 1947.0 34202.0 772.0
0.927734375 0.9304683804512024 1619.0 1891.0 34258.0 790.0
0.9287109375 0.9250479936599731 1623.0 2104.0 34045.0 786.0
0.9208984375 0.9203278422355652 1684.0 2347.0 33802.0 725.0
0.9267578125 0.932257890701294 1576.0 1779.0 34370.0 833.0
0.923828125 0.9215208292007446 1692.0 2309.0 33840.0 717.0
0.9345703125 0.9342808127403259 1561.0 1686.0 34463.0 848.0
0.9248046875 0.9293013215065002 1649.0 1966.0 34183.0 760.0
0.916015625 0.9293791055679321 1604.0 1918.0 34231.0 805.0
0.943359375 0.9306758642196655 1641.0 1905.0 34244.0 768.0
0.9228515625 0.926085352897644 1650.0 2091.0 34058.0 759.0
0.931640625 0.92821204662323 1650.0 2009.0 34140.0 759.0
0.927734375 0.9290419816970825 1614.0 1941.0 34208.0 795.0
0.931640625 0.9282639026641846 1689.0 2046.0 34103.0 720.0
0.9326171875 0.9304943084716797 1622.0 1893.0 34256.0 787.0
0.9306640625 0.9345142245292664 1561.0 1677.0 34472.0 848.0
0.939453125 0.9404792785644531 1548.0 1434.0 34715.0 861.0
0.9453125 0.9372633695602417 1563.0 1573.0 34576.0 846.0
0.9228515625 0.9281601905822754 1645.0 2006.0 34143.0 764.0
0.9365234375 0.9328803420066833 1555.0 1734.0 34415.0 854.0
0.9345703125 0.9348514080047607 1646.0 1749.0 34400.0 763.0
0.9541015625 0.9314020276069641 1644.0 1880.0 34269.0 765.0
0.939453125 0.9383266568183899 1577.0 1546.0 34603.0 832.0
0.921875 0.9263706803321838 1733.0 2163.0 33986.0 676.0
0.94140625 0.9339696168899536 1619.0 1756.0 34393.0 790.0
0.9267578125 0.9262409806251526 1702.0 2137.0 34012.0 707.0
0.93359375 0.9349032640457153 1620.0 1721.0 34428.0 789.0
0.9365234375 0.9333212375640869 1649.0 1811.0 34338.0 760.0
0.9296875 0.9235437512397766 1710.0 2249.0 33900.0 699.0
0.9345703125 0.931868851184845 1637.0 1855.0 34294.0 772.0
0.935546875 0.9293272495269775 1643.0 1959.0 34190.0 766.0
0.9384765625 0.9220395088195801 1733.0 2330.0 33819.0 676.0
0.9462890625 0.9343067407608032 1665.0 1789.0 34360.0 744.0
0.931640625 0.9303386807441711 1685.0 1962.0 34187.0 724.0
0.935546875 0.9376782774925232 1613.0 1607.0 34542.0 796.0
0.92578125 0.932854413986206 1675.0 1855.0 34294.0 734.0
0.9384765625 0.9287047982215881 1709.0 2049.0 34100.0 700.0
0.931640625 0.9372633695602417 1593.0 1603.0 34546.0 816.0
0.9423828125 0.9374189376831055 1630.0 1634.0 34515.0 779.0
0.9248046875 0.9334768652915955 1653.0 1809.0 34340.0 756.0
0.9267578125 0.9376782774925232 1581.0 1575.0 34574.0 828.0
0.92578125 0.9320244789123535 1684.0 1896.0 34253.0 725.0
0.9306640625 0.9348514080047607 1614.0 1717.0 34432.0 795.0
0.9501953125 0.9333471655845642 1663.0 1824.0 34325.0 746.0
0.935546875 0.9382748007774353 1608.0 1579.0 34570.0 801.0
0.9306640625 0.9324135184288025 1689.0 1886.0 34263.0 720.0
0.9501953125 0.9309870600700378 1674.0 1926.0 34223.0 735.0
0.9326171875 0.9357850551605225 1668.0 1735.0 34414.0 741.0
0.927734375 0.925903856754303 1725.0 2173.0 33976.0 684.0
0.931640625 0.9349032640457153 1624.0 1725.0 34424.0 785.0
0.9404296875 0.9317651391029358 1656.0 1878.0 34271.0 753.0
0.927734375 0.9333212375640869 1669.0 1831.0 34318.0 740.0
0.9423828125 0.9372373819351196 1656.0 1667.0 34482.0 753.0
0.935546875 0.9312464594841003 1668.0 1910.0 34239.0 741.0
0.931640625 0.9357072710990906 1647.0 1717.0 34432.0 762.0
0.94140625 0.9368743300437927 1638.0 1663.0 34486.0 771.0
0.9482421875 0.937185525894165 1617.0 1630.0 34519.0 792.0
0.9453125 0.934592068195343 1650.0 1763.0 34386.0 759.0
0.9267578125 0.9296384453773499 1751.0 2055.0 34094.0 658.0
0.9228515625 0.9321022629737854 1673.0 1882.0 34267.0 736.0
0.9501953125 0.9333730936050415 1644.0 1804.0 34345.0 765.0
0.935546875 0.9355775713920593 1676.0 1751.0 34398.0 733.0
0.9384765625 0.9378857612609863 1597.0 1583.0 34566.0 812.0
0.9384765625 0.9312983155250549 1686.0 1926.0 34223.0 723.0
0.9326171875 0.9401940107345581 1586.0 1483.0 34666.0 823.0
0.9248046875 0.9310389757156372 1692.0 1942.0 34207.0 717.0
0.92578125 0.9371077418327332 1614.0 1630.0 34519.0 795.0
0.9287109375 0.9344105124473572 1672.0 1792.0 34357.0 737.0
0.9384765625 0.9336843490600586 1667.0 1815.0 34334.0 742.0
0.9404296875 0.9383525848388672 1635.0 1603.0 34546.0 774.0
0.9345703125 0.9333730936050415 1704.0 1864.0 34285.0 705.0
0.93359375 0.9371595978736877 1626.0 1640.0 34509.0 783.0
0.939453125 0.9414129257202148 1585.0 1435.0 34714.0 824.0
0.927734375 0.9316613674163818 1707.0 1933.0 34216.0 702.0
0.9384765625 0.9310389757156372 1691.0 1941.0 34208.0 718.0
0.9345703125 0.9385859966278076 1604.0 1563.0 34586.0 805.0
0.9501953125 0.9318947792053223 1688.0 1905.0 34244.0 721.0
0.9404296875 0.9388453960418701 1629.0 1578.0 34571.0 780.0
0.9306640625 0.9297422170639038 1733.0 2033.0 34116.0 676.0
0.9375 0.9326728582382202 1689.0 1876.0 34273.0 720.0
0.931640625 0.933243453502655 1659.0 1824.0 34325.0 750.0
0.9521484375 0.9312464594841003 1694.0 1936.0 34213.0 715.0
0.9375 0.9333990216255188 1695.0 1854.0 34295.0 714.0
0.9365234375 0.9328803420066833 1668.0 1847.0 34302.0 741.0
0.9462890625 0.9354738593101501 1676.0 1755.0 34394.0 733.0
0.943359375 0.9396493434906006 1594.0 1512.0 34637.0 815.0
0.9404296875 0.936511218547821 1653.0 1692.0 34457.0 756.0
0.9365234375 0.9304424524307251 1722.0 1995.0 34154.0 687.0
0.916015625 0.9195497632026672 1766.0 2459.0 33690.0 643.0
0.9423828125 0.9353182315826416 1661.0 1746.0 34403.0 748.0
0.947265625 0.937859833240509 1642.0 1629.0 34520.0 767.0
0.923828125 0.9263187646865845 1752.0 2184.0 33965.0 657.0
0.935546875 0.928497314453125 1715.0 2063.0 34086.0 694.0
