2.171908617019653320e+00 -4.124694824218750000e+00 4.361004829406738281e+00 -9.560614228248596191e-01 6.020814180374145508e-01 5.952142477035522461e-01 -2.499681115150451660e-01 -4.419847488403320312e+00 4.515278339385986328e+00 1.452484726905822754e+00 2.102062940597534180e+00 -8.058614730834960938e-01 1.723565816879272461e+00 1.292369961738586426e+00 -1.785455465316772461e+00 4.419754505157470703e+00 7.315676659345626831e-02 -2.708935022354125977e+00 -3.126097202301025391e+00 2.916415452957153320e+00
1.069748327136039734e-01 3.037548959255218506e-01 8.024754524230957031e+00 9.053509831428527832e-01 1.464959025382995605e+00 -1.388300538063049316e+00 2.239542245864868164e+00 4.033253669738769531e+00 9.945540875196456909e-02 -5.563951492309570312e+00 3.912163153290748596e-02 -3.630778312683105469e+00 -1.067150473594665527e+00 -8.915518522262573242e-01 -2.355353832244873047e+00 -1.581451654434204102e+00 4.252020835876464844e+00 -3.944567441940307617e+00 7.701630592346191406e+00 5.439367890357971191e-01
6.301034688949584961e-01 1.309294905513525009e-02 1.510349273681640625e+00 1.989071816205978394e-01 -2.258777856826782227e+00 3.105189800262451172e+00 -1.555179357528686523e+00 4.014034569263458252e-01 1.151250243186950684e+00 1.269863724708557129e+00 -5.352712273597717285e-01 -1.361500144004821777e+00 -2.989204406738281250e+00 -1.366708993911743164e+00 -3.370457887649536133e-01 -6.990471482276916504e-01 1.137121558189392090e+00 -1.123693466186523438e+00 1.427752971649169922e+00 -1.217237710952758789e+00
-1.468911051750183105e+00 1.480858445167541504e+00 -1.589617371559143066e+00 -1.429386138916015625e+00 1.130757331848144531e+00 3.368574857711791992e+00 1.360853552818298340e+00 -1.063090801239013672e+00 1.950427889823913574e+00 3.308426380157470703e+00 -3.506953954696655273e+00 4.081840515136718750e+00 7.631533741950988770e-01 2.201390266418457031e+00 -3.000596046447753906e+00 2.492439508438110352e+00 -2.593843698501586914e+00 -3.822129726409912109e+00 -1.563622951507568359e+00 -9.512054920196533203e-01
4.109045028686523438e+00 -6.645480394363403320e-01 -1.388111948966979980e+00 -2.343913793563842773e+00 -1.298757433891296387e+00 4.248458862304687500e+00 8.819337487220764160e-01 -6.867980957031250000e-01 -2.377031564712524414e+00 -2.897521257400512695e+00 -1.511800527572631836e+00 -1.711235880851745605e+00 -5.330054163932800293e-01 -4.755807399749755859e+00 -1.304612159729003906e-01 3.904061555862426758e+00 -1.114286661148071289e+00 9.207996368408203125e+00 -4.219995021820068359e+00 -1.764490306377410889e-01
-2.866479396820068359e+00 2.743757486343383789e+00 5.957270145416259766e+00 -1.449316263198852539e+00 -4.455406188964843750e+00 -4.392401874065399170e-01 9.851943254470825195e-01 -9.207890033721923828e-01 -3.766875863075256348e-01 3.521010279655456543e-01 7.831529140472412109e+00 -9.988481402397155762e-01 -9.431995749473571777e-01 5.705904006958007812e+00 -4.288350343704223633e-01 2.560685873031616211e-01 -3.323689222335815430e+00 6.461029529571533203e+00 -3.419736385345458984e+00 2.217005968093872070e+00
-8.155453205108642578e-01 4.572876393795013428e-01 2.787850618362426758e+00 4.467580318450927734e+00 1.218252897262573242e+00 -2.455032110214233398e+00 -3.873923540115356445e+00 -1.091102504730224609e+01 1.125283122062683105e+00 7.344627380371093750e+00 -1.318232655525207520e+00 3.618365764617919922e+00 -6.771100997924804688e+00 -7.519552707672119141e-01 1.719408035278320312e+00 1.179124116897583008e+00 -3.368297100067138672e+00 3.310410499572753906e+00 -4.156620055437088013e-02 8.019130706787109375e+00
-8.721842169761657715e-01 -2.708514451980590820e+00 9.438736438751220703e-01 -2.357403516769409180e+00 7.673138976097106934e-01 2.001532793045043945e+00 9.363312125205993652e-01 -5.006449699401855469e+00 1.589551687240600586e+00 5.132095336914062500e+00 5.432920455932617188e-01 9.163090586662292480e-02 1.555487632751464844e+00 -5.815116688609123230e-02 2.592836380004882812e+00 5.940026283264160156e+00 2.223303318023681641e+00 3.914408385753631592e-01 2.075871229171752930e+00 2.410863161087036133e+00
2.140089273452758789e+00 -5.544645786285400391e+00 -5.165968894958496094e+00 -1.115037441253662109e+00 -2.551445245742797852e+00 4.377769470214843750e+00 -5.502896785736083984e+00 -3.026338577270507812e+00 2.921610176563262939e-01 2.063766241073608398e+00 -5.560403317213058472e-02 3.142182350158691406e+00 -1.208668112754821777e+00 4.598089218139648438e+00 6.413999557495117188e+00 8.045743703842163086e-01 -2.445012569427490234e+00 1.139755249023437500e+00 1.250215888023376465e+00 -1.585049152374267578e+00
-1.979488849639892578e+00 6.251694202423095703e+00 -2.574960231781005859e+00 -1.465818732976913452e-01 -2.407781839370727539e+00 1.705396473407745361e-01 -3.566383361816406250e+00 2.947000741958618164e+00 4.415484905242919922e+00 3.233996331691741943e-01 -1.131343603134155273e+00 -4.421195983886718750e+00 -1.222518086433410645e+00 2.123739004135131836e+00 -3.935068368911743164e+00 2.980118751525878906e+00 -2.581263542175292969e+00 -4.157098770141601562e+00 -1.490163564682006836e+00 4.232710301876068115e-01
4.510802030563354492e-01 3.790306448936462402e-01 3.093874454498291016e+00 -5.410043597221374512e-01 5.323947668075561523e-01 3.099613189697265625e-01 -2.062478810548782349e-01 2.691129207611083984e+00 6.972275733947753906e+00 1.600089192390441895e+00 -1.011481046676635742e+00 1.579228162765502930e+00 -2.755148112773895264e-01 -2.766855001449584961e+00 5.571599006652832031e-01 1.705413341522216797e+00 4.951904296875000000e+00 1.145347237586975098e+00 -1.041978597640991211e+00 -1.171569466590881348e+00
-8.814270496368408203e-01 1.529489636421203613e+00 1.196634531021118164e+00 -2.176910161972045898e+00 -5.260467529296875000e+00 -1.725391030311584473e+00 -2.373123407363891602e+00 -2.109334230422973633e+00 -1.349234223365783691e+00 -1.806667566299438477e+00 1.684094548225402832e+00 1.475629508495330811e-01 -2.221803188323974609e+00 -6.227592468261718750e+00 1.957131326198577881e-01 1.016640812158584595e-01 1.357808113098144531e-01 -1.638440608978271484e+00 5.192885398864746094e-01 -1.759965270757675171e-01
-7.214952111244201660e-01 3.399436235427856445e+00 4.957693815231323242e-01 -3.871746957302093506e-01 1.341525554656982422e+00 4.321674704551696777e-01 -2.317415714263916016e+00 1.902396678924560547e-01 -3.458330333232879639e-01 -3.923746943473815918e-01 5.023810386657714844e+00 3.290487051010131836e+00 -7.935520410537719727e-01 5.701211094856262207e-01 -2.062459468841552734e+00 -3.231651708483695984e-02 -1.617962121963500977e+00 7.849045395851135254e-01 6.816052794456481934e-01 -3.180239915847778320e+00
3.867678165435791016e+00 6.048189640045166016e+00 -8.991984128952026367e-01 -2.441664934158325195e+00 -3.156479120254516602e+00 -2.116515398025512695e+00 -2.954637765884399414e+00 2.307635784149169922e+00 -2.479927539825439453e+00 2.038517475128173828e+00 6.165411472320556641e+00 1.608438372611999512e+00 -1.296845793724060059e+00 2.151518106460571289e+00 3.727019071578979492e+00 1.436993360519409180e+00 4.320899486541748047e+00 -1.696152448654174805e+00 -2.421321630477905273e+00 -2.584422826766967773e+00
-1.537475585937500000e+00 2.242828607559204102e+00 2.694347620010375977e+00 -3.233740329742431641e+00 5.449318885803222656e-01 7.136221528053283691e-01 -7.111960411071777344e+00 -1.436731696128845215e+00 -5.408581733703613281e+00 3.003522157669067383e+00 -3.886367082595825195e+00 1.023089051246643066e+00 6.505897521972656250e+00 -7.499271631240844727e-02 -4.059379577636718750e+00 -2.169614881277084351e-01 1.489192247390747070e+00 4.662539482116699219e+00 3.583339750766754150e-01 -4.463971614837646484e+00
1.743401288986206055e+00 -5.573061704635620117e-01 3.411733388900756836e+00 3.509715795516967773e+00 5.025728940963745117e-01 2.101270437240600586e+00 -5.193122863769531250e+00 -1.594844460487365723e+00 -1.195740818977355957e+00 -1.348051428794860840e+00 -1.098521590232849121e+00 -1.479767560958862305e+00 -8.212785720825195312e-01 -5.004761219024658203e+00 3.229819774627685547e+00 5.183448791503906250e+00 -6.463714599609375000e+00 -3.989098787307739258e+00 -4.301648139953613281e+00 7.142731547355651855e-01
-5.477650165557861328e+00 -2.344656944274902344e+00 -3.049246072769165039e+00 2.448862075805664062e+00 7.350209355354309082e-01 3.785345554351806641e+00 -9.843625426292419434e-01 -3.168981552124023438e+00 -6.097692251205444336e-01 -4.178532123565673828e+00 7.045863270759582520e-01 6.164844036102294922e+00 1.013792991638183594e+00 5.106348037719726562e+00 3.438628435134887695e+00 1.037280678749084473e+00 -2.350116729736328125e+00 1.812879204750061035e+00 -9.022665768861770630e-02 -6.670541316270828247e-02
-5.447662353515625000e+00 1.181639432907104492e+00 -7.397014141082763672e+00 -2.564126253128051758e-01 -2.566507101058959961e+00 3.066091775894165039e+00 -4.742826461791992188e+00 7.502606391906738281e+00 -1.151044487953186035e+00 -9.195749282836914062e+00 -3.015239715576171875e+00 1.929089307785034180e+00 -2.719151020050048828e+00 4.397646427154541016e+00 1.877498388290405273e+00 3.701891422271728516e+00 3.285365104675292969e+00 5.815718650817871094e+00 -1.962255716323852539e+00 -1.015345573425292969e+00
1.884295821189880371e+00 2.320207357406616211e+00 -4.868510961532592773e-01 1.154085516929626465e+00 1.611639261245727539e+00 -1.056358218193054199e+00 -5.621755123138427734e-01 -1.758124470710754395e+00 5.853391170501708984e+00 1.629212200641632080e-01 8.973695635795593262e-01 -6.457975506782531738e-01 2.177264451980590820e+00 -4.132969856262207031e+00 5.377283692359924316e-02 1.653987288475036621e+00 3.294145107269287109e+00 -7.933222055435180664e-01 8.956220149993896484e-01 5.779402256011962891e-01
-1.582716584205627441e+00 -9.777562022209167480e-01 -1.833840131759643555e+00 -2.326304912567138672e+00 -2.957828760147094727e+00 7.150147557258605957e-01 -3.781278610229492188e+00 6.077085733413696289e-01 -8.125411868095397949e-01 2.128904104232788086e+00 2.051344215869903564e-01 5.288565754890441895e-01 -2.764125108718872070e+00 -1.432623416185379028e-01 -2.475047588348388672e+00 -6.345140933990478516e-01 -1.899837553501129150e-01 -2.934587240219116211e+00 -2.220677137374877930e+00 -5.474097132682800293e-01
-2.050658226013183594e+00 -5.552232861518859863e-01 -2.765871584415435791e-01 -2.993931531906127930e+00 1.794558763504028320e+00 -1.785112261772155762e+00 2.759275436401367188e-01 4.604195654392242432e-01 -6.926567554473876953e-01 7.126113772392272949e-01 -9.063996672630310059e-01 1.002675890922546387e+00 -9.964531660079956055e-01 -4.097148776054382324e-01 -1.670948386192321777e+00 -1.644476413726806641e+00 -2.275147199630737305e+00 9.573960304260253906e-01 -4.606323719024658203e+00 -8.163846135139465332e-01
4.949343204498291016e+00 3.932922363281250000e+00 -1.290801405906677246e+00 -6.086195111274719238e-01 1.597963929176330566e+00 -7.236495614051818848e-01 -7.250104099512100220e-02 -1.890803456306457520e+00 2.504049777984619141e+00 2.015342712402343750e-01 -4.794598519802093506e-01 3.833404481410980225e-01 -1.417181253433227539e+00 2.036113023757934570e+00 -2.053344488143920898e+00 -3.208120167255401611e-01 -1.130335688591003418e+00 -1.232269883155822754e+00 -1.631992936134338379e+00 1.975684911012649536e-01
-7.169759869575500488e-01 3.550584793090820312e+00 7.805621623992919922e-01 -3.400660991668701172e+00 1.325206875801086426e+00 1.301827549934387207e+00 -2.328589439392089844e+00 -4.397518634796142578e-01 1.668214559555053711e+00 2.284321308135986328e+00 -1.249495387077331543e+00 -1.030634522438049316e+00 -5.318146228790283203e+00 3.479827046394348145e-01 -2.824955701828002930e+00 1.584352135658264160e+00 -4.380257606506347656e+00 2.155366420745849609e+00 5.298529267311096191e-01 -2.491251945495605469e+00
1.170335888862609863e+00 7.623787403106689453e+00 -1.176374793052673340e+00 -5.955954790115356445e-01 -6.401449441909790039e-01 -2.358215332031250000e+00 -8.070890903472900391e-01 -1.455986738204956055e+00 1.997011303901672363e+00 2.124223947525024414e+00 -1.456724762916564941e+00 -3.388006687164306641e+00 1.624445915222167969e+00 1.381083726882934570e+00 1.385909795761108398e+00 -3.993435502052307129e-01 -1.508834242820739746e+00 1.307162642478942871e+00 -2.254274606704711914e+00 7.102403044700622559e-01
-6.735584735870361328e-01 1.500618815422058105e+00 -7.498231530189514160e-02 -2.189595699310302734e+00 -1.870752930641174316e+00 -2.357513666152954102e+00 -1.790971636772155762e+00 7.957992553710937500e-01 3.616425991058349609e+00 2.095959424972534180e+00 2.257159352302551270e-01 3.907923936843872070e+00 -3.405124843120574951e-01 -2.039654016494750977e+00 -2.469007730484008789e+00 -2.123829126358032227e+00 -1.824328422546386719e+00 -3.399158120155334473e-01 -8.061738610267639160e-01 9.139795899391174316e-01
4.381847679615020752e-01 5.667943954467773438e+00 -1.286860108375549316e-01 1.711130142211914062e+00 -9.049040675163269043e-01 8.179840445518493652e-01 6.475798487663269043e-01 -3.790808618068695068e-01 3.302029132843017578e+00 2.448474645614624023e+00 1.905257701873779297e+00 3.858025968074798584e-01 1.474651217460632324e+00 -1.275695323944091797e+00 1.435541510581970215e+00 -2.907354354858398438e+00 -1.612614989280700684e+00 1.006951689720153809e+00 -1.432131975889205933e-01 4.225637912750244141e-01
7.979662418365478516e-01 8.990485668182373047e-01 3.572497606277465820e+00 -1.270935416221618652e+00 3.914709016680717468e-02 -2.228796482086181641e-01 2.646748125553131104e-01 4.502810239791870117e-01 -4.417077898979187012e-01 -1.475112199783325195e+00 -1.863592863082885742e+00 2.460751533508300781e+00 3.881410658359527588e-01 -1.240377068519592285e+00 7.383141517639160156e-01 -3.205690860748291016e+00 1.334176361560821533e-01 6.115902662277221680e-01 -3.402004241943359375e+00 2.999726533889770508e+00
9.989401698112487793e-01 1.754455208778381348e+00 5.788083076477050781e-01 2.014575242996215820e+00 -3.017604589462280273e+00 -1.192613482475280762e+00 2.861119508743286133e+00 -4.470462799072265625e+00 -2.126050233840942383e+00 1.596303105354309082e+00 1.487015962600708008e+00 1.059524774551391602e+00 2.289506673812866211e+00 -5.565692424774169922e+00 -8.705430030822753906e-01 -2.252306222915649414e+00 2.736858427524566650e-01 2.299391105771064758e-02 -8.978952169418334961e-01 -6.240038871765136719e-01
-7.865038514137268066e-01 2.500424861907958984e+00 2.319960594177246094e+00 -1.151496291160583496e+00 -3.236609697341918945e-01 2.797775268554687500e+00 5.685213804244995117e-01 2.043462038040161133e+00 -2.790764570236206055e-01 1.601988792419433594e+00 -6.037466600537300110e-02 -9.891673177480697632e-02 -1.988250136375427246e+00 -1.562202692031860352e+00 3.167664766311645508e+00 -7.853214740753173828e-01 -3.002288579940795898e+00 -1.881541311740875244e-01 5.618232488632202148e-01 -2.224424600601196289e+00
1.280584931373596191e+00 1.456516504287719727e+00 -7.692928314208984375e-01 4.361968994140625000e+00 -1.837229728698730469e+00 5.529103279113769531e-01 -3.319807529449462891e+00 2.376078605651855469e+00 -4.202383160591125488e-01 1.341411113739013672e+00 1.162730932235717773e+00 3.178545534610748291e-01 -9.285017848014831543e-02 -3.818278610706329346e-01 -2.024926662445068359e+00 1.111755013465881348e+00 3.241626024246215820e+00 -8.711829185485839844e-01 -1.473087310791015625e+00 2.464346647262573242e+00
5.664581060409545898e-01 5.457287430763244629e-01 1.885807633399963379e+00 4.650975704193115234e+00 2.576074600219726562e+00 -6.152741312980651855e-01 6.765262484550476074e-01 5.877727270126342773e-01 1.384929895401000977e+00 2.394940137863159180e+00 5.555665016174316406e+00 2.401186466217041016e+00 7.460927963256835938e-01 1.202128678560256958e-01 -3.954247713088989258e+00 -1.102688461542129517e-01 -2.437741279602050781e+00 -4.398263990879058838e-05 -8.963822722434997559e-01 -4.455099582672119141e+00
-2.020260095596313477e+00 -5.756188869476318359e+00 9.842279553413391113e-02 -1.170046925544738770e+00 4.331638336181640625e+00 -2.145267248153686523e+00 -8.204693794250488281e-01 4.279205799102783203e+00 -6.501185894012451172e-01 1.997089028358459473e+00 -1.049915313720703125e+00 4.467463493347167969e-01 1.294399261474609375e+00 1.547713279724121094e+00 -2.291069984436035156e+00 -2.446558713912963867e+00 -1.458616971969604492e+00 4.884142875671386719e+00 3.889226913452148438e+00 3.472462415695190430e+00
6.575740814208984375e+00 2.297389954328536987e-01 2.674457788467407227e+00 3.148044347763061523e+00 -2.300444602966308594e+00 -2.657891988754272461e+00 1.383613228797912598e+00 -2.337020635604858398e+00 1.552140951156616211e+00 4.548962593078613281e+00 -4.267525196075439453e+00 -2.840038776397705078e+00 -3.335559368133544922e-01 4.052205562591552734e+00 -5.904081344604492188e+00 5.182289600372314453e+00 -2.391755104064941406e+00 4.100662171840667725e-01 2.050338506698608398e+00 -7.397611618041992188e+00
-2.972927808761596680e+00 -1.516626477241516113e-01 -1.908350110054016113e+00 7.268310785293579102e-01 -3.319475650787353516e+00 -2.999470472335815430e+00 6.853405833244323730e-01 -1.146679997444152832e+00 2.003732681274414062e+00 6.411922454833984375e+00 -7.597994804382324219e+00 6.106229305267333984e+00 1.934217691421508789e+00 2.153518676757812500e+00 4.900376796722412109e+00 2.936610460281372070e+00 -5.139299392700195312e+00 -8.720306158065795898e-01 -3.724920034408569336e+00 -3.244734048843383789e+00
-8.395507812500000000e+00 -1.774457573890686035e+00 -3.733883619308471680e+00 3.617351293563842773e+00 -8.738023042678833008e-01 2.075545072555541992e+00 1.812898635864257812e+00 -4.975903987884521484e+00 7.307816147804260254e-01 -2.641590535640716553e-01 -1.075809597969055176e+00 -5.991045758128166199e-02 -1.712425470352172852e+00 -1.158941984176635742e+00 -8.607327938079833984e-02 4.302398264408111572e-01 -1.829055309295654297e+00 1.594150662422180176e+00 -5.033228173851966858e-02 -6.284290552139282227e-01
4.124947547912597656e+00 -8.131688237190246582e-01 9.092245101928710938e+00 2.499589204788208008e+00 -5.549779415130615234e+00 1.309995532035827637e+00 -1.858496904373168945e+00 -1.560371994972229004e+00 -3.604530096054077148e-01 1.037832069396972656e+01 -3.244533777236938477e+00 5.325815081596374512e-02 6.513533592224121094e+00 8.305124282836914062e+00 -2.339259386062622070e+00 4.081658840179443359e+00 -7.330310821533203125e+00 6.695127964019775391e+00 5.158864021301269531e+00 3.530458927154541016e+00
2.288474887609481812e-01 7.924453020095825195e-01 1.513231039047241211e+00 1.259863853454589844e+00 2.868467569351196289e+00 -2.262285232543945312e+00 -4.584234952926635742e-02 4.408589005470275879e-01 5.773320674896240234e+00 1.918957680463790894e-01 8.172994256019592285e-01 1.490795731544494629e+00 -2.689130604267120361e-01 -2.294629335403442383e+00 1.427537441253662109e+00 1.967351675033569336e+00 4.191459178924560547e+00 2.446210384368896484e+00 1.456653326749801636e-01 -1.293819427490234375e+00
8.470262289047241211e-01 -1.147507071495056152e+00 -1.830038547515869141e+00 -7.333946228027343750e-01 -3.607219696044921875e+00 2.485571384429931641e+00 -3.361814022064208984e+00 -9.356893301010131836e-01 5.050601363182067871e-01 2.259402275085449219e+00 -1.257116079330444336e+00 -1.544689655303955078e+00 -1.548526167869567871e+00 1.207204103469848633e+00 -2.475418567657470703e+00 -2.374668359756469727e+00 1.166694164276123047e+00 -3.485257148742675781e+00 -1.914049625396728516e+00 -6.401745080947875977e-01
8.580201268196105957e-01 -5.420447587966918945e-01 -1.874412536621093750e+00 -5.258743762969970703e-01 1.761682987213134766e+00 3.579806089401245117e-01 -6.225376725196838379e-01 -2.159396409988403320e+00 8.653244972229003906e-01 -1.128254532814025879e+00 -5.350357294082641602e-01 -1.565700769424438477e+00 -6.147320270538330078e-01 2.869251072406768799e-01 2.601185999810695648e-02 -3.629611253738403320e+00 2.998640835285186768e-01 8.427338004112243652e-01 -3.542634010314941406e+00 -3.075108528137207031e+00
-9.985967278480529785e-01 1.641134381294250488e+00 1.778583407402038574e+00 -4.394040107727050781e+00 1.377636075019836426e+00 1.458937644958496094e+00 -4.149962663650512695e-01 -1.040847897529602051e+00 -2.699103020131587982e-02 -1.225130677223205566e+00 -5.153488159179687500e+00 4.258820712566375732e-01 -1.496258735656738281e+00 3.635150432586669922e+00 -4.862973690032958984e+00 3.068979680538177490e-01 -3.485299348831176758e+00 -1.574689626693725586e+00 -2.176231622695922852e+00 -7.166055440902709961e-01
1.584912180900573730e+00 2.897181749343872070e+00 -1.625049591064453125e+00 -1.205497980117797852e+00 3.827907800674438477e+00 -6.997739076614379883e-01 -1.986802339553833008e+00 9.835554957389831543e-01 5.201041221618652344e+00 1.087548017501831055e+00 5.300196409225463867e-01 -4.930462241172790527e-01 -2.485095024108886719e+00 1.591504454612731934e+00 -3.714961051940917969e+00 1.474216699600219727e+00 -4.596982002258300781e+00 8.443098664283752441e-01 -2.604739665985107422e+00 -5.604810118675231934e-01
2.144978761672973633e+00 5.629850864410400391e+00 -2.334351778030395508e+00 7.946140170097351074e-01 4.217400550842285156e+00 -1.181549906730651855e+00 -4.266750812530517578e+00 1.746469736099243164e+00 3.598354816436767578e+00 -1.003076672554016113e+00 -2.008229017257690430e+00 6.601251363754272461e-01 -1.270026922225952148e+00 4.005608081817626953e+00 -1.348071217536926270e+00 2.395509958267211914e+00 6.475130319595336914e-01 2.892392635345458984e+00 -3.439446449279785156e+00 1.374531984329223633e+00
-3.671297729015350342e-01 -2.119947671890258789e+00 7.293500900268554688e-01 2.939068555831909180e+00 2.901719570159912109e+00 5.927699089050292969e+00 1.589197039604187012e+00 2.162214368581771851e-01 1.983369708061218262e+00 4.254005908966064453e+00 6.953442573547363281e+00 -2.604866504669189453e+00 3.159971714019775391e+00 4.671181201934814453e+00 -6.636953949928283691e-01 -5.631720542907714844e+00 -1.261789679527282715e+00 -1.488237142562866211e+00 2.657850503921508789e+00 -3.088477134704589844e+00
8.717283010482788086e-01 -1.469262123107910156e+00 -2.137967944145202637e-02 3.049157373607158661e-02 2.120221138000488281e+00 2.783105134963989258e+00 1.785678148269653320e+00 2.221395015716552734e+00 -1.130787491798400879e+00 -5.688834562897682190e-02 -2.272114992141723633e+00 -2.610248804092407227e+00 3.319632053375244141e+00 1.766290903091430664e+00 3.046725273132324219e+00 -5.728075027465820312e+00 2.029240131378173828e+00 9.587531685829162598e-01 7.282031774520874023e-01 6.379490375518798828e+00
1.250043749809265137e+00 -1.743797898292541504e+00 6.971682310104370117e-01 -1.734402060508728027e+00 1.904221892356872559e+00 2.514236211776733398e+00 -2.927579879760742188e-01 9.897636175155639648e-01 -2.400270223617553711e+00 -3.536717653274536133e+00 -2.636773586273193359e+00 -1.350025892257690430e+00 1.531990408897399902e+00 1.430894255638122559e+00 9.591742157936096191e-01 -3.521216630935668945e+00 1.386015295982360840e+00 -3.355383872985839844e-01 1.810101032257080078e+00 6.120263099670410156e+00
6.902381777763366699e-01 1.074516549706459045e-01 2.107919454574584961e+00 1.917700529098510742e+00 2.448024511337280273e+00 2.272995710372924805e+00 -5.990250706672668457e-01 3.025624752044677734e+00 -3.133895158767700195e+00 -2.542821645736694336e+00 -7.779631614685058594e-01 2.888962745666503906e+00 3.560381829738616943e-01 -1.093176528811454773e-01 1.410405337810516357e-01 2.299565076828002930e-01 1.731517076492309570e+00 -2.442014694213867188e+00 -2.763490438461303711e+00 3.084135532379150391e+00
7.688111066818237305e-01 1.023573637008666992e+00 7.383584380149841309e-01 -1.021621227264404297e+00 -5.105257034301757812e-01 -7.900909781455993652e-01 1.869444251060485840e+00 -9.907349348068237305e-01 1.254216790199279785e+00 -1.396717905998229980e+00 8.979672789573669434e-01 -1.126089215278625488e+00 -4.358169436454772949e-02 1.650684475898742676e+00 1.149516105651855469e+00 6.497011780738830566e-01 3.221390545368194580e-01 -2.056483983993530273e+00 4.212328791618347168e-01 -2.511108160018920898e+00
-1.698281407356262207e+00 1.647395610809326172e+00 -3.220268726348876953e+00 4.824784100055694580e-01 2.047490835189819336e+00 -4.048322200775146484e+00 -9.171865880489349365e-02 -1.102804422378540039e+00 -3.218487262725830078e+00 2.418988704681396484e+00 1.726452589035034180e+00 6.037382125854492188e+00 -9.636921882629394531e-01 1.003205254673957825e-01 -2.555959820747375488e-01 3.119230568408966064e-01 -1.455279350280761719e+00 -5.103553533554077148e-01 -8.894353508949279785e-01 -1.029152393341064453e+00
3.477509737014770508e+00 1.630817413330078125e+00 1.076816201210021973e+00 4.702912330627441406e+00 -1.629443764686584473e+00 -3.310785531997680664e+00 -1.735790014266967773e+00 2.135215997695922852e+00 -1.223230957984924316e+00 -1.028964757919311523e+00 -3.065959215164184570e-01 -1.251431822776794434e+00 5.696587562561035156e+00 3.215749025344848633e+00 1.486982583999633789e+00 -6.948421597480773926e-01 -9.886915087699890137e-01 2.511721611022949219e+00 -1.980206847190856934e+00 1.546014189720153809e+00
1.352223288267850876e-02 -2.365306138992309570e+00 -3.373383045196533203e+00 -5.460359096527099609e+00 6.631994843482971191e-01 -2.368305921554565430e+00 3.143628835678100586e+00 2.886759042739868164e+00 2.403697252273559570e+00 -2.006503582000732422e+00 3.738516569137573242e+00 3.686272799968719482e-01 1.102308779954910278e-01 4.296351224184036255e-02 -1.590707659721374512e+00 2.286497831344604492e+00 -6.885450363159179688e+00 -7.363798618316650391e-01 6.013350009918212891e+00 1.023986339569091797e+00
1.227859482169151306e-01 5.913964509963989258e-01 3.354411125183105469e+00 3.263349533081054688e-01 2.108474731445312500e+00 -4.807216644287109375e+00 -4.104175567626953125e+00 -2.941750049591064453e+00 9.995589032769203186e-03 2.490105390548706055e+00 1.701280921697616577e-01 -3.457631349563598633e+00 1.311641216278076172e+00 1.259710431098937988e+00 -4.329190731048583984e+00 -6.917626261711120605e-01 -2.120321273803710938e+00 -8.205531835556030273e-01 4.375887870788574219e+00 -3.342661857604980469e+00
-1.741516828536987305e+00 -4.384619235992431641e+00 5.015536785125732422e+00 -2.185758352279663086e+00 -2.589423179626464844e+00 -4.654157638549804688e+00 -3.243680953979492188e+00 -8.550226092338562012e-01 7.145569801330566406e+00 -7.249925136566162109e+00 2.366505861282348633e+00 2.114699840545654297e+00 1.832661747932434082e+00 -1.220420971512794495e-01 3.799255132675170898e+00 -2.995056867599487305e+00 2.082438945770263672e+00 2.357457876205444336e+00 6.520940303802490234e+00 -4.458307743072509766e+00
-5.181569576263427734e+00 6.072635650634765625e+00 5.240973949432373047e+00 1.048226475715637207e+00 8.820833563804626465e-01 -3.239587306976318359e+00 -5.248435139656066895e-01 -5.773972988128662109e+00 -4.993171691894531250e+00 -4.152591899037361145e-02 -5.442427158355712891e+00 -5.260229110717773438e+00 -1.435200095176696777e+00 7.367484569549560547e-01 2.945681095123291016e+00 3.870568275451660156e+00 -1.137678623199462891e-01 1.494756639003753662e-01 4.642170667648315430e-02 -2.500872850418090820e+00
4.741496086120605469e+00 -2.946349143981933594e+00 8.469185829162597656e+00 1.450734019279479980e+00 -8.220584988594055176e-01 4.874529838562011719e+00 -2.605774879455566406e+00 -4.008608818054199219e+00 2.088720083236694336e+00 1.081189060211181641e+01 -3.104980468750000000e+00 1.215655565261840820e+00 1.056509971618652344e+01 7.115532875061035156e+00 -6.831997394561767578e+00 5.154780387878417969e+00 -5.790132522583007812e+00 -2.933707237243652344e+00 3.899992942810058594e+00 -1.054647207260131836e+00
-5.376877188682556152e-01 1.191118121147155762e+00 2.077039718627929688e+00 -2.253537252545356750e-02 1.855190277099609375e+00 5.565878152847290039e-01 -5.296866893768310547e-01 2.336490631103515625e+00 7.556214809417724609e+00 9.600348472595214844e-01 -1.235873222351074219e+00 2.584830760955810547e+00 2.813903987407684326e-01 -3.850886583328247070e+00 1.253286719322204590e+00 1.270130872726440430e+00 4.068690776824951172e+00 2.162687301635742188e+00 -4.047097861766815186e-01 -1.557184219360351562e+00
-2.291619062423706055e+00 -1.301781058311462402e+00 -4.208911418914794922e+00 -1.100400924682617188e+00 -2.250722169876098633e+00 2.102241992950439453e+00 -3.879123210906982422e+00 1.467252850532531738e+00 -4.185873270034790039e-01 3.755975246429443359e+00 -6.986533999443054199e-01 -3.006726980209350586e+00 -1.637742161750793457e+00 4.951490461826324463e-02 -1.261708617210388184e+00 -1.053801178932189941e+00 -9.859461784362792969e-01 -2.425752639770507812e+00 -3.184904336929321289e+00 -1.516426354646682739e-01
4.526392817497253418e-01 -1.826508492231369019e-01 -2.630108118057250977e+00 1.428223401308059692e-01 1.232994318008422852e+00 2.090809345245361328e-01 -3.128757476806640625e-01 -2.265286445617675781e+00 1.639492392539978027e+00 -1.030084609985351562e+00 -2.814073264598846436e-01 -2.218606233596801758e+00 3.974877297878265381e-01 8.093461394309997559e-01 3.706654310226440430e-01 -3.811156749725341797e+00 4.643315672874450684e-01 5.606772303581237793e-01 -3.698181629180908203e+00 -3.427507638931274414e+00
8.464803099632263184e-01 -2.291456609964370728e-01 -2.388973474502563477e+00 -3.861619234085083008e-01 1.479150891304016113e+00 2.958498299121856689e-01 -1.243559643626213074e-01 -2.278899192810058594e+00 1.349617481231689453e+00 -8.867573142051696777e-01 -4.777571856975555420e-01 -1.745543122291564941e+00 -5.021992698311805725e-02 5.433152914047241211e-01 3.203875720500946045e-01 -3.786226511001586914e+00 4.218065142631530762e-01 5.404914021492004395e-01 -3.859025716781616211e+00 -3.619330644607543945e+00
5.119794011116027832e-01 -2.076384425163269043e-01 -2.368174076080322266e+00 -1.946508884429931641e-01 1.500769257545471191e+00 3.235526978969573975e-01 -1.617688834667205811e-01 -2.510933637619018555e+00 1.374597430229187012e+00 -8.051270246505737305e-01 -5.597515702247619629e-01 -2.109477758407592773e+00 4.992395639419555664e-01 6.029195785522460938e-01 8.049187064170837402e-02 -3.761989593505859375e+00 4.729213118553161621e-01 7.061144709587097168e-01 -3.444667339324951172e+00 -3.538025617599487305e+00
4.918759167194366455e-01 -4.366154074668884277e-01 -2.463648796081542969e+00 -4.480978548526763916e-01 1.443055629730224609e+00 5.693348497152328491e-02 -4.765105247497558594e-01 -2.282433986663818359e+00 1.248451471328735352e+00 -1.037067770957946777e+00 -4.831950664520263672e-01 -1.916092276573181152e+00 3.552057221531867981e-02 5.506280660629272461e-01 3.208124935626983643e-01 -3.762334823608398438e+00 3.476461768150329590e-01 7.278403043746948242e-01 -3.835141420364379883e+00 -3.388360738754272461e+00
-8.499732017517089844e-01 -7.592410445213317871e-01 -4.006144404411315918e-01 -6.603157997131347656e+00 2.473401308059692383e+00 -1.654304146766662598e+00 5.749661922454833984e-01 -3.720443964004516602e+00 -3.358911037445068359e+00 -3.501513004302978516e+00 -4.447721481323242188e+00 7.634537760168313980e-03 -2.332032442092895508e+00 2.598819732666015625e-01 -2.077156543731689453e+00 1.453065156936645508e+00 2.451858758926391602e+00 -1.192298252135515213e-02 -5.067270278930664062e+00 -5.450868010520935059e-01
6.534568667411804199e-01 -5.215198397636413574e-01 -2.284794092178344727e+00 -4.889242053031921387e-01 1.367083430290222168e+00 3.169459700584411621e-01 -4.624965786933898926e-01 -2.288599491119384766e+00 1.357650160789489746e+00 -8.063436150550842285e-01 -7.837449908256530762e-01 -1.876824855804443359e+00 1.126027479767799377e-02 5.713583827018737793e-01 2.761338055133819580e-01 -3.678789615631103516e+00 5.212014317512512207e-01 6.901283860206604004e-01 -3.774647951126098633e+00 -3.290394544601440430e+00
-1.588028907775878906e+00 -1.449518501758575439e-01 -1.516277074813842773e+00 4.713050723075866699e-01 -2.786335229873657227e+00 1.443643212318420410e+00 -2.241024017333984375e+00 1.511357426643371582e+00 2.674713730812072754e-01 3.663147687911987305e+00 -1.334699511528015137e+00 -2.900946617126464844e+00 -2.001959562301635742e+00 4.850923418998718262e-01 -9.842515587806701660e-01 -2.742200613021850586e+00 3.247752785682678223e-02 -1.916760683059692383e+00 -4.114696025848388672e+00 3.187101781368255615e-01
6.536859273910522461e-01 -4.903356134891510010e-01 -1.804338693618774414e+00 -3.951717913150787354e-01 1.781608462333679199e+00 3.768326044082641602e-01 -2.688351571559906006e-01 -2.209195375442504883e+00 9.582777619361877441e-01 -9.634514451026916504e-01 -6.249843835830688477e-01 -1.755864858627319336e+00 -1.631544232368469238e-01 2.981744408607482910e-01 1.896270662546157837e-01 -3.843124866485595703e+00 4.403591752052307129e-01 8.216594457626342773e-01 -3.636919260025024414e+00 -3.224445581436157227e+00
8.989318013191223145e-01 -5.692174434661865234e-01 -2.129806280136108398e+00 -7.783830165863037109e-01 1.669058322906494141e+00 3.139349818229675293e-01 -7.485249042510986328e-01 -1.863826036453247070e+00 1.009563922882080078e+00 -9.734981060028076172e-01 -6.831575632095336914e-01 -1.680094718933105469e+00 -2.968606948852539062e-01 2.987277209758758545e-01 1.427971720695495605e-01 -3.692969322204589844e+00 3.090991973876953125e-01 7.721198201179504395e-01 -3.852819681167602539e+00 -2.945743560791015625e+00
8.190016150474548340e-01 -6.579151153564453125e-01 -2.068850994110107422e+00 -7.097403407096862793e-01 1.683485865592956543e+00 4.767245650291442871e-01 -4.448445141315460205e-01 -1.986714959144592285e+00 9.235429167747497559e-01 -1.170239090919494629e+00 -5.063930749893188477e-01 -1.510223507881164551e+00 -4.666737020015716553e-01 1.014932319521903992e-01 2.528408169746398926e-01 -3.489618301391601562e+00 3.179221749305725098e-01 4.987079501152038574e-01 -3.877984762191772461e+00 -3.202143192291259766e+00
8.141668438911437988e-01 -5.875942111015319824e-01 -1.971605777740478516e+00 -5.333203673362731934e-01 1.709624052047729492e+00 3.324118852615356445e-01 -4.859673976898193359e-01 -2.157979249954223633e+00 9.448072314262390137e-01 -1.086205005645751953e+00 -5.613926053047180176e-01 -1.562932014465332031e+00 -6.748107671737670898e-01 1.566675603389739990e-01 7.289102673530578613e-02 -3.464667081832885742e+00 2.999974787235260010e-01 9.742914438247680664e-01 -3.659013271331787109e+00 -3.277014970779418945e+00
7.939247488975524902e-01 -6.886772513389587402e-01 -1.976695060729980469e+00 -6.446849703788757324e-01 1.726851105690002441e+00 2.522208094596862793e-01 -5.094843506813049316e-01 -1.986987471580505371e+00 7.261900901794433594e-01 -1.068934679031372070e+00 -4.995957016944885254e-01 -1.259964823722839355e+00 -4.507293701171875000e-01 4.064072370529174805e-01 3.967897593975067139e-02 -3.466832399368286133e+00 3.158563375473022461e-01 9.519286751747131348e-01 -3.753141164779663086e+00 -3.155048608779907227e+00
9.305976033210754395e-01 -6.594164371490478516e-01 -2.038872480392456055e+00 -7.569628357887268066e-01 1.859337091445922852e+00 3.426110446453094482e-01 -6.950255632400512695e-01 -1.991382122039794922e+00 8.264442682266235352e-01 -9.758808612823486328e-01 -6.051115393638610840e-01 -1.381233453750610352e+00 -4.995551109313964844e-01 1.981002688407897949e-01 1.637848466634750366e-02 -3.423999547958374023e+00 5.644722282886505127e-02 9.437083005905151367e-01 -3.828172683715820312e+00 -2.991546154022216797e+00
1.367600560188293457e+00 -2.082354068756103516e+00 -9.946369528770446777e-01 7.602625489234924316e-01 1.222493052482604980e+00 -4.356329515576362610e-02 -2.748721361160278320e+00 1.455368638038635254e+00 2.828286588191986084e-01 3.494071364402770996e-01 -1.935291290283203125e+00 -7.447301745414733887e-01 -2.753260135650634766e+00 1.044452428817749023e+00 4.414850771427154541e-01 -3.273633480072021484e+00 6.313131004571914673e-02 6.122452616691589355e-01 -4.501293182373046875e+00 -3.944034576416015625e-01
1.098642349243164062e+00 -1.532429218292236328e+00 -1.719926357269287109e+00 -7.174307107925415039e-01 1.318585038185119629e+00 2.600966095924377441e-01 5.299804732203483582e-02 -2.132572650909423828e+00 1.271657496690750122e-01 -1.723527908325195312e+00 -1.574962258338928223e+00 -8.922941088676452637e-01 -2.238023996353149414e+00 -1.994120627641677856e-01 -1.820824027061462402e+00 -2.062927722930908203e+00 -1.121857881546020508e+00 1.091413974761962891e+00 -3.493493795394897461e+00 -2.082339763641357422e+00
-7.646995782852172852e-01 1.416980862617492676e+00 1.131985187530517578e+00 -4.982750415802001953e+00 3.102221727371215820e+00 -4.826646447181701660e-01 -1.434395909309387207e+00 -2.211910188198089600e-01 -3.156395852565765381e-01 -8.058331161737442017e-02 -2.141611814498901367e+00 -1.345020383596420288e-01 -2.005115747451782227e+00 2.089249610900878906e+00 -3.425262928009033203e+00 -5.089444667100906372e-02 -3.806771278381347656e+00 -1.627905726432800293e+00 -2.550983428955078125e+00 -6.196321249008178711e-01
-4.817977547645568848e-01 4.179930686950683594e+00 8.350882530212402344e-01 2.747098922729492188e+00 2.093317270278930664e+00 4.628073215484619141e+00 -5.337579727172851562e+00 -5.107233524322509766e-01 2.131486177444458008e+00 1.850513696670532227e+00 3.350894212722778320e+00 3.507898569107055664e+00 2.518255949020385742e+00 3.839317321777343750e+00 -3.415568590164184570e+00 -3.156146049499511719e+00 7.488911151885986328e-01 -5.478096604347229004e-01 -1.638307690620422363e+00 -3.446363210678100586e+00
1.535124778747558594e+00 7.617053985595703125e+00 -1.374139666557312012e+00 7.606353759765625000e-01 1.878797173500061035e+00 1.558959007263183594e+00 -4.795200347900390625e+00 -3.061362743377685547e+00 1.497492194175720215e+00 -2.781764507293701172e+00 5.653683543205261230e-01 4.182064533233642578e-01 2.427914142608642578e+00 5.315404891967773438e+00 -3.773980140686035156e+00 3.040888309478759766e+00 -1.501633763313293457e+00 3.731362819671630859e+00 -3.973460435867309570e+00 -1.826810836791992188e+00
3.616652250289916992e+00 3.802473068237304688e+00 4.130592823028564453e+00 3.077835798263549805e+00 -3.611708432435989380e-02 6.635972499847412109e+00 -6.802869319915771484e+00 2.748750925064086914e+00 7.899062037467956543e-01 -1.606810569763183594e+00 -3.821599006652832031e+00 5.539180755615234375e+00 -3.134924650192260742e+00 -8.102468252182006836e-01 -1.434731602668762207e+00 -3.283848762512207031e-01 -1.056984782218933105e+00 4.383599758148193359e+00 -3.898471593856811523e+00 8.121054768562316895e-01
-4.464444890618324280e-02 2.629410624504089355e-01 -1.487081944942474365e-01 -7.264578938484191895e-01 1.674115777015686035e+00 8.074450492858886719e-01 -1.148968458175659180e+00 3.846036195755004883e+00 1.996128261089324951e-01 3.838558912277221680e+00 -2.230194568634033203e+00 -1.878219366073608398e+00 4.903227329254150391e+00 -2.516578733921051025e-01 3.168805837631225586e+00 -6.289939880371093750e+00 3.225993871688842773e+00 1.781766057014465332e+00 -1.685214996337890625e+00 6.365854263305664062e+00
2.780293464660644531e+00 8.724738955497741699e-01 1.389274280518293381e-02 7.973136901855468750e-01 1.095786809921264648e+00 5.326124429702758789e-01 -7.899543046951293945e-01 1.745804846286773682e-01 -2.970277070999145508e+00 -2.528127193450927734e+00 -4.187261760234832764e-01 -3.070866107940673828e+00 2.090750932693481445e+00 1.088393688201904297e+00 2.625901937484741211e+00 -3.714714765548706055e+00 7.067598700523376465e-01 -7.186436653137207031e-02 1.890441179275512695e+00 7.612656593322753906e+00
-5.613127946853637695e-01 1.306269764900207520e+00 3.199632167816162109e+00 -3.423408508300781250e+00 2.354727029800415039e+00 3.759770870208740234e+00 8.831236958503723145e-01 6.999493837356567383e-01 -4.534961581230163574e-01 -5.143846035003662109e+00 8.969700932502746582e-01 4.564728260040283203e+00 3.282011747360229492e+00 1.315226316452026367e+00 4.589560627937316895e-01 -1.959395647048950195e+00 -2.860088825225830078e+00 -3.910112857818603516e+00 1.750149965286254883e+00 -2.176867276430130005e-01
2.192778587341308594e+00 -5.233960151672363281e-01 -4.247499406337738037e-01 1.112684309482574463e-01 5.906641483306884766e-01 -2.944067001342773438e+00 3.193578481674194336e+00 -1.857318401336669922e+00 -1.991522669792175293e+00 2.204487323760986328e+00 -1.744686961174011230e+00 2.663947582244873047e+00 -4.602089405059814453e+00 -2.852601528167724609e+00 -2.079340696334838867e+00 2.197744131088256836e+00 5.453054308891296387e-01 1.185761019587516785e-01 3.567861557006835938e+00 -2.706832885742187500e+00
-5.027597427368164062e+00 -1.987979531288146973e+00 -1.574932970106601715e-02 5.218433856964111328e+00 2.004200458526611328e+00 -1.067802071571350098e+00 -1.406048536300659180e+00 1.476430147886276245e-01 2.448480844497680664e+00 4.996756836771965027e-02 1.024915099143981934e+00 -4.559039324522018433e-02 8.218843936920166016e-01 -9.436063766479492188e-01 -3.150184452533721924e-01 6.738580465316772461e-01 9.989231824874877930e-01 -2.154888153076171875e+00 -4.215101242065429688e+00 4.864997565746307373e-01
1.130513787269592285e+00 7.399878501892089844e-01 -1.734914541244506836e+00 4.088450074195861816e-01 4.034532070159912109e+00 -4.071136474609375000e+00 -2.319979429244995117e+00 -3.954752206802368164e+00 -1.698775887489318848e+00 -4.994808733463287354e-01 1.453345566987991333e-01 -1.636111021041870117e+00 3.305141329765319824e-01 -3.058137178421020508e+00 1.586875081062316895e+00 1.107493281364440918e+00 -1.550185799598693848e+00 -2.134809255599975586e+00 3.235878705978393555e+00 5.972506999969482422e-01
-2.062291622161865234e+00 5.467152595520019531e+00 -5.054329633712768555e-01 -3.340383768081665039e-01 8.683524727821350098e-01 -9.905448555946350098e-01 -3.207903623580932617e+00 4.295073986053466797e+00 -2.310703039169311523e+00 1.829005360603332520e+00 1.123605012893676758e+00 -5.156424045562744141e+00 3.830200433731079102e-01 -3.635045528411865234e+00 3.881056547164916992e+00 3.386281967163085938e+00 2.472055435180664062e+00 1.442216277122497559e+00 1.249547600746154785e+00 1.512350082397460938e+00
-1.699771583080291748e-01 -1.051246881484985352e+00 3.281569719314575195e+00 3.076747894287109375e+00 2.057742357254028320e+00 -4.025046348571777344e+00 -3.082062721252441406e+00 2.763120651245117188e+00 -1.596117019653320312e+00 4.368605613708496094e+00 1.063482999801635742e+00 -4.465961933135986328e+00 1.259610056877136230e+00 3.206092119216918945e-01 -2.351136445999145508e+00 2.368757724761962891e+00 -1.177794933319091797e+00 1.283973097801208496e+00 -1.340871751308441162e-01 -1.354701161384582520e+00
9.582880139350891113e-01 4.233965873718261719e+00 -1.407632946968078613e+00 2.262044668197631836e+00 2.543359041213989258e+00 -4.911162376403808594e+00 1.448221325874328613e+00 1.630416870117187500e+00 1.527641177177429199e+00 -4.972505569458007812e+00 1.346995830535888672e+00 -3.919581890106201172e+00 -3.469210624694824219e+00 -5.624065995216369629e-01 -1.034857612103223801e-02 -1.788503170013427734e+00 -4.514148235321044922e+00 1.656386375427246094e+00 1.532548069953918457e+00 -2.972710847854614258e+00
4.463480949401855469e+00 3.708675861358642578e+00 -5.221528410911560059e-01 -5.531846284866333008e-01 4.662648200988769531e+00 9.185777902603149414e-01 5.934721946716308594e+00 1.301581382751464844e+00 -8.757579326629638672e-01 1.650550216436386108e-01 1.783193647861480713e-01 5.921231746673583984e+00 2.554120540618896484e+00 -4.793274879455566406e+00 3.262197017669677734e+00 -7.012727856636047363e-01 2.345583438873291016e+00 2.496836662292480469e+00 2.283183336257934570e+00 -2.338241100311279297e+00
7.045932412147521973e-01 3.146216154098510742e+00 -3.446401119232177734e+00 -8.593647480010986328e-01 1.962937831878662109e+00 -1.211497068405151367e+00 -1.740041732788085938e+00 6.745839118957519531e-01 1.440090179443359375e+00 8.369194269180297852e-01 2.106376171112060547e+00 2.989996910095214844e+00 3.920238494873046875e+00 -5.285986661911010742e-01 2.346474170684814453e+00 3.277859091758728027e-01 2.364808320999145508e+00 -2.941480159759521484e+00 2.406541585922241211e+00 4.922374725341796875e+00
1.842434883117675781e+00 -5.237853527069091797e-01 2.174837589263916016e+00 -4.092889130115509033e-01 -1.435885667800903320e+00 2.018461465835571289e+00 5.626702308654785156e-01 4.841648101806640625e+00 -2.010370790958404541e-01 -1.000832676887512207e+00 -1.801868319511413574e+00 -6.476589441299438477e-01 2.142368078231811523e+00 -9.376715421676635742e-01 -2.139634132385253906e+00 -1.993475675582885742e+00 -3.912391662597656250e+00 4.432659149169921875e+00 -1.564165115356445312e+00 1.381526470184326172e+00
-1.897125124931335449e+00 2.102232694625854492e+00 -5.622868537902832031e+00 1.051244497299194336e+00 -5.167346954345703125e+00 3.552159309387207031e+00 -7.777669429779052734e-01 -3.895725011825561523e+00 -1.009387135505676270e+00 -3.246960163116455078e+00 2.758270740509033203e+00 5.881760597229003906e+00 3.010283470153808594e+00 -2.089777469635009766e+00 4.769269466400146484e+00 -2.914273738861083984e+00 -1.120354533195495605e+00 2.121994972229003906e+00 9.491516351699829102e-01 1.449367523193359375e+00
1.733358621597290039e+00 -1.498501539230346680e+00 5.372956752777099609e+00 1.155428409576416016e+00 4.221016541123390198e-02 4.521834373474121094e+00 -6.226724147796630859e+00 1.494997978210449219e+00 6.074253082275390625e+00 -4.396658390760421753e-02 7.792518287897109985e-02 3.486750423908233643e-01 -8.900563716888427734e-01 1.462245583534240723e+00 -1.152370214462280273e+00 -2.259096875786781311e-02 3.285962715744972229e-02 4.001135349273681641e+00 -3.758443117141723633e+00 3.637422084808349609e+00
-2.655980348587036133e+00 -6.026901602745056152e-01 2.288429975509643555e+00 -2.302474737167358398e+00 7.930461764335632324e-01 4.223103523254394531e+00 -2.599279403686523438e+00 2.656942367553710938e+00 3.665775537490844727e+00 1.807257652282714844e+00 -1.105982810258865356e-01 1.837547570466995239e-01 -4.951863765716552734e+00 2.198177337646484375e+00 -1.643284678459167480e+00 -4.046367645263671875e+00 -2.202162504196166992e+00 -7.834504246711730957e-01 -3.898397922515869141e+00 -4.433539867401123047e+00
-2.601765632629394531e+00 9.078879356384277344e-01 -2.285343647003173828e+00 -6.251371860504150391e+00 -2.664256334304809570e+00 -5.644946098327636719e+00 1.695853829383850098e+00 -4.236775040626525879e-01 -3.178131341934204102e+00 5.489122867584228516e+00 -2.531507313251495361e-01 -2.652677595615386963e-01 -4.875807762145996094e+00 3.634737730026245117e+00 1.216155171394348145e+00 6.738530993461608887e-01 2.007651805877685547e+00 7.149406433105468750e+00 -4.496154785156250000e+00 -4.244657516479492188e+00
3.205822706222534180e+00 1.992186307907104492e+00 -2.506162643432617188e+00 -3.207469940185546875e+00 1.622045159339904785e+00 -1.419058322906494141e+00 -1.913710713386535645e+00 -3.403527975082397461e+00 1.356033325195312500e+00 -3.271009683609008789e+00 -6.506987571716308594e+00 -9.306885600090026855e-01 -4.773933410644531250e+00 -9.151464700698852539e-01 -4.578874111175537109e+00 2.671507120132446289e+00 -5.135694980621337891e+00 9.012861847877502441e-01 -2.171251058578491211e+00 -5.767243504524230957e-01
4.972434520721435547e+00 2.567736864089965820e+00 -1.660991311073303223e+00 1.945057034492492676e+00 1.227712035179138184e+00 -3.639709949493408203e+00 -1.462920904159545898e+00 -2.997548818588256836e+00 1.360419631004333496e+00 -3.629322350025177002e-01 -3.219884395599365234e+00 3.166290760040283203e+00 -2.497600555419921875e+00 5.117676258087158203e+00 -2.453744649887084961e+00 -7.523488998413085938e-01 4.141003131866455078e+00 2.114802598953247070e+00 -4.608564853668212891e+00 -1.683692812919616699e+00
2.780757904052734375e+00 2.183663845062255859e+00 3.252346038818359375e+00 1.593306541442871094e+00 -4.175502061843872070e-01 -7.352107167243957520e-01 9.398832321166992188e-01 -4.007012367248535156e+00 -1.015658259391784668e+00 6.833927035331726074e-01 -2.242647886276245117e+00 1.319157242774963379e+00 -2.795278072357177734e+00 3.577489137649536133e+00 1.112722754478454590e+00 -3.828375339508056641e+00 -1.343564391136169434e+00 2.290331602096557617e+00 -2.743680238723754883e+00 -4.830841064453125000e+00
