-1.334860444068908691e+00 -1.562227606773376465e+00 4.974526762962341309e-01 -4.455268383026123047e+00 -7.544847011566162109e+00 6.523046970367431641e+00 1.328297376632690430e+00 -2.246363878250122070e+00 -3.397489786148071289e+00 3.244994401931762695e+00 4.554842472076416016e+00 -2.653423786163330078e+00 -4.024517059326171875e+00 -5.648036599159240723e-01 1.123379111289978027e+00 1.049089717864990234e+01 -4.376589775085449219e+00 1.605427384376525879e+00 -3.934128284454345703e+00 5.294109821319580078e+00
5.571937561035156250e+00 4.678664207458496094e+00 1.484823822975158691e+00 3.819253444671630859e+00 6.575616359710693359e+00 1.499498367309570312e+00 -5.183010578155517578e+00 7.012904167175292969e+00 -2.724952995777130127e-01 -1.334119141101837158e-01 9.648435115814208984e-01 6.995813369750976562e+00 6.176313757896423340e-01 -2.402040481567382812e+00 1.262710952758789062e+01 -7.251434326171875000e+00 -1.919832468032836914e+00 8.530860900878906250e+00 -5.151334762573242188e+00 -2.249304771423339844e+00
-2.415156841278076172e+00 7.921219468116760254e-01 7.203245162963867188e-01 2.174207925796508789e+00 1.527370929718017578e+00 2.882628440856933594e+00 -6.754370331764221191e-01 -3.096235036849975586e+00 5.508814334869384766e+00 -1.795486807823181152e+00 -3.201759815216064453e+00 -2.535277605056762695e+00 4.413767755031585693e-01 2.855304241180419922e+00 4.027188777923583984e+00 -4.280195236206054688e-01 1.033926367759704590e+00 -9.132403135299682617e-01 -1.689560770988464355e+00 -3.142381191253662109e+00
4.289391994476318359e+00 2.870963513851165771e-01 -7.494729012250900269e-02 8.245957374572753906e+00 -8.245246887207031250e+00 1.026015400886535645e+00 -8.223478198051452637e-01 7.549156546592712402e-01 5.253754615783691406e+00 -1.585814237594604492e+00 -6.421279907226562500e-01 3.796862065792083740e-01 1.062980055809020996e+00 1.646577119827270508e-01 -2.248253583908081055e+00 1.141713380813598633e+00 2.528187274932861328e+00 -2.138028740882873535e-01 -1.604062199592590332e+00 2.849628925323486328e+00
-5.976940631866455078e+00 2.797946214675903320e+00 -2.215924978256225586e+00 -1.379340291023254395e-01 4.615328788757324219e+00 1.504865765571594238e+00 -8.167593955993652344e+00 1.084950923919677734e+00 4.236734211444854736e-01 -7.287630081176757812e+00 -3.582145452499389648e+00 -2.090862989425659180e+00 -1.644066810607910156e+00 -1.433674812316894531e+00 -5.551166534423828125e+00 6.042715549468994141e+00 -6.903545856475830078e-01 -3.873972415924072266e+00 4.305061340332031250e+00 6.340208053588867188e-01
-1.802250504493713379e+00 -3.900197267532348633e+00 -1.271904230117797852e+00 -2.145891904830932617e+00 5.916842937469482422e+00 1.605749130249023438e+00 -2.642830908298492432e-01 3.935937404632568359e+00 -4.970045566558837891e+00 -8.862106323242187500e+00 3.795010805130004883e+00 -2.938569784164428711e+00 -8.955860137939453125e-01 -1.347890734672546387e+00 -1.382979273796081543e+00 1.010080814361572266e+01 -6.091122627258300781e+00 -1.100784587860107422e+01 2.207180500030517578e+00 -6.595104694366455078e+00
1.371439456939697266e+01 -7.364337444305419922e-01 2.892345666885375977e+00 4.448391437530517578e+00 -5.495274543762207031e+00 5.130716323852539062e+00 2.058142185211181641e+00 -1.142027568817138672e+01 -1.524260044097900391e+00 6.235262393951416016e+00 -6.888128757476806641e+00 -1.564221382141113281e-01 1.058836650848388672e+01 -1.230025410652160645e+00 -3.286417961120605469e+00 1.405415725708007812e+01 -2.925421714782714844e+00 -2.836443662643432617e+00 6.453614234924316406e+00 -1.312461614608764648e+00
2.287607431411743164e+00 4.605586528778076172e+00 5.404731273651123047e+00 -4.361639618873596191e-01 3.912837743759155273e+00 1.412728214263916016e+01 1.332533478736877441e+00 -1.685091257095336914e+00 8.530931472778320312e-01 4.112880229949951172e+00 1.178493380546569824e+00 3.064323902130126953e+00 2.772779941558837891e+00 -1.894304156303405762e+00 -4.030786991119384766e+00 3.573324978351593018e-01 -7.617135047912597656e-01 9.484732151031494141e-02 -9.243091940879821777e-01 8.141460418701171875e-01
1.999021887779235840e+00 -3.330836772918701172e+00 -1.174332499504089355e+00 -3.692514419555664062e+00 3.707679808139801025e-01 8.109761238098144531e+00 -1.966321617364883423e-01 3.112230300903320312e+00 4.282185554504394531e+00 5.373354434967041016e+00 -5.923707485198974609e+00 -3.376741409301757812e+00 -9.116417884826660156e+00 -3.163269758224487305e+00 -1.015943431854248047e+01 1.681975603103637695e+00 -1.931390613317489624e-01 2.472290277481079102e+00 2.086201906204223633e+00 -4.383740425109863281e+00
-6.718359947204589844e+00 1.359235167503356934e+00 -4.354803085327148438e+00 1.940406560897827148e+00 -8.715699195861816406e+00 -7.312332153320312500e+00 -6.754427909851074219e+00 1.343388080596923828e+00 3.577064871788024902e-01 -8.801301002502441406e+00 1.067934632301330566e+00 6.571893095970153809e-01 3.344486057758331299e-01 6.383927345275878906e+00 3.956054449081420898e+00 1.018564105033874512e+00 -2.905301332473754883e+00 -2.756116867065429688e+00 -2.489380121231079102e+00 -6.743243694305419922e+00
-2.514659881591796875e+00 -5.285329341888427734e+00 3.658026456832885742e-01 1.311467647552490234e+00 -2.808976359665393829e-02 7.122396469116210938e+00 -1.166908860206604004e+00 1.695635318756103516e-01 2.271075487136840820e+00 8.628137707710266113e-01 3.079589843750000000e+00 -3.288658380508422852e+00 -4.111845791339874268e-01 2.514591217041015625e+00 7.740863323211669922e+00 -4.515869915485382080e-01 2.036782026290893555e+00 2.302326679229736328e+00 3.468802452087402344e+00 8.786413669586181641e-01
-1.188879132270812988e+00 -1.723791956901550293e-01 -3.824649095535278320e+00 -2.754838168621063232e-01 -6.882486343383789062e-01 3.497066020965576172e+00 -1.134215116500854492e+00 -3.332706212997436523e+00 5.175149917602539062e+00 -2.085264921188354492e+00 -9.834088683128356934e-01 -3.956694364547729492e+00 -5.189550876617431641e+00 4.400586605072021484e+00 1.620103240013122559e+00 3.487009108066558838e-01 4.261305332183837891e+00 -1.544248223304748535e+00 -2.072577238082885742e+00 -5.193406581878662109e+00
-3.871764898300170898e+00 6.997382044792175293e-01 -5.842035293579101562e+00 1.763394117355346680e+00 -1.074504852294921875e+00 4.238829612731933594e+00 -2.365241050720214844e+00 -1.619637131690979004e+00 -5.551894664764404297e+00 -7.522270679473876953e+00 2.587604045867919922e+00 -7.271716594696044922e-01 1.739253997802734375e+00 -1.477854847908020020e+00 -1.079938769340515137e+00 -1.882858157157897949e+00 4.732488155364990234e+00 1.829609870910644531e+00 4.706763625144958496e-01 -5.534402728080749512e-01
-2.091095447540283203e+00 -1.626864433288574219e+00 -7.977872371673583984e+00 1.545718312263488770e+00 -2.276968002319335938e+00 2.621347427368164062e+00 4.938100337982177734e+00 2.478294134140014648e+00 -5.117652416229248047e+00 -7.880267620086669922e+00 -1.591322898864746094e+00 -7.865581512451171875e+00 5.196154594421386719e+00 -2.709588527679443359e+00 -1.336179733276367188e+00 -1.353215932846069336e+00 3.820693254470825195e+00 -2.361513614654541016e+00 -2.136290967464447021e-01 -1.707783460617065430e+00
-3.856188774108886719e+00 6.471248149871826172e+00 -2.901268005371093750e+00 8.521471023559570312e+00 4.258718013763427734e+00 -2.385179758071899414e+00 -2.434840917587280273e+00 9.192332267761230469e+00 -2.293416500091552734e+00 -3.157606124877929688e+00 -1.400164127349853516e+00 -1.135124683380126953e+00 2.233306884765625000e+00 -6.025021553039550781e+00 7.017378330230712891e+00 1.002291107177734375e+01 7.428396701812744141e+00 -2.750907421112060547e+00 8.514919281005859375e+00 -3.897904872894287109e+00
-3.203210115432739258e+00 5.095292568206787109e+00 3.424578189849853516e+00 1.043069076538085938e+01 -7.379321575164794922e+00 -1.621584773063659668e+00 7.066164016723632812e+00 4.177266359329223633e-01 -1.934359431266784668e+00 4.350917816162109375e+00 5.775156021118164062e+00 -3.417598724365234375e+00 -8.949069976806640625e+00 -2.996591106057167053e-02 -1.154264926910400391e+00 1.914084672927856445e+00 -8.222593307495117188e+00 3.401284933090209961e+00 8.344688415527343750e+00 8.425375074148178101e-02
-5.120583057403564453e+00 1.984623193740844727e+00 -3.249259948730468750e+00 5.334978103637695312e-01 2.143145799636840820e+00 4.243090152740478516e+00 5.130142346024513245e-02 -5.402572631835937500e+00 -2.289652824401855469e+00 2.156646490097045898e+00 7.046168446540832520e-01 -3.651599407196044922e+00 -9.565760493278503418e-01 -1.170401287078857422e+01 1.856418013572692871e+00 5.892902374267578125e+00 -2.756497859954833984e+00 8.284102439880371094e+00 -4.951953291893005371e-01 -1.609787791967391968e-01
4.864571571350097656e+00 6.620093584060668945e-01 -1.990763783454895020e+00 -4.274158000946044922e+00 4.758099555969238281e+00 -2.279188632965087891e+00 3.470824718475341797e+00 4.506507396697998047e+00 2.387808561325073242e-01 -1.634788990020751953e+00 -5.117465496063232422e+00 8.416261672973632812e+00 2.519777774810791016e+00 5.686524868011474609e+00 7.974963665008544922e+00 -5.952935218811035156e+00 -3.947890102863311768e-01 9.388353347778320312e+00 5.389722585678100586e-01 -1.135701298713684082e+00
-2.666564226150512695e+00 -6.500964164733886719e+00 -1.915543675422668457e+00 1.419092297554016113e+00 1.423249363899230957e+00 7.329256057739257812e+00 -3.697634220123291016e+00 -1.014914274215698242e+00 1.820707082748413086e+00 2.518990993499755859e+00 1.916595458984375000e+00 -1.422913193702697754e+00 -3.461622714996337891e+00 1.228643178939819336e+00 8.327806472778320312e+00 -1.047543525695800781e+00 1.609639406204223633e+00 1.549166083335876465e+00 4.775690078735351562e+00 1.972894668579101562e+00
-2.439585924148559570e+00 -3.005171537399291992e+00 -2.273641109466552734e+00 2.899473346769809723e-02 1.109619379043579102e+00 2.183700799942016602e+00 1.617081403732299805e+00 -4.163634777069091797e+00 1.004310798645019531e+01 -3.102968692779541016e+00 -8.756828904151916504e-01 7.980517148971557617e-01 -1.429722547531127930e+00 5.769946098327636719e+00 7.439159870147705078e+00 3.478028297424316406e+00 1.106601119041442871e+00 -2.961506128311157227e+00 -2.717606723308563232e-01 -4.142611980438232422e+00
-3.632470369338989258e+00 -1.566879153251647949e+00 -6.345618724822998047e+00 -2.287327766418457031e+00 5.767211914062500000e-01 1.185852169990539551e+00 5.065780162811279297e+00 -2.291600257158279419e-01 3.348569154739379883e+00 -5.340409874916076660e-01 2.940819978713989258e+00 4.881312370300292969e+00 -1.211206316947937012e+00 9.305551052093505859e-01 1.721769571304321289e+00 6.212385296821594238e-01 4.124005794525146484e+00 -6.164182186126708984e+00 7.262027263641357422e-01 2.093351602554321289e+00
-8.373610377311706543e-01 -3.449744582176208496e-01 -6.502791404724121094e+00 5.769829750061035156e+00 -3.040970563888549805e+00 9.992309808731079102e-01 2.881446480751037598e-01 3.874205052852630615e-01 -9.172093272209167480e-01 1.777540445327758789e-01 -1.482180953025817871e+00 1.466318488121032715e+00 -4.036464691162109375e+00 3.632442057132720947e-01 1.873550653457641602e+00 3.146813631057739258e+00 6.508244514465332031e+00 -4.309498786926269531e+00 -6.783934116363525391e+00 -1.019679188728332520e+00
-5.205117225646972656e+00 -4.305233955383300781e+00 -2.525074481964111328e+00 8.919439315795898438e+00 1.750934720039367676e+00 -1.972136199474334717e-01 2.841100692749023438e+00 6.018213033676147461e-01 4.948564767837524414e-01 -2.507960081100463867e+00 -5.841433048248291016e+00 1.116747111082077026e-01 -3.289938926696777344e+00 6.344277858734130859e-01 -1.346936583518981934e+00 3.859147787094116211e+00 2.509346961975097656e+00 -4.013864040374755859e+00 -3.849295139312744141e+00 4.352057456970214844e+00
-6.089724063873291016e+00 -4.773399829864501953e+00 -1.027990579605102539e+00 8.193572044372558594e+00 -7.491975426673889160e-01 8.278628587722778320e-01 4.196038722991943359e+00 2.092051267623901367e+00 -2.369354963302612305e+00 -2.827011823654174805e+00 -6.546642780303955078e+00 4.499766826629638672e+00 -5.736321926116943359e+00 -1.528243780136108398e+00 -7.278242707252502441e-01 -7.788687944412231445e-01 1.008481383323669434e+00 -3.505330324172973633e+00 -5.149062275886535645e-01 3.004660367965698242e+00
-6.147968292236328125e+00 -2.780464887619018555e+00 -3.985387980937957764e-01 4.387171745300292969e+00 3.047500610351562500e+00 -2.361539840698242188e+00 4.374589920043945312e+00 2.683262526988983154e-02 1.733620613813400269e-01 9.136677980422973633e-01 -4.208799362182617188e+00 -3.412155389785766602e+00 3.662451207637786865e-01 1.966508507728576660e+00 -1.783211231231689453e+00 6.366285085678100586e-01 3.119562387466430664e+00 -2.170740365982055664e+00 -3.415598154067993164e+00 2.481400489807128906e+00
-6.318504810333251953e+00 -2.047985315322875977e+00 1.468568325042724609e+00 4.477086544036865234e+00 -9.725119471549987793e-01 -2.240764141082763672e+00 1.419349431991577148e+00 2.107036352157592773e+00 -3.862941026687622070e+00 1.213394522666931152e+00 -2.343194246292114258e+00 1.057425379753112793e+00 -2.108964681625366211e+00 -1.894300937652587891e+00 -1.765161871910095215e+00 8.339210748672485352e-01 4.855036735534667969e+00 -1.174484133720397949e+00 3.207034990191459656e-02 1.246786832809448242e+00
-3.947085857391357422e+00 -3.457243442535400391e+00 9.660500288009643555e-01 2.318598508834838867e+00 -2.526994705200195312e+00 -2.020753622055053711e+00 2.204527616500854492e+00 1.164435505867004395e+00 -2.570101976394653320e+00 -1.504141569137573242e+00 -2.915461659431457520e-01 5.599049329757690430e-01 2.269492149353027344e-01 1.767930269241333008e+00 -4.485047817230224609e+00 1.802232861518859863e+00 5.397845745086669922e+00 1.693196296691894531e+00 -7.524806857109069824e-01 -2.474654912948608398e-01
-4.829147338867187500e+00 -3.619472980499267578e+00 1.408170461654663086e+00 2.044233322143554688e+00 -3.317929983139038086e+00 -2.463356494903564453e+00 2.030834436416625977e+00 1.384778380393981934e+00 -2.929180860519409180e+00 -1.483579516410827637e+00 2.862232625484466553e-01 1.963533043861389160e+00 -3.167264163494110107e-01 1.955911636352539062e+00 -5.028070926666259766e+00 1.849476456642150879e+00 3.153655290603637695e+00 2.635752439498901367e+00 -1.261068582534790039e+00 9.024792313575744629e-01
2.784142971038818359e+00 4.764635086059570312e+00 -3.023626089096069336e+00 -1.698837161064147949e+00 -2.335066795349121094e+00 -9.342071413993835449e-02 2.171342611312866211e+00 3.360900163650512695e+00 -1.723408460617065430e+00 -1.718024909496307373e-01 1.503908336162567139e-01 2.529085159301757812e+00 -4.333659648895263672e+00 4.042803287506103516e+00 -9.762371182441711426e-01 2.916551828384399414e+00 4.393848896026611328e+00 2.688611984252929688e+00 -1.663761138916015625e+00 3.491333007812500000e+00
-8.016515970230102539e-01 5.188328742980957031e+00 -7.917695641517639160e-01 -4.951690673828125000e+00 -1.406803369522094727e+00 1.161482930183410645e+00 6.607226848602294922e+00 2.132830858230590820e+00 1.125967025756835938e+00 5.805231928825378418e-01 -2.163473844528198242e+00 -4.840734958648681641e+00 -3.935189247131347656e+00 1.388525366783142090e+00 6.548637151718139648e-01 -1.921040654182434082e+00 4.193632125854492188e+00 -4.340188503265380859e+00 -7.608007192611694336e-01 3.487680435180664062e+00
7.360920906066894531e-01 3.856544017791748047e+00 -7.261797428131103516e+00 -3.167355537414550781e+00 -2.388616800308227539e+00 1.159547090530395508e+00 -2.697663307189941406e+00 6.919515728950500488e-01 -2.890592098236083984e+00 -4.668665885925292969e+00 2.176868021488189697e-01 -3.239601850509643555e+00 2.048526257276535034e-01 3.066637754440307617e+00 -6.659215688705444336e-01 -1.574842095375061035e+00 2.817734479904174805e+00 -3.248606443405151367e+00 3.473804950714111328e+00 5.412217617034912109e+00
-4.542576313018798828e+00 -2.729224860668182373e-01 -7.053088188171386719e+00 -7.993398308753967285e-01 -2.673685789108276367e+00 3.324749708175659180e+00 9.838944673538208008e-02 5.466588973999023438e+00 -9.059461593627929688e+00 1.998834609985351562e+00 -4.881111145019531250e+00 -2.473430782556533813e-01 6.783990859985351562e+00 5.866384029388427734e+00 -2.310045480728149414e+00 -2.822084426879882812e+00 -1.031553745269775391e+00 -4.159616470336914062e+00 3.595131158828735352e+00 -4.906825542449951172e+00
3.392509460449218750e+00 -3.409071445465087891e+00 -4.634260654449462891e+00 9.513453841209411621e-01 1.208387613296508789e+00 3.196074247360229492e+00 2.493438482284545898e+00 1.170897102355957031e+01 -3.848567485809326172e+00 -3.360875129699707031e+00 -5.045275211334228516e+00 1.574364304542541504e-01 2.983604192733764648e+00 9.432446479797363281e+00 9.353963732719421387e-01 -2.991459131240844727e+00 -3.246859788894653320e+00 -5.968981266021728516e+00 2.539416313171386719e+00 5.207377433776855469e+00
1.796315908432006836e+00 -4.976946830749511719e+00 3.989402294158935547e+00 2.175177097320556641e+00 4.664825439453125000e+00 -2.880417823791503906e+00 -5.382530689239501953e+00 7.305472850799560547e+00 1.601943492889404297e+00 5.036314487457275391e+00 6.453935146331787109e+00 -7.384566783905029297e+00 -3.804968357086181641e+00 -3.873310804367065430e+00 -2.441185235977172852e+00 2.313016653060913086e+00 -2.704133272171020508e+00 -7.402061223983764648e-01 -5.172241687774658203e+00 7.597488403320312500e+00
1.895092606544494629e+00 -1.527404546737670898e+00 -3.810929775238037109e+00 -2.095501422882080078e+00 2.118372678756713867e+00 -8.684143424034118652e-02 -1.327358484268188477e+00 7.643849372863769531e+00 5.133577823638916016e+00 3.022313356399536133e+00 -2.922125339508056641e+00 -6.656043529510498047e-01 5.122974872589111328e+00 -4.215955734252929688e+00 -3.196570649743080139e-02 5.004840373992919922e+00 -7.175416469573974609e+00 3.812694072723388672e+00 4.527029514312744141e+00 3.481774330139160156e+00
-3.792353391647338867e+00 7.931663036346435547e+00 -6.920356273651123047e+00 -1.069932222366333008e+00 -1.821205973625183105e+00 1.329761314392089844e+01 -8.267700195312500000e+00 -4.459102153778076172e+00 -1.472915887832641602e+00 4.959791004657745361e-01 -1.092465162277221680e+00 -2.442349672317504883e+00 -8.023250579833984375e+00 5.810782313346862793e-01 -6.177133560180664062e+00 4.977752208709716797e+00 5.164436340332031250e+00 -2.069963663816452026e-01 1.194412040710449219e+01 2.699452877044677734e+00
-2.753659248352050781e+00 -7.141988277435302734e+00 -4.513319492340087891e+00 1.581741094589233398e+00 2.352022409439086914e+00 7.718251228332519531e+00 -4.703215122222900391e+00 -1.935430049896240234e+00 1.645717978477478027e+00 3.252740859985351562e+00 3.351485013961791992e+00 -9.080320596694946289e-01 -3.015367984771728516e+00 1.370066165924072266e+00 6.918186664581298828e+00 -1.344750881195068359e+00 2.838518917560577393e-01 1.325221300125122070e+00 4.859504699707031250e+00 2.034079551696777344e+00
-3.413214206695556641e+00 -6.231219291687011719e+00 -2.677903890609741211e+00 2.188127994537353516e+00 -4.507726430892944336e-01 3.086941242218017578e+00 2.435377120971679688e+00 -1.371414184570312500e+00 7.824019432067871094e+00 -8.336231112480163574e-01 2.736367702484130859e+00 -5.934629917144775391e+00 -1.414575695991516113e+00 4.886416912078857422e+00 1.005488586425781250e+01 1.921197652816772461e+00 2.301708221435546875e+00 4.064179658889770508e-01 2.225948333740234375e+00 -3.054051876068115234e+00
-5.118960380554199219e+00 -6.191332340240478516e-01 -4.981380939483642578e+00 -2.281089067459106445e+00 -3.050978183746337891e-01 5.033441781997680664e-01 4.392539501190185547e+00 -2.503098964691162109e+00 3.877951622009277344e+00 -1.191024303436279297e+00 2.788741111755371094e+00 5.629068851470947266e+00 -9.433481097221374512e-01 1.864982247352600098e+00 2.224399328231811523e+00 1.871485471725463867e+00 3.912041902542114258e+00 -4.458967685699462891e+00 1.369544982910156250e+00 2.183071851730346680e+00
-8.927445411682128906e-01 -3.284653425216674805e+00 -8.989398956298828125e+00 8.574220657348632812e+00 -2.472630023956298828e+00 1.561624526977539062e+00 -4.548056125640869141e-01 -2.050321340560913086e+00 1.329163551330566406e+00 2.814519405364990234e-02 1.501866579055786133e+00 2.511348724365234375e+00 2.194066494703292847e-01 1.699892163276672363e+00 -1.189650058746337891e+00 3.563454389572143555e+00 4.714462757110595703e+00 -5.068373680114746094e+00 -7.433403491973876953e+00 4.709167480468750000e-01
-3.308395147323608398e+00 2.867030620574951172e+00 -7.933416843414306641e+00 7.136959075927734375e+00 -4.689800739288330078e+00 5.202736258506774902e-01 -4.166740417480468750e+00 1.045349687337875366e-01 -2.079707860946655273e+00 1.955797195434570312e+00 -6.074822425842285156e+00 3.944033145904541016e+00 -2.940487384796142578e+00 -2.013712167739868164e+00 3.880795717239379883e+00 4.503035068511962891e+00 4.504942417144775391e+00 -3.608204364776611328e+00 -2.925916194915771484e+00 2.508435249328613281e+00
-4.806344985961914062e+00 -1.764842033386230469e+00 9.927569627761840820e-01 8.413121223449707031e+00 -2.493340730667114258e+00 1.447094082832336426e-01 2.660798072814941406e+00 2.503633499145507812e+00 -1.114855885505676270e+00 -4.826298713684082031e+00 -6.817140579223632812e+00 3.407022237777709961e+00 -4.279818534851074219e+00 -1.133086204528808594e+00 1.772166728973388672e+00 6.578903198242187500e+00 3.655103921890258789e+00 -2.085430622100830078e+00 2.820247113704681396e-01 6.847424983978271484e+00
7.956622242927551270e-01 -2.683235406875610352e+00 -2.878007888793945312e+00 4.530038833618164062e+00 -3.735137701034545898e+00 1.307351469993591309e+00 4.274355888366699219e+00 -2.664329528808593750e+00 -8.581171989440917969e+00 -1.958577990531921387e+00 -1.227141284942626953e+01 2.242657899856567383e+00 -2.508823394775390625e+00 1.501535773277282715e+00 1.444677114486694336e-01 3.985263109207153320e+00 2.908411502838134766e+00 -2.737823486328125000e+00 1.062565669417381287e-01 9.681823730468750000e+00
-6.256692409515380859e+00 -5.534610748291015625e+00 5.367554426193237305e-01 -2.157863378524780273e+00 -1.028269410133361816e+00 -2.937015771865844727e+00 2.422708511352539062e+00 -2.152420282363891602e+00 -4.361567497253417969e+00 -7.185754179954528809e-01 -4.256391048431396484e+00 -1.470127701759338379e+00 2.008773088455200195e+00 2.459162950515747070e+00 -3.801058053970336914e+00 3.838312149047851562e+00 6.260939598083496094e+00 3.273358821868896484e+00 1.035300374031066895e+00 4.083460330963134766e+00
-6.464907646179199219e+00 -5.088502883911132812e+00 1.255454063415527344e+00 -4.213958382606506348e-01 -2.458090782165527344e+00 -3.605674028396606445e+00 2.012357473373413086e+00 -1.730616927146911621e+00 -1.939853310585021973e+00 3.037325143814086914e-01 -2.750143527984619141e+00 -6.403604745864868164e-01 1.430598616600036621e+00 2.492914915084838867e+00 -5.181623458862304688e+00 7.471834421157836914e-01 2.985803127288818359e+00 2.999164104461669922e+00 -1.326527148485183716e-01 4.796167373657226562e+00
-6.899468421936035156e+00 1.772028684616088867e+00 1.230999350547790527e+00 -1.047139883041381836e+00 -4.705146312713623047e+00 -1.692011833190917969e+00 -3.102062940597534180e+00 -3.737968802452087402e-01 -2.542707443237304688e+00 9.651762843132019043e-01 -1.509869217872619629e+00 -6.134251117706298828e+00 1.362689852714538574e+00 5.004629135131835938e+00 -1.658583760261535645e+00 -4.693745672702789307e-01 1.709496498107910156e+00 -2.472818374633789062e+00 -1.338995933532714844e+00 9.883567690849304199e-01
7.742669582366943359e-01 2.208327054977416992e+00 4.692625701427459717e-01 -2.877150774002075195e+00 9.030483961105346680e-01 1.516273021697998047e+00 2.719179153442382812e+00 2.047821521759033203e+00 -1.154342412948608398e+00 3.312793374061584473e-01 -3.838570356369018555e+00 4.363470077514648438e-01 -4.632620334625244141e+00 3.133073329925537109e+00 2.525597095489501953e+00 -2.948811650276184082e-01 2.208854436874389648e+00 1.031381130218505859e+00 -2.431085109710693359e+00 2.078642129898071289e+00
-4.958720207214355469e+00 -2.547935247421264648e+00 3.533310651779174805e+00 -3.888369083404541016e+00 5.742832422256469727e-01 3.577391624450683594e+00 4.177851676940917969e+00 2.081398010253906250e+00 -6.447160840034484863e-01 -5.491525650024414062e+00 -4.402459144592285156e+00 3.100634813308715820e-01 -3.309960842132568359e+00 5.114322185516357422e+00 6.311655044555664062e+00 9.883747696876525879e-01 5.596011281013488770e-01 6.721895694732666016e+00 -1.115477085113525391e+00 9.794771671295166016e-01
-1.153475165367126465e+00 2.993001937866210938e+00 -4.140454769134521484e+00 -4.940524578094482422e+00 2.826652117073535919e-02 1.697371482849121094e+00 -2.707808494567871094e+00 4.130194187164306641e+00 -2.185679912567138672e+00 -6.391590118408203125e+00 9.649395942687988281e-01 -2.372840404510498047e+00 -1.012379884719848633e+00 4.861874580383300781e+00 6.264926791191101074e-01 -1.615732192993164062e+00 9.385526776313781738e-01 -1.187219619750976562e+00 2.718619585037231445e+00 6.674155235290527344e+00
-7.117608070373535156e+00 4.103557109832763672e+00 -5.247645854949951172e+00 1.252114295959472656e+00 -3.860200881958007812e+00 3.018368959426879883e+00 -4.537352621555328369e-01 4.246989727020263672e+00 -3.403531551361083984e+00 -2.727879285812377930e+00 -2.888765573501586914e+00 -3.713974952697753906e+00 3.516683816909790039e+00 2.100073575973510742e+00 1.703074216842651367e+00 -4.972045898437500000e+00 -1.209859132766723633e+00 8.696328401565551758e-01 -5.887994766235351562e+00 1.249396204948425293e+00
2.941204071044921875e+00 4.597948551177978516e+00 -5.345785617828369141e+00 6.320941448211669922e+00 1.179284572601318359e+01 -4.205856800079345703e+00 -5.157437324523925781e-01 2.005535364151000977e+00 -4.206599712371826172e+00 -9.274818003177642822e-02 -2.199818640947341919e-01 -5.412422657012939453e+00 -4.443186759948730469e+00 8.839316368103027344e+00 1.172920823097229004e+00 4.353883266448974609e-01 3.194325447082519531e+00 -1.031333565711975098e+00 6.023352622985839844e+00 5.722727775573730469e+00
6.358153820037841797e-01 -6.956152915954589844e-01 2.283278942108154297e+00 5.802060127258300781e+00 -1.021513557434082031e+01 2.950231313705444336e+00 1.174654345959424973e-02 1.048167896270751953e+01 5.528942108154296875e+00 -6.428389072418212891e+00 -2.428180932998657227e+00 -1.673889160156250000e+00 -4.531748771667480469e+00 -3.991526365280151367e+00 -1.670884728431701660e+00 -2.390337228775024414e+00 -7.701805591583251953e+00 -5.424564361572265625e+00 -6.840830802917480469e+00 9.279351234436035156e+00
1.125794410705566406e+00 3.346723318099975586e-01 -3.728077650070190430e+00 -2.590343475341796875e+00 2.481373786926269531e+00 1.124834343791007996e-01 -7.726485133171081543e-01 8.596683502197265625e+00 5.286279201507568359e+00 4.114409923553466797e+00 -2.236193895339965820e+00 -1.384689331054687500e+00 4.869334220886230469e+00 -3.478015899658203125e+00 -3.759675323963165283e-01 5.207506656646728516e+00 -7.634005069732666016e+00 2.923738718032836914e+00 2.328968524932861328e+00 3.783822774887084961e+00
-2.956233978271484375e+00 -7.453978538513183594e+00 -8.433911323547363281e+00 -1.769801020622253418e+00 -5.070055961608886719e+00 1.142844390869140625e+01 7.103372097015380859e+00 1.481416344642639160e+00 2.544734239578247070e+00 1.412211775779724121e+00 -1.297225093841552734e+01 -3.780543804168701172e+00 -1.342352104187011719e+01 1.429782962799072266e+01 -2.581585407257080078e+00 2.425867319107055664e+00 1.288365006446838379e+00 4.383825302124023438e+00 -1.195441007614135742e+00 6.358633041381835938e+00
-3.088928222656250000e+00 -6.712138652801513672e+00 -4.736688613891601562e+00 2.580437421798706055e+00 3.141954660415649414e+00 8.013529777526855469e+00 -5.981089115142822266e+00 -2.038375139236450195e+00 1.479129195213317871e+00 3.163926601409912109e+00 9.726425409317016602e-01 -9.954728931188583374e-02 -2.813163995742797852e+00 3.892422616481781006e-01 7.683180332183837891e+00 -3.141137838363647461e+00 5.045578479766845703e-01 1.715021967887878418e+00 5.148250102996826172e+00 3.863174915313720703e+00
-3.312997579574584961e+00 -7.566089153289794922e+00 -3.595654249191284180e+00 1.161161184310913086e+00 -3.100426197052001953e-01 3.580200195312500000e+00 2.674212217330932617e+00 -1.792035102844238281e+00 7.661881446838378906e+00 8.428497910499572754e-01 3.913974285125732422e+00 -7.755689620971679688e+00 -1.321626067161560059e+00 4.370230674743652344e+00 1.090559864044189453e+01 1.148085474967956543e+00 2.049273729324340820e+00 8.466221094131469727e-01 4.437449455261230469e+00 -7.097321152687072754e-01
-5.932812213897705078e+00 7.860685586929321289e-01 -4.840895652770996094e+00 -2.107133865356445312e+00 9.996011257171630859e-01 -7.744796574115753174e-03 5.662805080413818359e+00 -2.247812032699584961e+00 4.434020996093750000e+00 -5.392006635665893555e-01 2.323826074600219727e+00 5.805330276489257812e+00 -5.061887502670288086e-01 2.251558780670166016e+00 4.501444816589355469e+00 1.907438397407531738e+00 3.733634710311889648e+00 -4.040369033813476562e+00 1.683946847915649414e+00 2.183954715728759766e+00
-5.662167072296142578e+00 4.414004683494567871e-01 -4.314177036285400391e+00 -2.085855007171630859e+00 1.140217304229736328e+00 -2.884907647967338562e-02 4.431399822235107422e+00 -2.234299659729003906e+00 4.901991367340087891e+00 -2.957117557525634766e-01 3.493620872497558594e+00 5.721910953521728516e+00 -1.611998081207275391e-01 2.684950351715087891e+00 2.829180479049682617e+00 2.022504568099975586e+00 3.441419363021850586e+00 -5.081011295318603516e+00 1.380210369825363159e-01 1.529230475425720215e+00
-5.761122226715087891e+00 -5.506234765052795410e-01 -4.531608581542968750e+00 -1.384116411209106445e+00 1.236670315265655518e-01 2.898749411106109619e-01 4.163507938385009766e+00 -2.459732770919799805e+00 4.614659309387207031e+00 8.288541436195373535e-02 2.068517684936523438e+00 5.815799713134765625e+00 -7.442578673362731934e-01 2.293837070465087891e+00 2.516803264617919922e+00 1.519211173057556152e+00 3.866995573043823242e+00 -5.286463260650634766e+00 -4.786489903926849365e-02 2.207038640975952148e+00
-5.001444816589355469e+00 -6.475723981857299805e-01 -4.745141506195068359e+00 -1.934484601020812988e+00 1.082556173205375671e-01 2.292212843894958496e-01 4.813662528991699219e+00 -1.702747583389282227e+00 4.250071525573730469e+00 -9.616446495056152344e-01 2.594559669494628906e+00 5.741128921508789062e+00 -7.820796966552734375e-01 1.855445265769958496e+00 3.661397218704223633e+00 1.624766707420349121e+00 3.908044338226318359e+00 -4.794244766235351562e+00 1.318677067756652832e+00 1.828522801399230957e+00
-3.742180585861206055e+00 -8.298602104187011719e-01 -3.179344654083251953e+00 2.313306331634521484e+00 -6.040533065795898438e+00 9.372384071350097656e+00 -8.643335700035095215e-01 -1.730870306491851807e-01 5.229740619659423828e+00 -1.395100712776184082e+00 -4.508847236633300781e+00 -1.731584787368774414e+00 2.159076213836669922e+00 3.368828296661376953e+00 3.928229570388793945e+00 3.481106519699096680e+00 5.477433204650878906e-01 -4.670969009399414062e+00 1.213674426078796387e+00 -2.420114994049072266e+00
-5.292438030242919922e+00 -3.453906252980232239e-02 -4.636014938354492188e+00 -1.960323452949523926e+00 1.487291604280471802e-01 3.627987205982208252e-01 4.402629852294921875e+00 -1.922184944152832031e+00 4.056761741638183594e+00 -2.330653220415115356e-01 1.765303969383239746e+00 5.438413143157958984e+00 -1.590720295906066895e+00 2.333936691284179688e+00 3.960553884506225586e+00 1.649298667907714844e+00 4.093178272247314453e+00 -4.690808296203613281e+00 9.881387352943420410e-01 1.550180315971374512e+00
-1.946578979492187500e+00 -1.355959773063659668e-01 -1.546207189559936523e+00 1.074432969093322754e+00 -6.752161979675292969e-01 1.166778087615966797e+00 1.338840723037719727e+00 -3.322588205337524414e+00 6.756365299224853516e+00 -1.881746530532836914e+00 6.174435615539550781e-01 2.240750551223754883e+00 -4.239550590515136719e+00 5.510167598724365234e+00 6.197568416595458984e+00 1.755109071731567383e+00 3.739244222640991211e+00 -4.885555267333984375e+00 7.703182697296142578e-01 6.028240919113159180e-01
-5.949870109558105469e+00 1.372479945421218872e-01 -4.701934337615966797e+00 -2.572941303253173828e+00 -2.939520403742790222e-02 2.824480533599853516e-01 4.895050048828125000e+00 -2.464437246322631836e+00 3.312489986419677734e+00 -7.860135436058044434e-01 2.326915025711059570e+00 5.636484146118164062e+00 -1.384318947792053223e+00 1.933512210845947266e+00 2.742180109024047852e+00 1.746172547340393066e+00 3.399613857269287109e+00 -4.330750942230224609e+00 1.414994239807128906e+00 2.262595653533935547e+00
-5.216911792755126953e+00 -1.055156812071800232e-01 -5.256514549255371094e+00 -2.506570339202880859e+00 -1.410808116197586060e-01 3.920512199401855469e-01 4.833218097686767578e+00 -1.297060132026672363e+00 4.840838432312011719e+00 -5.474653840065002441e-01 2.518656253814697266e+00 5.024405002593994141e+00 -1.277091622352600098e+00 2.519760847091674805e+00 2.153406143188476562e+00 2.045771837234497070e+00 4.287889957427978516e+00 -4.066659450531005859e+00 1.141407012939453125e+00 2.925530910491943359e+00
-5.080307006835937500e+00 -7.228372693061828613e-01 -5.507973670959472656e+00 -2.569974184036254883e+00 -9.345216155052185059e-01 3.625934422016143799e-01 4.157039642333984375e+00 -2.342973709106445312e+00 4.526183605194091797e+00 -9.482825398445129395e-01 2.568979263305664062e+00 4.789569377899169922e+00 -1.477408170700073242e+00 2.024073839187622070e+00 2.619046926498413086e+00 2.219545125961303711e+00 4.369825363159179688e+00 -4.370744705200195312e+00 1.644274353981018066e+00 1.731484174728393555e+00
-5.078777790069580078e+00 -6.789820194244384766e-01 -5.757363796234130859e+00 -2.234359741210937500e+00 -2.744396328926086426e-01 3.363951742649078369e-01 3.661041021347045898e+00 -2.593344688415527344e+00 4.203457832336425781e+00 -1.752936601638793945e+00 2.800547122955322266e+00 5.324419021606445312e+00 -1.315840125083923340e+00 1.653238892555236816e+00 2.470993995666503906e+00 1.941553115844726562e+00 4.108351707458496094e+00 -4.515237808227539062e+00 1.438135862350463867e+00 2.362106084823608398e+00
-5.533332347869873047e+00 -7.348925471305847168e-01 -5.560012340545654297e+00 -2.349339008331298828e+00 -3.136565983295440674e-01 2.988261878490447998e-01 4.855657577514648438e+00 -2.675240516662597656e+00 3.940370798110961914e+00 -5.644144415855407715e-01 2.883838176727294922e+00 5.097945213317871094e+00 -1.230845212936401367e+00 1.822456002235412598e+00 2.628123760223388672e+00 2.385844469070434570e+00 3.594855546951293945e+00 -4.614593982696533203e+00 1.419869184494018555e+00 1.823122501373291016e+00
-5.196510314941406250e+00 -4.863033890724182129e-01 -4.964443206787109375e+00 -2.243195056915283203e+00 -3.309368193149566650e-01 1.885233446955680847e-02 4.174966812133789062e+00 -2.020027160644531250e+00 4.497553825378417969e+00 -6.834422349929809570e-01 3.129988193511962891e+00 4.649410724639892578e+00 -1.899770975112915039e+00 1.814267635345458984e+00 2.948645830154418945e+00 1.933537244796752930e+00 4.101587295532226562e+00 -4.144447803497314453e+00 1.558231472969055176e+00 2.028056144714355469e+00
-4.512103080749511719e+00 7.842624783515930176e-01 -3.580650091171264648e+00 -8.375042080879211426e-01 4.091027081012725830e-01 1.299404382705688477e+00 3.441668510437011719e+00 -1.525194883346557617e+00 5.602492809295654297e+00 -6.842414140701293945e-01 3.078144311904907227e+00 3.897876977920532227e+00 -1.263261675834655762e+00 3.327351093292236328e+00 3.326070547103881836e+00 1.181076049804687500e+00 5.334795951843261719e+00 -5.163775920867919922e+00 2.496670961380004883e+00 1.268398910760879517e-01
-5.954269409179687500e+00 -1.139001965522766113e+00 -4.258504867553710938e+00 -2.736979722976684570e+00 -2.332350015640258789e-01 6.013373136520385742e-01 4.339157104492187500e+00 -1.616480588912963867e+00 4.367768764495849609e+00 -8.451222777366638184e-01 2.575539350509643555e+00 5.027203559875488281e+00 -1.684203982353210449e+00 2.607075691223144531e+00 2.772319555282592773e+00 1.515071511268615723e+00 3.683884859085083008e+00 -5.059971332550048828e+00 1.312062978744506836e+00 2.414740562438964844e+00
-6.283820152282714844e+00 -5.645600318908691406e+00 -6.753894329071044922e+00 1.223580956459045410e+00 9.150645732879638672e-01 2.780091285705566406e+00 4.576323330402374268e-01 -8.238180875778198242e-01 -3.439031124114990234e+00 -1.092009067535400391e+00 -1.918867945671081543e+00 5.131118297576904297e+00 -2.443637996912002563e-01 2.869040012359619141e+00 2.376729726791381836e+00 4.442058086395263672e+00 1.423473596572875977e+00 -6.068924427032470703e+00 -3.642511606216430664e+00 -4.209755420684814453e+00
-5.931642532348632812e+00 1.484987974166870117e+00 -6.699000835418701172e+00 9.861625671386718750e+00 -4.774971008300781250e+00 1.406356692314147949e-01 -1.357060909271240234e+00 -5.083355903625488281e+00 2.006078720092773438e+00 -1.447837233543395996e+00 -6.211078166961669922e+00 2.275235414505004883e+00 -7.256390899419784546e-02 -1.387091398239135742e+00 4.867037296295166016e+00 3.953058481216430664e+00 1.703568249940872192e-01 -1.512905836105346680e+00 -2.727726221084594727e+00 5.584884643554687500e+00
-8.779257774353027344e+00 -2.668343305587768555e+00 -1.602135419845581055e+00 1.122998332977294922e+01 -2.862765073776245117e+00 1.852316617965698242e+00 -1.440075874328613281e+00 -5.551378250122070312e+00 8.589382767677307129e-01 -6.632724761962890625e+00 -2.459441184997558594e+00 3.680597066879272461e+00 -1.610768079757690430e+00 8.291093707084655762e-01 -1.571438908576965332e+00 6.705967903137207031e+00 2.705821275711059570e+00 -6.065188050270080566e-01 1.160977482795715332e+00 6.188213825225830078e+00
-5.817637920379638672e+00 -2.781876564025878906e+00 -5.408600330352783203e+00 5.391152858734130859e+00 -6.963625431060791016e+00 1.090230941772460938e+00 -2.140379905700683594e+00 -2.562334060668945312e+00 -7.571451187133789062e+00 -6.091732025146484375e+00 -7.659147739410400391e+00 4.007030963897705078e+00 -4.970223426818847656e+00 -8.134728670120239258e-01 5.756378173828125000e-01 5.922136306762695312e+00 3.085810840129852295e-01 -1.318624615669250488e+00 5.925117492675781250e+00 6.733603000640869141e+00
-4.530618190765380859e+00 -7.473545074462890625e+00 2.306040287017822266e+00 -1.691120862960815430e+00 -2.504523992538452148e-01 -3.219737052917480469e+00 1.656572937965393066e+00 -2.884701490402221680e+00 -6.747648715972900391e+00 -1.724342823028564453e+00 -6.332437515258789062e+00 -3.288784742355346680e+00 2.807337939739227295e-01 5.507850646972656250e-02 -3.331432580947875977e+00 6.388572216033935547e+00 8.797302246093750000e+00 2.219235181808471680e+00 2.724190235137939453e+00 5.776204586029052734e+00
-7.028674125671386719e+00 -2.281998634338378906e+00 4.667437076568603516e+00 -4.125367641448974609e+00 -2.945726394653320312e+00 -2.559819698333740234e+00 -1.370428562164306641e+00 -3.182869553565979004e-01 -4.531056880950927734e+00 1.237491369247436523e+00 -4.750099182128906250e+00 -3.707977294921875000e+00 3.027251720428466797e+00 3.661405146121978760e-01 -2.482913732528686523e+00 1.314074039459228516e+00 8.213791847229003906e+00 1.745048463344573975e-01 3.753492593765258789e+00 1.656037449836730957e+00
-6.008883953094482422e+00 -4.637959003448486328e+00 3.515851736068725586e+00 -2.096470355987548828e+00 -4.552886486053466797e+00 -1.071663379669189453e+00 -5.431252956390380859e+00 3.586128473281860352e+00 -3.181237936019897461e+00 3.500960350036621094e+00 -8.056167960166931152e-01 4.595007300376892090e-01 7.159101486206054688e+00 4.591456890106201172e+00 -1.419104695320129395e+00 6.463423967361450195e-01 6.747482299804687500e+00 1.129139304161071777e+00 1.225656509399414062e+00 1.865523815155029297e+00
2.252628803253173828e+00 -5.395223498344421387e-01 3.790153980255126953e+00 -1.971181631088256836e+00 -7.828730106353759766e+00 1.829086899757385254e+00 -1.803620934486389160e+00 5.425698280334472656e+00 -1.508441925048828125e+00 -3.061118125915527344e+00 -8.856843113899230957e-01 3.194962501525878906e+00 -3.798657894134521484e+00 3.563922882080078125e+00 1.219167828559875488e+00 -1.971365213394165039e+00 9.634826183319091797e-01 -3.096891641616821289e+00 5.362743854522705078e+00 -2.691321372985839844e-01
-7.033200263977050781e-01 3.134395122528076172e+00 -2.077511310577392578e+00 2.471807599067687988e-02 4.924591064453125000e+00 5.903844833374023438e+00 1.485442817211151123e-01 8.134215354919433594e+00 -7.574276328086853027e-01 -2.692588090896606445e+00 -2.646404981613159180e+00 -6.107795238494873047e-01 -3.150891780853271484e+00 2.541946649551391602e+00 7.323510646820068359e+00 4.178398132324218750e+00 3.870968818664550781e+00 9.342011451721191406e+00 8.935576081275939941e-01 -1.815277099609375000e+00
-6.719527840614318848e-01 -4.946569442749023438e+00 2.649312019348144531e+00 6.228252053260803223e-01 8.659370541572570801e-01 5.329018115997314453e+00 -6.741548538208007812e+00 1.502535343170166016e+00 -7.275414466857910156e+00 -1.967133760452270508e+00 -1.891558170318603516e-01 1.191311955451965332e+00 -1.271799206733703613e+00 8.074859619140625000e+00 5.710331439971923828e+00 -1.487114429473876953e+00 -1.512559056282043457e+00 3.505077362060546875e+00 -3.112608671188354492e+00 4.743741512298583984e+00
-2.975852251052856445e+00 -3.007070720195770264e-01 -5.191010951995849609e+00 5.213254451751708984e+00 6.767755985260009766e+00 -1.461023688316345215e-01 3.427324771881103516e+00 1.519819378852844238e+00 -5.032249927520751953e+00 5.384068012237548828e+00 -2.863936901092529297e+00 2.083828926086425781e+00 -8.849598765373229980e-01 1.031358337402343750e+01 -2.576117277145385742e+00 2.959782361984252930e+00 4.511284530162811279e-01 8.402023315429687500e+00 1.022078275680541992e+00 -6.319038391113281250e+00
6.680032014846801758e-01 -3.341297149658203125e+00 -6.866031289100646973e-01 -1.830368280410766602e+00 1.328410021960735321e-02 3.696872711181640625e+00 6.016065597534179688e+00 3.992989540100097656e+00 -1.115091419219970703e+01 -3.274195194244384766e-01 1.273829579353332520e+00 -9.340732097625732422e-01 1.917868137359619141e+00 5.171882152557373047e+00 1.013575077056884766e+01 -1.115581631660461426e+00 1.627733945846557617e+00 -3.327405452728271484e+00 -2.919549942016601562e+00 7.199711799621582031e+00
6.424096584320068359e+00 -7.492500782012939453e+00 -4.821469306945800781e+00 -2.697821140289306641e+00 7.354866504669189453e+00 -1.347990608215332031e+01 -1.296705245971679688e+01 3.067142248153686523e+00 -4.220984458923339844e+00 2.898691594600677490e-01 3.697762727737426758e+00 5.674426555633544922e+00 5.162234783172607422e+00 -6.569719314575195312e+00 9.485392570495605469e+00 -9.055966377258300781e+00 -8.712709426879882812e+00 2.578776121139526367e+00 -1.323435115814208984e+01 1.601615786552429199e+00
-4.113652229309082031e+00 1.044543743133544922e+00 -9.021046161651611328e-01 -3.995143890380859375e+00 -1.244138740003108978e-02 -1.166305616497993469e-01 -1.358770728111267090e+00 -4.617455005645751953e+00 -2.284590244293212891e+00 -4.154480457305908203e+00 -8.282642364501953125e-01 -2.362703561782836914e+00 1.598218679428100586e+00 -3.157811164855957031e+00 -4.259755611419677734e+00 2.037656068801879883e+00 2.577074527740478516e+00 -4.217143535614013672e+00 9.325016140937805176e-01 -2.126244306564331055e+00
1.314621090888977051e+00 -4.093143463134765625e+00 -1.874203205108642578e+00 3.794095039367675781e+00 1.367057085037231445e+00 5.789997577667236328e-01 -3.435187339782714844e+00 -9.681484103202819824e-02 -5.916078567504882812e+00 6.384744048118591309e-01 -8.362526893615722656e-01 2.723434865474700928e-01 -3.910533428192138672e+00 2.271309852600097656e+00 -3.317550659179687500e+00 1.774813771247863770e+00 2.317896366119384766e+00 1.604086607694625854e-01 2.383374452590942383e+00 3.948092937469482422e+00
8.874044418334960938e-01 2.224992752075195312e+00 3.656134128570556641e+00 5.381917953491210938e-01 6.402155160903930664e-01 2.431545257568359375e+00 2.924589633941650391e+00 -2.501639842987060547e+00 4.779080867767333984e+00 -7.892441749572753906e-01 -6.458960771560668945e-01 2.607082366943359375e+00 2.908559799194335938e+00 -2.138984203338623047e+00 4.847847223281860352e-01 3.653640747070312500e+00 3.401561021804809570e+00 5.755582451820373535e-01 -2.130134105682373047e+00 6.327576637268066406e-01
-4.470116138458251953e+00 -2.395081520080566406e+00 -3.483513355255126953e+00 2.282549887895584106e-01 2.971296310424804688e+00 -2.449335813522338867e+00 -3.614807844161987305e+00 1.630378723144531250e+00 -2.327436208724975586e+00 9.803014397621154785e-01 -3.606179237365722656e+00 3.064055204391479492e+00 -2.828980445861816406e+00 3.146621227264404297e+00 7.505414485931396484e+00 -2.153821945190429688e+00 -2.249378681182861328e+00 3.286297619342803955e-02 -1.964301586151123047e+00 2.129447460174560547e+00
-2.325820684432983398e+00 1.395174115896224976e-01 -4.642489433288574219e+00 1.269542872905731201e-01 -1.726773262023925781e+00 1.127535343170166016e+01 8.487552404403686523e-01 -4.433673858642578125e+00 -1.172344565391540527e+00 -5.162297725677490234e+00 -1.872860193252563477e+00 -4.530478477478027344e+00 -2.534647703170776367e+00 -1.375859022140502930e+00 2.809988558292388916e-01 4.234614968299865723e-01 2.117047786712646484e+00 -2.506438493728637695e+00 -1.146615266799926758e+00 2.622878789901733398e+00
-1.026299667358398438e+01 2.214096069335937500e+00 -1.911899209022521973e+00 -5.819475650787353516e-01 -3.607398033142089844e+00 -2.095070362091064453e+00 -4.308533191680908203e+00 5.913132429122924805e-01 7.485200881958007812e+00 -2.949152708053588867e+00 -5.578782081604003906e+00 3.052475452423095703e+00 -3.922333717346191406e+00 7.637426376342773438e+00 6.464021205902099609e-01 8.625224113464355469e+00 4.932874202728271484e+00 -8.773463964462280273e-01 -2.973922729492187500e+00 -3.819061279296875000e+00
4.830103397369384766e+00 9.107862472534179688e+00 -4.108360767364501953e+00 -1.940092444419860840e+00 -1.952422142028808594e+00 1.161528468132019043e+00 2.170541286468505859e+00 1.218346500396728516e+01 2.041378498077392578e+00 -1.087148380279541016e+01 -4.370845794677734375e+00 2.005718469619750977e+00 -3.869820833206176758e+00 -3.371060490608215332e-01 -2.451367378234863281e+00 9.824208259582519531e+00 2.821498155593872070e+00 -8.338638305664062500e+00 7.359109401702880859e+00 -3.425187587738037109e+00
-4.865297317504882812e+00 1.783500015735626221e-01 -6.840672969818115234e+00 7.004082202911376953e+00 -1.605913341045379639e-01 -3.020788908004760742e+00 1.897100567817687988e+00 2.435141086578369141e+00 6.325735569000244141e+00 -1.083880305290222168e+00 -2.222360610961914062e+00 1.149054288864135742e+00 -2.923592329025268555e+00 6.517648696899414062e+00 6.410526633262634277e-01 5.808805942535400391e+00 4.397808074951171875e+00 -5.638138294219970703e+00 -4.536693572998046875e+00 5.438997745513916016e+00
-4.821452617645263672e+00 -1.124762415885925293e+00 -2.753343820571899414e+00 3.647228240966796875e+00 -5.026608705520629883e-01 -5.698031187057495117e-01 1.117272496223449707e+00 1.964695453643798828e+00 4.342084407806396484e+00 -1.563780307769775391e+00 -4.249283790588378906e+00 1.017216563224792480e+00 -7.536776065826416016e+00 3.749007225036621094e+00 1.218266844749450684e+00 4.649615287780761719e+00 2.276336669921875000e+00 -1.072595500946044922e+01 -5.645498275756835938e+00 3.526816129684448242e+00
-7.602778911590576172e+00 8.211521148681640625e+00 -1.876807093620300293e+00 -5.218331217765808105e-01 3.437189102172851562e+00 8.770741224288940430e-01 3.424056053161621094e+00 -1.887554764747619629e+00 -3.078540325164794922e+00 -7.543414592742919922e+00 -2.160329818725585938e+00 -4.614562511444091797e+00 -3.053142547607421875e+00 1.527509927749633789e+00 6.356089711189270020e-01 1.955947995185852051e+00 2.247743606567382812e+00 -9.433402061462402344e+00 7.969975948333740234e+00 -5.931952476501464844e+00
