1.307208824157714844e+01 3.227124452590942383e+00 4.735909938812255859e+00 1.049406147003173828e+01 -4.029318988323211670e-01 -1.247307300567626953e+00 8.012496948242187500e+00 -3.090663194656372070e+00 -1.841113567352294922e+00 5.265893936157226562e-01 5.444831371307373047e+00 7.204619884490966797e+00 -1.662364721298217773e+00 -1.106323146820068359e+01 -3.109302043914794922e+00 -3.253705024719238281e+00 -5.434962272644042969e+00 -9.098699569702148438e+00 -2.419487386941909790e-01 3.389549255371093750e+00
-3.459183692932128906e+00 -1.209672927856445312e+01 1.441785907745361328e+01 3.896182060241699219e+00 -2.987837076187133789e+00 6.583693504333496094e+00 1.182377099990844727e+00 -6.406902790069580078e+00 -2.641182184219360352e+00 4.416638851165771484e+00 4.915963709354400635e-01 2.205707550048828125e+01 1.385481953620910645e+00 -9.905077934265136719e+00 -2.567179441452026367e+00 -1.508621811866760254e+00 -1.234447836875915527e+00 3.598963499069213867e+00 1.669020843505859375e+01 -1.500950813293457031e+01
5.542218208312988281e+00 -3.014979839324951172e+00 -1.392559051513671875e+00 5.222305059432983398e-01 1.168972849845886230e-01 3.746966600418090820e+00 -6.190721511840820312e+00 -1.901737809181213379e+00 -2.236021518707275391e+00 -1.293927788734436035e+00 1.933325171470642090e+00 9.027936935424804688e+00 -2.024343013763427734e+00 2.568369209766387939e-01 3.445625901222229004e-01 8.019467592239379883e-01 -6.327547550201416016e+00 -3.284559845924377441e-01 -1.340355157852172852e+00 -3.730228900909423828e+00
-5.540744066238403320e-01 -2.079780578613281250e+00 -1.756494522094726562e+00 2.146587818861007690e-01 9.473434686660766602e-01 5.400458335876464844e+00 -1.888221979141235352e+00 -8.061818122863769531e+00 7.811302661895751953e+00 1.950286269187927246e+00 2.193261146545410156e+00 -4.414631843566894531e+00 6.286963462829589844e+00 -6.490179151296615601e-02 -8.264587402343750000e+00 9.548997879028320312e-01 -9.190581321716308594e+00 -4.328898429870605469e+00 6.078639984130859375e+00 -8.962618827819824219e+00
1.508906602859497070e+00 -3.860110282897949219e+00 7.448925971984863281e+00 -3.439048290252685547e+00 -8.938091993331909180e-01 1.214392566680908203e+01 -1.160394477844238281e+01 -5.424959659576416016e+00 1.090860724449157715e+00 4.446561813354492188e+00 -6.531425118446350098e-01 -1.049643516540527344e+00 7.511944975703954697e-03 -1.120833492279052734e+01 -8.262281417846679688e+00 -8.137915611267089844e+00 -3.008322238922119141e+00 -7.129784107208251953e+00 1.546176791191101074e+00 -2.124274969100952148e-01
1.149613618850708008e+00 4.417384624481201172e+00 1.314543056488037109e+01 6.686724662780761719e+00 -5.636553287506103516e+00 9.129196166992187500e+00 2.359537363052368164e+00 3.597895383834838867e+00 -4.983200073242187500e+00 -9.350361824035644531e-01 5.944059371948242188e+00 3.531767606735229492e+00 6.177931785583496094e+00 -9.234269142150878906e+00 -1.759962081909179688e+01 -9.527840614318847656e+00 2.872971773147583008e+00 5.361712932586669922e+00 8.721516728401184082e-01 1.398171424865722656e+01
3.729408979415893555e+00 -6.134562969207763672e+00 -8.827627182006835938e+00 4.752808570861816406e+00 -1.162807178497314453e+01 -2.551158189773559570e+00 5.058157444000244141e+00 6.481710433959960938e+00 1.582717132568359375e+01 -8.948654174804687500e+00 -1.775549054145812988e+00 -1.291348457336425781e+01 2.929883241653442383e+00 -6.104371547698974609e-01 -1.395458412170410156e+01 1.086710214614868164e+00 -3.649779796600341797e+00 2.312420368194580078e+00 -1.193840312957763672e+01 3.205712437629699707e-01
7.391159057617187500e+00 -4.422059059143066406e+00 1.733903646469116211e+00 1.178271007537841797e+01 -5.338761329650878906e+00 -7.899277687072753906e+00 -1.951057434082031250e+00 -5.910133361816406250e+00 -2.765357196331024170e-01 5.085441589355468750e+00 -5.756646633148193359e+00 -4.647351741790771484e+00 -5.845609307289123535e-01 -3.258349657058715820e+00 -5.183228969573974609e+00 2.421217918395996094e+00 2.283137798309326172e+00 4.607046127319335938e+00 3.089730024337768555e+00 -3.483488321304321289e+00
2.797367811203002930e+00 1.052166557312011719e+01 4.561119556427001953e+00 8.101411819458007812e+00 -4.240527629852294922e+00 -3.385218381881713867e+00 1.628303527832031250e+00 7.579426765441894531e+00 2.951884984970092773e+00 5.488058090209960938e+00 2.819876194000244141e+00 -1.303550720214843750e+01 -1.575858354568481445e+00 3.028213679790496826e-01 7.235050201416015625e+00 1.833862781524658203e+00 -4.729334354400634766e+00 -1.786266088485717773e+00 -1.079585671424865723e+00 -8.222332954406738281e+00
-2.877654552459716797e+00 1.500657320022583008e+00 4.126769065856933594e+00 2.336899042129516602e+00 -6.110604286193847656e+00 -4.013759642839431763e-02 -2.313414096832275391e+00 -1.112268328666687012e+00 -1.155695533752441406e+01 -1.541842079162597656e+01 3.931186199188232422e+00 1.325286769866943359e+01 -2.646029710769653320e+00 -8.107564449310302734e-01 -8.757929801940917969e+00 -2.326588869094848633e+00 6.700890541076660156e+00 -6.874011516571044922e+00 1.434045600891113281e+01 7.922095775604248047e+00
9.295865058898925781e+00 -4.776625633239746094e+00 -6.211468577384948730e-01 2.067789793014526367e+00 -4.564974308013916016e+00 -1.561719417572021484e+00 -9.504350662231445312e+00 4.068581104278564453e+00 -6.364378929138183594e+00 1.012660741806030273e+00 5.822510242462158203e+00 8.289442062377929688e+00 -6.186707019805908203e-01 6.015404701232910156e+00 1.599926590919494629e+00 -1.488936424255371094e+00 -1.172985315322875977e+00 1.938882708549499512e+00 -3.492125988006591797e+00 -1.366953492164611816e+00
9.786627769470214844e+00 1.133646249771118164e+00 -1.113323569297790527e+00 -2.653456449508666992e+00 2.108547925949096680e+00 3.800255775451660156e+00 1.669545888900756836e+00 -1.511093020439147949e+00 3.339302539825439453e-01 3.124273717403411865e-01 -5.140141118317842484e-03 5.839510917663574219e+00 6.975085258483886719e+00 3.824755191802978516e+00 -1.967488527297973633e-01 4.018103599548339844e+00 -1.327374553680419922e+01 -6.090962409973144531e+00 -1.246355056762695312e+00 -1.666221618652343750e+00
2.901030540466308594e+00 4.168315410614013672e+00 -1.423554658889770508e+00 -7.503511309623718262e-01 -2.675688266754150391e+00 5.310635566711425781e+00 -9.712259769439697266e-01 9.806227087974548340e-01 1.670079469680786133e+00 5.501578330993652344e+00 -2.132198333740234375e+00 3.960037708282470703e+00 1.326201820373535156e+01 -5.017949581146240234e+00 -4.170611202716827393e-01 -2.292527258396148682e-01 2.916084825992584229e-01 -6.783045291900634766e+00 -9.257115364074707031e+00 3.593358993530273438e-01
6.666070938110351562e+00 -1.906780481338500977e+00 5.236539840698242188e+00 -5.729422092437744141e+00 -9.513955116271972656e-01 9.055798530578613281e+00 -3.661559581756591797e+00 3.667032241821289062e+00 1.028466939926147461e+00 2.116771459579467773e+00 -3.366757869720458984e+00 9.871212244033813477e-01 1.592364311218261719e+01 -4.475945949554443359e+00 9.557648301124572754e-01 -5.178393840789794922e+00 3.585032463073730469e+00 -8.612004280090332031e+00 -4.581193447113037109e+00 5.485036373138427734e-01
6.661859154701232910e-01 2.990209817886352539e+00 2.329425334930419922e+00 -1.228471755981445312e+01 1.365638971328735352e+00 1.327167034149169922e+01 -1.267296981811523438e+01 -2.026202201843261719e+00 -6.254323005676269531e+00 7.426442623138427734e+00 1.501348495483398438e+01 -1.281171035766601562e+01 1.232003211975097656e+00 -4.792740345001220703e+00 2.371528863906860352e+00 7.083506584167480469e+00 -5.065435409545898438e+00 -1.982951164245605469e+00 -1.532179737091064453e+01 -2.662272214889526367e+00
-3.988803625106811523e-01 6.853604316711425781e+00 1.950935840606689453e+00 1.386884021759033203e+01 -7.015340924263000488e-01 2.314269065856933594e+00 -5.776764869689941406e+00 -7.825956344604492188e+00 5.064261913299560547e+00 -1.614893150329589844e+01 1.557271122932434082e+00 -8.001261711120605469e+00 -3.749963641166687012e-01 1.392331981658935547e+01 -1.484441566467285156e+01 -6.618350982666015625e+00 8.905284881591796875e+00 2.362963676452636719e+00 2.342168807983398438e+00 6.404107809066772461e-01
9.201644897460937500e+00 6.777012825012207031e+00 5.258852958679199219e+00 5.936469435691833496e-01 -3.246971368789672852e+00 -3.087521791458129883e-01 -3.129324197769165039e+00 -3.683770656585693359e+00 1.340138816833496094e+01 -6.611742824316024780e-02 5.091754198074340820e-01 -2.813053131103515625e+00 -4.927639961242675781e+00 -8.469667434692382812e-01 2.652744054794311523e+00 -1.731742024421691895e+00 -5.509737014770507812e+00 9.449837684631347656e+00 -2.448679685592651367e+00 1.419188976287841797e+00
-1.616647911071777344e+01 2.167688131332397461e+00 5.181718826293945312e+00 -3.484702587127685547e+00 2.151453018188476562e+00 -3.752355813980102539e+00 -1.250331640243530273e+00 -3.809190273284912109e+00 2.592707395553588867e+00 -7.113259792327880859e+00 1.517464369535446167e-01 1.043640449643135071e-01 -3.339399099349975586e+00 1.570977783203125000e+01 -3.073239088058471680e+00 -6.194386959075927734e+00 -1.527227759361267090e+00 1.071992588043212891e+01 5.606182575225830078e+00 -2.393769979476928711e+00
1.042221546173095703e+01 -4.926242828369140625e+00 -1.621534526348114014e-01 5.685717105865478516e+00 -4.817011833190917969e+00 -2.430012702941894531e+00 -1.007270622253417969e+01 8.572961807250976562e+00 -6.424045085906982422e+00 3.039808034896850586e+00 7.243316173553466797e+00 8.272740364074707031e+00 -3.311775445938110352e+00 7.885688304901123047e+00 5.409135341644287109e+00 -1.513038635253906250e+00 -1.925848007202148438e+00 -3.359333276748657227e-01 -2.523775815963745117e+00 6.748749613761901855e-01
9.105309486389160156e+00 -7.608989238739013672e+00 -6.954258918762207031e+00 1.483750224113464355e+00 -5.783473014831542969e+00 8.917030334472656250e+00 -6.659569740295410156e+00 -1.123887225985527039e-01 -6.728341579437255859e+00 -2.605305671691894531e+00 8.341188430786132812e+00 1.173635673522949219e+01 -1.961202979087829590e+00 3.910669326782226562e+00 2.370034694671630859e+00 5.509769320487976074e-01 -7.915660381317138672e+00 -3.834339141845703125e+00 7.585663318634033203e+00 1.567209839820861816e+00
2.065361738204956055e+00 7.545051574707031250e-01 -1.336041212081909180e+00 5.815529227256774902e-01 2.515128850936889648e+00 6.542429924011230469e+00 -2.034205436706542969e+00 -6.283593177795410156e-01 -8.015649795532226562e+00 1.150081062316894531e+01 9.611751884222030640e-02 1.680489420890808105e+00 -9.472227692604064941e-01 6.268343448638916016e+00 -4.672651290893554688e-01 -2.255376279354095459e-01 -5.669997692108154297e+00 -7.113700389862060547e+00 3.098095178604125977e+00 7.042317867279052734e+00
-7.228089570999145508e-01 -7.747605323791503906e+00 -6.089807033538818359e+00 6.197903633117675781e+00 5.400120735168457031e+00 1.147042655944824219e+01 -4.350141048431396484e+00 2.389145612716674805e+00 -3.524479389190673828e+00 9.582150459289550781e+00 4.442775726318359375e+00 1.774690270423889160e+00 8.121566772460937500e+00 2.031962871551513672e+00 5.302105426788330078e+00 -3.310630559921264648e+00 -3.913341283798217773e+00 2.370930433273315430e+00 1.429257154464721680e+00 7.815889358520507812e+00
4.363791465759277344e+00 -5.163331031799316406e+00 -6.326410770416259766e+00 5.990652561187744141e+00 9.706014394760131836e-01 7.857285976409912109e+00 -6.629173755645751953e+00 -2.273923873901367188e+00 -5.869017124176025391e+00 3.059678792953491211e+00 1.097753047943115234e+01 -3.801288008689880371e-01 5.838423728942871094e+00 1.509615331888198853e-01 7.947450637817382812e+00 -2.820735216140747070e+00 -1.091182231903076172e+00 -7.732462406158447266e+00 -2.680424451828002930e+00 5.907750129699707031e+00
1.774213075637817383e+00 -6.247578144073486328e+00 -8.695394515991210938e+00 2.421130418777465820e+00 8.302527427673339844e+00 -4.665341079235076904e-01 -3.688861370086669922e+00 2.983551740646362305e+00 1.270558118820190430e+00 9.663290023803710938e+00 7.996038436889648438e+00 3.086348772048950195e+00 1.812343239784240723e+00 -1.662261128425598145e+00 1.242224454879760742e+00 -5.888513088226318359e+00 4.859895229339599609e+00 -5.061084747314453125e+00 -2.625885903835296631e-01 2.335248440504074097e-01
9.064305424690246582e-01 -2.242503166198730469e+00 -9.021372795104980469e+00 3.662758111953735352e+00 1.111370468139648438e+01 1.874658107757568359e+00 4.748213887214660645e-01 5.118193149566650391e+00 -1.214228868484497070e+00 6.568589687347412109e+00 2.094865798950195312e+00 2.767395257949829102e+00 3.506062507629394531e+00 -3.116429805755615234e+00 -2.466545820236206055e+00 -2.611078262329101562e+00 3.585085868835449219e+00 4.180291891098022461e-01 -5.034402608871459961e-01 -2.831556558609008789e+00
-1.186051368713378906e+00 -1.711614370346069336e+00 -6.368515968322753906e+00 3.572669506072998047e+00 1.271029853820800781e+01 2.607782930135726929e-02 -5.404592305421829224e-02 5.975678443908691406e+00 1.782744050025939941e+00 7.818356513977050781e+00 3.382680416107177734e+00 3.124434232711791992e+00 3.229600191116333008e+00 -1.143936038017272949e+00 -5.865943908691406250e+00 -4.107708632946014404e-01 1.791615486145019531e+00 -3.680609762668609619e-01 -2.232911288738250732e-01 -1.690099596977233887e+00
4.189577102661132812e-01 -1.593444705009460449e+00 -5.791110038757324219e+00 6.077255249023437500e+00 1.124650287628173828e+01 -3.121190071105957031e+00 1.747112631797790527e+00 1.372985839843750000e+00 3.323469161987304688e+00 5.909833908081054688e+00 5.467792987823486328e+00 5.526455402374267578e+00 2.621576786041259766e+00 -7.129696756601333618e-02 -5.371704101562500000e+00 1.834770321846008301e+00 4.431089401245117188e+00 -8.209974288940429688e+00 -1.441769599914550781e+00 -1.255550622940063477e+00
-1.651371359825134277e+00 -7.952631264925003052e-02 -4.031239509582519531e+00 7.375743865966796875e+00 9.464400291442871094e+00 -2.285991430282592773e+00 2.866287231445312500e+00 1.877585053443908691e-02 7.970275878906250000e-01 5.628619194030761719e+00 7.539290904998779297e+00 5.873191833496093750e+00 3.358056545257568359e+00 -5.481423139572143555e-01 -6.444354534149169922e+00 3.893502473831176758e+00 3.815684556961059570e+00 -6.568716526031494141e+00 -8.512005805969238281e-01 3.045109510421752930e-01
3.412189006805419922e+00 1.747747063636779785e+00 -4.325593948364257812e+00 1.824800252914428711e+00 9.140127182006835938e+00 6.488646507263183594e+00 8.353666067123413086e-01 -3.281318426132202148e+00 -7.475736141204833984e-01 2.232619047164916992e+00 -8.818716406822204590e-01 3.431937694549560547e+00 -1.442784190177917480e+00 -5.423679575324058533e-02 7.168557047843933105e-01 -8.751649260520935059e-01 7.030220508575439453e+00 3.091522932052612305e+00 -2.625642299652099609e+00 -2.784466266632080078e+00
8.916235923767089844e+00 7.086300253868103027e-01 3.378378868103027344e+00 -2.110131263732910156e+00 4.821694374084472656e+00 5.668312549591064453e+00 3.629016637802124023e+00 -8.612636566162109375e+00 3.504783868789672852e+00 3.054750204086303711e+00 3.571171462535858154e-01 1.937859177589416504e+00 4.393221378326416016e+00 4.608665466308593750e+00 2.157876968383789062e+00 4.346453666687011719e+00 4.297885298728942871e-01 -6.059232234954833984e+00 -2.798998594284057617e+00 -4.773202419281005859e+00
3.030254840850830078e+00 4.246482849121093750e+00 -3.596064746379852295e-01 -3.511089801788330078e+00 -5.500793933868408203e+00 6.334825515747070312e+00 -2.310334682464599609e+00 1.054658740758895874e-01 2.772511959075927734e+00 2.550951480865478516e+00 2.562986612319946289e+00 4.244694709777832031e+00 9.761918067932128906e+00 -2.150814056396484375e+00 -1.371268272399902344e+00 -2.227619171142578125e+00 5.053180694580078125e+00 -9.539020538330078125e+00 -5.521908760070800781e+00 -2.725600719451904297e+00
5.318566322326660156e+00 3.467365741729736328e+00 1.093073248863220215e+00 -5.387659549713134766e+00 -8.922309279441833496e-01 8.412482261657714844e+00 -7.541470527648925781e+00 1.747972369194030762e+00 3.446614265441894531e+00 1.495687961578369141e+00 -3.367624044418334961e+00 9.023050069808959961e-01 1.522075462341308594e+01 -4.275108337402343750e+00 1.077624559402465820e+00 -2.722539901733398438e+00 4.428597927093505859e+00 -1.014280128479003906e+01 -6.300102710723876953e+00 2.101029872894287109e+00
2.829570293426513672e+00 2.037619829177856445e+00 8.801905632019042969e+00 -1.395406532287597656e+01 -1.330728083848953247e-01 4.564050674438476562e+00 -8.865007758140563965e-01 5.236684799194335938e+00 -5.634736537933349609e+00 4.893939495086669922e+00 1.658081054687500000e+01 -1.253476619720458984e+01 3.320006608963012695e+00 5.384458065032958984e+00 -3.660055875778198242e+00 -1.153070926666259766e+01 8.942901611328125000e+00 -6.925303488969802856e-02 -7.722944736480712891e+00 -4.804224014282226562e+00
1.695106887817382812e+01 -4.594269990921020508e-01 -7.512131214141845703e+00 -9.913092613220214844e+00 3.240212917327880859e+00 -6.476243972778320312e+00 3.496818542480468750e-01 -4.080271720886230469e+00 3.738663673400878906e+00 -2.488938570022583008e+00 5.567648887634277344e+00 -1.708654785156250000e+01 -5.442285060882568359e+00 -6.669787883758544922e+00 9.494387626647949219e+00 -9.985135078430175781e+00 6.577902793884277344e+00 9.264176487922668457e-01 1.345489501953125000e+00 5.894515514373779297e+00
4.124510765075683594e+00 2.178436756134033203e+00 5.481950283050537109e+00 6.755809187889099121e-01 1.325884580612182617e+00 7.307494163513183594e+00 4.966036319732666016e+00 -6.321104526519775391e+00 8.241576194763183594e+00 -6.574286460876464844e+00 5.040623664855957031e+00 -5.041766166687011719e+00 -6.716722846031188965e-01 -6.835413455963134766e+00 6.081573009490966797e+00 4.683920860290527344e+00 4.735355079174041748e-01 7.735512256622314453e+00 5.509405136108398438e+00 -6.639731407165527344e+00
4.814702987670898438e+00 -3.391794443130493164e+00 -1.451246166229248047e+01 6.361069679260253906e+00 -3.622884750366210938e-01 -5.294739246368408203e+00 -5.859003067016601562e-01 -1.098955631256103516e+01 -9.088574409484863281e+00 1.213432884216308594e+01 1.373970985412597656e+01 6.437971591949462891e+00 -5.294320583343505859e-01 1.122170352935791016e+01 1.993956416845321655e-01 -6.779233455657958984e+00 -2.827511024475097656e+01 -7.312924265861511230e-01 8.315380096435546875e+00 7.864967346191406250e+00
9.623782157897949219e+00 -4.871618747711181641e+00 6.339173316955566406e-01 3.433820724487304688e+00 -3.880820989608764648e+00 -2.769132137298583984e+00 -8.263330459594726562e+00 9.816073417663574219e+00 -7.156125068664550781e+00 3.723217248916625977e+00 6.942548751831054688e+00 7.685307025909423828e+00 -3.665124654769897461e+00 7.645568847656250000e+00 1.725141406059265137e+00 -1.075383067131042480e+00 1.596065908670425415e-01 9.677189588546752930e-01 -4.316772937774658203e+00 -8.730456829071044922e-01
7.614004611968994141e+00 -7.675088882446289062e+00 -7.250355243682861328e+00 7.116989791393280029e-02 -5.543426990509033203e+00 7.585516452789306641e+00 -7.166187286376953125e+00 2.615066170692443848e-01 -8.525732994079589844e+00 -2.052184581756591797e+00 6.704741477966308594e+00 8.294384956359863281e+00 8.508989810943603516e-01 2.955848217010498047e+00 1.609666466712951660e+00 1.805315732955932617e+00 -6.455068588256835938e+00 -2.998600721359252930e+00 6.991430282592773438e+00 2.685770750045776367e+00
3.304508209228515625e+00 9.045738577842712402e-01 -3.830645799636840820e+00 -1.442332029342651367e+00 2.868607282638549805e+00 6.769726753234863281e+00 -1.148497462272644043e+00 -4.222058877348899841e-02 -8.868832588195800781e+00 1.109255027770996094e+01 -2.837292909622192383e+00 1.696914911270141602e+00 -7.513105869293212891e-01 7.853997230529785156e+00 -1.736528038978576660e+00 -1.103741884231567383e+00 -4.517595767974853516e+00 -5.500592231750488281e+00 4.282046318054199219e+00 8.388388633728027344e+00
-2.513843536376953125e+00 -6.412254810333251953e+00 -2.462318181991577148e+00 2.809202432632446289e+00 3.095880985260009766e+00 1.363749504089355469e+01 -5.243284702301025391e+00 -6.302129626274108887e-01 -5.575312137603759766e+00 5.871604442596435547e+00 8.682027816772460938e+00 7.184365391731262207e-01 4.419554710388183594e+00 6.236830234527587891e+00 1.128532886505126953e+00 -6.384560108184814453e+00 -6.651183605194091797e+00 -2.622231006622314453e+00 3.076959848403930664e+00 5.057080745697021484e+00
3.770912170410156250e+00 -9.791346549987792969e+00 -4.866596221923828125e+00 3.762406587600708008e+00 3.622735738754272461e+00 1.109558200836181641e+01 -6.364577770233154297e+00 5.176010608673095703e+00 -5.706630349159240723e-01 9.217415809631347656e+00 1.274092864990234375e+01 9.809701442718505859e-01 5.836022853851318359e+00 2.880551099777221680e+00 4.233614921569824219e+00 3.437235057353973389e-01 8.913938999176025391e-01 -2.314376831054687500e+00 1.840892791748046875e+00 3.547152280807495117e+00
5.960550308227539062e+00 -1.261855959892272949e+00 -1.272572708129882812e+01 1.323088288307189941e+00 2.379950523376464844e+00 6.405591011047363281e+00 -7.194732189178466797e+00 2.261375904083251953e+00 -2.064925670623779297e+00 -9.126135706901550293e-01 1.230265522003173828e+01 -5.406030416488647461e-01 3.047199964523315430e+00 -6.122026920318603516e+00 1.312703967094421387e+00 -3.851189613342285156e+00 -2.476841449737548828e+00 -8.656529426574707031e+00 6.490185260772705078e+00 4.724158763885498047e+00
1.635133743286132812e+00 -5.232151031494140625e+00 -1.470161437988281250e+01 -2.467205762863159180e+00 -1.371302008628845215e+00 4.070341110229492188e+00 -6.661175727844238281e+00 -6.388668060302734375e+00 1.910584867000579834e-01 5.654995918273925781e+00 1.568109226226806641e+01 -7.099722623825073242e-01 9.125137329101562500e+00 -4.161878108978271484e+00 -5.171505928039550781e+00 -3.406066179275512695e+00 -1.489813685417175293e+00 -5.207273483276367188e+00 6.170491218566894531e+00 6.682980060577392578e-01
1.611223936080932617e+00 -5.534257292747497559e-01 -7.846743583679199219e+00 5.735966563224792480e-01 9.656620979309082031e+00 -6.099119186401367188e+00 3.649660050868988037e-01 -1.424652457237243652e+00 6.792497158050537109e+00 1.139247226715087891e+01 1.155341625213623047e+01 6.205729007720947266e+00 1.126845550537109375e+01 -7.660636901855468750e-01 -2.619872570037841797e+00 -3.153782606124877930e+00 3.419971466064453125e+00 -5.696595191955566406e+00 3.094320774078369141e+00 2.026694536209106445e+00
-2.635035514831542969e+00 -3.963631629943847656e+00 6.653116226196289062e+00 -3.886675119400024414e+00 8.007365226745605469e+00 -2.789125919342041016e+00 -9.588212966918945312e+00 -6.419401645660400391e+00 -3.904940366744995117e+00 -1.657277464866638184e+00 7.832044601440429688e+00 -1.178770661354064941e+00 1.334576225280761719e+01 3.138323068618774414e+00 -3.798756361007690430e+00 -6.075366973876953125e+00 -6.749654293060302734e+00 -8.053152084350585938e+00 1.270621204376220703e+01 -7.062983512878417969e+00
-2.726129770278930664e+00 6.048015594482421875e+00 -1.594288825988769531e+00 4.775856494903564453e+00 1.058456611633300781e+01 -2.039475202560424805e+00 1.112532615661621094e+00 -6.885398864746093750e+00 5.059925556182861328e+00 7.174807071685791016e+00 5.222734451293945312e+00 6.700358390808105469e+00 1.231174826622009277e+00 6.851319074630737305e-01 -3.448768138885498047e+00 1.489513754844665527e+00 6.450885295867919922e+00 5.163207650184631348e-01 -2.519826173782348633e+00 2.507010459899902344e+00
9.036256790161132812e+00 6.597824096679687500e+00 -1.008832812309265137e+00 1.745775699615478516e+00 5.491820812225341797e+00 2.592631816864013672e+00 -1.462107181549072266e+00 1.310016751289367676e+00 -2.595193386077880859e+00 -7.848390340805053711e-01 2.537641048431396484e+00 4.898846626281738281e+00 1.251208066940307617e+00 -1.854514241218566895e+00 5.730455517768859863e-01 6.799409866333007812e+00 4.833499431610107422e+00 5.697836279869079590e-01 -1.649608135223388672e+00 -1.598961472511291504e+00
6.119583606719970703e+00 2.080698251724243164e+00 -1.201725006103515625e+00 -5.064562708139419556e-02 4.924603462219238281e+00 3.121714591979980469e+00 3.922637224197387695e+00 -1.895387411117553711e+00 8.057153701782226562e+00 1.648669600486755371e+00 9.719604492187500000e+00 6.807914257049560547e+00 6.705584049224853516e+00 3.043908596038818359e+00 7.888887524604797363e-01 4.794148445129394531e+00 -2.431302785873413086e+00 1.792415738105773926e+00 4.649217128753662109e+00 -7.446535587310791016e+00
2.303020954132080078e+00 8.028152465820312500e+00 2.091284751892089844e+00 -7.742849826812744141e+00 -7.343047618865966797e+00 1.104707717895507812e+01 -5.809510946273803711e-01 1.789030671119689941e+00 5.236624717712402344e+00 5.852118015289306641e+00 6.210064411163330078e+00 4.817006587982177734e+00 1.942307829856872559e+00 -2.274469137191772461e+00 -1.905344724655151367e+00 -3.302312135696411133e+00 4.896292209625244141e+00 -7.535438060760498047e+00 -1.153445482254028320e+00 -5.780015945434570312e+00
-3.006679296493530273e+00 7.211016654968261719e+00 -2.912559747695922852e+00 -7.924953937530517578e+00 -8.087259292602539062e+00 6.663791179656982422e+00 -5.246240139007568359e+00 -2.592348098754882812e+00 5.944179058074951172e+00 1.139048862457275391e+01 7.170491695404052734e+00 3.535998106002807617e+00 8.592134475708007812e+00 -2.353034734725952148e+00 -3.289453744888305664e+00 -2.798786461353302002e-01 3.811003684997558594e+00 -1.649596929550170898e+00 -2.233026027679443359e+00 -6.860258102416992188e+00
5.388486862182617188e+00 1.139894294738769531e+01 2.504841566085815430e+00 -6.801371574401855469e+00 -1.817967414855957031e+00 5.607058048248291016e+00 1.251069355010986328e+01 -3.285654783248901367e+00 -8.555089950561523438e+00 7.799960374832153320e-01 1.089619159698486328e+01 -4.946851730346679688e+00 5.634123325347900391e+00 -5.828672885894775391e+00 8.381565093994140625e+00 -2.523765754699707031e+01 4.341454982757568359e+00 1.585780525207519531e+01 -1.507785606384277344e+01 -8.326034545898437500e+00
5.724675655364990234e+00 1.195529842376708984e+01 -5.493988037109375000e+00 -4.272101402282714844e+00 1.681403732299804688e+01 -9.259423255920410156e+00 6.551539421081542969e+00 4.743551254272460938e+00 -6.944592952728271484e+00 -1.173922634124755859e+01 8.809649467468261719e+00 -8.398826599121093750e+00 1.008317375183105469e+01 -6.578695774078369141e+00 2.248554229736328125e+00 -1.441652393341064453e+01 -1.188713264465332031e+01 -7.765229940414428711e-01 5.285809993743896484e+00 -1.138087368011474609e+01
1.250814533233642578e+01 -4.674640655517578125e+00 -3.050154447555541992e+00 -1.613932991027832031e+01 7.199257373809814453e+00 -9.284199714660644531e+00 7.903640270233154297e+00 -3.885702610015869141e+00 1.452937030792236328e+01 -9.053286314010620117e-01 8.187251091003417969e+00 -1.029960727691650391e+01 -1.381055593490600586e+00 -6.321327686309814453e+00 4.724696636199951172e+00 -1.206645965576171875e+01 -3.162293910980224609e+00 -5.133660316467285156e+00 2.686600208282470703e+00 4.010351657867431641e+00
1.791693115234375000e+01 1.275142669677734375e+01 -1.306621360778808594e+01 -3.820341348648071289e+00 -1.626744419336318970e-01 -1.225171661376953125e+01 -7.609885692596435547e+00 -9.735013842582702637e-01 -1.543493938446044922e+01 1.740528869628906250e+01 1.820705795288085938e+01 6.236493587493896484e+00 1.210528182983398438e+01 -3.634154081344604492e+00 3.452098846435546875e+00 -2.755944252014160156e+00 -1.266510009765625000e+01 -3.926787614822387695e+00 -4.036261558532714844e+00 -8.242062568664550781e+00
1.067473316192626953e+01 -2.785024642944335938e+00 5.942346453666687012e-01 2.929090023040771484e+00 -4.140017986297607422e+00 -3.414404630661010742e+00 -9.196773529052734375e+00 1.179892253875732422e+01 -5.860950946807861328e+00 4.187946796417236328e+00 8.155768394470214844e+00 9.443295478820800781e+00 -3.158749580383300781e+00 6.445670127868652344e+00 2.174709796905517578e+00 -4.673357307910919189e-01 9.630908966064453125e-01 1.427291631698608398e-01 -4.552477836608886719e+00 1.336640715599060059e-01
9.015486717224121094e+00 -9.509672164916992188e+00 -5.686087608337402344e+00 -3.501006603240966797e+00 -4.949036598205566406e+00 3.779077291488647461e+00 -1.139728164672851562e+01 -1.426219224929809570e+00 -1.125971984863281250e+01 1.842523515224456787e-01 3.221407651901245117e+00 8.045861244201660156e+00 8.028104901313781738e-01 8.989900588989257812e+00 -9.162218570709228516e-01 -1.058156847953796387e+00 -3.871536254882812500e+00 3.172924280166625977e+00 7.392787933349609375e+00 4.402052402496337891e+00
3.325264930725097656e+00 -5.014696121215820312e-01 -2.636443853378295898e+00 -2.731653690338134766e+00 3.521073102951049805e+00 7.076117515563964844e+00 -2.203706502914428711e+00 1.872283071279525757e-01 -8.279957771301269531e+00 1.131072044372558594e+01 -3.207826614379882812e+00 2.162102222442626953e+00 -1.140182495117187500e+00 8.456507682800292969e+00 -1.167391419410705566e+00 -9.091712832450866699e-01 -5.763710975646972656e+00 -3.789794683456420898e+00 4.625395774841308594e+00 8.882810592651367188e+00
2.890842914581298828e+00 5.224945545196533203e-01 -5.821491718292236328e+00 -3.404831409454345703e+00 3.256759166717529297e+00 8.030046463012695312e+00 -1.987870097160339355e+00 -7.712236642837524414e-01 -8.124503135681152344e+00 1.055529689788818359e+01 -2.663853645324707031e+00 2.562472105026245117e+00 -1.769630312919616699e+00 9.395107269287109375e+00 -4.737467765808105469e+00 -1.556089401245117188e+00 -4.456499576568603516e+00 -4.656837463378906250e+00 3.286894083023071289e+00 7.424256801605224609e+00
3.407914638519287109e+00 3.646330535411834717e-01 -3.652807950973510742e+00 -2.686865329742431641e+00 4.232188701629638672e+00 6.993214607238769531e+00 -1.933194875717163086e+00 -3.056611418724060059e-01 -8.099828720092773438e+00 1.071298408508300781e+01 -3.590045690536499023e+00 1.936229467391967773e+00 1.581311970949172974e-01 8.745378494262695312e+00 -2.007368803024291992e+00 -5.473309755325317383e-01 -5.866311550140380859e+00 -4.195893764495849609e+00 4.266241073608398438e+00 9.647051811218261719e+00
3.897133111953735352e+00 8.027942478656768799e-02 -4.777643680572509766e+00 -2.083133220672607422e+00 2.162025451660156250e+00 7.091846942901611328e+00 -9.539967775344848633e-01 -2.749899327754974365e-01 -8.525252342224121094e+00 1.083236408233642578e+01 -2.735699176788330078e+00 1.934857845306396484e+00 -1.147688150405883789e+00 8.131605148315429688e+00 -2.220107078552246094e+00 6.133104562759399414e-01 -5.755273342132568359e+00 -4.790449619293212891e+00 4.687248706817626953e+00 8.179302215576171875e+00
1.055463910102844238e+00 -6.958668231964111328e+00 -5.789561867713928223e-01 -2.481327772140502930e+00 -4.000561714172363281e+00 5.092037677764892578e+00 -8.868883132934570312e+00 -4.376399517059326172e+00 3.681905746459960938e+00 4.465570926666259766e+00 4.855567932128906250e+00 -1.358357191085815430e+00 1.230411529541015625e+01 1.162649393081665039e+00 -3.116298913955688477e+00 -4.775387287139892578e+00 -9.630309939384460449e-01 3.327708244323730469e+00 1.027750396728515625e+01 -6.721864342689514160e-01
3.104266643524169922e+00 7.372695207595825195e-01 -4.024122714996337891e+00 -2.288330078125000000e+00 3.014427661895751953e+00 7.791933059692382812e+00 -1.904080748558044434e+00 -7.622145414352416992e-01 -8.059167861938476562e+00 9.870673179626464844e+00 -2.918184280395507812e+00 1.616714477539062500e+00 -4.821795523166656494e-01 8.606767654418945312e+00 -1.871884822845458984e+00 -1.008416295051574707e+00 -6.651501655578613281e+00 -3.522337913513183594e+00 2.737402677536010742e+00 7.992356777191162109e+00
7.592876434326171875e+00 -2.152253150939941406e+00 -1.065008640289306641e+01 -2.397267103195190430e+00 -5.161287307739257812e+00 4.929026126861572266e+00 -3.628770112991333008e+00 -6.582759380340576172e+00 -8.672998428344726562e+00 -8.259539604187011719e-01 9.430432319641113281e+00 6.835125446319580078e+00 5.909411907196044922e-01 7.245084762573242188e+00 -1.402615070343017578e+00 2.278678655624389648e+00 -1.459529995918273926e+00 -5.015488624572753906e+00 7.845181465148925781e+00 3.058349370956420898e+00
2.485718727111816406e+00 1.209131181240081787e-01 -3.321661949157714844e+00 -2.259279489517211914e+00 2.886681556701660156e+00 6.612958431243896484e+00 -1.483059644699096680e+00 9.129508137702941895e-01 -9.063642501831054688e+00 1.012620258331298828e+01 -2.800701379776000977e+00 2.243273735046386719e+00 -8.139704465866088867e-01 7.704972267150878906e+00 -2.377947807312011719e+00 -7.619292140007019043e-01 -4.166777133941650391e+00 -5.126164913177490234e+00 4.948022842407226562e+00 8.534086227416992188e+00
4.696054935455322266e+00 2.329577654600143433e-01 -4.288507938385009766e+00 -6.803202033042907715e-01 3.146324396133422852e+00 6.875449180603027344e+00 -5.730895996093750000e-01 4.699807465076446533e-01 -8.297460556030273438e+00 1.103879261016845703e+01 -1.508449435234069824e+00 2.519028902053833008e+00 -7.839308381080627441e-01 7.686538219451904297e+00 -8.431509733200073242e-01 -1.047142028808593750e+00 -5.967586994171142578e+00 -5.281913280487060547e+00 3.704554080963134766e+00 7.627182960510253906e+00
4.757181644439697266e+00 7.424751520156860352e-01 -3.097188949584960938e+00 -1.047713279724121094e+00 2.614269018173217773e+00 6.728831291198730469e+00 -1.120867490768432617e+00 7.680345773696899414e-01 -8.598054885864257812e+00 9.164144515991210938e+00 -2.132456064224243164e+00 2.346097469329833984e+00 1.909130215644836426e-01 8.075148582458496094e+00 -2.046572446823120117e+00 1.542560458183288574e+00 -4.398316383361816406e+00 -5.815585136413574219e+00 4.582416534423828125e+00 7.176271915435791016e+00
4.218155384063720703e+00 1.730712890625000000e+00 -3.613977670669555664e+00 -7.182959318161010742e-01 2.063272237777709961e+00 5.988756656646728516e+00 -1.440184831619262695e+00 -2.426238209009170532e-01 -8.674066543579101562e+00 9.705698966979980469e+00 -1.165471315383911133e+00 2.048972606658935547e+00 1.387384235858917236e-01 8.219382286071777344e+00 -1.034983396530151367e+00 3.140928223729133606e-02 -5.470959663391113281e+00 -6.496422290802001953e+00 3.861954689025878906e+00 7.932246208190917969e+00
4.231300354003906250e+00 7.832729816436767578e-01 -4.633060455322265625e+00 -1.028401136398315430e+00 2.739630460739135742e+00 7.530564308166503906e+00 -1.372692108154296875e+00 8.047847747802734375e-01 -8.489779472351074219e+00 1.000858020782470703e+01 -2.335645675659179688e+00 1.872332334518432617e+00 -2.987981736660003662e-01 8.118726730346679688e+00 -1.546937942504882812e+00 -3.679001331329345703e-02 -5.623018264770507812e+00 -5.895716190338134766e+00 4.561320781707763672e+00 7.739355564117431641e+00
3.725843667984008789e+00 9.208377599716186523e-01 -3.752857923507690430e+00 -7.838873267173767090e-01 2.859021663665771484e+00 7.380205154418945312e+00 -9.916361570358276367e-01 8.848856687545776367e-01 -8.884016036987304688e+00 1.035289764404296875e+01 -2.212366342544555664e+00 1.709612369537353516e+00 -5.131902098655700684e-01 8.192765235900878906e+00 -1.053980112075805664e+00 -1.446749269962310791e-01 -5.175635337829589844e+00 -5.941195964813232422e+00 4.707974433898925781e+00 7.223247051239013672e+00
3.763269424438476562e+00 1.292982101440429688e+00 -6.962771892547607422e+00 -1.431366205215454102e+00 1.669258236885070801e+00 6.020922660827636719e+00 -3.987507343292236328e+00 -6.527800559997558594e-01 -8.644739151000976562e+00 8.378985404968261719e+00 -1.097721219062805176e+00 1.608236312866210938e+00 -1.671648383140563965e+00 8.111879348754882812e+00 -1.627880573272705078e+00 2.616435050964355469e+00 -5.172325134277343750e+00 -6.778983592987060547e+00 2.354232072830200195e+00 5.725080966949462891e+00
4.143328666687011719e+00 1.751027941703796387e+00 -3.671622991561889648e+00 -1.288662552833557129e+00 2.923981904983520508e+00 6.830420494079589844e+00 -1.589658975601196289e+00 3.797609210014343262e-01 -7.849490642547607422e+00 9.781378746032714844e+00 -2.868896484375000000e+00 2.714781284332275391e+00 3.333657607436180115e-02 7.202656269073486328e+00 -1.171423554420471191e+00 3.486807644367218018e-02 -5.867426872253417969e+00 -5.183723449707031250e+00 3.531886577606201172e+00 8.086387634277343750e+00
6.186569690704345703e+00 -5.084823131561279297e+00 -3.708588838577270508e+00 -2.023140192031860352e+00 -5.036436319351196289e-01 1.106297683715820312e+01 5.368670821189880371e-01 -8.574654459953308105e-01 -7.913909435272216797e+00 6.539830684661865234e+00 7.732466220855712891e+00 3.266150355339050293e-01 8.809489250183105469e+00 4.599790573120117188e+00 1.183525443077087402e+00 8.804962635040283203e-01 3.004482746124267578e+00 -1.492782950401306152e+00 2.614404201507568359e+00 1.280889320373535156e+01
4.493424892425537109e+00 -8.284109115600585938e+00 -8.953578472137451172e-01 2.239696830511093140e-01 6.662804603576660156e+00 9.923005104064941406e+00 -1.038418006896972656e+01 6.232048034667968750e+00 -2.290466547012329102e+00 7.074523925781250000e+00 9.687747955322265625e+00 -9.110684394836425781e-01 6.228837490081787109e+00 4.156301975250244141e+00 5.432003498077392578e+00 -5.593367099761962891e+00 1.480814535170793533e-02 -4.219974040985107422e+00 5.453914642333984375e+00 4.963939189910888672e+00
3.836843490600585938e+00 -1.533882975578308105e+00 -6.625823497772216797e+00 -5.699559450149536133e-01 2.530532360076904297e+00 6.729147434234619141e+00 -1.265896511077880859e+01 2.815409183502197266e+00 8.413782119750976562e-01 4.733224391937255859e+00 1.526269817352294922e+01 -1.916088581085205078e+00 5.511109352111816406e+00 -3.292875051498413086e+00 -1.501091480255126953e+00 -1.594576835632324219e+00 -1.051843452453613281e+01 -1.016157341003417969e+01 2.813578605651855469e+00 2.423821210861206055e+00
5.411323904991149902e-01 -8.879551291465759277e-01 -1.207284164428710938e+01 -4.332645893096923828e+00 1.147452068328857422e+01 1.568807721138000488e+00 -9.768243789672851562e+00 -1.726149439811706543e+00 3.527974128723144531e+00 4.026618957519531250e+00 1.200298595428466797e+01 5.380741953849792480e-01 6.718338966369628906e+00 -3.262879610061645508e+00 -8.063367843627929688e+00 -7.060863971710205078e+00 -4.129983901977539062e+00 3.589101433753967285e-01 1.226966953277587891e+01 4.338168144226074219e+00
4.043145656585693359e+00 -2.189476251602172852e+00 -1.289352226257324219e+01 -3.714868307113647461e+00 6.608347415924072266e+00 -1.279432678222656250e+01 -3.999872803688049316e-01 -4.256266117095947266e+00 5.582691669464111328e+00 1.172399139404296875e+01 1.876645851135253906e+01 4.342831134796142578e+00 1.329807949066162109e+01 -6.477021694183349609e+00 -2.138322889804840088e-01 2.640297651290893555e+00 2.770769357681274414e+00 -5.277999877929687500e+00 1.017054557800292969e+00 5.715067863464355469e+00
-3.401632010936737061e-01 -6.217491626739501953e+00 5.891066074371337891e+00 -2.872476100921630859e+00 6.362920761108398438e+00 -3.731420516967773438e+00 -1.108465957641601562e+01 -8.543141365051269531e+00 -3.826454639434814453e+00 2.674184143543243408e-01 7.529696941375732422e+00 -4.990791380405426025e-01 1.835176658630371094e+01 2.222801208496093750e+00 -2.514803171157836914e+00 -6.772483348846435547e+00 -6.409145832061767578e+00 -1.035202884674072266e+01 1.529794597625732422e+01 -8.315087318420410156e+00
-3.469913959503173828e+00 8.372705459594726562e+00 -1.004310607910156250e+01 5.187992095947265625e+00 7.414094448089599609e+00 -4.070930957794189453e+00 -2.791841983795166016e+00 -4.921233177185058594e+00 7.180849552154541016e+00 6.301523208618164062e+00 6.874054431915283203e+00 5.685479164123535156e+00 5.688539505004882812e+00 8.254005312919616699e-01 -2.275099754333496094e+00 -1.741819500923156738e+00 5.999323368072509766e+00 -6.723830223083496094e+00 1.049061059951782227e+00 -1.185245037078857422e+00
-2.093622446060180664e+00 6.750364303588867188e+00 -3.139802932739257812e+00 3.988597631454467773e+00 -1.096152186393737793e+00 2.966719388961791992e+00 -4.115982949733734131e-01 -2.789634466171264648e-01 5.500761866569519043e-01 -4.370282649993896484e+00 3.653946399688720703e+00 1.048806190490722656e+00 1.328407096862792969e+01 5.540874481201171875e+00 -2.788556337356567383e+00 -8.179051429033279419e-02 -1.948025465011596680e+00 -1.210757255554199219e+00 8.325042724609375000e+00 -1.096613693237304688e+01
9.596291542053222656e+00 4.249305248260498047e+00 8.288842439651489258e-01 5.776084899902343750e+00 9.434573173522949219e+00 2.258598953485488892e-01 -3.630374431610107422e+00 4.949217319488525391e+00 5.784460067749023438e+00 -5.692301988601684570e-01 1.297344589233398438e+01 6.395198822021484375e+00 8.037415504455566406e+00 -5.914567708969116211e-01 8.691384315490722656e+00 8.597907066345214844e+00 -9.434653520584106445e-01 3.883736371994018555e+00 7.810393810272216797e+00 -6.503060340881347656e+00
7.120221614837646484e+00 1.006291770935058594e+01 -1.169577956199645996e+00 -5.598623752593994141e-01 2.406183242797851562e+00 -2.270172119140625000e+00 -1.328784227371215820e+00 4.474665164947509766e+00 4.133450984954833984e+00 5.193596839904785156e+00 7.644248962402343750e+00 7.594223022460937500e+00 -1.506889224052429199e+00 -3.143817424774169922e+00 4.543086051940917969e+00 -2.127461433410644531e+00 3.491599798202514648e+00 1.025802612304687500e+00 -2.747343301773071289e+00 1.558041572570800781e-01
5.370591163635253906e+00 8.735561370849609375e+00 -1.485479593276977539e+00 -3.535175085067749023e+00 2.400261163711547852e+00 3.084310293197631836e+00 -4.582752227783203125e+00 3.476553201675415039e+00 7.657570242881774902e-01 4.514106273651123047e+00 4.804908275604248047e+00 1.179071044921875000e+01 2.418956756591796875e+00 -1.400915813446044922e+01 -1.063883662223815918e+00 -4.624258518218994141e+00 3.517358779907226562e+00 8.959562182426452637e-01 -7.799331188201904297e+00 -4.275592803955078125e+00
4.671629905700683594e+00 9.246094703674316406e+00 8.306654930114746094e+00 -2.083363533020019531e+00 5.746910095214843750e+00 4.163524150848388672e+00 -1.120073080062866211e+00 8.515982627868652344e+00 3.168062925338745117e+00 5.772841453552246094e+00 9.421759605407714844e+00 4.282914638519287109e+00 9.741171836853027344e+00 -7.637853145599365234e+00 3.703729391098022461e+00 4.854521751403808594e-01 5.917992115020751953e+00 6.570297241210937500e+00 8.185408592224121094e+00 5.889644622802734375e-01
-1.935471916198730469e+01 -8.571387529373168945e-01 6.454331874847412109e-01 -1.040732955932617188e+01 9.156232833862304688e+00 -1.300313091278076172e+01 2.666737174987792969e+01 1.351450234651565552e-01 -7.796457290649414062e+00 -5.140407562255859375e+00 1.979388236999511719e+00 6.432665348052978516e+00 -1.922810935974121094e+01 6.110427975654602051e-01 -5.861246109008789062e+00 -3.862879753112792969e+00 -6.954734802246093750e+00 7.042778015136718750e+00 1.401453614234924316e+00 2.944617748260498047e+00
1.174753904342651367e+00 2.259955406188964844e+00 2.847202777862548828e+00 -7.276778221130371094e-01 -1.420088052749633789e+00 2.569102525711059570e+00 -3.168008327484130859e+00 3.846234083175659180e+00 3.105996131896972656e+00 -3.002961158752441406e+00 -1.847485780715942383e+00 5.015775561332702637e-01 5.313199758529663086e-01 4.534291744232177734e+00 -3.430116176605224609e+00 5.954173564910888672e+00 6.098126173019409180e-01 2.747376680374145508e+00 -2.715811967849731445e+00 1.184429168701171875e+00
2.080455303192138672e+00 2.194282054901123047e+00 3.089621543884277344e+00 -1.849794089794158936e-01 1.942772626876831055e+00 3.215496540069580078e+00 -2.890983819961547852e+00 -8.842897415161132812e-01 2.606732606887817383e+00 1.481971979141235352e+00 1.974070429801940918e+00 2.457491874694824219e+00 1.491148471832275391e+00 1.899675250053405762e+00 5.413903713226318359e+00 -5.949522256851196289e-01 -1.233992338180541992e+00 1.677593350410461426e+00 2.465544044971466064e-01 1.730492353439331055e+00
-7.757049798965454102e-01 1.013170361518859863e+00 -5.809920310974121094e+00 -8.824540972709655762e-01 2.047367095947265625e+00 2.122162342071533203e+00 1.842880249023437500e+00 5.267165660858154297e+00 1.102222442626953125e+00 -2.733311653137207031e+00 -1.686600446701049805e+00 6.357340812683105469e-01 -4.834906458854675293e-01 1.245505928993225098e+00 -9.075772762298583984e-01 3.516758441925048828e+00 1.695121824741363525e-01 3.520221948623657227e+00 -1.667212724685668945e+00 4.351140975952148438e+00
3.810861587524414062e+00 -4.872361660003662109e+00 -9.578539729118347168e-01 -2.983382940292358398e+00 -3.981886625289916992e+00 1.157450914382934570e+00 -5.212578773498535156e+00 6.411286354064941406e+00 -4.657281875610351562e+00 4.367239952087402344e+00 4.882919311523437500e+00 7.296510696411132812e+00 1.006783366203308105e+00 4.020078182220458984e+00 1.972525000572204590e+00 -5.604199320077896118e-02 3.636252641677856445e+00 -2.390024185180664062e+00 1.372843146324157715e+00 1.418434023857116699e+00
8.529595375061035156e+00 -1.546425465494394302e-02 2.967137098312377930e-01 2.027528285980224609e+00 -2.800505161285400391e+00 3.496636629104614258e+00 -1.288826656341552734e+01 -3.286110877990722656e+00 -4.628026962280273438e+00 6.651585578918457031e+00 4.069684028625488281e+00 -1.258058547973632812e+00 -4.989699423313140869e-01 2.518099248409271240e-01 1.847722679376602173e-01 -9.057117462158203125e+00 -6.474548339843750000e+00 -4.046468734741210938e+00 -2.016043186187744141e+00 3.326346874237060547e+00
5.759409904479980469e+00 -1.851299762725830078e+00 -7.889675140380859375e+00 -4.128547608852386475e-01 6.116770744323730469e+00 9.500175476074218750e+00 8.800562024116516113e-01 5.992018580436706543e-01 -4.253662109375000000e+00 1.230641365051269531e+01 3.862942934036254883e+00 1.363564491271972656e+00 -8.621733784675598145e-01 1.121711921691894531e+01 -2.712797164916992188e+00 4.694585323333740234e+00 -7.021276473999023438e+00 -9.012830734252929688e+00 2.139300346374511719e+00 9.815636634826660156e+00
7.158476829528808594e+00 -2.608542919158935547e+00 -6.011827588081359863e-01 1.051433920860290527e+00 1.407792282104492188e+01 1.268596267700195312e+01 -4.389328956604003906e+00 -9.926925659179687500e+00 -4.024315834045410156e+00 1.026429843902587891e+01 8.721216201782226562e+00 -6.478582382202148438e+00 -6.507079601287841797e+00 1.451422119140625000e+01 -2.062286138534545898e+00 -3.710665941238403320e+00 -1.092786693572998047e+01 -4.649139404296875000e+00 1.978911399841308594e+01 2.314882993698120117e+00
6.314264297485351562e+00 -6.041151046752929688e+00 -8.434714317321777344e+00 -3.209239721298217773e+00 8.671463012695312500e+00 1.442823982238769531e+01 -2.298203229904174805e+00 5.486438751220703125e+00 -6.828470230102539062e+00 1.408465862274169922e+01 2.538328170776367188e+00 -3.393701314926147461e-01 2.921253204345703125e+00 9.217504501342773438e+00 -1.475354671478271484e+00 -3.411844968795776367e+00 -1.356226801872253418e+00 1.198996305465698242e+00 4.975749492645263672e+00 6.551812648773193359e+00
9.283570289611816406e+00 -4.476092815399169922e+00 -6.514733791351318359e+00 -4.429142951965332031e+00 8.543213844299316406e+00 5.255373954772949219e+00 -2.850490808486938477e+00 1.253826618194580078e+00 -7.616912364959716797e+00 1.211937713623046875e+01 3.500641584396362305e+00 1.782782316207885742e+00 4.111372947692871094e+00 1.064123058319091797e+01 -3.666545391082763672e+00 -1.385730862617492676e+00 -7.266736030578613281e+00 -6.269731998443603516e+00 2.244365453720092773e+00 6.463099479675292969e+00
2.328614473342895508e+00 2.515266895294189453e+00 -8.887122154235839844e+00 4.635099411010742188e+00 6.990655422210693359e+00 7.067459583282470703e+00 3.557856082916259766e+00 -1.618413448333740234e+00 -1.561878395080566406e+01 1.186492061614990234e+01 1.418751049041748047e+01 -4.172024250030517578e+00 -4.565750122070312500e+00 3.124998331069946289e+00 -4.208258628845214844e+00 -7.675418257713317871e-02 -5.928575992584228516e+00 -1.426995372772216797e+01 1.875422120094299316e+00 -1.570586800575256348e+00
