1.395584106445312500e+00 1.634609699249267578e+00 -6.483475685119628906e+00 -3.806034803390502930e+00 3.738532543182373047e+00 -3.968574523925781250e+00 -4.109463214874267578e+00 2.115387678146362305e+00 -6.720822334289550781e+00 1.441106200218200684e+00 -1.033099532127380371e+00 -2.510658204555511475e-01 -2.844349861145019531e+00 -4.624536991119384766e+00 7.819852352142333984e+00 4.473505973815917969e+00 -4.351976871490478516e+00 -1.092963504791259766e+01 -2.872689485549926758e+00 2.565307378768920898e+00
4.313024044036865234e+00 1.000909805297851562e+00 -5.493248939514160156e+00 4.401125907897949219e+00 4.380748420953750610e-02 2.964587211608886719e-01 2.872284412384033203e+00 -3.631152391433715820e+00 -9.178915977478027344e+00 7.828546047210693359e+00 -6.500943183898925781e+00 5.658303499221801758e-01 1.209470462799072266e+01 3.323801994323730469e+00 6.832880973815917969e+00 -3.987343549728393555e+00 -2.636722326278686523e+00 2.500124648213386536e-02 -2.852403819561004639e-01 1.592397689819335938e+00
4.351033210754394531e+00 6.566123962402343750e+00 4.042469978332519531e+00 -6.785808205604553223e-01 2.707387924194335938e+00 2.445020973682403564e-01 1.604510545730590820e+00 5.252433419227600098e-01 -4.264567375183105469e+00 2.965563774108886719e+00 -4.591728210449218750e+00 3.162656784057617188e+00 -1.128198146820068359e+00 1.740961432456970215e+00 -2.648288488388061523e+00 3.503715753555297852e+00 -1.620889306068420410e+00 -1.374088879674673080e-02 -2.126145839691162109e+00 -7.402792572975158691e-01
-4.853051185607910156e+00 1.134419083595275879e+00 5.034709930419921875e+00 -1.009543299674987793e+00 -4.367813587188720703e+00 -8.320003509521484375e+00 3.351351022720336914e+00 2.217002868652343750e+00 6.535760760307312012e-01 8.603566884994506836e-01 2.771556615829467773e+00 2.602946043014526367e+00 2.412219047546386719e+00 -3.394680500030517578e+00 1.495135784149169922e+00 4.431836128234863281e+00 -2.205913066864013672e+00 -5.243442535400390625e+00 -1.349645495414733887e+00 5.640074610710144043e-01
-3.960457801818847656e+00 -1.027041912078857422e+01 -6.061404228210449219e+00 -6.392797946929931641e+00 1.301985383033752441e+00 9.736556410789489746e-01 4.473195075988769531e+00 -4.084219932556152344e+00 -4.445602416992187500e+00 -9.498357176780700684e-01 4.846169471740722656e+00 4.413485050201416016e+00 -3.407408237457275391e+00 -8.389628410339355469e+00 -8.579371452331542969e+00 8.521265029907226562e+00 -3.116482973098754883e+00 1.290161848068237305e+00 -3.359140396118164062e+00 -4.366194725036621094e+00
-1.245376825332641602e+00 -1.918124198913574219e+00 -9.930421829223632812e+00 1.525658488273620605e+00 1.535703301429748535e+00 -3.619586944580078125e+00 -2.390030622482299805e+00 -1.480530261993408203e+00 -2.977730035781860352e+00 -5.316061019897460938e+00 4.844018459320068359e+00 7.187136650085449219e+00 7.638659477233886719e+00 -5.180848836898803711e-01 2.919065475463867188e+00 5.336259365081787109e+00 3.728222131729125977e+00 2.697564601898193359e+00 -7.151195049285888672e+00 9.012060165405273438e+00
4.735075831413269043e-01 1.055541872978210449e+00 -7.067120671272277832e-01 -1.131232833862304688e+01 4.301711559295654297e+00 1.190609836578369141e+01 -1.130915069580078125e+01 -4.722212627530097961e-02 -4.211409568786621094e+00 -4.456854820251464844e+00 9.306121826171875000e+00 1.236013412475585938e+01 -1.328476667404174805e+00 4.895372867584228516e+00 7.793974399566650391e+00 -4.179708957672119141e+00 4.079772472381591797e+00 -1.826701998710632324e+00 -9.509245157241821289e-01 3.995880782604217529e-01
-2.002543061971664429e-01 1.096337080001831055e+00 5.607081413269042969e+00 1.030301809310913086e+00 9.062772989273071289e-01 3.530808210372924805e+00 -3.279272794723510742e+00 -8.948788642883300781e+00 1.676313996315002441e+00 -3.600709438323974609e+00 5.078853130340576172e+00 -4.264772534370422363e-01 1.635048508644104004e+00 -3.256679058074951172e+00 5.352069854736328125e+00 -1.589238643646240234e-01 -6.478477001190185547e+00 -6.978677749633789062e+00 2.120566844940185547e+00 1.497216463088989258e+00
4.240497946739196777e-01 5.001377582550048828e+00 -4.670953273773193359e+00 -1.286074280738830566e+00 -1.154003977775573730e+00 4.769016742706298828e+00 -4.967815399169921875e+00 -5.923417091369628906e+00 7.206917285919189453e+00 -7.195748805999755859e+00 -3.673911333084106445e+00 -1.128972530364990234e+00 -3.636773109436035156e+00 -7.644001483917236328e+00 -2.012177705764770508e+00 1.589798808097839355e+00 -2.966453790664672852e+00 -5.810751914978027344e+00 2.246676683425903320e+00 3.498295783996582031e+00
-1.260361194610595703e+00 -5.760761260986328125e+00 -1.263185262680053711e+00 9.433095932006835938e+00 1.143836379051208496e+00 5.164661884307861328e+00 4.744675159454345703e+00 6.151739120483398438e+00 -6.417867541313171387e-02 2.446050167083740234e+00 3.310613393783569336e+00 5.757472515106201172e+00 3.311474800109863281e+00 3.277899980545043945e+00 -1.281888604164123535e+00 5.577121257781982422e+00 3.614250421524047852e+00 8.747054934501647949e-01 7.171707630157470703e+00 -4.551437377929687500e+00
7.287003040313720703e+00 5.640130519866943359e+00 6.557013511657714844e+00 9.764479994773864746e-01 -2.324092149734497070e+00 -4.993346929550170898e-01 3.232324600219726562e+00 -3.370820045471191406e+00 9.449241757392883301e-01 2.952385187149047852e+00 -4.874940872192382812e+00 8.688973188400268555e-01 1.082194447517395020e+00 2.445242404937744141e+00 -1.511902093887329102e+00 2.325368642807006836e+00 -7.370542049407958984e+00 6.045906543731689453e-01 6.602425128221511841e-02 2.644031524658203125e+00
9.341104626655578613e-01 2.979535818099975586e+00 -2.211426258087158203e+00 -8.760513663291931152e-01 7.397189617156982422e+00 7.515529990196228027e-01 1.607504010200500488e+00 2.255422592163085938e+00 -3.904975056648254395e-01 9.829305648803710938e+00 4.270282745361328125e+00 -7.568828463554382324e-01 -4.175691604614257812e+00 -2.631915092468261719e+00 -2.087505340576171875e+00 6.620563030242919922e+00 -8.028379440307617188e+00 7.336476325988769531e+00 -2.598392963409423828e+00 -6.499724984169006348e-01
2.092508792877197266e+00 -4.165297508239746094e+00 2.209058552980422974e-01 -4.758077263832092285e-01 4.053710103034973145e-01 -5.249061107635498047e+00 -1.212240219116210938e+00 3.349518060684204102e+00 -1.743630290031433105e+00 2.555233478546142578e+00 8.296955108642578125e+00 -1.288430929183959961e+00 3.583417654037475586e+00 -4.660795629024505615e-02 -8.122839927673339844e+00 2.935859680175781250e+00 -2.693974256515502930e+00 1.340087056159973145e+00 -5.828379154205322266e+00 -1.579770565032958984e+00
-5.499737262725830078e+00 -8.048857688903808594e+00 3.145490169525146484e+00 -3.063608169555664062e+00 -4.423321038484573364e-02 -7.266329765319824219e+00 -1.688292622566223145e+00 -3.074032306671142578e+00 -1.097856640815734863e+00 7.777277946472167969e+00 1.542805671691894531e+00 1.022128582000732422e+01 -7.889401316642761230e-01 3.846551418304443359e+00 -3.449474334716796875e+00 7.226120948791503906e+00 -1.068022966384887695e+00 1.601433873176574707e+00 -4.513199329376220703e+00 -3.204515457153320312e+00
1.303854584693908691e+00 -7.242868423461914062e+00 -9.651431083679199219e+00 -7.720595836639404297e+00 -5.406996607780456543e-01 -6.018321514129638672e+00 1.212455940246582031e+01 -7.589894771575927734e+00 5.133342266082763672e+00 -1.787669211626052856e-01 -1.326782226562500000e+01 1.288288402557373047e+01 7.051614761352539062e+00 -1.497651195526123047e+01 -6.443068981170654297e+00 5.579135939478874207e-02 -5.456191539764404297e+00 7.967757701873779297e+00 -1.251953697204589844e+01 -6.024913191795349121e-01
-1.949189156293869019e-01 -8.579586982727050781e+00 3.801483869552612305e+00 1.514154314994812012e+00 -1.078581809997558594e+00 6.490157127380371094e+00 -1.416348338127136230e+00 -2.891846895217895508e+00 -9.532138705253601074e-01 -4.789223194122314453e+00 -4.041191577911376953e+00 -6.653575897216796875e-01 -3.817496061325073242e+00 3.653758049011230469e+00 -4.707691073417663574e-02 -6.273659706115722656e+00 -6.840075492858886719e+00 -1.525071382522583008e+00 -1.461133003234863281e+01 8.472979545593261719e+00
4.226493835449218750e+00 -2.647114515304565430e+00 2.778046369552612305e+00 2.539415359497070312e+00 -6.827405691146850586e-01 6.687414646148681641e+00 -7.498333454132080078e+00 -5.984631538391113281e+00 1.248966336250305176e+00 -4.532741546630859375e+00 -1.884051203727722168e+00 -2.749652385711669922e+00 2.676665186882019043e-01 -3.018988132476806641e+00 2.490909814834594727e+00 5.395919799804687500e+00 3.491902351379394531e+00 5.066553115844726562e+00 -7.149777412414550781e+00 -1.931381821632385254e+00
-2.057067632675170898e+00 -5.533352851867675781e+00 -9.053648114204406738e-01 7.968966960906982422e+00 -2.855921268463134766e+00 -2.746117413043975830e-01 9.146220207214355469e+00 9.319617271423339844e+00 1.146387767791748047e+01 1.030739498138427734e+01 -1.572509527206420898e+00 -3.509305715560913086e+00 5.473624229431152344e+00 -3.230147123336791992e+00 4.427345275878906250e+00 1.226135730743408203e+00 8.954058647155761719e+00 -3.504408836364746094e+00 1.227299404144287109e+01 -6.325945377349853516e+00
1.036691856384277344e+01 8.614708900451660156e+00 5.012666225433349609e+00 -8.397266268730163574e-01 -4.568191051483154297e+00 -9.804680012166500092e-03 7.262037754058837891e+00 -4.913058757781982422e+00 2.409585118293762207e-01 5.116821765899658203e+00 -7.467576026916503906e+00 1.867262721061706543e-01 9.996513128280639648e-01 2.012917757034301758e+00 1.753334552049636841e-01 7.558919787406921387e-01 -7.679952144622802734e+00 2.177112102508544922e+00 -4.872817695140838623e-01 5.424949645996093750e+00
4.011085629463195801e-01 1.266130352020263672e+01 4.503774642944335938e+00 -1.947547674179077148e+00 2.969518423080444336e+00 -1.016923487186431885e-01 6.010746955871582031e+00 -7.676558941602706909e-02 -5.477807044982910156e+00 5.109091758728027344e+00 -4.044001102447509766e+00 4.704258441925048828e+00 -3.125156641006469727e+00 -1.856433987617492676e+00 -5.754718780517578125e+00 1.848046183586120605e+00 -9.794653892517089844e+00 2.151897430419921875e+00 -1.448830664157867432e-01 -2.464396506547927856e-01
-7.763086557388305664e-01 4.074933052062988281e+00 1.128974035382270813e-01 -7.498076915740966797e+00 -1.303124666213989258e+00 -5.898028850555419922e+00 6.350432395935058594e+00 -3.014214038848876953e-01 2.885575294494628906e+00 2.930791378021240234e+00 4.449062347412109375e+00 -1.152645826339721680e+00 3.048840761184692383e+00 -1.845691204071044922e+00 -2.257451534271240234e+00 9.393796324729919434e-01 2.709014415740966797e-01 5.971334934234619141e+00 1.164714932441711426e+00 1.279227256774902344e+00
-4.834684371948242188e+00 5.524150371551513672e+00 1.019052624702453613e+00 -4.746240079402923584e-01 -4.664732933044433594e+00 -8.309341430664062500e+00 -4.056500494480133057e-01 -4.177458286285400391e+00 3.021455287933349609e+00 1.217495918273925781e+00 3.342089176177978516e+00 6.961580753326416016e+00 -7.315224647521972656e+00 1.301344513893127441e+00 -6.661847114562988281e+00 -1.378645062446594238e+00 1.080334067344665527e+00 4.636388778686523438e+00 -2.685732841491699219e-01 -3.385564565658569336e+00
-1.101094722747802734e+00 2.936231613159179688e+00 9.620189666748046875e-01 -3.547434806823730469e+00 3.385203778743743896e-01 -9.919239997863769531e+00 -4.697388172149658203e+00 -1.242172241210937500e+00 -2.429400920867919922e+00 -2.134268760681152344e+00 -1.778519630432128906e+00 4.455286979675292969e+00 -6.524746417999267578e+00 -9.676515460014343262e-01 -3.116906404495239258e+00 -2.985535383224487305e+00 -1.635837793350219727e+00 7.850237369537353516e+00 -4.369805812835693359e+00 1.810421943664550781e+00
-2.803301811218261719e+00 5.780608177185058594e+00 -1.435477137565612793e-01 -3.222877502441406250e+00 -8.002567104995250702e-03 -1.111648178100585938e+01 -3.987161159515380859e+00 -2.403792381286621094e+00 3.231075048446655273e+00 -5.550876259803771973e-01 -3.651122093200683594e+00 -2.858403444290161133e+00 -2.326826810836791992e+00 4.250490188598632812e+00 -8.890279531478881836e-01 -3.228429317474365234e+00 6.278231739997863770e-01 3.863509178161621094e+00 -5.384838104248046875e+00 9.919835925102233887e-01
-2.642664670944213867e+00 3.807720899581909180e+00 2.416150569915771484e+00 -2.620071887969970703e+00 7.881649732589721680e-01 -7.939919948577880859e+00 -3.936553001403808594e+00 -1.907191753387451172e+00 1.867037892341613770e+00 3.482378244400024414e+00 -1.592920422554016113e+00 -6.264758586883544922e+00 -2.206198930740356445e+00 1.100927352905273438e+00 -9.548332095146179199e-01 3.134299039840698242e+00 6.275704503059387207e-01 2.948745965957641602e+00 -3.089499473571777344e+00 6.393027901649475098e-01
-4.670104682445526123e-01 4.078075885772705078e-01 -1.220420837402343750e+00 -2.487278461456298828e+00 3.859692573547363281e+00 -8.066986083984375000e+00 -6.966190338134765625e+00 -1.719141721725463867e+00 2.107955664396286011e-01 -2.051397860050201416e-01 -2.849926471710205078e+00 -5.495280742645263672e+00 7.801808118820190430e-01 2.983738899230957031e+00 -6.092758655548095703e+00 -1.068911552429199219e+00 5.811036005616188049e-02 1.720882415771484375e+00 -1.011321544647216797e+00 3.337426424026489258e+00
-3.179029941558837891e+00 -3.838734924793243408e-01 -5.007691383361816406e-01 -1.046322956681251526e-01 8.063551187515258789e-01 -6.277240753173828125e+00 -6.661695480346679688e+00 -3.182000294327735901e-02 -1.980074524879455566e+00 1.162769317626953125e+00 -2.456775426864624023e+00 -5.774138927459716797e+00 1.409071087837219238e-01 1.128752350807189941e+00 -5.321113586425781250e+00 3.420662641525268555e+00 -1.239197850227355957e+00 7.525601387023925781e-01 1.842476725578308105e+00 7.049667358398437500e+00
-2.860416173934936523e+00 -7.775338292121887207e-01 2.009370177984237671e-01 -1.418467044830322266e+00 -1.802799224853515625e+00 -4.942266464233398438e+00 -5.388341426849365234e+00 -1.458296775817871094e-01 -1.695008039474487305e+00 4.809271991252899170e-01 -3.824396610260009766e+00 -6.077049255371093750e+00 -1.284735918045043945e+00 5.612621307373046875e-01 -7.752064704895019531e+00 2.852344989776611328e+00 1.504124402999877930e+00 -1.380120515823364258e+00 2.221194267272949219e+00 6.356472015380859375e+00
-1.171812713146209717e-01 3.975005075335502625e-02 4.402995586395263672e+00 -5.716376900672912598e-01 3.814230263233184814e-01 -4.677462577819824219e+00 -1.369775414466857910e+00 6.214940071105957031e+00 1.496442079544067383e+00 -1.467270135879516602e+00 -4.364990711212158203e+00 -3.056828260421752930e+00 2.602517306804656982e-01 1.792302608489990234e+00 5.896047353744506836e-01 4.026843547821044922e+00 -3.987775802612304688e+00 -2.384597778320312500e+00 -1.763232946395874023e+00 -9.210335612297058105e-01
-1.893709659576416016e+00 -4.497139453887939453e-01 2.631351232528686523e+00 -1.441102176904678345e-01 4.241802215576171875e+00 -4.185966014862060547e+00 -4.688949286937713623e-01 4.686888694763183594e+00 5.426595211029052734e+00 -1.529267549514770508e+00 -2.828319370746612549e-01 8.385218381881713867e-01 1.883568167686462402e+00 2.197799086570739746e-01 -3.440644264221191406e+00 5.536361694335937500e+00 -6.755848407745361328e+00 -3.373426496982574463e-01 -1.292955398559570312e+00 -1.303846478462219238e+00
4.359832286834716797e+00 -3.689044713973999023e+00 -4.669096469879150391e-01 -2.649992406368255615e-01 -1.170367002487182617e+00 -3.835388183593750000e+00 -2.148686408996582031e+00 4.023626804351806641e+00 -1.842471837997436523e+00 2.618847131729125977e+00 9.376924514770507812e+00 -5.731866359710693359e-01 1.987501144409179688e+00 2.276042222976684570e+00 -1.045187377929687500e+01 3.876211881637573242e+00 -2.885228395462036133e+00 1.486320614814758301e+00 -4.375977039337158203e+00 -1.666962385177612305e+00
1.798687219619750977e+00 -7.662935733795166016e+00 1.209226965904235840e+00 -5.005403041839599609e+00 -5.253657102584838867e-01 -6.447388172149658203e+00 -6.194372653961181641e+00 -1.370293140411376953e+00 3.980064868927001953e+00 1.056269359588623047e+01 1.881029963493347168e+00 7.936985492706298828e+00 1.398857712745666504e+00 2.745658397674560547e+00 -4.736932754516601562e+00 8.782287597656250000e+00 9.795711636543273926e-01 1.240194797515869141e+00 1.556387990713119507e-01 -1.353202223777770996e+00
-3.327981472015380859e+00 1.056740060448646545e-02 -2.479986429214477539e+00 -5.114958062767982483e-02 1.218119049072265625e+01 3.215099811553955078e+00 1.978950381278991699e+00 -2.107314586639404297e+00 5.873883724212646484e+00 3.229834556579589844e+00 8.042055130004882812e+00 8.972566127777099609e-01 -1.538987636566162109e+01 1.408335018157958984e+01 2.328858077526092529e-01 -9.195393562316894531e+00 -6.623069643974304199e-01 -6.492704868316650391e+00 -3.558109521865844727e+00 1.117829322814941406e+01
1.487312507629394531e+01 -9.450429916381835938e+00 5.183560848236083984e+00 -6.049801826477050781e+00 -3.207172155380249023e+00 -8.431543350219726562e+00 -2.393246650695800781e+00 1.948793768882751465e+00 -1.222115755081176758e-01 -1.673798680305480957e+00 1.139329314231872559e+00 2.371706008911132812e+00 -1.123854255676269531e+01 -1.608342170715332031e+01 6.158136844635009766e+00 -9.724882125854492188e+00 -4.357092857360839844e+00 1.235897421836853027e+00 9.798770904541015625e+00 -1.031559586524963379e+00
4.399815559387207031e+00 -3.178699731826782227e+00 3.907223463058471680e+00 3.179276227951049805e+00 2.486135959625244141e+00 5.414050102233886719e+00 -5.880175590515136719e+00 -8.103240966796875000e+00 7.518820166587829590e-01 -5.251245975494384766e+00 -2.950508117675781250e+00 -4.249206542968750000e+00 3.720502853393554688e-01 -2.887313365936279297e+00 2.119519710540771484e+00 6.181823253631591797e+00 6.173345088958740234e+00 5.432754993438720703e+00 -6.299855232238769531e+00 -1.534674882888793945e+00
-5.723305702209472656e+00 1.216938257217407227e+00 -4.574602603912353516e+00 -7.304293155670166016e+00 -8.339593887329101562e+00 -9.537073969841003418e-01 -1.916169762611389160e+00 -8.436613082885742188e+00 2.475762367248535156e+00 -2.522529363632202148e+00 -1.154340028762817383e+00 4.970756053924560547e+00 -6.453145980834960938e+00 -6.458760499954223633e-01 -3.429800987243652344e+00 8.497098922729492188e+00 -6.659142017364501953e+00 -7.662448406219482422e+00 -1.571967363357543945e+00 2.497553825378417969e+00
1.018693828582763672e+01 9.449406623840332031e+00 7.609005451202392578e+00 -2.164737462997436523e+00 -4.022647857666015625e+00 5.370988696813583374e-02 7.469085216522216797e+00 -5.660661220550537109e+00 -5.925047397613525391e-01 4.676444530487060547e+00 -5.855874061584472656e+00 1.252827405929565430e+00 5.920640230178833008e-01 3.152659416198730469e+00 -3.204468786716461182e-01 2.765546739101409912e-01 -4.177306175231933594e+00 3.099407911300659180e+00 -2.347410202026367188e+00 4.094046592712402344e+00
-2.209270447492599487e-01 1.236086654663085938e+01 4.848042011260986328e+00 -6.976737380027770996e-01 2.231438398361206055e+00 -1.965710759162902832e+00 4.684380531311035156e+00 -2.540761232376098633e+00 -3.836743354797363281e+00 3.347981214523315430e+00 -4.613245964050292969e+00 5.802792072296142578e+00 -3.032310724258422852e+00 -2.604894876480102539e+00 -5.823390483856201172e+00 6.507115364074707031e-01 -6.828304767608642578e+00 2.798275470733642578e+00 2.762820720672607422e-01 2.229659080505371094e+00
1.479623436927795410e+00 5.918956279754638672e+00 -1.362746715545654297e+00 -7.182293415069580078e+00 -1.478969812393188477e+00 -4.742887496948242188e+00 8.092872619628906250e+00 -5.135963559150695801e-01 2.668502569198608398e+00 1.366466879844665527e+00 3.563774824142456055e+00 -1.882345080375671387e-01 -2.162849456071853638e-01 -2.168759107589721680e-01 -3.364555835723876953e+00 3.338844776153564453e+00 -2.512196302413940430e-01 6.773773670196533203e+00 3.489493370056152344e+00 1.477046966552734375e+00
-2.165975093841552734e+00 6.574433803558349609e+00 -1.184223651885986328e+00 -4.153743743896484375e+00 -6.293350696563720703e+00 -1.018795585632324219e+01 2.471835613250732422e+00 -4.401213169097900391e+00 7.302583217620849609e+00 2.301040172576904297e+00 -1.778223514556884766e-01 7.989634990692138672e+00 -2.545601129531860352e+00 1.883790731430053711e+00 -7.816999912261962891e+00 3.362358510494232178e-01 4.590226173400878906e+00 2.482033818960189819e-01 -7.370152473449707031e-01 -3.228925466537475586e-01
-2.154013633728027344e+00 2.522047996520996094e+00 -7.504432797431945801e-01 -2.947522163391113281e+00 -8.133597373962402344e+00 -8.840218544006347656e+00 -3.347474336624145508e-01 -8.990200161933898926e-01 2.969527482986450195e+00 2.558765411376953125e+00 -1.324923872947692871e+00 6.501620292663574219e+00 5.275849819183349609e+00 1.570937037467956543e+00 -6.728607177734375000e+00 -3.260338783264160156e+00 -4.848393917083740234e+00 1.063567256927490234e+01 -3.961269855499267578e+00 -6.285352706909179688e+00
-6.356602907180786133e-02 6.320770978927612305e-01 -3.623418331146240234e+00 -7.089481353759765625e+00 -3.873028516769409180e+00 -1.037618064880371094e+01 -8.219304680824279785e-01 -2.671147108078002930e+00 -2.820274591445922852e+00 -6.438233852386474609e+00 -3.357047319412231445e+00 2.392897129058837891e+00 -9.222819328308105469e+00 5.523658990859985352e-01 -1.156802654266357422e+00 -2.445849418640136719e+00 -2.105180740356445312e+00 7.126217365264892578e+00 -3.874941825866699219e+00 -2.520521402359008789e+00
-3.353292644023895264e-01 2.090242624282836914e+00 -2.658907651901245117e+00 -8.745656967163085938e+00 -1.894408702850341797e+00 -4.318456172943115234e+00 -4.379558563232421875e+00 -5.984141826629638672e+00 -3.922407388687133789e+00 3.740795612335205078e+00 -4.027002811431884766e+00 4.352319717407226562e+00 1.570117712020874023e+00 3.352582454681396484e+00 -6.996656417846679688e+00 -1.538312792778015137e+00 3.745355904102325439e-01 8.252254486083984375e+00 -1.208211803436279297e+01 -3.938038825988769531e+00
-3.922533512115478516e+00 -1.173224806785583496e+00 -2.240973711013793945e+00 9.034200310707092285e-01 -2.501996040344238281e+00 -1.212636375427246094e+01 -6.797727584838867188e+00 -1.936007499694824219e+00 -4.748321056365966797e+00 1.311610817909240723e+00 -7.021661281585693359e+00 -8.116728782653808594e+00 -4.582839012145996094e-01 9.103038907051086426e-01 -5.685256004333496094e+00 6.537822246551513672e+00 -3.079360961914062500e+00 8.667709231376647949e-01 2.397751331329345703e+00 7.162251949310302734e+00
-3.683376550674438477e+00 -9.669319987297058105e-01 1.127636432647705078e+00 1.156453967094421387e+00 -4.008075714111328125e+00 -6.561722755432128906e+00 -5.995650291442871094e+00 3.624521195888519287e-01 -2.214324712753295898e+00 1.556919813156127930e+00 -4.168270587921142578e+00 -5.330774307250976562e+00 -1.642965793609619141e+00 -1.685334444046020508e-01 -7.911173343658447266e+00 7.812270641326904297e+00 -1.541906237602233887e+00 1.154253005981445312e+00 3.284784793853759766e+00 6.634654521942138672e+00
-2.679600000381469727e+00 -1.735334157943725586e+00 4.287610054016113281e+00 3.288016796112060547e+00 -3.485934734344482422e-01 -5.238562583923339844e+00 -4.194262504577636719e+00 6.549757957458496094e+00 1.275553345680236816e+00 2.388939380645751953e+00 -6.385571956634521484e+00 -3.221425712108612061e-01 -2.885761111974716187e-02 -8.153105974197387695e-01 -1.714338183403015137e+00 8.226446151733398438e+00 -6.545636177062988281e+00 -1.145259976387023926e+00 1.896837115287780762e+00 2.638079643249511719e+00
1.189437627792358398e+00 2.007622122764587402e-01 -6.144933775067329407e-02 3.358825445175170898e-01 2.100775718688964844e+00 -7.483233809471130371e-01 -1.031071782112121582e+00 4.391996860504150391e+00 1.265203714370727539e+00 6.528069376945495605e-01 -3.138363599777221680e+00 -2.085608959197998047e+00 1.418264627456665039e+00 1.709039449691772461e+00 -1.037385225296020508e+00 4.152013778686523438e+00 -5.794520378112792969e+00 6.358165740966796875e-01 -1.480327844619750977e+00 -8.986828923225402832e-01
2.679291248321533203e+00 4.451037049293518066e-01 6.160134673118591309e-01 3.337342023849487305e+00 -3.708849251270294189e-01 -4.223289966583251953e+00 -2.582209825515747070e+00 5.989975452423095703e+00 1.222862601280212402e+00 -1.554870963096618652e+00 -1.668625354766845703e+00 4.922901630401611328e+00 2.737838029861450195e+00 1.373175144195556641e+00 -5.012145519256591797e+00 4.872111797332763672e+00 -8.840452194213867188e+00 -2.873347759246826172e+00 -1.424494981765747070e+00 5.964060872793197632e-02
5.635914325714111328e+00 3.804573714733123779e-01 -2.418638229370117188e+00 -4.573455333709716797e+00 3.232828140258789062e+00 -2.152294397354125977e+00 -4.086841106414794922e+00 6.460160732269287109e+00 7.056907176971435547e+00 2.422567367553710938e+00 1.762654185295104980e+00 3.328301668167114258e+00 -8.797872066497802734e-02 3.876660108566284180e+00 -1.016551113128662109e+01 6.357060909271240234e+00 3.471226990222930908e-01 -2.722481012344360352e+00 -5.933845043182373047e+00 -7.219502449035644531e+00
7.057273864746093750e+00 -1.291557192802429199e+00 -3.300572633743286133e+00 6.740806579589843750e+00 1.732110619544982910e+00 -6.985943794250488281e+00 -2.625061511993408203e+00 5.523716449737548828e+00 3.290343284606933594e-01 1.220807909965515137e+00 8.349740982055664062e+00 3.810343742370605469e-01 -2.354027986526489258e+00 1.290678620338439941e+00 -5.744294643402099609e+00 4.150648593902587891e+00 -5.452383518218994141e+00 3.038722753524780273e+00 -4.021879196166992188e+00 -8.365909576416015625e+00
-4.385801792144775391e+00 -3.780644893646240234e+00 4.232838153839111328e+00 -8.954953193664550781e+00 -3.319416046142578125e+00 -2.799678325653076172e+00 -7.094564914703369141e+00 -5.785175323486328125e+00 -1.042854785919189453e+00 9.263948440551757812e+00 4.082024097442626953e+00 5.512302517890930176e-01 -5.515396595001220703e+00 2.870084762573242188e+00 -9.873310089111328125e+00 -9.292846679687500000e+00 -5.078081607818603516e+00 -2.509435176849365234e+00 -6.450265884399414062e+00 -1.890321731567382812e+01
1.137865662574768066e+00 -5.498057842254638672e+00 -8.305947303771972656e+00 -1.287823867797851562e+01 -1.560527229309082031e+01 -6.535073757171630859e+00 -6.841738700866699219e+00 -1.172862815856933594e+01 -3.062647581100463867e+00 2.898223876953125000e+00 -7.092500686645507812e+00 -1.095626640319824219e+01 1.618719458580017090e+00 3.669956445693969727e+00 -6.490119934082031250e+00 -2.380039215087890625e+00 -1.419638538360595703e+01 -1.648261070251464844e+00 8.766025543212890625e+00 -4.258201599121093750e+00
-1.189483523368835449e+00 -3.072445631027221680e+00 5.237679481506347656e-01 2.240148782730102539e+00 -1.034533977508544922e+01 -1.032859802246093750e+00 4.068638324737548828e+00 -7.252569675445556641e+00 -3.993172883987426758e+00 -1.402994823455810547e+01 -8.274853825569152832e-01 -2.283623218536376953e+00 3.918835520744323730e-01 8.172994613647460938e+00 5.813026428222656250e+00 1.384944200515747070e+00 3.687729358673095703e+00 -1.246594548225402832e+00 -5.335210800170898438e+00 -8.553665876388549805e-02
1.961800193786621094e+01 2.442255973815917969e+01 -6.319233417510986328e+00 -6.588479518890380859e+00 9.878680109977722168e-01 -1.375966358184814453e+01 4.323689460754394531e+00 -8.861948013305664062e+00 -1.191036820411682129e+00 -9.037405014038085938e+00 -1.641839027404785156e+01 -6.926426887512207031e+00 -8.101949691772460938e+00 -1.912770271301269531e+00 -3.610579490661621094e+00 -3.856554925441741943e-01 -1.474523639678955078e+01 7.243761420249938965e-01 -9.561099052429199219e+00 2.709366083145141602e+00
1.213581848144531250e+01 9.785535812377929688e+00 5.482382774353027344e+00 -1.933644175529479980e+00 -3.042420864105224609e+00 2.431291639804840088e-01 3.060426235198974609e+00 -4.779344081878662109e+00 2.067022800445556641e+00 5.328808784484863281e+00 -8.800267219543457031e+00 2.321315526962280273e+00 1.387931585311889648e+00 5.802082061767578125e+00 9.540044665336608887e-01 9.184165000915527344e-01 -4.021425247192382812e+00 2.738547801971435547e+00 -2.564939260482788086e+00 2.908500194549560547e+00
1.204086303710937500e+00 1.300161552429199219e+01 8.188511848449707031e+00 -1.978595554828643799e-01 3.858143806457519531e+00 -2.684854030609130859e+00 6.009985923767089844e+00 -4.745313167572021484e+00 -1.032612562179565430e+00 4.784821033477783203e+00 -5.747435092926025391e+00 7.017538547515869141e+00 -1.601698637008666992e+00 1.352107524871826172e+00 -7.019046306610107422e+00 -3.986795663833618164e+00 -9.130761146545410156e+00 2.522234678268432617e+00 2.033777952194213867e+00 1.466113686561584473e+00
6.344112753868103027e-01 6.704689979553222656e+00 -2.073560476303100586e+00 -6.998396396636962891e+00 1.760768532752990723e+00 -4.471608161926269531e+00 7.843117237091064453e+00 -4.295985996723175049e-01 5.684953331947326660e-01 1.279487609863281250e+00 3.195472002029418945e+00 1.136709809303283691e+00 2.825435698032379150e-01 1.072159528732299805e+00 -4.421275138854980469e+00 6.884559392929077148e-01 -1.520813465118408203e+00 8.199742317199707031e+00 3.779560804367065430e+00 -1.493268609046936035e-01
-7.364763021469116211e-01 6.647552967071533203e+00 -7.773326635360717773e-01 -6.785660266876220703e+00 -1.216983437538146973e+00 -4.396684169769287109e+00 8.249966621398925781e+00 4.048313498497009277e-01 3.200445413589477539e+00 1.175445437431335449e+00 2.712023973464965820e+00 4.065937697887420654e-01 -2.012492179870605469e+00 8.755400180816650391e-01 -4.716674804687500000e+00 2.652679920196533203e+00 -1.956164956092834473e+00 7.366623401641845703e+00 4.055777072906494141e+00 7.575535774230957031e-01
-3.660335838794708252e-01 8.444180488586425781e+00 -6.200506687164306641e-01 -6.822175979614257812e+00 -2.269984006881713867e+00 -4.068806648254394531e+00 6.667901039123535156e+00 -7.422077059745788574e-01 6.898343563079833984e-01 8.866745829582214355e-01 3.607517242431640625e+00 -9.102738499641418457e-01 -2.229501962661743164e+00 9.927626252174377441e-01 -4.150511741638183594e+00 3.654306650161743164e+00 -1.674946308135986328e+00 7.449768066406250000e+00 3.562635660171508789e+00 -1.282507739961147308e-02
3.018960356712341309e-01 6.585865497589111328e+00 -8.777890205383300781e-01 -6.508500576019287109e+00 -5.388723611831665039e-01 -3.645441293716430664e+00 6.301063060760498047e+00 -1.158599495887756348e+00 2.871361494064331055e+00 2.825085163116455078e+00 4.358825683593750000e+00 -3.604218661785125732e-01 -1.438127517700195312e+00 5.389372110366821289e-01 -3.380179405212402344e+00 3.799188137054443359e+00 -1.613487243652343750e+00 8.430462837219238281e+00 4.286787033081054688e+00 6.320433616638183594e-01
5.055492520332336426e-01 -6.716681003570556641e+00 -2.601351141929626465e-01 -4.247452616691589355e-01 7.787089824676513672e+00 -1.727194666862487793e+00 6.946102619171142578e+00 -5.376064777374267578e+00 2.294322252273559570e+00 -9.627042412757873535e-01 6.271960258483886719e+00 1.274225044250488281e+01 8.393509864807128906e+00 1.248758673667907715e+00 3.239188194274902344e+00 2.261228859424591064e-01 -3.089945316314697266e+00 3.057172536849975586e+00 -8.605253219604492188e+00 4.147274017333984375e+00
6.838988065719604492e-01 6.141602039337158203e+00 -1.217585086822509766e+00 -8.476334571838378906e+00 -1.046679377555847168e+00 -3.015701770782470703e+00 7.616423606872558594e+00 2.926448881626129150e-01 2.071812391281127930e+00 5.458276271820068359e-01 3.444471597671508789e+00 7.470637559890747070e-01 -1.661909818649291992e+00 3.830004632472991943e-01 -4.541422843933105469e+00 1.951787471771240234e+00 -1.099696278572082520e+00 6.952900409698486328e+00 3.851951599121093750e+00 -4.071595370769500732e-01
-2.952184200286865234e+00 6.591454982757568359e+00 4.814922332763671875e+00 -6.991036891937255859e+00 5.116084098815917969e+00 -5.904972076416015625e+00 9.587221145629882812e+00 2.312129259109497070e+00 3.114912509918212891e+00 -3.005014061927795410e-01 -1.377279520034790039e+00 1.411902308464050293e+00 -3.221847295761108398e+00 -1.393471121788024902e+00 -1.464677929878234863e+00 1.745544552803039551e+00 -4.192043304443359375e+00 4.395123481750488281e+00 3.950649261474609375e+00 1.656610965728759766e+00
-6.630102992057800293e-01 5.492148876190185547e+00 -3.119934082031250000e+00 -6.549445629119873047e+00 -3.311840295791625977e-01 -5.331124782562255859e+00 8.279114723205566406e+00 -2.054709196090698242e-01 3.728591680526733398e+00 1.526947259902954102e+00 3.040979862213134766e+00 3.826242983341217041e-01 -1.276807904243469238e+00 8.537243008613586426e-01 -1.966516971588134766e+00 2.470086336135864258e+00 -6.194052100181579590e-01 9.149483680725097656e+00 2.937397480010986328e+00 1.566428661346435547e+00
-3.697599768638610840e-01 6.418892383575439453e+00 -2.705988883972167969e+00 -6.744230747222900391e+00 -1.734976887702941895e+00 -4.281695842742919922e+00 7.050446987152099609e+00 -3.102343380451202393e-01 3.282991647720336914e+00 1.030561208724975586e+00 4.755972862243652344e+00 1.692414999008178711e+00 -1.572780966758728027e+00 6.508004665374755859e-01 -2.961316585540771484e+00 3.790932655334472656e+00 -6.863836199045181274e-02 7.572699069976806641e+00 3.482948780059814453e+00 -2.936792075634002686e-01
1.091557025909423828e+00 6.861681461334228516e+00 -6.144847273826599121e-01 -6.531243801116943359e+00 -2.021382570266723633e+00 -3.612944841384887695e+00 8.064345359802246094e+00 7.313047051429748535e-01 2.217010498046875000e+00 7.713732719421386719e-01 4.400372028350830078e+00 3.341757059097290039e-01 -1.028323769569396973e+00 -6.420036554336547852e-01 -4.220204830169677734e+00 4.136795043945312500e+00 -5.941602587699890137e-01 8.450446128845214844e+00 2.123226165771484375e+00 7.675041556358337402e-01
-2.455862313508987427e-01 6.311305522918701172e+00 -1.183774232864379883e+00 -6.086744785308837891e+00 -2.026506423950195312e+00 -4.856341361999511719e+00 7.366146564483642578e+00 4.993594288825988770e-01 2.515992879867553711e+00 2.154061496257781982e-01 4.375833034515380859e+00 3.985779881477355957e-01 -6.529354453086853027e-01 3.748715221881866455e-01 -3.094557285308837891e+00 4.381755352020263672e+00 -7.455233335494995117e-01 7.092752456665039062e+00 3.456312179565429688e+00 1.052158713340759277e+00
6.938289999961853027e-01 6.337238788604736328e+00 -6.160523295402526855e-01 -5.419393062591552734e+00 -1.374436020851135254e+00 -4.756122589111328125e+00 8.094399452209472656e+00 -1.699661649763584137e-02 1.481287002563476562e+00 1.340893387794494629e+00 2.931732416152954102e+00 5.198917388916015625e-01 -1.147685050964355469e-01 -5.855516791343688965e-01 -3.915616512298583984e+00 3.451713085174560547e+00 -6.291258335113525391e-01 8.063729286193847656e+00 2.672790288925170898e+00 6.497538089752197266e-01
7.258263230323791504e-01 6.137165069580078125e+00 -6.822291016578674316e-01 -6.906161308288574219e+00 -9.543877243995666504e-01 -3.395731925964355469e+00 6.332375049591064453e+00 5.432645678520202637e-01 3.309686422348022461e+00 1.459714770317077637e+00 3.481612920761108398e+00 9.222006797790527344e-02 -9.274308681488037109e-01 2.121455669403076172e-01 -3.599280118942260742e+00 3.400621175765991211e+00 -1.730421781539916992e+00 7.792600631713867188e+00 2.856143474578857422e+00 9.032424092292785645e-01
-1.173613429069519043e+00 7.195847034454345703e+00 1.493113040924072266e+00 -5.070697307586669922e+00 9.881489872932434082e-01 -4.567467689514160156e+00 6.549709320068359375e+00 3.661002874374389648e+00 2.162306070327758789e+00 2.108307778835296631e-01 3.574806928634643555e+00 2.232907056808471680e+00 -5.104703903198242188e+00 -9.990500807762145996e-01 -1.790126562118530273e+00 2.310102939605712891e+00 -7.743659615516662598e-01 7.220666885375976562e+00 1.142211437225341797e+00 -6.982158869504928589e-02
-4.401968717575073242e-01 6.780179977416992188e+00 -1.026027321815490723e+00 -7.603837490081787109e+00 -1.531383037567138672e+00 -3.998398065567016602e+00 8.070311546325683594e+00 4.408416152000427246e-01 3.149948358535766602e+00 1.657377958297729492e+00 2.959589958190917969e+00 1.018057227134704590e+00 -2.044742345809936523e+00 4.095661044120788574e-01 -3.306413650512695312e+00 4.068630695343017578e+00 -7.516475915908813477e-01 7.292723178863525391e+00 3.273159742355346680e+00 8.106016516685485840e-01
-5.802552223205566406e+00 6.618455886840820312e+00 3.180662870407104492e+00 -2.905831575393676758e+00 -3.975016355514526367e+00 -7.885719299316406250e+00 2.242735624313354492e+00 -3.882578849792480469e+00 3.079467535018920898e+00 6.762801647186279297e+00 9.756772965192794800e-02 6.726001262664794922e+00 -2.948263168334960938e+00 -3.165946006774902344e+00 -5.945012092590332031e+00 8.737070560455322266e-01 2.043208122253417969e+00 5.109648704528808594e+00 -3.449225187301635742e+00 -2.251332759857177734e+00
-5.134219646453857422e+00 3.014700412750244141e-01 1.298828363418579102e+00 -5.265855789184570312e+00 -8.201398849487304688e+00 -7.485481739044189453e+00 3.094032526016235352e+00 -3.467645645141601562e+00 3.300407826900482178e-01 -2.134451270103454590e-01 -3.904017925262451172e+00 8.268390655517578125e+00 3.142726421356201172e+00 1.856518507003784180e+00 -5.693235397338867188e+00 -1.998609900474548340e+00 -5.541218757629394531e+00 1.164181137084960938e+01 -4.807365417480468750e+00 -4.533896923065185547e+00
-1.899669051170349121e+00 4.344970703125000000e+00 -8.160738945007324219e+00 -8.491160392761230469e+00 -7.232660770416259766e+00 -7.488593578338623047e+00 6.294815540313720703e+00 -7.761984825134277344e+00 -2.241742610931396484e+00 -3.735455513000488281e+00 -2.694880962371826172e+00 3.936619281768798828e+00 -8.537481427192687988e-01 -1.114087104797363281e+00 -9.883970260620117188e+00 2.337601661682128906e+00 -5.305094718933105469e+00 7.844959735870361328e+00 -7.605232715606689453e+00 -6.326741695404052734e+00
1.741083979606628418e+00 2.552162706851959229e-01 -2.411412715911865234e+00 -7.154829978942871094e+00 -3.965352535247802734e+00 -1.588439083099365234e+01 -6.921426296234130859e+00 -9.768961071968078613e-01 3.390221595764160156e-01 -3.690775871276855469e+00 -6.682398319244384766e+00 9.578855037689208984e-01 -1.263542294502258301e+00 4.372187614440917969e+00 -2.466390609741210938e+00 -1.014790153503417969e+01 -2.465678215026855469e+00 6.859353542327880859e+00 -1.108963108062744141e+01 -4.692012786865234375e+00
-1.509186625480651855e+00 -2.006065547466278076e-01 -4.565850257873535156e+00 4.067299365997314453e-01 -8.799034357070922852e-01 -1.664114189147949219e+01 -7.485847949981689453e+00 -3.827653646469116211e+00 -3.956578731536865234e+00 -2.984677255153656006e-01 -3.339305639266967773e+00 -1.001390552520751953e+01 1.468296766281127930e+00 2.479099512100219727e+00 -3.942739486694335938e+00 3.521018743515014648e+00 -3.714615345001220703e+00 1.542952299118041992e+00 -3.227909803390502930e+00 4.887920856475830078e+00
-4.874248981475830078e+00 -1.503207206726074219e+00 -4.027038514614105225e-01 1.669807553291320801e+00 -3.300303220748901367e+00 -1.242849540710449219e+01 -7.071991443634033203e+00 2.403915524482727051e-01 -1.860202670097351074e+00 -3.887749509885907173e-03 -5.753098964691162109e+00 -4.589307785034179688e+00 -7.371902465820312500e-01 1.039187312126159668e+00 -3.982332229614257812e+00 1.050033855438232422e+01 -7.131239771842956543e-01 2.028620004653930664e+00 2.314464330673217773e+00 6.512011528015136719e+00
6.639801979064941406e+00 -3.336608648300170898e+00 5.914601802825927734e+00 1.124948596954345703e+01 -4.064167499542236328e+00 -2.889041423797607422e+00 -2.005258321762084961e+00 9.971206665039062500e+00 4.667973518371582031e+00 2.566894054412841797e+00 5.023612380027770996e-01 1.697440743446350098e+00 -2.507787227630615234e+00 -3.475311279296875000e+00 -2.439155817031860352e+00 8.817630410194396973e-01 1.979657769203186035e+00 4.764673113822937012e-01 -1.514944314956665039e+00 1.089529514312744141e+01
-1.487947463989257812e+00 1.423870205879211426e+00 4.133710861206054688e+00 2.072952985763549805e+00 -3.425470590591430664e+00 -1.779765129089355469e+00 -2.088595151901245117e+00 9.554938316345214844e+00 -5.466669082641601562e+00 -4.433091878890991211e-01 -1.275212168693542480e+00 -3.919557332992553711e+00 -3.404936790466308594e-01 1.361284136772155762e+00 -6.050525665283203125e+00 2.930157184600830078e+00 -6.135594367980957031e+00 -3.509663105010986328e+00 -4.136216640472412109e+00 1.951783776283264160e+00
4.836059570312500000e+00 1.248962402343750000e+00 2.631031870841979980e-01 3.510210752487182617e+00 -6.010101795196533203e+00 -7.427683353424072266e+00 2.685979127883911133e+00 -5.591168999671936035e-01 2.565110683441162109e+00 3.485547542572021484e+00 7.435868382453918457e-01 1.319879740476608276e-01 7.653860092163085938e+00 1.973921179771423340e+00 1.276693701744079590e+00 9.625613093376159668e-01 -4.349798202514648438e+00 -2.711860418319702148e+00 -5.313717842102050781e+00 -4.664112567901611328e+00
9.759518504142761230e-01 -3.123893976211547852e+00 -8.304733633995056152e-01 3.591056346893310547e+00 -8.129685401916503906e+00 -2.721381664276123047e+00 -3.226583957672119141e+00 6.569531440734863281e+00 1.775168418884277344e+00 4.487268924713134766e+00 2.486731767654418945e+00 -3.843903064727783203e+00 5.550014972686767578e+00 2.660674571990966797e+00 2.616035699844360352e+00 -2.898804664611816406e+00 -1.294278717041015625e+01 3.180293798446655273e+00 -3.782115221023559570e+00 3.521399736404418945e+00
8.237066268920898438e+00 -7.818932533264160156e-01 -3.874102115631103516e+00 6.136487007141113281e+00 1.034079074859619141e+01 -7.579630374908447266e+00 -7.301681041717529297e+00 -1.326915472745895386e-01 5.494809627532958984e+00 -1.375164985656738281e+00 -3.193650484085083008e+00 2.917410612106323242e+00 -1.394070148468017578e+00 8.805463790893554688e+00 -7.684874057769775391e+00 6.991239547729492188e+00 -5.064496994018554688e+00 -5.610952377319335938e+00 -5.591036319732666016e+00 -1.168064880371093750e+01
5.871388316154479980e-01 -6.914030075073242188e+00 -5.654464721679687500e+00 -3.842999219894409180e+00 -2.062913894653320312e+00 -4.174735546112060547e+00 1.385300278663635254e+00 -3.970651865005493164e+00 4.261289119720458984e+00 9.261697769165039062e+00 6.342986106872558594e+00 2.486603975296020508e+00 -4.445797204971313477e-01 1.056997966766357422e+01 -2.741995811462402344e+00 3.540726304054260254e-01 -1.006957626342773438e+01 -1.927313566207885742e+00 8.394947052001953125e-01 -7.077744007110595703e+00
-3.425383329391479492e+00 -4.072703361511230469e+00 -1.404262351989746094e+01 7.766015529632568359e+00 1.886897206306457520e+00 2.812892913818359375e+00 -1.065608263015747070e+00 1.519252395629882812e+01 -7.716735839843750000e+00 2.149605751037597656e+01 -2.225473165512084961e+00 1.324381470680236816e+00 1.561729812622070312e+01 1.288992595672607422e+01 -5.708889484405517578e+00 -1.186108303070068359e+01 1.199422740936279297e+01 -2.426651954650878906e+00 1.657088279724121094e+01 -1.535885453224182129e+00
-4.643173217773437500e-01 8.169268369674682617e-01 5.987496376037597656e+00 3.522445857524871826e-01 2.223714590072631836e+00 3.358455657958984375e+00 -6.302813291549682617e-01 -1.405011415481567383e+00 5.963267087936401367e-01 3.074967861175537109e+00 -2.005763053894042969e-01 -2.364240407943725586e+00 -2.608470916748046875e-01 1.817633390426635742e+00 -4.342847764492034912e-01 2.593727350234985352e+00 -3.379671335220336914e+00 8.630920648574829102e-01 -1.027791380882263184e+00 1.220152854919433594e+00
-1.619834661483764648e+00 1.455464512109756470e-01 5.457209587097167969e+00 6.754395961761474609e-01 6.283936500549316406e-01 -2.797951221466064453e+00 4.693818569183349609e+00 2.967891693115234375e+00 -3.573845863342285156e+00 -3.342584609985351562e+00 1.531574010848999023e+00 2.583027482032775879e-01 4.712479114532470703e+00 -2.051176875829696655e-01 4.106637477874755859e+00 -3.909657001495361328e+00 -6.771584749221801758e-01 -1.553130865097045898e+00 -1.483936309814453125e+00 5.699226260185241699e-01
-2.227546930313110352e+00 -3.374366283416748047e+00 1.797829270362854004e+00 -6.432574391365051270e-01 -7.921103388071060181e-02 -3.482044458389282227e+00 -1.447833299636840820e+00 -2.413509607315063477e+00 -8.150026798248291016e-01 -1.658358097076416016e+00 1.581128954887390137e+00 -1.788749694824218750e+00 -2.242220401763916016e+00 -1.429209947586059570e+00 2.737340927124023438e-01 -1.865275740623474121e+00 1.861975908279418945e+00 -1.244644880294799805e+00 -5.570267677307128906e+00 4.113600730895996094e+00
-1.308525681495666504e+00 2.959629774093627930e+00 2.860453605651855469e+00 5.493630170822143555e-01 3.241141319274902344e+00 -3.398260354995727539e+00 6.044868946075439453e+00 2.473395109176635742e+00 8.828485488891601562e+00 3.931071043014526367e+00 -1.239145621657371521e-01 -4.840007781982421875e+00 2.061841726303100586e+00 6.845168113708496094e+00 2.217119455337524414e+00 -6.446233272552490234e+00 -2.773772954940795898e+00 1.947799086570739746e+00 -1.725951075553894043e+00 -3.119821310043334961e+00
-2.300536155700683594e+00 -6.304270267486572266e+00 -1.296049356460571289e+00 -7.566341400146484375e+00 4.199265480041503906e+00 -2.489016294479370117e+00 -6.178476333618164062e+00 -3.925184488296508789e+00 -4.817908763885498047e+00 -1.618088483810424805e+00 -5.365434169769287109e+00 6.879300594329833984e+00 2.595603227615356445e+00 -2.933577060699462891e+00 -1.018707871437072754e+00 6.380211830139160156e+00 -6.064870357513427734e+00 -3.819874048233032227e+00 -1.249789237976074219e+01 -8.099086761474609375e+00
-2.314003944396972656e+00 1.066386890411376953e+01 3.882569968700408936e-01 -7.199514389038085938e+00 -2.905056715011596680e+00 -8.474284172058105469e+00 8.706863403320312500e+00 1.456744074821472168e+00 1.163318514823913574e+00 -2.101817607879638672e+00 5.086921215057373047e+00 6.531671524047851562e+00 -3.382312059402465820e+00 -2.998775959014892578e+00 -5.501669406890869141e+00 -4.002350330352783203e+00 2.353527307510375977e+00 4.407716274261474609e+00 3.879218101501464844e-01 1.615739911794662476e-01
6.390844345092773438e+00 7.348485469818115234e+00 9.873644828796386719e+00 -1.297578811645507812e+01 -8.365646362304687500e+00 -6.225828170776367188e+00 8.503724098205566406e+00 9.268149137496948242e-01 1.513653874397277832e+00 6.907463073730468750e-02 -2.774059295654296875e+00 1.136906909942626953e+01 -2.521045207977294922e+00 -1.286736607551574707e+00 -2.049669742584228516e+00 4.672082424163818359e+00 -9.808177947998046875e-01 1.162620449066162109e+01 -1.157341480255126953e+00 -1.562716722488403320e+00
-3.466118574142456055e-01 3.226537227630615234e+00 -2.597117662429809570e+00 -8.596953392028808594e+00 -4.917210102081298828e+00 -1.058558940887451172e+01 1.170532417297363281e+01 -1.964701294898986816e+00 8.095256686210632324e-01 -2.341937541961669922e+00 1.629829287528991699e+00 -7.661865353584289551e-01 -1.318032932281494141e+01 3.746312141418457031e+00 -5.728925228118896484e+00 -1.792143881320953369e-01 -1.314359545707702637e+00 4.268720626831054688e+00 -5.352370262145996094e+00 -3.052731513977050781e+00
-1.406950592994689941e+00 5.734950542449951172e+00 3.758419036865234375e+00 -6.327593326568603516e+00 -6.553154945373535156e+00 -1.155667400360107422e+01 1.898544549942016602e+00 3.624219298362731934e-01 -2.126134395599365234e+00 -5.910236835479736328e+00 -5.030957460403442383e-01 7.453467845916748047e+00 -8.244928359985351562e+00 -3.004967689514160156e+00 -6.413464069366455078e+00 -4.288379192352294922e+00 4.513832554221153259e-02 1.016718292236328125e+01 -6.306578218936920166e-02 -6.261325478553771973e-01
-5.160413265228271484e+00 5.567674160003662109e+00 2.471977919340133667e-01 -7.552500247955322266e+00 -1.077955484390258789e+00 -5.500624179840087891e+00 7.259750843048095703e+00 -9.773750305175781250e-01 4.632144451141357422e+00 -3.008043766021728516e-01 1.710875630378723145e+00 -2.641509056091308594e+00 -1.002193641662597656e+01 1.170843362808227539e+00 -6.119658470153808594e+00 2.888006210327148438e+00 -2.159129142761230469e+00 6.979107379913330078e+00 -1.478795170783996582e+00 -1.050404071807861328e+00
