1.159438228607177734e+01
-8.677945137023925781e+00
-1.055322837829589844e+01
-1.266371345520019531e+01
9.730180740356445312e+00
7.460926055908203125e+00
1.702209115028381348e+00
5.994237065315246582e-01
9.527633666992187500e+00
1.033485317230224609e+01
9.991226196289062500e+00
3.789097070693969727e+00
-2.122898340225219727e+00
9.183348655700683594e+00
-9.759918786585330963e-03
-5.783565521240234375e+00
1.431355285644531250e+01
-7.866944789886474609e+00
1.473802924156188965e+00
1.019570350646972656e+01
1.364364242553710938e+01
7.963092327117919922e+00
1.432448291778564453e+01
-6.405212402343750000e+00
-9.090095520019531250e+00
2.262213325500488281e+01
-6.776016235351562500e+00
3.713742494583129883e+00
1.424555206298828125e+01
1.402732276916503906e+01
