2.004884338378906250e+01
-1.588245487213134766e+01
-1.806236648559570312e+01
1.701236915588378906e+01
-1.564337253570556641e+01
-1.242328453063964844e+01
3.751046657562255859e+00
7.299841880798339844e+00
3.424913644790649414e+00
-1.164738559722900391e+01
1.116405677795410156e+01
-3.273601293563842773e+00
-2.192977905273437500e+01
3.907685518264770508e+00
4.041898727416992188e+00
1.971813964843750000e+01
4.046789646148681641e+00
-7.267386436462402344e+00
-2.162167930603027344e+01
-2.327651405334472656e+01
-2.690768623352050781e+01
1.858538436889648438e+01
8.482678413391113281e+00
-5.577433109283447266e+00
9.136722564697265625e+00
-3.073416709899902344e+00
6.841745853424072266e+00
-8.685976028442382812e+00
-1.294919204711914062e+01
2.907988548278808594e+00
-2.527652359008789062e+01
5.837647318840026855e-01
-1.998774337768554688e+01
-7.643735408782958984e+00
1.641540336608886719e+01
1.418454360961914062e+01
-2.011182212829589844e+01
2.924556350708007812e+01
1.259726524353027344e+01
-3.217371940612792969e+00
2.027124881744384766e+00
-5.367517471313476562e+00
3.672158718109130859e+00
-8.768539428710937500e+00
-4.734101295471191406e+00
-7.959991931915283203e+00
2.287929534912109375e+01
2.038422203063964844e+01
1.010106468200683594e+01
1.239646816253662109e+01
