-3.332447409629821777e-01
8.339670896530151367e-01
5.809462666511535645e-01
1.729357719421386719e+00
4.143925607204437256e-01
-7.277348041534423828e-01
-1.427717089653015137e+00
3.353145122528076172e-01
3.093482181429862976e-02
1.021052360534667969e+00
8.206918835639953613e-01
-7.477096319198608398e-01
-4.307117760181427002e-01
-6.268885731697082520e-01
1.604330539703369141e-01
6.306250095367431641e-01
-2.230034828186035156e+00
-1.209997415542602539e+00
-1.339314222335815430e+00
-1.199076650664210320e-03
-1.387847781181335449e+00
-9.251725673675537109e-02
-1.478121876716613770e+00
-1.173938214778900146e-01
-1.101073697209358215e-01
-9.744302630424499512e-01
4.155910611152648926e-01
-1.695296168327331543e+00
9.718776494264602661e-02
-2.539453469216823578e-02
-5.339611172676086426e-01
-4.528118073940277100e-01
5.237651467323303223e-01
-6.613872051239013672e-01
3.060839474201202393e-01
1.104097127914428711e+00
-1.874419808387756348e+00
2.500173449516296387e-01
-1.111599564552307129e+00
-1.291873335838317871e+00
