-9.906219840049743652e-01
1.430262207984924316e+00
-3.299832940101623535e-01
-1.764509558677673340e+00
3.295778632164001465e-01
-1.694187521934509277e-01
-1.107578396797180176e+00
-8.073826432228088379e-01
-3.825192153453826904e-01
1.392313122749328613e+00
4.392103850841522217e-01
3.714387416839599609e-01
-1.710206747055053711e+00
-7.305161356925964355e-01
-7.519882321357727051e-01
-1.208852052688598633e+00
-2.042703703045845032e-02
2.812592983245849609e-01
1.099516987800598145e+00
8.550842106342315674e-02
-6.464390754699707031e-01
-1.353712975978851318e-01
-4.168918430805206299e-01
-9.135189056396484375e-01
2.728977426886558533e-02
-1.227200627326965332e+00
5.080568790435791016e-01
3.677272200584411621e-01
-1.164959147572517395e-01
-5.332935452461242676e-01
5.413897633552551270e-01
-3.150976598262786865e-01
-3.210673928260803223e-01
-2.971617877483367920e-01
-1.311656713485717773e+00
-3.416271507740020752e-01
1.103238940238952637e+00
-5.093550086021423340e-01
1.542397618293762207e+00
8.267001509666442871e-01
5.885313749313354492e-01
-1.053607821464538574e+00
4.575903117656707764e-01
5.772644877433776855e-01
1.926676034927368164e-01
1.283873617649078369e-01
-9.690471887588500977e-01
1.395695090293884277e+00
-1.323272585868835449e+00
1.218398809432983398e-01
-1.004660010337829590e+00
-1.681335449218750000e+00
-1.960508823394775391e-01
5.149469375610351562e-01
-1.364139437675476074e+00
-1.349122047424316406e+00
5.730780363082885742e-01
-5.285223722457885742e-01
-6.454643607139587402e-01
9.979644417762756348e-01
