1.706395745277404785e+00
-9.407195448875427246e-02
-1.357498288154602051e+00
1.057029604911804199e+00
-2.436429709196090698e-01
-1.705950617790222168e+00
8.876287937164306641e-01
1.051803708076477051e+00
7.400295138359069824e-01
-7.979638576507568359e-01
5.613009333610534668e-01
3.910332620143890381e-01
-5.883684754371643066e-01
-4.632649421691894531e-01
-2.586457729339599609e-01
-1.512770771980285645e+00
-8.538142442703247070e-01
-1.026154994964599609e+00
2.064390182495117188e+00
2.298225641250610352e+00
8.138929605484008789e-01
1.368387103080749512e+00
-8.579981327056884766e-01
1.314081311225891113e+00
-1.071252346038818359e+00
2.188215404748916626e-01
-9.245371073484420776e-02
1.175780415534973145e+00
1.086475968360900879e+00
-3.379834890365600586e-01
2.097897082567214966e-01
1.117140650749206543e+00
1.552507758140563965e+00
9.635637402534484863e-01
-1.087277650833129883e+00
-7.330413460731506348e-01
-1.104099392890930176e+00
-3.474849760532379150e-01
5.989407300949096680e-01
-1.927959918975830078e-01
