-8.049393892288208008e-01
-1.079295039176940918e+00
-3.550976216793060303e-01
8.118821382522583008e-01
6.277090907096862793e-01
2.525416135787963867e+00
-2.231493711471557617e+00
9.487513303756713867e-01
6.485918760299682617e-01
2.293829202651977539e+00
1.217653751373291016e-01
2.232808828353881836e+00
2.408236265182495117e+00
1.875916481018066406e+00
2.512316942214965820e+00
1.486280202865600586e+00
-5.255932211875915527e-01
-2.241015911102294922e+00
-5.357841253280639648e-01
1.263240098953247070e+00
6.087558865547180176e-01
2.757171869277954102e+00
-8.506244421005249023e-01
4.855485856533050537e-01
1.473861336708068848e-01
-2.597500801086425781e+00
2.736733853816986084e-01
8.320133090019226074e-01
2.735632844269275665e-02
2.221264988183975220e-01
