4.023928046226501465e-01
1.367931246757507324e+00
-1.951894164085388184e+00
-9.839693456888198853e-02
-1.431613326072692871e+00
-1.118694022297859192e-01
1.566799044609069824e+00
6.216055154800415039e-01
1.012437820434570312e+00
1.719571352005004883e-01
2.627200484275817871e-01
-3.229593634605407715e-01
-6.076145768165588379e-01
-4.317918717861175537e-01
7.138103246688842773e-02
-1.002351045608520508e+00
-4.203546345233917236e-01
8.025493472814559937e-02
-1.123354732990264893e-01
7.868643403053283691e-01
-6.269173622131347656e-01
1.350247263908386230e+00
-7.653800249099731445e-01
-7.465848922729492188e-01
1.023695349693298340e+00
-1.142623275518417358e-01
-3.533241748809814453e-01
-1.704532802104949951e-01
-3.878264501690864563e-02
9.936435222625732422e-01
2.658798992633819580e-01
-1.969687491655349731e-01
-1.465842723846435547e+00
-6.645594239234924316e-01
-1.544872298836708069e-02
1.141655802726745605e+00
-1.967788785696029663e-01
2.834158837795257568e-01
1.407175898551940918e+00
-6.882818341255187988e-01
-5.000156164169311523e-01
8.840459585189819336e-01
7.144238352775573730e-01
4.923400282859802246e-01
-4.788070619106292725e-01
1.833165287971496582e+00
-5.928615331649780273e-01
1.777033925056457520e+00
-6.641842722892761230e-01
4.933656752109527588e-01
1.040436327457427979e-01
-5.579954981803894043e-01
-2.518496513366699219e-01
-1.275908231735229492e+00
-1.876997947692871094e+00
6.451203227043151855e-01
-1.340741753578186035e+00
6.657528281211853027e-01
-1.405677318572998047e+00
-1.497978568077087402e+00
