-7.183130979537963867e-01
-2.192239910364151001e-01
1.527277231216430664e+00
1.142664790153503418e+00
9.256393313407897949e-01
1.201084017753601074e+00
9.081247448921203613e-02
1.939039826393127441e-01
4.010827541351318359e-01
-3.672932088375091553e-01
-6.193257570266723633e-01
-2.377692908048629761e-01
-6.020716428756713867e-01
-4.470824897289276123e-01
8.425732851028442383e-01
-7.584209442138671875e-01
1.359928250312805176e+00
-9.755821824073791504e-01
8.512573549523949623e-04
-1.492793202400207520e+00
-8.553838133811950684e-01
5.638682842254638672e-01
-8.923064917325973511e-02
7.360361814498901367e-01
1.290741682052612305e+00
-1.602111570537090302e-02
8.466189503669738770e-01
-5.061990767717361450e-02
-1.104646921157836914e+00
5.346847176551818848e-01
-4.511829316616058350e-01
1.135183572769165039e+00
-3.214097321033477783e-01
9.405585527420043945e-01
-8.744239807128906250e-01
2.301286906003952026e-01
-1.263298541307449341e-01
6.633042693138122559e-01
-6.602818369865417480e-01
-1.494106352329254150e-01
-2.083292454481124878e-01
4.282303452491760254e-01
-6.714488863945007324e-01
-1.051735281944274902e+00
1.065249323844909668e+00
-9.517656266689300537e-02
4.146941602230072021e-01
-5.791681408882141113e-01
-7.432824969291687012e-01
1.135018467903137207e+00
