3.545859754085540771e-01 -1.468032747507095337e-01
-6.305570006370544434e-01 8.236678838729858398e-01
1.881855130195617676e+00 -4.458153545856475830e-01
-1.036106586456298828e+00 1.106112480163574219e+00
-1.023120045661926270e+00 1.277552247047424316e-01
-1.724744737148284912e-01 1.414666056632995605e+00
-7.464037537574768066e-01 5.080682635307312012e-01
4.318309202790260315e-02 5.835279822349548340e-01
1.582497358322143555e+00 -1.212358355522155762e+00
-1.226002573966979980e+00 2.855262532830238342e-02
2.654358446598052979e-01 -3.057008385658264160e-01
1.537456750869750977e+00 9.138796925544738770e-01
-5.144231319427490234e-01 6.455462574958801270e-01
7.799401283264160156e-01 4.037679359316825867e-02
-1.321024656295776367e+00 4.388316273689270020e-01
-1.911149978637695312e+00 7.418856024742126465e-01
-1.029554128646850586e+00 1.349649190902709961e+00
-8.692685365676879883e-01 7.775257229804992676e-01
-1.326453536748886108e-01 -1.389148116111755371e+00
-9.632529020309448242e-01 2.229698747396469116e-01
-1.654795527458190918e+00 4.413140714168548584e-01
-2.078004926443099976e-02 -1.393943667411804199e+00
1.708670705556869507e-01 5.705412626266479492e-01
2.317530065774917603e-01 -1.296264171600341797e+00
-3.016439080238342285e-01 1.325671911239624023e+00
-3.849978446960449219e-01 7.778369188308715820e-01
-9.182704687118530273e-01 2.852588891983032227e-01
-1.206778526306152344e+00 -9.348235130310058594e-01
-8.594645857810974121e-01 -1.339734077453613281e+00
1.639106571674346924e-01 -1.866696953773498535e+00
1.444040536880493164e+00 4.864815771579742432e-01
1.102634444832801819e-01 -8.621710538864135742e-01
7.246038913726806641e-01 -9.617757797241210938e-02
-3.769936263561248779e-01 1.427906751632690430e+00
-2.853302955627441406e-01 -1.042198896408081055e+00
-9.988145828247070312e-01 9.260091185569763184e-01
9.492911100387573242e-01 -9.510400295257568359e-01
3.975267708301544189e-01 -1.855904459953308105e-01
8.516159653663635254e-02 -6.777558326721191406e-01
5.528259277343750000e-01 1.238435387611389160e+00
3.273079693317413330e-01 -1.524138450622558594e+00
-1.285542011260986328e+00 -8.005967736244201660e-01
1.016024947166442871e+00 -5.331962108612060547e-01
8.505725860595703125e-01 -1.145490646362304688e+00
1.826369524002075195e+00 -2.682444453239440918e-01
-1.372282743453979492e+00 -7.234813570976257324e-01
1.107890367507934570e+00 -4.274670481681823730e-01
1.984063833951950073e-01 -2.308349758386611938e-01
1.681835770606994629e+00 5.549141764640808105e-01
2.869884669780731201e-01 -1.411749720573425293e+00
-8.314631581306457520e-01 -1.893162250518798828e+00
-1.013649702072143555e+00 1.687736153602600098e+00
1.254171371459960938e+00 8.912027478218078613e-01
1.832166433334350586e+00 6.516217589378356934e-01
-2.207420766353607178e-01 7.214533090591430664e-01
-8.844540715217590332e-01 4.780037403106689453e-01
-1.484756469726562500e+00 -2.964704930782318115e-01
1.224665865302085876e-01 1.387270569801330566e+00
-1.730547547340393066e+00 -8.912001848220825195e-01
1.001068711280822754e+00 -5.301099419593811035e-01
