-1.467996716499328613e+00 1.555546164512634277e+00
-5.739690065383911133e-01 -1.040104985237121582e+00
-3.044501841068267822e-01 1.265298843383789062e+00
3.195147216320037842e-02 -1.786324143409729004e+00
3.854401707649230957e-01 -1.105177998542785645e+00
-1.457114696502685547e+00 8.411724567413330078e-01
-6.182205080986022949e-01 1.375978067517280579e-02
-1.731891393661499023e+00 -6.648821830749511719e-01
7.337843179702758789e-01 1.360016703605651855e+00
-1.014665484428405762e+00 -1.902191519737243652e+00
-8.613626956939697266e-01 3.081255555152893066e-01
-4.807361066341400146e-01 1.014733910560607910e+00
-1.042203545570373535e+00 1.424031257629394531e+00
8.123872876167297363e-01 -1.515295863151550293e+00
1.827936530113220215e+00 8.388799428939819336e-01
5.661592483520507812e-01 -6.318009495735168457e-01
-1.657465696334838867e+00 -1.678799688816070557e-01
6.161732077598571777e-01 -1.048273563385009766e+00
9.804385155439376831e-02 -1.818418979644775391e+00
-1.987499445676803589e-01 5.293079018592834473e-01
1.862515211105346680e-01 6.998131871223449707e-01
-4.844881296157836914e-01 1.423498392105102539e+00
-6.248976588249206543e-01 4.766594171524047852e-01
4.654002487659454346e-01 -7.004382610321044922e-01
1.746704816818237305e+00 6.743230819702148438e-01
1.535292156040668488e-02 -5.703024268150329590e-01
-3.546396493911743164e-01 5.826033353805541992e-01
-4.098477959632873535e-01 9.344124794006347656e-02
-1.334747225046157837e-01 1.000129699707031250e+00
-6.982184648513793945e-01 -1.994304656982421875e+00
-5.156031250953674316e-01 4.938087463378906250e-01
2.532508969306945801e-02 -1.800937414169311523e+00
1.658212900161743164e+00 -1.820602566003799438e-01
4.161317050457000732e-01 -1.394514679908752441e+00
1.108179166913032532e-01 -9.912153482437133789e-01
-1.501631855964660645e+00 -1.152762174606323242e+00
-8.973889946937561035e-01 1.986246228218078613e+00
2.196135073900222778e-01 1.566957116127014160e+00
-1.557004172354936600e-02 -9.326050877571105957e-01
-1.056455135345458984e+00 -1.331503987312316895e-01
-7.715030908584594727e-01 1.073672413825988770e+00
-1.240620732307434082e+00 -4.476861283183097839e-02
-1.580750465393066406e+00 5.141217708587646484e-01
-5.019520521163940430e-01 1.292785406112670898e+00
-1.180080890655517578e+00 1.955836713314056396e-01
8.015281520783901215e-03 8.746317625045776367e-01
9.868829250335693359e-01 -6.226983070373535156e-01
1.522128462791442871e+00 -9.996764361858367920e-02
-2.120697021484375000e+00 -1.030749201774597168e+00
-1.700735807418823242e+00 -6.682761311531066895e-01
1.317048668861389160e+00 -2.597927153110504150e-01
5.115150213241577148e-01 -1.462420374155044556e-01
4.923904836177825928e-01 1.418143272399902344e+00
1.162554860115051270e+00 3.877784823998808861e-03
-1.300773143768310547e+00 -8.727397918701171875e-01
-5.333817601203918457e-01 6.309904456138610840e-01
-8.867641091346740723e-01 -2.377389743924140930e-02
-4.251480400562286377e-01 1.136964440345764160e+00
-1.198529601097106934e+00 1.144708037376403809e+00
-1.054559826850891113e+00 3.301679790019989014e-01
