-2.138382494449615479e-01 8.063288927078247070e-01
-3.739866316318511963e-01 1.243977785110473633e+00
-5.383466482162475586e-01 -1.124217629432678223e+00
-4.369541108608245850e-01 -3.827639222145080566e-01
1.280549764633178711e+00 8.471821546554565430e-01
2.560055255889892578e-01 -3.191631436347961426e-01
-1.180142164230346680e+00 -3.148871287703514099e-02
-9.670888781547546387e-01 -4.153300821781158447e-02
1.616512537002563477e-01 -7.372633218765258789e-01
2.476484775543212891e-01 1.510515809059143066e-03
1.133200451731681824e-01 -1.609826236963272095e-01
5.843130946159362793e-01 6.151765584945678711e-01
1.111441493034362793e+00 9.071574807167053223e-01
7.299047112464904785e-01 -1.163077116012573242e+00
-5.393695235252380371e-01 -3.382441401481628418e-01
7.345318794250488281e-01 -9.017344117164611816e-01
-3.911096155643463135e-01 1.359899878501892090e+00
3.761776685714721680e-01 -1.186878085136413574e+00
-7.103837728500366211e-01 -2.642562687397003174e-01
-2.184496223926544189e-01 -2.140454649925231934e-01
-2.267185747623443604e-01 3.445109724998474121e-01
-9.719377756118774414e-01 -6.854842305183410645e-01
-8.831259012222290039e-01 4.026424884796142578e-01
-2.988883256912231445e-01 9.776920825242996216e-02
-3.014287650585174561e-01 1.260188937187194824e+00
-7.636320590972900391e-01 -4.312509298324584961e-02
-1.716089606285095215e+00 -1.355978727340698242e+00
1.017598986625671387e+00 1.219512522220611572e-01
4.199164211750030518e-01 6.526408195495605469e-01
9.784533381462097168e-01 2.370323389768600464e-01
-6.031185984611511230e-01 6.548622846603393555e-01
-6.145384311676025391e-01 6.977208852767944336e-01
-7.138667702674865723e-01 -1.128739237785339355e+00
-4.720677435398101807e-01 8.381622433662414551e-01
1.398770809173583984e-01 1.104875802993774414e+00
-1.261861920356750488e+00 -6.714133024215698242e-01
-5.139181017875671387e-01 5.894168019294738770e-01
1.039435386657714844e+00 -3.911741971969604492e-01
7.786867022514343262e-01 -8.597632646560668945e-01
6.641523241996765137e-01 6.802946925163269043e-01
3.890985250473022461e-02 1.949157565832138062e-01
-1.113490819931030273e+00 -1.812820672988891602e+00
-7.693493366241455078e-01 -5.634949803352355957e-01
-4.319638311862945557e-01 -1.233289837837219238e+00
1.150537729263305664e+00 -8.485413156449794769e-03
-9.487949609756469727e-01 -1.208072751760482788e-01
-7.688376307487487793e-01 9.524302929639816284e-02
5.822915434837341309e-01 -1.736869215965270996e-01
7.926218509674072266e-01 -4.019305109977722168e-01
1.480775356292724609e+00 1.052202701568603516e+00
1.236137628555297852e+00 1.778899878263473511e-01
5.756675004959106445e-01 -1.259115189313888550e-01
-4.325781762599945068e-01 -7.424434423446655273e-01
-1.091451764106750488e+00 -1.145169377326965332e+00
-7.580874562263488770e-01 6.001585721969604492e-01
4.713969305157661438e-02 -1.130825757980346680e+00
9.180824756622314453e-01 9.186766743659973145e-01
1.144603490829467773e+00 -2.993829548358917236e-01
-3.747180104255676270e-01 2.740766704082489014e-01
-7.134242653846740723e-01 -1.425978183746337891e+00
