0.38671875 0.3826769292354584 1382.0 15337.0 8762.0 1027.0
0.91015625 0.9076128005981445 4.0 44.0 24055.0 2405.0
0.9072265625 0.9086690545082092 4.0 16.0 24083.0 2405.0
0.908203125 0.9085936546325684 4.0 18.0 24081.0 2405.0
0.9091796875 0.9085559248924255 7.0 22.0 24077.0 2402.0
0.91015625 0.9083295464515686 5.0 26.0 24073.0 2404.0
0.904296875 0.9067451357841492 26.0 89.0 24010.0 2383.0
0.9091796875 0.9086313843727112 2.0 15.0 24084.0 2407.0
0.9072265625 0.9087822437286377 1.0 10.0 24089.0 2408.0
0.90234375 0.9057265520095825 37.0 127.0 23972.0 2372.0
0.9072265625 0.9081032276153564 7.0 34.0 24065.0 2402.0
0.904296875 0.9066696763038635 31.0 96.0 24003.0 2378.0
0.904296875 0.9025954604148865 104.0 277.0 23822.0 2305.0
0.8955078125 0.9010864496231079 116.0 329.0 23770.0 2293.0
0.90625 0.904632568359375 42.0 161.0 23938.0 2367.0
0.9052734375 0.9030481576919556 93.0 254.0 23845.0 2316.0
0.9091796875 0.9065942168235779 28.0 95.0 24004.0 2381.0
0.9091796875 0.9084050059318542 11.0 30.0 24069.0 2398.0
0.9033203125 0.906782865524292 38.0 100.0 23999.0 2371.0
0.8955078125 0.8914290070533752 270.0 739.0 23360.0 2139.0
0.9033203125 0.9031990170478821 131.0 288.0 23811.0 2278.0
0.8955078125 0.897238552570343 219.0 534.0 23565.0 2190.0
0.904296875 0.8998038172721863 185.0 432.0 23667.0 2224.0
0.90234375 0.9019163846969604 154.0 345.0 23754.0 2255.0
0.8974609375 0.9007092118263245 205.0 428.0 23671.0 2204.0
0.90625 0.9013128280639648 171.0 378.0 23721.0 2238.0
0.9091796875 0.9051229953765869 133.0 239.0 23860.0 2276.0
0.90234375 0.8994643092155457 223.0 479.0 23620.0 2186.0
0.900390625 0.9017655253410339 201.0 396.0 23703.0 2208.0
0.91015625 0.9018786549568176 185.0 377.0 23722.0 2224.0
0.90625 0.9009355902671814 212.0 429.0 23670.0 2197.0
0.908203125 0.902746319770813 174.0 343.0 23756.0 2235.0
0.900390625 0.8998038172721863 222.0 469.0 23630.0 2187.0
0.8984375 0.9028972387313843 164.0 329.0 23770.0 2245.0
0.8994140625 0.9007846713066101 203.0 424.0 23675.0 2206.0
0.9052734375 0.9058020114898682 136.0 224.0 23875.0 2273.0
0.9111328125 0.9060661196708679 127.0 208.0 23891.0 2282.0
0.9033203125 0.9033499360084534 158.0 311.0 23788.0 2251.0
0.9013671875 0.9008978605270386 225.0 443.0 23656.0 2184.0
0.8955078125 0.9008978605270386 218.0 436.0 23663.0 2191.0
0.9013671875 0.9011241793632507 185.0 397.0 23702.0 2224.0
0.90625 0.9027085900306702 187.0 357.0 23742.0 2222.0
0.904296875 0.9025954604148865 195.0 368.0 23731.0 2214.0
0.9033203125 0.9035008549690247 157.0 306.0 23793.0 2252.0
0.9072265625 0.9043307900428772 186.0 313.0 23786.0 2223.0
0.9033203125 0.9018786549568176 206.0 398.0 23701.0 2203.0
0.904296875 0.9029349684715271 216.0 380.0 23719.0 2193.0
0.908203125 0.9031612873077393 204.0 362.0 23737.0 2205.0
0.896484375 0.9011619091033936 255.0 466.0 23633.0 2154.0
0.90625 0.9029349684715271 232.0 396.0 23703.0 2177.0
0.9091796875 0.9038026332855225 207.0 348.0 23751.0 2202.0
0.8896484375 0.9021050333976746 255.0 441.0 23658.0 2154.0
0.90234375 0.9053115844726562 183.0 284.0 23815.0 2226.0
0.8994140625 0.9049720764160156 193.0 303.0 23796.0 2216.0
0.9013671875 0.9013882875442505 275.0 480.0 23619.0 2134.0
0.912109375 0.9064056277275085 224.0 296.0 23803.0 2185.0
0.8984375 0.9021427631378174 315.0 500.0 23599.0 2094.0
0.91015625 0.9045948386192322 287.0 407.0 23692.0 2122.0
0.90234375 0.9020295739173889 325.0 513.0 23586.0 2084.0
0.9052734375 0.9042553305625916 322.0 451.0 23648.0 2087.0
0.91015625 0.9055002331733704 317.0 413.0 23686.0 2092.0
0.90625 0.9081409573554993 256.0 282.0 23817.0 2153.0
0.904296875 0.9055002331733704 280.0 376.0 23723.0 2129.0
0.9091796875 0.905575692653656 307.0 401.0 23698.0 2102.0
0.9052734375 0.9041044116020203 329.0 462.0 23637.0 2080.0
0.91015625 0.9045193791389465 317.0 439.0 23660.0 2092.0
0.904296875 0.900596022605896 378.0 604.0 23495.0 2031.0
0.904296875 0.9015768766403198 352.0 552.0 23547.0 2057.0
0.9052734375 0.9056134223937988 305.0 398.0 23701.0 2104.0
0.91015625 0.9066319465637207 280.0 346.0 23753.0 2129.0
0.90234375 0.9024068117141724 359.0 537.0 23562.0 2050.0
0.9130859375 0.9064433574676514 299.0 370.0 23729.0 2110.0
0.9130859375 0.9030858874320984 300.0 460.0 23639.0 2109.0
0.9111328125 0.9020673036575317 327.0 514.0 23585.0 2082.0
0.9150390625 0.907046914100647 305.0 360.0 23739.0 2104.0
0.9091796875 0.9017655253410339 340.0 535.0 23564.0 2069.0
0.90625 0.9035385251045227 326.0 474.0 23625.0 2083.0
0.9072265625 0.9059152007102966 318.0 403.0 23696.0 2091.0
0.8974609375 0.903425395488739 347.0 498.0 23601.0 2062.0
0.8984375 0.8983325958251953 376.0 662.0 23437.0 2033.0
0.90234375 0.8966727256774902 425.0 755.0 23344.0 1984.0
0.912109375 0.9044061899185181 311.0 436.0 23663.0 2098.0
0.9072265625 0.9065564870834351 319.0 387.0 23712.0 2090.0
0.9150390625 0.9047457575798035 317.0 433.0 23666.0 2092.0
0.90625 0.9004074335098267 389.0 620.0 23479.0 2020.0
0.9130859375 0.9031235575675964 318.0 477.0 23622.0 2091.0
0.904296875 0.9035008549690247 331.0 480.0 23619.0 2078.0
0.90625 0.9041421413421631 329.0 461.0 23638.0 2080.0
0.9052734375 0.9045948386192322 324.0 444.0 23655.0 2085.0
0.9072265625 0.9032367467880249 300.0 456.0 23643.0 2109.0
0.908203125 0.9041044116020203 303.0 436.0 23663.0 2106.0
0.900390625 0.9025200009346008 314.0 489.0 23610.0 2095.0
0.9033203125 0.9051984548568726 313.0 417.0 23682.0 2096.0
0.908203125 0.9018409252166748 358.0 551.0 23548.0 2051.0
0.9072265625 0.904632568359375 327.0 446.0 23653.0 2082.0
0.9111328125 0.9085181951522827 248.0 264.0 23835.0 2161.0
0.9033203125 0.9038403630256653 304.0 444.0 23655.0 2105.0
0.9091796875 0.9028972387313843 318.0 483.0 23616.0 2091.0
0.9072265625 0.9019918441772461 344.0 533.0 23566.0 2065.0
0.8984375 0.9009733200073242 351.0 567.0 23532.0 2058.0
0.9130859375 0.9028972387313843 349.0 514.0 23585.0 2060.0
0.912109375 0.9035762548446655 322.0 469.0 23630.0 2087.0
0.90234375 0.9018032550811768 320.0 514.0 23585.0 2089.0
0.8994140625 0.9004828929901123 360.0 589.0 23510.0 2049.0
0.9052734375 0.9007846713066101 335.0 556.0 23543.0 2074.0
0.904296875 0.9004451632499695 351.0 581.0 23518.0 2058.0
0.90234375 0.9011619091033936 349.0 560.0 23539.0 2060.0
0.91015625 0.9045948386192322 316.0 436.0 23663.0 2093.0
0.9013671875 0.9005206227302551 382.0 610.0 23489.0 2027.0
0.90234375 0.9027840495109558 335.0 502.0 23596.0 2074.0
0.91015625 0.902746319770813 340.0 509.0 23590.0 2069.0
0.9013671875 0.903425395488739 337.0 488.0 23611.0 2072.0
0.90625 0.9028217792510986 341.0 508.0 23591.0 2068.0
0.892578125 0.8994643092155457 351.0 607.0 23492.0 2058.0
0.8896484375 0.9015014171600342 343.0 545.0 23554.0 2066.0
0.8955078125 0.8970876932144165 416.0 735.0 23364.0 1993.0
0.9130859375 0.9048588871955872 320.0 433.0 23666.0 2089.0
0.8984375 0.9035385251045227 331.0 479.0 23620.0 2078.0
0.9111328125 0.9018032550811768 344.0 538.0 23561.0 2065.0
0.9033203125 0.9009733200073242 344.0 560.0 23539.0 2065.0
0.90234375 0.901275098323822 376.0 584.0 23515.0 2033.0
0.8994140625 0.896295428276062 414.0 754.0 23345.0 1995.0
0.900390625 0.8965972661972046 439.0 771.0 23328.0 1970.0
0.900390625 0.9006714820861816 372.0 596.0 23503.0 2037.0
0.8974609375 0.8989738821983337 404.0 673.0 23426.0 2005.0
0.896484375 0.8979553580284119 371.0 667.0 23432.0 2038.0
0.9140625 0.9018032550811768 344.0 538.0 23561.0 2065.0
0.9072265625 0.9031990170478821 341.0 498.0 23601.0 2068.0
0.908203125 0.9010109901428223 376.0 591.0 23508.0 2033.0
0.9111328125 0.9020673036575317 297.0 484.0 23615.0 2112.0
0.9189453125 0.8998038172721863 386.0 633.0 23466.0 2023.0
0.8994140625 0.8973140120506287 408.0 721.0 23378.0 2001.0
0.908203125 0.9026709198951721 331.0 502.0 23597.0 2078.0
0.9072265625 0.8996906876564026 371.0 621.0 23478.0 2038.0
0.8974609375 0.8942583203315735 461.0 855.0 23244.0 1948.0
0.8984375 0.9021804928779602 339.0 523.0 23576.0 2070.0
0.912109375 0.9008601307868958 367.0 586.0 23513.0 2042.0
0.8955078125 0.8894673585891724 536.0 1057.0 23042.0 1873.0
0.8955078125 0.8999924659729004 375.0 617.0 23482.0 2034.0
0.896484375 0.8968613147735596 398.0 723.0 23376.0 2011.0
0.904296875 0.901275098323822 335.0 543.0 23556.0 2074.0
0.9189453125 0.9029726982116699 334.0 497.0 23602.0 2075.0
0.900390625 0.899124801158905 375.0 640.0 23459.0 2034.0
0.8984375 0.902218222618103 377.0 560.0 23539.0 2032.0
0.90625 0.9018032550811768 372.0 566.0 23533.0 2037.0
0.91015625 0.9035008549690247 356.0 505.0 23594.0 2053.0
0.904296875 0.9042553305625916 322.0 451.0 23648.0 2087.0
0.9111328125 0.8985966444015503 403.0 682.0 23417.0 2006.0
0.908203125 0.9025200009346008 362.0 537.0 23562.0 2047.0
0.9033203125 0.9011619091033936 358.0 569.0 23530.0 2051.0
0.908203125 0.9004828929901123 356.0 585.0 23514.0 2053.0
0.9052734375 0.9001433253288269 384.0 622.0 23477.0 2025.0
0.8994140625 0.8973517417907715 430.0 742.0 23357.0 1979.0
0.8984375 0.902746319770813 361.0 530.0 23569.0 2048.0
0.8994140625 0.9021427631378174 383.0 568.0 23531.0 2026.0
0.900390625 0.9006337523460388 388.0 613.0 23486.0 2021.0
0.9130859375 0.8989738821983337 384.0 653.0 23446.0 2025.0
0.904296875 0.9002565145492554 388.0 623.0 23476.0 2021.0
0.9052734375 0.8941828608512878 436.0 832.0 23267.0 1973.0
0.9052734375 0.9001056551933289 372.0 611.0 23488.0 2037.0
0.9111328125 0.9013882875442505 321.0 526.0 23573.0 2088.0
0.8974609375 0.8970499634742737 434.0 754.0 23345.0 1975.0
0.9130859375 0.9062547087669373 299.0 375.0 23724.0 2110.0
0.91796875 0.9019541144371033 353.0 543.0 23556.0 2056.0
0.9091796875 0.8992757201194763 384.0 645.0 23454.0 2025.0
0.8974609375 0.8980684876441956 436.0 729.0 23370.0 1973.0
0.8935546875 0.8987852931022644 389.0 663.0 23436.0 2020.0
0.9052734375 0.8982948660850525 397.0 684.0 23415.0 2012.0
0.91015625 0.8900331854820251 494.0 1000.0 23099.0 1915.0
0.9033203125 0.901539146900177 361.0 562.0 23537.0 2048.0
0.8974609375 0.897238552570343 430.0 745.0 23354.0 1979.0
0.9052734375 0.8971630930900574 416.0 733.0 23366.0 1993.0
0.9091796875 0.9006337523460388 392.0 617.0 23482.0 2017.0
0.9111328125 0.9018409252166748 354.0 547.0 23552.0 2055.0
0.904296875 0.8978421688079834 417.0 716.0 23383.0 1992.0
0.8916015625 0.895767331123352 432.0 786.0 23313.0 1977.0
0.89453125 0.9009355902671814 381.0 598.0 23501.0 2028.0
0.9072265625 0.9004074335098267 370.0 601.0 23498.0 2039.0
0.9013671875 0.8982571363449097 388.0 676.0 23423.0 2021.0
0.90625 0.9004451632499695 399.0 629.0 23470.0 2010.0
0.900390625 0.8921834826469421 495.0 944.0 23155.0 1914.0
0.9150390625 0.901539146900177 353.0 554.0 23545.0 2056.0
0.90625 0.902218222618103 367.0 550.0 23549.0 2042.0
0.8974609375 0.89938884973526 371.0 629.0 23470.0 2038.0
0.8955078125 0.8963331580162048 460.0 799.0 23300.0 1949.0
0.8974609375 0.9005206227302551 389.0 617.0 23482.0 2020.0
0.904296875 0.8999170064926147 385.0 629.0 23470.0 2024.0
0.912109375 0.90489661693573 330.0 442.0 23657.0 2079.0
0.900390625 0.896974503993988 400.0 722.0 23377.0 2009.0
0.90234375 0.8993511199951172 375.0 634.0 23465.0 2034.0
0.892578125 0.8964840769767761 436.0 771.0 23328.0 1973.0
0.9111328125 0.9011996388435364 390.0 600.0 23499.0 2019.0
0.9052734375 0.8984834551811218 399.0 681.0 23418.0 2010.0
0.9013671875 0.8968990445137024 427.0 751.0 23348.0 1982.0
0.8984375 0.8980684876441956 384.0 677.0 23422.0 2025.0
0.8974609375 0.9004451632499695 373.0 603.0 23496.0 2036.0
0.9130859375 0.9027085900306702 341.0 511.0 23588.0 2068.0
0.9150390625 0.9018032550811768 351.0 545.0 23554.0 2058.0
0.8896484375 0.902746319770813 373.0 542.0 23557.0 2036.0
0.904296875 0.9001433253288269 397.0 635.0 23464.0 2012.0
0.8994140625 0.8998415470123291 374.0 620.0 23479.0 2035.0
0.9091796875 0.9016523361206055 349.0 547.0 23552.0 2060.0
0.9130859375 0.8990116119384766 398.0 666.0 23433.0 2011.0
0.908203125 0.8974272012710571 402.0 712.0 23387.0 2007.0
0.9052734375 0.9023690819740295 342.0 521.0 23578.0 2067.0
0.900390625 0.8906368017196655 517.0 1007.0 23092.0 1892.0
0.9013671875 0.8998792767524719 405.0 650.0 23449.0 2004.0
0.908203125 0.9013505578041077 380.0 586.0 23513.0 2029.0
0.9013671875 0.89938884973526 365.0 623.0 23476.0 2044.0
0.89453125 0.8985211849212646 426.0 707.0 23392.0 1983.0
0.9033203125 0.9006714820861816 385.0 609.0 23490.0 2024.0
0.900390625 0.8992379903793335 408.0 670.0 23429.0 2001.0
0.91015625 0.8994643092155457 413.0 669.0 23430.0 1996.0
0.9052734375 0.89938884973526 407.0 665.0 23434.0 2002.0
0.9013671875 0.8988606929779053 388.0 660.0 23439.0 2021.0
0.896484375 0.9005582928657532 398.0 625.0 23474.0 2011.0
0.908203125 0.8983325958251953 399.0 685.0 23414.0 2010.0
0.908203125 0.9001433253288269 405.0 643.0 23456.0 2004.0
0.9052734375 0.8990493416786194 386.0 653.0 23446.0 2023.0
0.8974609375 0.8988606929779053 414.0 686.0 23413.0 1995.0
0.90625 0.9010864496231079 337.0 550.0 23549.0 2072.0
0.90234375 0.8991625308990479 373.0 637.0 23462.0 2036.0
0.9150390625 0.9016523361206055 353.0 551.0 23548.0 2056.0
0.90234375 0.9001433253288269 378.0 616.0 23483.0 2031.0
0.892578125 0.8985211849212646 390.0 671.0 23428.0 2019.0
0.9013671875 0.89938884973526 393.0 651.0 23448.0 2016.0
0.8994140625 0.8988230228424072 414.0 687.0 23412.0 1995.0
0.9091796875 0.9010487198829651 360.0 574.0 23525.0 2049.0
0.90234375 0.9022559523582458 326.0 508.0 23591.0 2083.0
0.904296875 0.9012373685836792 364.0 573.0 23526.0 2045.0
0.90234375 0.8976157903671265 418.0 723.0 23376.0 1991.0
0.9013671875 0.8958427906036377 476.0 828.0 23271.0 1933.0
0.900390625 0.9028972387313843 353.0 518.0 23581.0 2056.0
0.908203125 0.9010487198829651 371.0 585.0 23514.0 2038.0
0.9013671875 0.8987475633621216 426.0 701.0 23398.0 1983.0
0.9140625 0.9016523361206055 352.0 550.0 23549.0 2057.0
0.9013671875 0.9011996388435364 387.0 597.0 23502.0 2022.0
0.9033203125 0.9013882875442505 393.0 598.0 23501.0 2016.0
0.904296875 0.8989361524581909 409.0 679.0 23420.0 2000.0
0.904296875 0.8998792767524719 391.0 636.0 23463.0 2018.0
0.9052734375 0.8995397686958313 394.0 648.0 23451.0 2015.0
0.8974609375 0.8892032504081726 568.0 1096.0 23003.0 1841.0
0.9013671875 0.9028972387313843 378.0 543.0 23556.0 2031.0
0.908203125 0.9002942442893982 394.0 628.0 23471.0 2015.0
0.8994140625 0.8942583203315735 464.0 858.0 23241.0 1945.0
0.9091796875 0.9019163846969604 359.0 550.0 23549.0 2050.0
0.900390625 0.8993133902549744 372.0 632.0 23467.0 2037.0
0.90234375 0.9010109901428223 401.0 616.0 23483.0 2008.0
0.9111328125 0.9035385251045227 355.0 503.0 23596.0 2054.0
0.9052734375 0.900596022605896 414.0 640.0 23459.0 1995.0
0.91015625 0.8998038172721863 399.0 646.0 23453.0 2010.0
0.896484375 0.89938884973526 426.0 684.0 23415.0 1983.0
0.8974609375 0.890787661075592 523.0 1009.0 23090.0 1886.0
0.900390625 0.8937678933143616 468.0 875.0 23224.0 1941.0
0.9013671875 0.8999547362327576 385.0 628.0 23471.0 2024.0
0.9111328125 0.9003697037696838 415.0 647.0 23452.0 1994.0
0.8974609375 0.8998415470123291 388.0 634.0 23465.0 2021.0
0.900390625 0.8995397686958313 404.0 658.0 23441.0 2005.0
0.9140625 0.8985211849212646 421.0 702.0 23397.0 1988.0
0.900390625 0.8991625308990479 382.0 646.0 23453.0 2027.0
0.912109375 0.902482271194458 391.0 567.0 23532.0 2018.0
0.9130859375 0.9015768766403198 358.0 558.0 23541.0 2051.0
0.892578125 0.888863742351532 581.0 1118.0 22981.0 1828.0
0.9072265625 0.9046702980995178 335.0 453.0 23646.0 2074.0
0.904296875 0.9002565145492554 378.0 613.0 23486.0 2031.0
0.90234375 0.8986721038818359 426.0 703.0 23396.0 1983.0
0.912109375 0.9008224010467529 374.0 594.0 23505.0 2035.0
0.9091796875 0.8997660875320435 423.0 671.0 23428.0 1986.0
0.9111328125 0.9030858874320984 308.0 468.0 23631.0 2101.0
0.9013671875 0.898408055305481 391.0 675.0 23424.0 2018.0
0.9072265625 0.9020673036575317 359.0 546.0 23553.0 2050.0
0.9013671875 0.9022936224937439 365.0 546.0 23553.0 2044.0
0.91796875 0.9023313522338867 373.0 553.0 23546.0 2036.0
0.9072265625 0.8988984227180481 407.0 678.0 23421.0 2002.0
0.9130859375 0.8975780606269836 423.0 729.0 23370.0 1986.0
0.8994140625 0.8902595639228821 539.0 1039.0 23060.0 1870.0
0.90625 0.9008601307868958 370.0 589.0 23510.0 2039.0
0.8974609375 0.9000301957130432 402.0 643.0 23456.0 2007.0
0.90625 0.8996529579162598 388.0 639.0 23460.0 2021.0
0.908203125 0.9019918441772461 379.0 568.0 23531.0 2030.0
0.90625 0.9028972387313843 366.0 531.0 23568.0 2043.0
0.9072265625 0.8995020389556885 417.0 672.0 23427.0 1992.0
0.9140625 0.9012373685836792 383.0 592.0 23507.0 2026.0
0.8974609375 0.8983703255653381 396.0 681.0 23418.0 2013.0
0.9091796875 0.9010487198829651 351.0 565.0 23534.0 2058.0
0.904296875 0.9005582928657532 417.0 644.0 23455.0 1992.0
0.908203125 0.9009733200073242 367.0 583.0 23516.0 2042.0
0.900390625 0.8997283577919006 397.0 646.0 23453.0 2012.0
0.9150390625 0.9023313522338867 367.0 547.0 23552.0 2042.0
0.9091796875 0.9002187848091125 404.0 640.0 23459.0 2005.0
0.9111328125 0.8974272012710571 405.0 715.0 23384.0 2004.0
0.90234375 0.9002187848091125 414.0 650.0 23449.0 1995.0
0.904296875 0.903425395488739 374.0 525.0 23574.0 2035.0
0.900390625 0.896257758140564 466.0 807.0 23292.0 1943.0
0.900390625 0.8970876932144165 440.0 759.0 23340.0 1969.0
0.908203125 0.9030481576919556 346.0 507.0 23592.0 2063.0
0.9072265625 0.9030104279518127 359.0 521.0 23578.0 2050.0
0.900390625 0.9015768766403198 360.0 560.0 23539.0 2049.0
0.8994140625 0.8992757201194763 403.0 664.0 23435.0 2006.0
0.9013671875 0.9011996388435364 389.0 599.0 23500.0 2020.0
0.892578125 0.8977667093276978 419.0 720.0 23379.0 1990.0
0.8984375 0.8987852931022644 444.0 718.0 23381.0 1965.0
0.89453125 0.8993511199951172 404.0 663.0 23436.0 2005.0
0.916015625 0.9007846713066101 392.0 613.0 23486.0 2017.0
0.9091796875 0.9009733200073242 364.0 580.0 23519.0 2045.0
0.8974609375 0.8989361524581909 437.0 707.0 23392.0 1972.0
0.9052734375 0.8946355581283569 455.0 839.0 23260.0 1954.0
0.91015625 0.9035385251045227 335.0 483.0 23616.0 2074.0
0.9033203125 0.900067925453186 415.0 655.0 23444.0 1994.0
0.904296875 0.8968235850334167 435.0 761.0 23338.0 1974.0
0.8994140625 0.9007846713066101 416.0 637.0 23462.0 1993.0
0.904296875 0.8995397686958313 419.0 673.0 23426.0 1990.0
0.9169921875 0.8991625308990479 380.0 644.0 23455.0 2029.0
0.90625 0.8968613147735596 422.0 747.0 23352.0 1987.0
0.89453125 0.8970122337341309 464.0 785.0 23314.0 1945.0
0.904296875 0.8994265794754028 442.0 699.0 23400.0 1967.0
0.900390625 0.8983325958251953 447.0 733.0 23366.0 1962.0
0.904296875 0.9026709198951721 338.0 509.0 23590.0 2071.0
0.8974609375 0.9031612873077393 378.0 536.0 23563.0 2031.0
0.9052734375 0.9011619091033936 419.0 630.0 23469.0 1990.0
0.8994140625 0.9009355902671814 392.0 609.0 23490.0 2017.0
0.91015625 0.8977667093276978 445.0 746.0 23353.0 1964.0
0.90625 0.9025200009346008 327.0 502.0 23597.0 2082.0
0.8994140625 0.8983703255653381 436.0 721.0 23378.0 1973.0
0.9013671875 0.9002942442893982 376.0 610.0 23489.0 2033.0
0.904296875 0.9019918441772461 346.0 535.0 23564.0 2063.0
0.896484375 0.8974649310112 462.0 771.0 23328.0 1947.0
0.900390625 0.900067925453186 420.0 660.0 23439.0 1989.0
0.8837890625 0.8909008502960205 552.0 1035.0 23064.0 1857.0
0.908203125 0.9003697037696838 410.0 642.0 23457.0 1999.0
0.9013671875 0.9011241793632507 368.0 580.0 23519.0 2041.0
0.904296875 0.9014636874198914 384.0 587.0 23512.0 2025.0
0.91015625 0.9005206227302551 412.0 640.0 23459.0 1997.0
0.8916015625 0.8910894989967346 530.0 1008.0 23091.0 1879.0
0.91015625 0.9005582928657532 391.0 618.0 23481.0 2018.0
0.8994140625 0.9017655253410339 361.0 556.0 23543.0 2048.0
0.8984375 0.8960691094398499 446.0 792.0 23307.0 1963.0
0.9033203125 0.8999924659729004 414.0 656.0 23443.0 1995.0
0.90234375 0.9009355902671814 402.0 619.0 23480.0 2007.0
0.900390625 0.8995397686958313 406.0 660.0 23439.0 2003.0
0.8984375 0.9011996388435364 372.0 582.0 23517.0 2037.0
0.8955078125 0.8997660875320435 405.0 653.0 23446.0 2004.0
0.89453125 0.8952014446258545 500.0 869.0 23230.0 1909.0
0.90234375 0.9041044116020203 346.0 479.0 23620.0 2063.0
0.90234375 0.8985211849212646 422.0 703.0 23396.0 1987.0
0.9013671875 0.900596022605896 378.0 604.0 23495.0 2031.0
0.9033203125 0.8991625308990479 420.0 684.0 23415.0 1989.0
0.91015625 0.8955786824226379 491.0 850.0 23249.0 1918.0
0.916015625 0.9024445414543152 404.0 581.0 23518.0 2005.0
0.9091796875 0.9010864496231079 387.0 600.0 23499.0 2022.0
0.9072265625 0.8999170064926147 401.0 645.0 23454.0 2008.0
0.91015625 0.8995774984359741 402.0 655.0 23444.0 2007.0
0.8974609375 0.8953900933265686 489.0 853.0 23246.0 1920.0
0.912109375 0.9023313522338867 376.0 556.0 23543.0 2033.0
0.9111328125 0.9013505578041077 388.0 594.0 23505.0 2021.0
0.912109375 0.9002942442893982 394.0 628.0 23471.0 2015.0
0.9052734375 0.9010109901428223 381.0 596.0 23503.0 2028.0
0.8984375 0.896031379699707 481.0 828.0 23271.0 1928.0
0.9150390625 0.9019918441772461 391.0 580.0 23519.0 2018.0
0.9208984375 0.901539146900177 383.0 584.0 23515.0 2026.0
0.916015625 0.9018032550811768 398.0 592.0 23507.0 2011.0
0.8974609375 0.9009355902671814 431.0 648.0 23451.0 1978.0
0.9052734375 0.900331974029541 419.0 652.0 23447.0 1990.0
0.90234375 0.9030104279518127 354.0 516.0 23583.0 2055.0
0.90625 0.9025200009346008 390.0 565.0 23534.0 2019.0
0.908203125 0.8995397686958313 356.0 610.0 23489.0 2053.0
0.904296875 0.897917628288269 413.0 710.0 23389.0 1996.0
0.90234375 0.9002565145492554 414.0 649.0 23450.0 1995.0
0.90625 0.8996152281761169 406.0 658.0 23441.0 2003.0
0.904296875 0.9035762548446655 330.0 477.0 23622.0 2079.0
0.90625 0.900331974029541 376.0 609.0 23490.0 2033.0
0.8984375 0.9021804928779602 376.0 560.0 23539.0 2033.0
0.8994140625 0.901539146900177 382.0 583.0 23516.0 2027.0
0.90625 0.898181676864624 453.0 743.0 23356.0 1956.0
0.9140625 0.903689444065094 365.0 509.0 23590.0 2044.0
0.904296875 0.8968990445137024 461.0 785.0 23314.0 1948.0
0.9150390625 0.8994643092155457 411.0 667.0 23432.0 1998.0
0.8935546875 0.9014636874198914 384.0 587.0 23512.0 2025.0
0.900390625 0.8953900933265686 476.0 840.0 23259.0 1933.0
0.89453125 0.8985211849212646 413.0 694.0 23405.0 1996.0
0.900390625 0.8992757201194763 415.0 676.0 23423.0 1994.0
0.9130859375 0.8992757201194763 408.0 669.0 23430.0 2001.0
0.8916015625 0.9019541144371033 384.0 574.0 23525.0 2025.0
0.916015625 0.903425395488739 349.0 500.0 23599.0 2060.0
0.90234375 0.8942205905914307 505.0 900.0 23199.0 1904.0
0.904296875 0.9031612873077393 378.0 536.0 23563.0 2031.0
0.9052734375 0.8973140120506287 448.0 761.0 23338.0 1961.0
0.9013671875 0.8990870714187622 400.0 666.0 23433.0 2009.0
0.90625 0.9006337523460388 395.0 620.0 23479.0 2014.0
0.90625 0.900067925453186 422.0 662.0 23437.0 1987.0
0.8974609375 0.8922966718673706 541.0 987.0 23112.0 1868.0
0.908203125 0.8977667093276978 453.0 754.0 23345.0 1956.0
0.9052734375 0.8967104554176331 437.0 766.0 23333.0 1972.0
0.9033203125 0.8975026607513428 419.0 727.0 23372.0 1990.0
0.9033203125 0.8984834551811218 425.0 707.0 23392.0 1984.0
0.908203125 0.9021427631378174 401.0 586.0 23513.0 2008.0
0.908203125 0.9003697037696838 420.0 652.0 23447.0 1989.0
0.9033203125 0.9010864496231079 399.0 612.0 23487.0 2010.0
0.8984375 0.9004828929901123 363.0 592.0 23507.0 2046.0
0.9033203125 0.9001056551933289 423.0 662.0 23437.0 1986.0
0.8994140625 0.9002187848091125 374.0 610.0 23489.0 2035.0
0.8984375 0.9020295739173889 356.0 544.0 23555.0 2053.0
0.8994140625 0.8992379903793335 432.0 694.0 23405.0 1977.0
0.9052734375 0.8990870714187622 421.0 687.0 23412.0 1988.0
0.892578125 0.8939188122749329 512.0 915.0 23184.0 1897.0
0.908203125 0.8988230228424072 455.0 728.0 23371.0 1954.0
0.9111328125 0.9025200009346008 397.0 572.0 23527.0 2012.0
0.900390625 0.8968235850334167 457.0 783.0 23316.0 1952.0
0.90625 0.8982948660850525 442.0 729.0 23370.0 1967.0
0.896484375 0.9020673036575317 388.0 575.0 23524.0 2021.0
0.908203125 0.8968613147735596 436.0 761.0 23338.0 1973.0
0.912109375 0.9021427631378174 388.0 573.0 23526.0 2021.0
0.9052734375 0.8973894715309143 463.0 774.0 23325.0 1946.0
0.9072265625 0.9000301957130432 433.0 674.0 23425.0 1976.0
0.8837890625 0.8944846987724304 477.0 865.0 23234.0 1932.0
0.8994140625 0.8989361524581909 429.0 699.0 23400.0 1980.0
0.8994140625 0.8994643092155457 438.0 694.0 23405.0 1971.0
0.9013671875 0.9024068117141724 352.0 530.0 23569.0 2057.0
0.8935546875 0.9010864496231079 376.0 589.0 23510.0 2033.0
0.908203125 0.9013882875442505 394.0 599.0 23500.0 2015.0
0.9091796875 0.901275098323822 417.0 625.0 23474.0 1992.0
0.90234375 0.8952014446258545 478.0 847.0 23252.0 1931.0
0.9052734375 0.9051229953765869 344.0 450.0 23649.0 2065.0
0.90625 0.9009733200073242 422.0 638.0 23461.0 1987.0
0.912109375 0.8998792767524719 401.0 646.0 23453.0 2008.0
0.90625 0.8990116119384766 433.0 701.0 23398.0 1976.0
0.9052734375 0.9019918441772461 379.0 568.0 23531.0 2030.0
0.8994140625 0.9015768766403198 395.0 595.0 23504.0 2014.0
0.90625 0.9020295739173889 392.0 580.0 23519.0 2017.0
0.908203125 0.9006714820861816 383.0 607.0 23492.0 2026.0
0.900390625 0.9002187848091125 375.0 611.0 23488.0 2034.0
0.9091796875 0.9005206227302551 402.0 630.0 23469.0 2007.0
0.91015625 0.9027085900306702 393.0 563.0 23536.0 2016.0
0.912109375 0.8999547362327576 377.0 620.0 23479.0 2032.0
0.90625 0.9021427631378174 380.0 565.0 23534.0 2029.0
0.908203125 0.8960691094398499 477.0 823.0 23276.0 1932.0
0.90234375 0.8939188122749329 493.0 896.0 23203.0 1916.0
0.904296875 0.8988230228424072 427.0 700.0 23399.0 1982.0
0.900390625 0.9027085900306702 394.0 564.0 23535.0 2015.0
0.8994140625 0.9013505578041077 399.0 605.0 23494.0 2010.0
0.900390625 0.9002187848091125 412.0 648.0 23451.0 1997.0
0.908203125 0.8987852931022644 384.0 658.0 23441.0 2025.0
0.9013671875 0.8974649310112 432.0 741.0 23358.0 1977.0
0.9150390625 0.9008978605270386 391.0 609.0 23490.0 2018.0
0.9013671875 0.9013128280639648 402.0 609.0 23490.0 2007.0
0.8984375 0.896974503993988 473.0 795.0 23304.0 1936.0
0.9072265625 0.9031612873077393 371.0 529.0 23570.0 2038.0
0.904296875 0.9037271738052368 366.0 509.0 23590.0 2043.0
0.9091796875 0.896974503993988 479.0 801.0 23298.0 1930.0
0.90234375 0.8981439471244812 450.0 741.0 23358.0 1959.0
0.89453125 0.89938884973526 445.0 703.0 23396.0 1964.0
0.9091796875 0.8978044390678406 466.0 766.0 23333.0 1943.0
0.9091796875 0.9008978605270386 417.0 635.0 23464.0 1992.0
0.888671875 0.9002942442893982 402.0 636.0 23463.0 2007.0
0.900390625 0.8994643092155457 457.0 713.0 23386.0 1952.0
0.8984375 0.9007846713066101 410.0 631.0 23468.0 1999.0
0.896484375 0.8978044390678406 455.0 755.0 23344.0 1954.0
0.916015625 0.9032367467880249 349.0 505.0 23594.0 2060.0
0.8994140625 0.8989361524581909 455.0 725.0 23374.0 1954.0
0.8916015625 0.8924098610877991 541.0 984.0 23115.0 1868.0
0.8984375 0.8993133902549744 439.0 699.0 23400.0 1970.0
0.90625 0.9018786549568176 415.0 607.0 23492.0 1994.0
0.8974609375 0.9004828929901123 413.0 642.0 23457.0 1996.0
0.900390625 0.9000301957130432 409.0 650.0 23449.0 2000.0
0.90625 0.8982948660850525 449.0 736.0 23363.0 1960.0
0.91015625 0.8992379903793335 475.0 737.0 23362.0 1934.0
0.8955078125 0.8986343741416931 426.0 704.0 23395.0 1983.0
0.9072265625 0.8936924934387207 520.0 929.0 23170.0 1889.0
0.9111328125 0.89938884973526 408.0 666.0 23433.0 2001.0
0.90625 0.8987852931022644 438.0 712.0 23387.0 1971.0
0.8974609375 0.900596022605896 407.0 633.0 23466.0 2002.0
0.8984375 0.9020673036575317 395.0 582.0 23517.0 2014.0
0.9013671875 0.9018409252166748 375.0 568.0 23531.0 2034.0
0.90234375 0.8970122337341309 473.0 794.0 23305.0 1936.0
0.9013671875 0.9015014171600342 391.0 593.0 23506.0 2018.0
0.896484375 0.900331974029541 381.0 614.0 23485.0 2028.0
0.9150390625 0.9022936224937439 336.0 517.0 23582.0 2073.0
0.904296875 0.8982948660850525 471.0 758.0 23341.0 1938.0
0.9111328125 0.9004451632499695 371.0 601.0 23498.0 2038.0
0.8974609375 0.8966727256774902 459.0 789.0 23310.0 1950.0
0.900390625 0.9009733200073242 402.0 618.0 23481.0 2007.0
0.9072265625 0.900331974029541 394.0 627.0 23472.0 2015.0
0.90625 0.8973894715309143 474.0 785.0 23314.0 1935.0
0.912109375 0.9024445414543152 428.0 605.0 23494.0 1981.0
0.90234375 0.9007846713066101 427.0 648.0 23451.0 1982.0
0.904296875 0.9011996388435364 421.0 631.0 23468.0 1988.0
0.8994140625 0.8975026607513428 438.0 746.0 23353.0 1971.0
0.91015625 0.9023313522338867 369.0 549.0 23550.0 2040.0
0.90234375 0.9016523361206055 374.0 572.0 23527.0 2035.0
0.896484375 0.8975780606269836 454.0 760.0 23339.0 1955.0
0.900390625 0.8974649310112 453.0 762.0 23337.0 1956.0
0.90625 0.9014636874198914 384.0 587.0 23512.0 2025.0
0.912109375 0.8999170064926147 419.0 663.0 23436.0 1990.0
0.912109375 0.896974503993988 471.0 793.0 23306.0 1938.0
0.888671875 0.8952769041061401 503.0 870.0 23229.0 1906.0
0.9033203125 0.9019163846969604 373.0 564.0 23535.0 2036.0
0.8994140625 0.894107460975647 518.0 916.0 23183.0 1891.0
0.9111328125 0.8992379903793335 434.0 696.0 23403.0 1975.0
0.900390625 0.8996529579162598 423.0 674.0 23425.0 1986.0
0.90625 0.9001810550689697 405.0 642.0 23457.0 2004.0
0.8984375 0.8939188122749329 494.0 897.0 23202.0 1915.0
0.90625 0.8984834551811218 451.0 733.0 23366.0 1958.0
0.9150390625 0.8970122337341309 471.0 792.0 23307.0 1938.0
0.9052734375 0.8983325958251953 436.0 722.0 23377.0 1973.0
0.90625 0.903425395488739 329.0 480.0 23619.0 2080.0
0.8994140625 0.9021050333976746 412.0 598.0 23501.0 1997.0
0.9111328125 0.9014259576797485 377.0 581.0 23518.0 2032.0
0.8935546875 0.8938056230545044 520.0 926.0 23173.0 1889.0
0.9013671875 0.8992379903793335 419.0 681.0 23418.0 1990.0
0.904296875 0.8972008228302002 469.0 785.0 23314.0 1940.0
0.8984375 0.8963331580162048 474.0 813.0 23286.0 1935.0
0.9140625 0.8992379903793335 400.0 662.0 23437.0 2009.0
0.90625 0.8988606929779053 418.0 690.0 23409.0 1991.0
0.888671875 0.8952014446258545 477.0 846.0 23253.0 1932.0
0.90625 0.9000301957130432 408.0 649.0 23450.0 2001.0
0.8935546875 0.8949373960494995 519.0 895.0 23204.0 1890.0
0.91796875 0.902746319770813 384.0 553.0 23546.0 2025.0
0.8994140625 0.8949751257896423 491.0 866.0 23233.0 1918.0
0.912109375 0.9013128280639648 413.0 620.0 23479.0 1996.0
0.8984375 0.9010109901428223 390.0 605.0 23494.0 2019.0
0.89453125 0.8965595364570618 512.0 845.0 23254.0 1897.0
0.90234375 0.9017655253410339 384.0 579.0 23520.0 2025.0
0.9091796875 0.9025577306747437 386.0 560.0 23539.0 2023.0
0.896484375 0.8937678933143616 533.0 940.0 23159.0 1876.0
0.900390625 0.9000301957130432 438.0 679.0 23420.0 1971.0
0.8994140625 0.8991625308990479 428.0 692.0 23407.0 1981.0
0.9052734375 0.8975026607513428 467.0 775.0 23324.0 1942.0
0.9052734375 0.8978044390678406 449.0 749.0 23350.0 1960.0
0.91015625 0.8996906876564026 448.0 698.0 23401.0 1961.0
0.8994140625 0.8958427906036377 470.0 822.0 23277.0 1939.0
0.9111328125 0.8980684876441956 445.0 738.0 23361.0 1964.0
0.90625 0.8992757201194763 408.0 669.0 23430.0 2001.0
0.8984375 0.8987852931022644 445.0 719.0 23380.0 1964.0
0.8994140625 0.9011619091033936 421.0 632.0 23467.0 1988.0
0.9052734375 0.9004074335098267 428.0 659.0 23440.0 1981.0
0.904296875 0.8958427906036377 495.0 847.0 23252.0 1914.0
0.9033203125 0.8992757201194763 411.0 672.0 23427.0 1998.0
0.9013671875 0.8955786824226379 470.0 829.0 23270.0 1939.0
0.9111328125 0.8973517417907715 411.0 723.0 23376.0 1998.0
0.9052734375 0.897917628288269 437.0 734.0 23365.0 1972.0
0.90234375 0.902482271194458 356.0 532.0 23567.0 2053.0
0.90234375 0.9007469415664673 395.0 617.0 23482.0 2014.0
0.9111328125 0.9001056551933289 423.0 662.0 23437.0 1986.0
0.9052734375 0.8959559202194214 501.0 850.0 23249.0 1908.0
0.912109375 0.8989361524581909 445.0 715.0 23384.0 1964.0
0.9052734375 0.8963331580162048 501.0 840.0 23259.0 1908.0
0.8994140625 0.8978798985481262 392.0 690.0 23409.0 2017.0
0.9072265625 0.898408055305481 458.0 742.0 23357.0 1951.0
0.90234375 0.8948996663093567 515.0 892.0 23207.0 1894.0
0.9052734375 0.9008978605270386 405.0 623.0 23476.0 2004.0
0.8974609375 0.9001810550689697 391.0 628.0 23471.0 2018.0
0.9111328125 0.9009733200073242 356.0 572.0 23527.0 2053.0
0.90625 0.8951637148857117 508.0 878.0 23221.0 1901.0
0.9140625 0.9018032550811768 360.0 554.0 23545.0 2049.0
0.91015625 0.9004828929901123 439.0 668.0 23431.0 1970.0
0.9169921875 0.8939942717552185 516.0 917.0 23182.0 1893.0
0.90625 0.8993511199951172 448.0 707.0 23392.0 1961.0
0.8857421875 0.8959936499595642 467.0 815.0 23284.0 1942.0
0.904296875 0.8986721038818359 456.0 733.0 23366.0 1953.0
0.900390625 0.8991625308990479 436.0 700.0 23399.0 1973.0
0.90234375 0.9021050333976746 386.0 572.0 23527.0 2023.0
0.9091796875 0.9004074335098267 377.0 608.0 23491.0 2032.0
0.904296875 0.9001810550689697 417.0 654.0 23445.0 1992.0
0.8935546875 0.9001056551933289 411.0 650.0 23449.0 1998.0
0.8955078125 0.8958804607391357 450.0 801.0 23298.0 1959.0
0.9013671875 0.8997660875320435 453.0 701.0 23398.0 1956.0
0.91015625 0.8984834551811218 455.0 737.0 23362.0 1954.0
0.9072265625 0.8973140120506287 468.0 781.0 23318.0 1941.0
0.912109375 0.89938884973526 428.0 686.0 23413.0 1981.0
0.8994140625 0.9009355902671814 427.0 644.0 23455.0 1982.0
0.888671875 0.8982948660850525 450.0 737.0 23362.0 1959.0
0.91015625 0.9025577306747437 378.0 552.0 23547.0 2031.0
0.9140625 0.9003697037696838 397.0 629.0 23470.0 2012.0
0.90234375 0.8978044390678406 396.0 696.0 23403.0 2013.0
0.892578125 0.8963708877563477 432.0 770.0 23329.0 1977.0
0.904296875 0.8998038172721863 416.0 663.0 23436.0 1993.0
0.9091796875 0.9010487198829651 411.0 625.0 23474.0 1998.0
0.9072265625 0.8972762823104858 464.0 778.0 23321.0 1945.0
0.8916015625 0.9002565145492554 411.0 646.0 23453.0 1998.0
0.908203125 0.8990116119384766 418.0 686.0 23413.0 1991.0
0.900390625 0.8996529579162598 422.0 673.0 23426.0 1987.0
