0.3642578125 0.36011770367622375 1565.0 16118.0 7981.0 844.0
0.9091796875 0.9088954329490662 4.0 10.0 24089.0 2405.0
0.90625 0.9073110222816467 80.0 128.0 23971.0 2329.0
0.904296875 0.902218222618103 282.0 465.0 23634.0 2127.0
0.9091796875 0.9074241518974304 442.0 487.0 23612.0 1967.0
0.89453125 0.8999547362327576 699.0 942.0 23157.0 1710.0
0.8935546875 0.9054247736930847 618.0 716.0 23383.0 1791.0
0.9150390625 0.9004828929901123 796.0 1025.0 23074.0 1613.0
0.908203125 0.9081786870956421 698.0 723.0 23376.0 1711.0
0.908203125 0.9094235897064209 736.0 728.0 23371.0 1673.0
0.9140625 0.9081032276153564 739.0 766.0 23333.0 1670.0
0.9248046875 0.9128187894821167 707.0 609.0 23490.0 1702.0
0.890625 0.9033876657485962 861.0 1013.0 23086.0 1548.0
0.9150390625 0.9125169515609741 661.0 571.0 23528.0 1748.0
0.916015625 0.9109702706336975 827.0 778.0 23321.0 1582.0
0.9140625 0.9116870164871216 794.0 726.0 23373.0 1615.0
0.9140625 0.914214551448822 796.0 661.0 23438.0 1613.0
0.9013671875 0.9114984273910522 845.0 782.0 23317.0 1564.0
0.9169921875 0.9117247462272644 866.0 797.0 23302.0 1543.0
0.919921875 0.9132714867591858 784.0 674.0 23425.0 1625.0
0.919921875 0.9123283624649048 836.0 751.0 23348.0 1573.0
0.9013671875 0.9084050059318542 963.0 982.0 23117.0 1446.0
0.921875 0.9128942489624023 832.0 732.0 23367.0 1577.0
0.9111328125 0.9100648760795593 905.0 880.0 23219.0 1504.0
0.91015625 0.9062924385070801 999.0 1074.0 23025.0 1410.0
0.90625 0.9078013896942139 998.0 1033.0 23066.0 1411.0
0.919921875 0.9167420864105225 731.0 529.0 23570.0 1678.0
0.9169921875 0.9124792218208313 870.0 781.0 23318.0 1539.0
0.912109375 0.9076505303382874 1001.0 1040.0 23059.0 1408.0
0.8994140625 0.9109325408935547 912.0 864.0 23235.0 1497.0
0.9072265625 0.9036517143249512 1088.0 1233.0 22866.0 1321.0
0.9013671875 0.9119133949279785 843.0 769.0 23330.0 1566.0
0.9150390625 0.9136487245559692 840.0 720.0 23379.0 1569.0
0.916015625 0.9146672487258911 836.0 689.0 23410.0 1573.0
0.916015625 0.9109702706336975 860.0 811.0 23288.0 1549.0
0.9169921875 0.9126301407814026 881.0 788.0 23311.0 1528.0
0.9111328125 0.9081032276153564 1036.0 1063.0 23036.0 1373.0
0.9267578125 0.915836751461029 850.0 672.0 23427.0 1559.0
0.904296875 0.9085559248924255 1096.0 1111.0 22988.0 1313.0
0.9140625 0.9113852381706238 1053.0 993.0 23106.0 1356.0
0.9169921875 0.9148181676864624 995.0 844.0 23255.0 1414.0
0.91796875 0.9140636920928955 1032.0 901.0 23198.0 1377.0
0.919921875 0.9128187894821167 1002.0 904.0 23195.0 1407.0
0.9208984375 0.9131582975387573 1037.0 930.0 23169.0 1372.0
0.927734375 0.9157990217208862 999.0 822.0 23277.0 1410.0
0.9130859375 0.9164025783538818 953.0 760.0 23339.0 1456.0
0.921875 0.913950502872467 1007.0 879.0 23220.0 1402.0
0.9140625 0.9121397137641907 1037.0 957.0 23142.0 1372.0
0.91015625 0.9138750433921814 1041.0 915.0 23184.0 1368.0
0.908203125 0.9139127731323242 1078.0 951.0 23148.0 1331.0
0.9248046875 0.9174588918685913 913.0 692.0 23407.0 1496.0
0.9111328125 0.9156103730201721 992.0 820.0 23279.0 1417.0
0.900390625 0.9117247462272644 1103.0 1034.0 23065.0 1306.0
0.908203125 0.9149313569068909 1004.0 850.0 23249.0 1405.0
0.91796875 0.9184774160385132 960.0 712.0 23387.0 1449.0
0.921875 0.9166666865348816 954.0 754.0 23345.0 1455.0
0.919921875 0.9163271188735962 931.0 740.0 23359.0 1478.0
0.9033203125 0.9143277406692505 982.0 844.0 23255.0 1427.0
0.9228515625 0.9110080003738403 1104.0 1054.0 23045.0 1305.0
0.896484375 0.9137995839118958 1072.0 948.0 23151.0 1337.0
0.9072265625 0.9088577032089233 1120.0 1127.0 22972.0 1289.0
0.9208984375 0.9136487245559692 1072.0 952.0 23147.0 1337.0
0.9228515625 0.9146295189857483 1064.0 918.0 23181.0 1345.0
0.916015625 0.9154971837997437 961.0 792.0 23307.0 1448.0
0.9140625 0.9154971837997437 1083.0 914.0 23185.0 1326.0
0.9072265625 0.914893627166748 1022.0 869.0 23230.0 1387.0
0.9189453125 0.9141014218330383 911.0 779.0 23320.0 1498.0
0.8955078125 0.9124415516853333 1108.0 1020.0 23079.0 1301.0
0.921875 0.9127810597419739 1018.0 921.0 23178.0 1391.0
0.9248046875 0.9138750433921814 1005.0 879.0 23220.0 1404.0
0.912109375 0.9135355353355408 1031.0 914.0 23185.0 1378.0
0.916015625 0.9106684923171997 1129.0 1088.0 23011.0 1280.0
0.9033203125 0.9119511246681213 1117.0 1042.0 23057.0 1292.0
0.927734375 0.9171571135520935 998.0 785.0 23314.0 1411.0
0.904296875 0.914440929889679 1019.0 878.0 23221.0 1390.0
0.923828125 0.9155349135398865 1063.0 893.0 23206.0 1346.0
0.91015625 0.9132714867591858 1138.0 1028.0 23071.0 1271.0
0.9130859375 0.9125546813011169 1099.0 1008.0 23091.0 1310.0
0.900390625 0.9099894165992737 1164.0 1141.0 22958.0 1245.0
0.9208984375 0.9139882326126099 1002.0 873.0 23226.0 1407.0
0.91796875 0.9152331352233887 978.0 816.0 23283.0 1431.0
0.9130859375 0.9148558974266052 1071.0 919.0 23180.0 1338.0
0.91796875 0.9141014218330383 1037.0 905.0 23194.0 1372.0
0.92578125 0.9167420864105225 960.0 758.0 23341.0 1449.0
0.9248046875 0.9118756651878357 1058.0 985.0 23114.0 1351.0
0.9169921875 0.9143277406692505 1062.0 924.0 23175.0 1347.0
0.912109375 0.913950502872467 1069.0 941.0 23158.0 1340.0
0.9169921875 0.9164403080940247 1023.0 829.0 23270.0 1386.0
0.916015625 0.9076505303382874 1083.0 1122.0 22977.0 1326.0
0.9189453125 0.91538405418396 1000.0 834.0 23265.0 1409.0
0.90234375 0.9154971837997437 1023.0 854.0 23245.0 1386.0
0.9130859375 0.9132714867591858 1072.0 962.0 23137.0 1337.0
0.90625 0.9145541191101074 1032.0 888.0 23211.0 1377.0
0.9072265625 0.9124792218208313 1133.0 1044.0 23055.0 1276.0
0.912109375 0.9130828380584717 1108.0 1003.0 23096.0 1301.0
0.9228515625 0.9060661196708679 1200.0 1281.0 22818.0 1209.0
0.9228515625 0.9127056002616882 1105.0 1010.0 23089.0 1304.0
0.9169921875 0.9127056002616882 1098.0 1003.0 23096.0 1311.0
0.9228515625 0.916364848613739 1017.0 825.0 23274.0 1392.0
0.912109375 0.9112720489501953 1121.0 1064.0 23035.0 1288.0
0.921875 0.91730797290802 1008.0 791.0 23308.0 1401.0
0.92578125 0.913233757019043 1077.0 968.0 23131.0 1332.0
0.9189453125 0.9187792539596558 905.0 649.0 23450.0 1504.0
0.9208984375 0.9138750433921814 1032.0 906.0 23193.0 1377.0
0.91796875 0.916591227054596 1030.0 832.0 23267.0 1379.0
0.90625 0.9135355353355408 1033.0 916.0 23183.0 1376.0
0.9267578125 0.9125924110412598 1018.0 926.0 23173.0 1391.0
0.919921875 0.9168552756309509 977.0 772.0 23327.0 1432.0
0.9150390625 0.9133846163749695 1119.0 1006.0 23093.0 1290.0
0.9111328125 0.9106307625770569 1130.0 1090.0 23009.0 1279.0
0.91796875 0.9147049784660339 1069.0 921.0 23178.0 1340.0
0.9287109375 0.915836751461029 1080.0 902.0 23197.0 1329.0
0.9267578125 0.9182133674621582 996.0 755.0 23344.0 1413.0
0.9111328125 0.9146672487258911 1044.0 897.0 23202.0 1365.0
0.9248046875 0.9167420864105225 1009.0 807.0 23292.0 1400.0
0.921875 0.9135355353355408 1106.0 989.0 23110.0 1303.0
0.9267578125 0.9169684648513794 985.0 777.0 23322.0 1424.0
0.9150390625 0.9194959998130798 871.0 596.0 23503.0 1538.0
0.921875 0.9157612919807434 977.0 801.0 23298.0 1432.0
0.9140625 0.9160630702972412 1046.0 862.0 23237.0 1363.0
0.923828125 0.9122151732444763 1141.0 1059.0 23040.0 1268.0
0.92578125 0.9146672487258911 1039.0 892.0 23207.0 1370.0
0.9130859375 0.9134223461151123 1132.0 1018.0 23081.0 1277.0
0.912109375 0.9155349135398865 1020.0 850.0 23249.0 1389.0
0.908203125 0.9161762595176697 1099.0 912.0 23187.0 1310.0
0.919921875 0.9125546813011169 1135.0 1044.0 23055.0 1274.0
0.923828125 0.9176097512245178 935.0 710.0 23389.0 1474.0
0.9248046875 0.9149313569068909 1048.0 894.0 23205.0 1361.0
0.9150390625 0.9125546813011169 1134.0 1043.0 23056.0 1275.0
0.9169921875 0.915157675743103 1012.0 852.0 23247.0 1397.0
0.9140625 0.9140259623527527 1021.0 891.0 23208.0 1388.0
0.9150390625 0.9160253405570984 996.0 813.0 23286.0 1413.0
0.9287109375 0.9150068163871765 1062.0 906.0 23193.0 1347.0
0.90625 0.915836751461029 1045.0 867.0 23232.0 1364.0
0.9267578125 0.9157990217208862 1058.0 881.0 23218.0 1351.0
0.908203125 0.9163271188735962 1060.0 869.0 23230.0 1349.0
0.9306640625 0.9168552756309509 1045.0 840.0 23259.0 1364.0
0.9111328125 0.9143654704093933 1057.0 918.0 23181.0 1352.0
0.9296875 0.919458270072937 890.0 616.0 23483.0 1519.0
0.92578125 0.9144032001495361 1059.0 919.0 23180.0 1350.0
0.927734375 0.9150822162628174 1065.0 907.0 23192.0 1344.0
0.912109375 0.9123283624649048 1157.0 1072.0 23027.0 1252.0
0.91796875 0.9111966490745544 1141.0 1086.0 23013.0 1268.0
0.912109375 0.9108948111534119 1108.0 1061.0 23038.0 1301.0
0.916015625 0.913007378578186 1064.0 961.0 23138.0 1345.0
0.9150390625 0.9154595136642456 1088.0 920.0 23179.0 1321.0
0.9130859375 0.9179115891456604 1015.0 782.0 23317.0 1394.0
0.912109375 0.9157612919807434 1077.0 901.0 23198.0 1332.0
0.919921875 0.9128942489624023 1092.0 992.0 23107.0 1317.0
0.919921875 0.9153463244438171 1011.0 846.0 23253.0 1398.0
0.9130859375 0.9164780378341675 1001.0 806.0 23293.0 1408.0
0.921875 0.9149690866470337 1090.0 935.0 23164.0 1319.0
0.916015625 0.9140259623527527 1098.0 968.0 23131.0 1311.0
0.9169921875 0.9094235897064209 1161.0 1153.0 22946.0 1248.0
0.9228515625 0.9128942489624023 1096.0 996.0 23103.0 1313.0
0.9208984375 0.9160253405570984 1020.0 837.0 23262.0 1389.0
0.9169921875 0.9099894165992737 1164.0 1141.0 22958.0 1245.0
0.912109375 0.9164780378341675 1054.0 859.0 23240.0 1355.0
0.9140625 0.9173457026481628 985.0 767.0 23332.0 1424.0
0.91015625 0.9145163893699646 1076.0 933.0 23166.0 1333.0
0.9140625 0.915157675743103 1029.0 869.0 23230.0 1380.0
0.9111328125 0.9148558974266052 1066.0 914.0 23185.0 1343.0
0.9033203125 0.9105553030967712 1117.0 1079.0 23020.0 1292.0
0.9052734375 0.9172702431678772 1014.0 798.0 23301.0 1395.0
0.93359375 0.9190433025360107 945.0 682.0 23417.0 1464.0
0.9267578125 0.918251097202301 950.0 708.0 23391.0 1459.0
0.9228515625 0.9135355353355408 1076.0 959.0 23140.0 1333.0
0.9267578125 0.9188169836997986 1017.0 760.0 23339.0 1392.0
0.90234375 0.9135732650756836 1106.0 988.0 23111.0 1303.0
0.9150390625 0.9160253405570984 1044.0 861.0 23238.0 1365.0
0.9169921875 0.9153085947036743 1081.0 917.0 23182.0 1328.0
0.90625 0.9161385297775269 1043.0 857.0 23242.0 1366.0
0.9150390625 0.9165157675743103 1031.0 835.0 23264.0 1378.0
0.91796875 0.9123283624649048 1148.0 1063.0 23036.0 1261.0
0.9169921875 0.9165157675743103 1030.0 834.0 23265.0 1379.0
0.9208984375 0.9139882326126099 1133.0 1004.0 23095.0 1276.0
0.921875 0.9148558974266052 1088.0 936.0 23163.0 1321.0
0.9208984375 0.9145918488502502 1053.0 908.0 23191.0 1356.0
0.91796875 0.9149313569068909 1101.0 947.0 23152.0 1308.0
0.927734375 0.91730797290802 968.0 751.0 23348.0 1441.0
0.9189453125 0.9144786596298218 1048.0 906.0 23193.0 1361.0
0.9091796875 0.913497805595398 1139.0 1023.0 23076.0 1270.0
0.9306640625 0.9141391515731812 1103.0 970.0 23129.0 1306.0
0.9013671875 0.9153085947036743 1050.0 886.0 23213.0 1359.0
0.9248046875 0.9147804379463196 1060.0 910.0 23189.0 1349.0
0.92578125 0.9155349135398865 1062.0 892.0 23207.0 1347.0
0.9150390625 0.9181756377220154 908.0 668.0 23431.0 1501.0
0.9111328125 0.9157612919807434 1031.0 855.0 23244.0 1378.0
0.9111328125 0.9119888544082642 1135.0 1059.0 23040.0 1274.0
0.9091796875 0.9157235622406006 1055.0 880.0 23219.0 1354.0
0.9208984375 0.916591227054596 1070.0 872.0 23227.0 1339.0
0.9033203125 0.9105553030967712 1150.0 1112.0 22987.0 1259.0
0.9248046875 0.9162894487380981 994.0 804.0 23295.0 1415.0
0.9150390625 0.9164780378341675 999.0 804.0 23295.0 1410.0
0.9111328125 0.9160630702972412 1044.0 860.0 23239.0 1365.0
0.9306640625 0.9181379079818726 999.0 760.0 23339.0 1410.0
0.9208984375 0.9159498810768127 1032.0 851.0 23248.0 1377.0
0.9306640625 0.9178361296653748 1028.0 797.0 23302.0 1381.0
0.9140625 0.9127056002616882 1083.0 988.0 23111.0 1326.0
0.91015625 0.9160253405570984 1085.0 902.0 23197.0 1324.0
0.919921875 0.9164780378341675 1035.0 840.0 23259.0 1374.0
0.921875 0.918515145778656 995.0 746.0 23353.0 1414.0
0.9130859375 0.9159876108169556 1106.0 924.0 23175.0 1303.0
0.9326171875 0.9147804379463196 1090.0 940.0 23159.0 1319.0
0.916015625 0.9194959998130798 984.0 709.0 23390.0 1425.0
0.921875 0.9137995839118958 1064.0 940.0 23159.0 1345.0
0.9169921875 0.9196091890335083 906.0 628.0 23471.0 1503.0
0.9140625 0.9167420864105225 1054.0 852.0 23247.0 1355.0
0.921875 0.917534351348877 968.0 745.0 23354.0 1441.0
0.9208984375 0.9155726432800293 1055.0 884.0 23215.0 1354.0
0.9130859375 0.9134600758552551 1087.0 972.0 23127.0 1322.0
0.9150390625 0.9176097512245178 1007.0 782.0 23317.0 1402.0
0.9306640625 0.9182888269424438 1040.0 797.0 23302.0 1369.0
0.919921875 0.9150822162628174 1046.0 888.0 23211.0 1363.0
0.92578125 0.9169307351112366 953.0 746.0 23353.0 1456.0
0.91796875 0.9130828380584717 1123.0 1018.0 23081.0 1286.0
0.9189453125 0.9156481027603149 1071.0 898.0 23201.0 1338.0
0.90625 0.9137241840362549 1076.0 954.0 23145.0 1333.0
0.9140625 0.9149690866470337 1080.0 925.0 23174.0 1329.0
0.91015625 0.9146295189857483 1098.0 952.0 23147.0 1311.0
0.9150390625 0.9163271188735962 1080.0 889.0 23210.0 1329.0
0.93359375 0.915836751461029 1062.0 884.0 23215.0 1347.0
0.9169921875 0.9179493188858032 1017.0 783.0 23316.0 1392.0
0.91015625 0.915836751461029 1053.0 875.0 23224.0 1356.0
0.91015625 0.9153463244438171 1072.0 907.0 23192.0 1337.0
0.9248046875 0.9210426807403564 940.0 624.0 23475.0 1469.0
0.90234375 0.9191564917564392 993.0 727.0 23372.0 1416.0
0.9306640625 0.9160253405570984 1034.0 851.0 23248.0 1375.0
0.919921875 0.9121397137641907 1121.0 1041.0 23058.0 1288.0
0.931640625 0.9139882326126099 1114.0 985.0 23114.0 1295.0
0.9248046875 0.91538405418396 1050.0 884.0 23215.0 1359.0
0.912109375 0.9155726432800293 1050.0 879.0 23220.0 1359.0
0.92578125 0.9152708649635315 1080.0 917.0 23182.0 1329.0
0.921875 0.919722318649292 957.0 676.0 23423.0 1452.0
0.919921875 0.9160253405570984 1076.0 893.0 23206.0 1333.0
0.931640625 0.916364848613739 973.0 781.0 23318.0 1436.0
0.9267578125 0.9143654704093933 1114.0 975.0 23124.0 1295.0
0.923828125 0.9194959998130798 971.0 696.0 23403.0 1438.0
0.908203125 0.9154971837997437 1065.0 896.0 23203.0 1344.0
0.9248046875 0.914176881313324 1150.0 1016.0 23083.0 1259.0
0.9189453125 0.9153463244438171 1085.0 920.0 23179.0 1324.0
0.9296875 0.9162517189979553 1070.0 881.0 23218.0 1339.0
0.9326171875 0.9176852107048035 991.0 764.0 23335.0 1418.0
0.9150390625 0.9174966216087341 923.0 701.0 23398.0 1486.0
0.916015625 0.9167044162750244 1003.0 802.0 23297.0 1406.0
0.9267578125 0.9151199460029602 1076.0 917.0 23182.0 1333.0
0.9111328125 0.9183642864227295 985.0 740.0 23359.0 1424.0
0.923828125 0.9163271188735962 1050.0 859.0 23240.0 1359.0
0.919921875 0.9167798161506653 1044.0 841.0 23258.0 1365.0
0.91796875 0.9179115891456604 1055.0 822.0 23277.0 1354.0
0.9091796875 0.9144032001495361 1048.0 908.0 23191.0 1361.0
0.90625 0.9139127731323242 1119.0 992.0 23107.0 1290.0
0.90234375 0.9138373136520386 1103.0 978.0 23121.0 1306.0
0.9189453125 0.9141014218330383 1093.0 961.0 23138.0 1316.0
0.9189453125 0.9172325134277344 973.0 758.0 23341.0 1436.0
0.908203125 0.9158744812011719 1099.0 920.0 23179.0 1310.0
0.916015625 0.9115738868713379 1180.0 1115.0 22984.0 1229.0
0.9140625 0.9133092164993286 1114.0 1003.0 23096.0 1295.0
0.9140625 0.9149313569068909 1036.0 882.0 23217.0 1373.0
0.9189453125 0.9131960272789001 1130.0 1022.0 23077.0 1279.0
0.9130859375 0.9145918488502502 1094.0 949.0 23150.0 1315.0
0.9248046875 0.9169684648513794 1032.0 824.0 23275.0 1377.0
0.90625 0.9170061945915222 1074.0 865.0 23234.0 1335.0
0.90625 0.9122529029846191 1116.0 1033.0 23066.0 1293.0
0.923828125 0.9185906052589417 995.0 744.0 23355.0 1414.0
0.9189453125 0.9136864542961121 1101.0 980.0 23119.0 1308.0
0.9130859375 0.9107816219329834 1178.0 1134.0 22965.0 1231.0
0.9130859375 0.9153463244438171 1068.0 903.0 23196.0 1341.0
0.9169921875 0.9118756651878357 1131.0 1058.0 23041.0 1278.0
0.8974609375 0.9128565192222595 1098.0 999.0 23100.0 1311.0
0.9208984375 0.9095744490623474 1137.0 1125.0 22974.0 1272.0
0.9296875 0.9172702431678772 1001.0 785.0 23314.0 1408.0
0.9130859375 0.9162139892578125 1081.0 893.0 23206.0 1328.0
0.90234375 0.9155726432800293 1073.0 902.0 23197.0 1336.0
0.9296875 0.9176097512245178 1045.0 820.0 23279.0 1364.0
0.90234375 0.9181379079818726 1064.0 825.0 23274.0 1345.0
0.923828125 0.912064254283905 1157.0 1079.0 23020.0 1252.0
0.919921875 0.9116870164871216 1130.0 1062.0 23037.0 1279.0
0.9287109375 0.9129319190979004 1088.0 987.0 23112.0 1321.0
0.9296875 0.9153085947036743 1128.0 964.0 23135.0 1281.0
0.904296875 0.9154217839241028 1128.0 961.0 23138.0 1281.0
0.912109375 0.914214551448822 1097.0 962.0 23137.0 1312.0
0.9169921875 0.9177229404449463 1027.0 799.0 23300.0 1382.0
0.9150390625 0.917534351348877 994.0 771.0 23328.0 1415.0
0.9248046875 0.9145163893699646 1067.0 924.0 23175.0 1342.0
0.9130859375 0.9148558974266052 1054.0 902.0 23197.0 1355.0
0.90625 0.9187792539596558 983.0 727.0 23372.0 1426.0
0.9306640625 0.9174966216087341 1043.0 821.0 23278.0 1366.0
0.91015625 0.9187415242195129 1047.0 792.0 23307.0 1362.0
0.9228515625 0.915157675743103 1121.0 961.0 23138.0 1288.0
0.919921875 0.9149313569068909 1033.0 879.0 23220.0 1376.0
0.927734375 0.9186283349990845 997.0 745.0 23354.0 1412.0
0.9150390625 0.9163271188735962 1081.0 890.0 23209.0 1328.0
0.9150390625 0.9121019840240479 1138.0 1059.0 23040.0 1271.0
0.912109375 0.9124415516853333 1078.0 990.0 23109.0 1331.0
0.9111328125 0.9177983999252319 1081.0 851.0 23248.0 1328.0
0.9208984375 0.916591227054596 988.0 790.0 23309.0 1421.0
0.9130859375 0.9167044162750244 1063.0 862.0 23237.0 1346.0
0.9169921875 0.9170061945915222 998.0 789.0 23310.0 1411.0
0.919921875 0.9156481027603149 1081.0 908.0 23191.0 1328.0
0.9287109375 0.9169307351112366 939.0 732.0 23367.0 1470.0
0.9296875 0.9124792218208313 1100.0 1011.0 23088.0 1309.0
0.9130859375 0.9111589193344116 1172.0 1118.0 22981.0 1237.0
0.9228515625 0.9149313569068909 1072.0 918.0 23181.0 1337.0
0.91796875 0.9185528755187988 960.0 710.0 23389.0 1449.0
0.9189453125 0.9177983999252319 1008.0 778.0 23321.0 1401.0
0.9140625 0.9177983999252319 993.0 763.0 23336.0 1416.0
0.92578125 0.9149690866470337 1116.0 961.0 23138.0 1293.0
0.91015625 0.9156858325004578 1057.0 883.0 23216.0 1352.0
0.9111328125 0.919194221496582 1031.0 764.0 23335.0 1378.0
0.916015625 0.9136109948158264 1118.0 999.0 23100.0 1291.0
0.9189453125 0.9165534973144531 1024.0 827.0 23272.0 1385.0
0.912109375 0.9170816540718079 1012.0 801.0 23298.0 1397.0
0.9033203125 0.9102535247802734 1188.0 1158.0 22941.0 1221.0
0.9248046875 0.9195337295532227 968.0 692.0 23407.0 1441.0
0.919921875 0.9193073511123657 935.0 665.0 23434.0 1474.0
0.9140625 0.9139882326126099 1142.0 1013.0 23086.0 1267.0
0.91796875 0.9202127456665039 934.0 640.0 23459.0 1475.0
0.921875 0.9161385297775269 1081.0 895.0 23204.0 1328.0
0.9296875 0.916591227054596 1045.0 847.0 23252.0 1364.0
0.9150390625 0.9115738868713379 1107.0 1042.0 23057.0 1302.0
0.9189453125 0.9155726432800293 1091.0 920.0 23179.0 1318.0
0.91015625 0.915836751461029 1057.0 879.0 23220.0 1352.0
0.9248046875 0.9127056002616882 1103.0 1008.0 23091.0 1306.0
0.9228515625 0.9205523133277893 929.0 626.0 23473.0 1480.0
0.9111328125 0.9146295189857483 1119.0 973.0 23126.0 1290.0
0.9130859375 0.914893627166748 1143.0 990.0 23109.0 1266.0
0.916015625 0.9176474809646606 976.0 750.0 23349.0 1433.0
0.9140625 0.9136487245559692 1099.0 979.0 23120.0 1310.0
0.912109375 0.9186660647392273 1005.0 752.0 23347.0 1404.0
0.919921875 0.9157235622406006 1049.0 874.0 23225.0 1360.0
0.912109375 0.9102912545204163 1185.0 1154.0 22945.0 1224.0
0.9208984375 0.9187037944793701 997.0 743.0 23356.0 1412.0
0.923828125 0.9168930053710938 1045.0 839.0 23260.0 1364.0
0.9140625 0.9157612919807434 1118.0 942.0 23157.0 1291.0
0.912109375 0.9165157675743103 1075.0 879.0 23220.0 1334.0
0.9150390625 0.9174588918685913 1044.0 823.0 23276.0 1365.0
0.90234375 0.914440929889679 1128.0 987.0 23112.0 1281.0
0.923828125 0.9107062220573425 1191.0 1149.0 22950.0 1218.0
0.9169921875 0.9182133674621582 998.0 757.0 23342.0 1411.0
0.9248046875 0.9171193838119507 1056.0 844.0 23255.0 1353.0
0.9130859375 0.9127810597419739 1118.0 1021.0 23078.0 1291.0
0.9287109375 0.9199486970901489 938.0 651.0 23448.0 1471.0
0.91015625 0.9167798161506653 1083.0 880.0 23219.0 1326.0
0.92578125 0.9133092164993286 1125.0 1014.0 23085.0 1284.0
0.90625 0.9116116166114807 1199.0 1133.0 22966.0 1210.0
0.9287109375 0.915157675743103 1064.0 904.0 23195.0 1345.0
0.9228515625 0.91730797290802 1007.0 790.0 23309.0 1402.0
0.921875 0.9153085947036743 1119.0 955.0 23144.0 1290.0
0.9228515625 0.9183265566825867 957.0 713.0 23386.0 1452.0
0.91796875 0.9179493188858032 1017.0 783.0 23316.0 1392.0
0.9189453125 0.9168552756309509 1013.0 808.0 23291.0 1396.0
0.9150390625 0.9154971837997437 1120.0 951.0 23148.0 1289.0
0.9267578125 0.9167420864105225 1051.0 849.0 23250.0 1358.0
0.9189453125 0.9151954054832458 1134.0 973.0 23126.0 1275.0
0.9189453125 0.9183642864227295 1026.0 781.0 23318.0 1383.0
0.919921875 0.9145918488502502 1122.0 977.0 23122.0 1287.0
0.9208984375 0.9165534973144531 1106.0 909.0 23190.0 1303.0
0.919921875 0.918515145778656 991.0 742.0 23357.0 1418.0
0.9169921875 0.9160253405570984 1075.0 892.0 23207.0 1334.0
0.9169921875 0.9125546813011169 1162.0 1071.0 23028.0 1247.0
0.9306640625 0.9173457026481628 1035.0 817.0 23282.0 1374.0
0.912109375 0.9145163893699646 1137.0 994.0 23105.0 1272.0
0.91015625 0.9157990217208862 1044.0 867.0 23232.0 1365.0
0.9169921875 0.9160253405570984 1102.0 919.0 23180.0 1307.0
0.9169921875 0.9159876108169556 1080.0 898.0 23201.0 1329.0
0.9189453125 0.9196091890335083 929.0 651.0 23448.0 1480.0
0.9072265625 0.9141014218330383 1128.0 996.0 23103.0 1281.0
0.90234375 0.9149313569068909 1099.0 945.0 23154.0 1310.0
0.921875 0.9156103730201721 1112.0 940.0 23159.0 1297.0
0.927734375 0.9180247187614441 1031.0 795.0 23304.0 1378.0
0.919921875 0.9185906052589417 1008.0 757.0 23342.0 1401.0
0.9208984375 0.9138373136520386 1078.0 953.0 23146.0 1331.0
0.9306640625 0.9154971837997437 1105.0 936.0 23163.0 1304.0
0.91015625 0.9139882326126099 1128.0 999.0 23100.0 1281.0
0.908203125 0.9110080003738403 1160.0 1110.0 22989.0 1249.0
0.923828125 0.9142900109291077 1074.0 937.0 23162.0 1335.0
0.9150390625 0.9185528755187988 1095.0 845.0 23254.0 1314.0
0.9287109375 0.9150068163871765 1033.0 877.0 23222.0 1376.0
0.921875 0.9152331352233887 1056.0 894.0 23205.0 1353.0
0.9150390625 0.9179493188858032 1034.0 800.0 23299.0 1375.0
0.904296875 0.913007378578186 1160.0 1057.0 23042.0 1249.0
0.92578125 0.914214551448822 1114.0 979.0 23120.0 1295.0
0.9228515625 0.9130828380584717 1139.0 1034.0 23065.0 1270.0
0.9169921875 0.9160630702972412 1041.0 857.0 23242.0 1368.0
0.9296875 0.9159121513366699 1087.0 907.0 23192.0 1322.0
0.9091796875 0.916100800037384 1090.0 905.0 23194.0 1319.0
0.9150390625 0.9133468866348267 1155.0 1043.0 23056.0 1254.0
0.89453125 0.9154217839241028 1079.0 912.0 23187.0 1330.0
0.927734375 0.9182133674621582 978.0 737.0 23362.0 1431.0
0.9111328125 0.914893627166748 1124.0 971.0 23128.0 1285.0
0.9228515625 0.9165534973144531 1041.0 844.0 23255.0 1368.0
0.919921875 0.9161385297775269 1048.0 862.0 23237.0 1361.0
0.939453125 0.9188547134399414 909.0 651.0 23448.0 1500.0
0.92578125 0.9163271188735962 1059.0 868.0 23231.0 1350.0
0.908203125 0.9162517189979553 1068.0 879.0 23220.0 1341.0
0.9248046875 0.919194221496582 934.0 667.0 23432.0 1475.0
0.9189453125 0.9193450808525085 1024.0 753.0 23346.0 1385.0
0.92578125 0.9137241840362549 1056.0 934.0 23165.0 1353.0
0.91015625 0.9128187894821167 1174.0 1076.0 23023.0 1235.0
0.9365234375 0.918251097202301 972.0 730.0 23369.0 1437.0
0.9140625 0.9129696488380432 1068.0 966.0 23133.0 1341.0
0.9169921875 0.9137995839118958 1106.0 982.0 23117.0 1303.0
0.91796875 0.9159121513366699 1141.0 961.0 23138.0 1268.0
0.9130859375 0.9190055727958679 933.0 671.0 23428.0 1476.0
0.9130859375 0.9136109948158264 1121.0 1002.0 23097.0 1288.0
0.900390625 0.9096499085426331 1178.0 1164.0 22935.0 1231.0
0.9130859375 0.9157612919807434 1121.0 945.0 23154.0 1288.0
0.9169921875 0.9178738594055176 993.0 761.0 23338.0 1416.0
0.9072265625 0.9164025783538818 1039.0 846.0 23253.0 1370.0
0.9111328125 0.9164025783538818 1071.0 878.0 23221.0 1338.0
0.923828125 0.9135732650756836 1151.0 1033.0 23066.0 1258.0
0.921875 0.9140259623527527 1151.0 1021.0 23078.0 1258.0
0.91796875 0.91180020570755 1115.0 1044.0 23055.0 1294.0
0.9267578125 0.9185528755187988 1095.0 845.0 23254.0 1314.0
0.9150390625 0.9137618541717529 1118.0 995.0 23104.0 1291.0
0.9150390625 0.9160630702972412 1075.0 891.0 23208.0 1334.0
0.9140625 0.9142900109291077 1126.0 989.0 23110.0 1283.0
0.9072265625 0.9159121513366699 1103.0 923.0 23176.0 1306.0
0.9169921875 0.9129319190979004 1125.0 1024.0 23075.0 1284.0
0.9189453125 0.9150444865226746 1067.0 910.0 23189.0 1342.0
0.9326171875 0.9172325134277344 1023.0 808.0 23291.0 1386.0
0.9189453125 0.9188547134399414 997.0 739.0 23360.0 1412.0
0.92578125 0.9157612919807434 1067.0 891.0 23208.0 1342.0
0.9189453125 0.9158744812011719 1044.0 865.0 23234.0 1365.0
0.91796875 0.9161762595176697 1027.0 840.0 23259.0 1382.0
0.9140625 0.9170816540718079 1080.0 869.0 23230.0 1329.0
0.9228515625 0.9145163893699646 1090.0 947.0 23152.0 1319.0
0.92578125 0.9136109948158264 1165.0 1046.0 23053.0 1244.0
0.931640625 0.9173457026481628 1015.0 797.0 23302.0 1394.0
0.9140625 0.9150822162628174 1147.0 989.0 23110.0 1262.0
0.90625 0.9176474809646606 1071.0 845.0 23254.0 1338.0
0.9306640625 0.9149313569068909 1125.0 971.0 23128.0 1284.0
0.9169921875 0.9106684923171997 1147.0 1106.0 22993.0 1262.0
0.912109375 0.9163271188735962 1064.0 873.0 23226.0 1345.0
0.9365234375 0.9186283349990845 981.0 729.0 23370.0 1428.0
0.9228515625 0.9145163893699646 1154.0 1011.0 23088.0 1255.0
0.931640625 0.9178361296653748 969.0 738.0 23361.0 1440.0
0.927734375 0.9164780378341675 1100.0 905.0 23194.0 1309.0
0.9267578125 0.9171947836875916 1051.0 837.0 23262.0 1358.0
0.9228515625 0.9185906052589417 980.0 729.0 23370.0 1429.0
0.9033203125 0.9132714867591858 1144.0 1034.0 23065.0 1265.0
0.921875 0.9161762595176697 1118.0 931.0 23168.0 1291.0
0.9189453125 0.9179493188858032 1010.0 776.0 23323.0 1399.0
0.931640625 0.9198355078697205 933.0 649.0 23450.0 1476.0
0.927734375 0.9195337295532227 972.0 696.0 23403.0 1437.0
0.9208984375 0.9187037944793701 1057.0 803.0 23296.0 1352.0
0.91015625 0.9155349135398865 1093.0 923.0 23176.0 1316.0
0.90625 0.916100800037384 1121.0 936.0 23163.0 1288.0
0.921875 0.91180020570755 1129.0 1058.0 23041.0 1280.0
0.90625 0.9163271188735962 1109.0 918.0 23181.0 1300.0
0.9111328125 0.910857081413269 1110.0 1064.0 23035.0 1299.0
0.9150390625 0.9180624485015869 1027.0 790.0 23309.0 1382.0
0.9169921875 0.913950502872467 1110.0 982.0 23117.0 1299.0
0.9169921875 0.9175720810890198 1074.0 850.0 23249.0 1335.0
0.9111328125 0.9161762595176697 1129.0 942.0 23157.0 1280.0
0.9267578125 0.9176852107048035 1075.0 848.0 23251.0 1334.0
0.9208984375 0.9183642864227295 1001.0 756.0 23343.0 1408.0
0.919921875 0.9167044162750244 1072.0 871.0 23228.0 1337.0
0.9228515625 0.9157235622406006 1105.0 930.0 23169.0 1304.0
0.9267578125 0.9205523133277893 926.0 623.0 23476.0 1483.0
0.9169921875 0.9172702431678772 1093.0 877.0 23222.0 1316.0
0.912109375 0.9140636920928955 1125.0 994.0 23105.0 1284.0
0.9208984375 0.9156858325004578 1075.0 901.0 23198.0 1334.0
0.9267578125 0.9164403080940247 1061.0 867.0 23232.0 1348.0
0.91796875 0.9159498810768127 1088.0 907.0 23192.0 1321.0
0.931640625 0.9177606701850891 1093.0 864.0 23235.0 1316.0
0.9296875 0.9174588918685913 1033.0 812.0 23287.0 1376.0
0.9091796875 0.9157235622406006 1132.0 957.0 23142.0 1277.0
0.92578125 0.9186283349990845 999.0 747.0 23352.0 1410.0
0.9091796875 0.917987048625946 1040.0 805.0 23294.0 1369.0
0.9228515625 0.9145918488502502 1111.0 966.0 23133.0 1298.0
0.9208984375 0.9168175458908081 1111.0 907.0 23192.0 1298.0
0.919921875 0.915836751461029 1093.0 915.0 23184.0 1316.0
0.927734375 0.9149690866470337 1110.0 955.0 23144.0 1299.0
0.921875 0.9164025783538818 1085.0 892.0 23207.0 1324.0
0.904296875 0.9174211621284485 1031.0 811.0 23288.0 1378.0
0.9287109375 0.9167420864105225 1055.0 853.0 23246.0 1354.0
0.923828125 0.9174588918685913 1052.0 831.0 23268.0 1357.0
0.9248046875 0.9171947836875916 1122.0 908.0 23191.0 1287.0
0.916015625 0.9168930053710938 1077.0 871.0 23228.0 1332.0
0.9228515625 0.9141391515731812 1109.0 975.0 23123.0 1300.0
0.9365234375 0.9116870164871216 1189.0 1121.0 22978.0 1220.0
0.9208984375 0.9164025783538818 1103.0 910.0 23189.0 1306.0
0.9052734375 0.9137995839118958 1190.0 1066.0 23033.0 1219.0
0.919921875 0.9182888269424438 1053.0 810.0 23289.0 1356.0
0.9111328125 0.9183642864227295 1020.0 775.0 23324.0 1389.0
0.927734375 0.9153085947036743 1125.0 961.0 23138.0 1284.0
0.916015625 0.9162139892578125 1062.0 874.0 23225.0 1347.0
0.9248046875 0.9111966490745544 1166.0 1111.0 22988.0 1243.0
0.919921875 0.9185528755187988 1007.0 757.0 23342.0 1402.0
0.9306640625 0.9169684648513794 1048.0 840.0 23259.0 1361.0
0.9296875 0.914214551448822 1103.0 968.0 23131.0 1306.0
0.919921875 0.9174588918685913 1036.0 815.0 23284.0 1373.0
0.9111328125 0.9157990217208862 1039.0 862.0 23237.0 1370.0
0.9140625 0.9164025783538818 1041.0 848.0 23251.0 1368.0
0.9228515625 0.9147427082061768 1138.0 989.0 23110.0 1271.0
0.9140625 0.9156481027603149 1091.0 918.0 23181.0 1318.0
0.927734375 0.9132714867591858 1131.0 1021.0 23078.0 1278.0
0.916015625 0.9185906052589417 1028.0 777.0 23322.0 1381.0
0.90625 0.9145163893699646 1076.0 933.0 23166.0 1333.0
0.9208984375 0.9166666865348816 1090.0 890.0 23209.0 1319.0
0.912109375 0.9147049784660339 1130.0 982.0 23117.0 1279.0
0.9150390625 0.9146672487258911 1074.0 927.0 23172.0 1335.0
0.91796875 0.9106684923171997 1139.0 1098.0 23001.0 1270.0
0.919921875 0.9147427082061768 1129.0 980.0 23119.0 1280.0
0.9267578125 0.9131582975387573 1134.0 1027.0 23072.0 1275.0
0.9228515625 0.9149690866470337 1061.0 906.0 23193.0 1348.0
0.90625 0.9156103730201721 1117.0 945.0 23154.0 1292.0
0.9130859375 0.9126301407814026 1131.0 1038.0 23061.0 1278.0
0.923828125 0.9154217839241028 1094.0 927.0 23172.0 1315.0
0.91796875 0.9134600758552551 1129.0 1014.0 23085.0 1280.0
0.91015625 0.9179115891456604 1026.0 793.0 23306.0 1383.0
0.91015625 0.9182888269424438 1067.0 824.0 23275.0 1342.0
0.91796875 0.9168930053710938 1119.0 913.0 23186.0 1290.0
0.9140625 0.9165534973144531 1073.0 876.0 23223.0 1336.0
0.90625 0.9133092164993286 1119.0 1008.0 23091.0 1290.0
0.92578125 0.9187792539596558 996.0 740.0 23359.0 1413.0
0.923828125 0.9164403080940247 1144.0 950.0 23149.0 1265.0
0.912109375 0.9161762595176697 1034.0 847.0 23252.0 1375.0
0.9228515625 0.914893627166748 1097.0 944.0 23155.0 1312.0
0.912109375 0.9164025783538818 1078.0 885.0 23214.0 1331.0
0.9228515625 0.9164403080940247 1074.0 880.0 23219.0 1335.0
0.921875 0.9151199460029602 1084.0 925.0 23174.0 1325.0
0.91796875 0.9159121513366699 1073.0 893.0 23206.0 1336.0
0.919921875 0.9164780378341675 1014.0 819.0 23280.0 1395.0
0.91796875 0.9173834323883057 1007.0 788.0 23311.0 1402.0
0.9130859375 0.9136487245559692 1151.0 1031.0 23068.0 1258.0
0.9150390625 0.9165157675743103 1023.0 827.0 23272.0 1386.0
0.9228515625 0.9173457026481628 1068.0 850.0 23249.0 1341.0
0.9091796875 0.9111211895942688 1144.0 1091.0 23008.0 1265.0
0.9140625 0.9190810322761536 1026.0 762.0 23337.0 1383.0
0.927734375 0.9200618863105774 942.0 652.0 23447.0 1467.0
0.904296875 0.9161385297775269 1103.0 917.0 23182.0 1306.0
0.9326171875 0.91538405418396 1129.0 963.0 23136.0 1280.0
0.9228515625 0.9193073511123657 985.0 715.0 23384.0 1424.0
0.927734375 0.9176474809646606 1043.0 817.0 23282.0 1366.0
0.9169921875 0.9152708649635315 1117.0 954.0 23145.0 1292.0
0.921875 0.9174966216087341 1062.0 840.0 23259.0 1347.0
0.91015625 0.91538405418396 1021.0 855.0 23244.0 1388.0
0.919921875 0.9177606701850891 1076.0 847.0 23252.0 1333.0
0.9189453125 0.9154217839241028 1171.0 1004.0 23095.0 1238.0
0.9140625 0.9151954054832458 1123.0 962.0 23137.0 1286.0
0.923828125 0.9153463244438171 1085.0 920.0 23179.0 1324.0
0.923828125 0.9193073511123657 985.0 715.0 23384.0 1424.0
0.9052734375 0.9154217839241028 1133.0 966.0 23133.0 1276.0
0.916015625 0.9183265566825867 1025.0 781.0 23318.0 1384.0
0.916015625 0.917534351348877 991.0 768.0 23331.0 1418.0
0.927734375 0.917043924331665 1039.0 829.0 23270.0 1370.0
0.9130859375 0.9164025783538818 1096.0 903.0 23196.0 1313.0
0.9140625 0.9160253405570984 1063.0 880.0 23219.0 1346.0
0.9111328125 0.9177606701850891 1057.0 828.0 23271.0 1352.0
0.9248046875 0.9167420864105225 1008.0 806.0 23293.0 1401.0
0.9169921875 0.9181756377220154 1044.0 804.0 23295.0 1365.0
0.91015625 0.9145918488502502 1133.0 988.0 23111.0 1276.0
0.9189453125 0.9182133674621582 1061.0 820.0 23279.0 1348.0
0.92578125 0.9174211621284485 999.0 779.0 23320.0 1410.0
0.9111328125 0.914440929889679 1151.0 1010.0 23089.0 1258.0
0.919921875 0.9116870164871216 1166.0 1098.0 23001.0 1243.0
0.9267578125 0.9158744812011719 1079.0 900.0 23199.0 1330.0
0.91796875 0.9143654704093933 1109.0 970.0 23129.0 1300.0
0.9130859375 0.9148558974266052 1119.0 967.0 23132.0 1290.0
0.9140625 0.9195714592933655 1020.0 743.0 23356.0 1389.0
0.919921875 0.9187037944793701 950.0 696.0 23403.0 1459.0
0.9287109375 0.9188547134399414 994.0 736.0 23363.0 1415.0
0.931640625 0.9162139892578125 1066.0 878.0 23221.0 1343.0
0.91796875 0.9177983999252319 1034.0 804.0 23295.0 1375.0
0.9130859375 0.9184774160385132 1062.0 814.0 23285.0 1347.0
0.916015625 0.9121774435043335 1149.0 1068.0 23031.0 1260.0
0.9208984375 0.9178738594055176 1040.0 808.0 23291.0 1369.0
0.9052734375 0.9131960272789001 1131.0 1023.0 23076.0 1278.0
0.9150390625 0.9148181676864624 1152.0 1001.0 23098.0 1257.0
0.908203125 0.9177229404449463 1026.0 798.0 23301.0 1383.0
0.90625 0.9107439517974854 1153.0 1110.0 22989.0 1256.0
0.908203125 0.9136487245559692 1084.0 964.0 23135.0 1325.0
0.9130859375 0.9094989895820618 1191.0 1181.0 22918.0 1218.0
0.90625 0.9125546813011169 1162.0 1071.0 23028.0 1247.0
0.9169921875 0.9153463244438171 1072.0 907.0 23192.0 1337.0
0.9296875 0.9184397459030151 1082.0 835.0 23264.0 1327.0
0.9140625 0.9190055727958679 966.0 704.0 23395.0 1443.0
0.9130859375 0.9162139892578125 1117.0 929.0 23170.0 1292.0
0.90625 0.9156481027603149 1141.0 968.0 23131.0 1268.0
0.912109375 0.9151199460029602 1074.0 915.0 23184.0 1335.0
0.90234375 0.91538405418396 1132.0 966.0 23133.0 1277.0
0.919921875 0.9154971837997437 1079.0 910.0 23189.0 1330.0
0.908203125 0.9153085947036743 1111.0 947.0 23152.0 1298.0
0.931640625 0.9162139892578125 1091.0 903.0 23196.0 1318.0
0.9130859375 0.9184397459030151 1055.0 808.0 23291.0 1354.0
0.9150390625 0.9148558974266052 1157.0 1005.0 23094.0 1252.0
0.9208984375 0.9173457026481628 1020.0 802.0 23297.0 1389.0
0.9130859375 0.914893627166748 1119.0 966.0 23133.0 1290.0
0.9208984375 0.9164403080940247 1084.0 890.0 23209.0 1325.0
0.9111328125 0.9145541191101074 1140.0 996.0 23103.0 1269.0
0.9248046875 0.9148558974266052 1127.0 975.0 23124.0 1282.0
0.921875 0.9137995839118958 1106.0 982.0 23117.0 1303.0
0.9169921875 0.9131960272789001 1107.0 999.0 23100.0 1302.0
0.9052734375 0.9131205677986145 1149.0 1043.0 23056.0 1260.0
0.9189453125 0.9153463244438171 1102.0 937.0 23162.0 1307.0
0.9287109375 0.913950502872467 1171.0 1043.0 23056.0 1238.0
0.919921875 0.9145163893699646 1144.0 1001.0 23098.0 1265.0
0.9208984375 0.9168930053710938 1078.0 872.0 23227.0 1331.0
0.9248046875 0.9086690545082092 1157.0 1169.0 22930.0 1252.0
0.921875 0.916364848613739 1094.0 902.0 23197.0 1315.0
0.9189453125 0.9171947836875916 1033.0 819.0 23280.0 1376.0
0.9228515625 0.9187415242195129 1030.0 775.0 23324.0 1379.0
0.9208984375 0.9171571135520935 1084.0 871.0 23228.0 1325.0
0.9169921875 0.918515145778656 1011.0 762.0 23337.0 1398.0
0.9267578125 0.9157990217208862 1069.0 892.0 23207.0 1340.0
0.912109375 0.9190055727958679 962.0 700.0 23399.0 1447.0
0.923828125 0.9155726432800293 1117.0 946.0 23153.0 1292.0
0.9189453125 0.9190433025360107 976.0 713.0 23386.0 1433.0
0.91796875 0.9131960272789001 1177.0 1069.0 23030.0 1232.0
0.9228515625 0.9170061945915222 1072.0 863.0 23236.0 1337.0
0.912109375 0.9157235622406006 1105.0 930.0 23169.0 1304.0
0.9072265625 0.912290632724762 1184.0 1100.0 22999.0 1225.0
0.90625 0.9164403080940247 1008.0 814.0 23285.0 1401.0
0.9189453125 0.9160630702972412 1083.0 899.0 23200.0 1326.0
0.91796875 0.9166289567947388 1067.0 868.0 23231.0 1342.0
0.9091796875 0.9137618541717529 1139.0 1016.0 23083.0 1270.0
0.9130859375 0.9145918488502502 1113.0 968.0 23131.0 1296.0
0.9296875 0.9138373136520386 1138.0 1013.0 23086.0 1271.0
0.9296875 0.9167044162750244 1088.0 887.0 23212.0 1321.0
0.92578125 0.9193073511123657 1032.0 762.0 23337.0 1377.0
0.916015625 0.9143654704093933 1165.0 1026.0 23073.0 1244.0
0.9208984375 0.9160630702972412 1074.0 890.0 23209.0 1335.0
0.9140625 0.9161385297775269 1126.0 940.0 23159.0 1283.0
0.9296875 0.9153463244438171 1099.0 934.0 23165.0 1310.0
0.9248046875 0.9163271188735962 1091.0 900.0 23199.0 1318.0
0.916015625 0.9164025783538818 1096.0 903.0 23196.0 1313.0
0.921875 0.9176474809646606 939.0 713.0 23386.0 1470.0
0.9091796875 0.9160253405570984 1103.0 920.0 23179.0 1306.0
0.9267578125 0.9172702431678772 1052.0 836.0 23263.0 1357.0
