0.44140625 0.4351516664028168 1586.0 14150.0 9949.0 823.0
0.900390625 0.9008224010467529 198.0 418.0 23681.0 2211.0
0.8779296875 0.8920326232910156 688.0 1141.0 22958.0 1721.0
0.8935546875 0.9032744765281677 793.0 948.0 23151.0 1616.0
0.8955078125 0.9063678979873657 786.0 859.0 23240.0 1623.0
0.91015625 0.9064056277275085 819.0 891.0 23208.0 1590.0
0.896484375 0.8990493416786194 999.0 1266.0 22833.0 1410.0
0.896484375 0.9020295739173889 971.0 1159.0 22940.0 1438.0
0.9033203125 0.9082918167114258 838.0 860.0 23239.0 1571.0
0.9228515625 0.9086690545082092 892.0 904.0 23195.0 1517.0
0.9140625 0.9047834873199463 904.0 1019.0 23080.0 1505.0
0.9111328125 0.9056888222694397 943.0 1034.0 23065.0 1466.0
0.87890625 0.9019541144371033 940.0 1130.0 22969.0 1469.0
0.904296875 0.9070091843605042 950.0 1006.0 23093.0 1459.0
0.9033203125 0.9076505303382874 800.0 839.0 23260.0 1609.0
0.9111328125 0.907725989818573 950.0 987.0 23112.0 1459.0
0.9052734375 0.9061792492866516 926.0 1004.0 23095.0 1483.0
0.91796875 0.9059529304504395 990.0 1074.0 23025.0 1419.0
0.9072265625 0.9033499360084534 965.0 1118.0 22981.0 1444.0
0.8935546875 0.9051607251167297 913.0 1018.0 23081.0 1496.0
0.900390625 0.9036139845848083 976.0 1122.0 22977.0 1433.0
0.9169921875 0.9058774709701538 960.0 1046.0 23053.0 1449.0
0.9013671875 0.9099894165992737 858.0 835.0 23264.0 1551.0
0.9072265625 0.9086690545082092 911.0 923.0 23176.0 1498.0
0.9033203125 0.9076882600784302 893.0 931.0 23168.0 1516.0
0.8994140625 0.9049720764160156 989.0 1099.0 23000.0 1420.0
0.908203125 0.9074241518974304 918.0 963.0 23136.0 1491.0
0.900390625 0.903425395488739 1029.0 1180.0 22919.0 1380.0
0.921875 0.9073110222816467 987.0 1035.0 23064.0 1422.0
0.9111328125 0.9033499360084534 914.0 1067.0 23032.0 1495.0
0.9072265625 0.9037271738052368 940.0 1083.0 23016.0 1469.0
0.896484375 0.9056888222694397 972.0 1063.0 23036.0 1437.0
0.9072265625 0.9032744765281677 1009.0 1164.0 22935.0 1400.0
0.8916015625 0.9067074060440063 1014.0 1078.0 23021.0 1395.0
0.912109375 0.911347508430481 921.0 862.0 23237.0 1488.0
0.9091796875 0.906782865524292 1029.0 1091.0 23008.0 1380.0
0.9013671875 0.9065942168235779 980.0 1047.0 23052.0 1429.0
0.9248046875 0.9092726707458496 922.0 918.0 23181.0 1487.0
0.90234375 0.9105175733566284 893.0 856.0 23243.0 1516.0
0.91015625 0.9075373411178589 991.0 1033.0 23066.0 1418.0
0.923828125 0.9085559248924255 915.0 930.0 23169.0 1494.0
0.91796875 0.9086313843727112 978.0 991.0 23108.0 1431.0
0.927734375 0.9078013896942139 985.0 1020.0 23079.0 1424.0
0.892578125 0.9059529304504395 1000.0 1084.0 23015.0 1409.0
0.9052734375 0.9024445414543152 1051.0 1228.0 22871.0 1358.0
0.900390625 0.9021804928779602 1039.0 1223.0 22876.0 1370.0
0.90625 0.9066319465637207 1016.0 1082.0 23017.0 1393.0
0.9033203125 0.9022559523582458 1030.0 1212.0 22887.0 1379.0
0.912109375 0.9128942489624023 907.0 807.0 23292.0 1502.0
0.8984375 0.900596022605896 1109.0 1335.0 22764.0 1300.0
0.9072265625 0.9023313522338867 1042.0 1222.0 22877.0 1367.0
0.9130859375 0.9073110222816467 970.0 1018.0 23081.0 1439.0
0.8984375 0.9055002331733704 1058.0 1154.0 22945.0 1351.0
0.9140625 0.9074241518974304 968.0 1013.0 23086.0 1441.0
0.9072265625 0.9010487198829651 1059.0 1273.0 22826.0 1350.0
0.904296875 0.9051984548568726 1025.0 1129.0 22970.0 1384.0
0.8916015625 0.908933162689209 940.0 945.0 23154.0 1469.0
0.908203125 0.9041421413421631 1031.0 1163.0 22936.0 1378.0
0.9189453125 0.9074996113777161 995.0 1038.0 23061.0 1414.0
0.90234375 0.9071601033210754 953.0 1005.0 23094.0 1456.0
0.8984375 0.9043307900428772 996.0 1123.0 22976.0 1413.0
0.9091796875 0.9088199734687805 972.0 980.0 23119.0 1437.0
0.900390625 0.9031235575675964 1056.0 1215.0 22884.0 1353.0
0.921875 0.9068583250045776 972.0 1032.0 23067.0 1437.0
0.9169921875 0.9086690545082092 960.0 972.0 23127.0 1449.0
0.900390625 0.9102157950401306 940.0 911.0 23188.0 1469.0
0.9072265625 0.9028217792510986 1086.0 1253.0 22846.0 1323.0
0.9091796875 0.8987098336219788 1133.0 1409.0 22690.0 1276.0
0.908203125 0.9074618816375732 998.0 1042.0 23057.0 1411.0
0.91015625 0.9092726707458496 987.0 983.0 23116.0 1422.0
0.904296875 0.9056888222694397 1028.0 1119.0 22980.0 1381.0
0.916015625 0.9102912545204163 953.0 922.0 23177.0 1456.0
0.8916015625 0.9032367467880249 1012.0 1168.0 22931.0 1397.0
0.9140625 0.9101780652999878 937.0 909.0 23190.0 1472.0
0.908203125 0.9064810872077942 992.0 1062.0 23037.0 1417.0
0.90234375 0.9110080003738403 937.0 887.0 23212.0 1472.0
0.9111328125 0.9092726707458496 932.0 928.0 23171.0 1477.0
0.9052734375 0.9021804928779602 1042.0 1226.0 22873.0 1367.0
0.9033203125 0.9085181951522827 1020.0 1036.0 23063.0 1389.0
0.904296875 0.9072355628013611 986.0 1036.0 23063.0 1423.0
0.908203125 0.9118756651878357 919.0 846.0 23253.0 1490.0
0.9169921875 0.9024068117141724 1083.0 1261.0 22838.0 1326.0
0.91796875 0.9083672761917114 945.0 965.0 23134.0 1464.0
0.91796875 0.9061792492866516 1034.0 1112.0 22987.0 1375.0
0.900390625 0.9010864496231079 1099.0 1312.0 22787.0 1310.0
0.91796875 0.9105175733566284 894.0 857.0 23242.0 1515.0
0.9150390625 0.9048211574554443 1053.0 1167.0 22932.0 1356.0
0.9111328125 0.9077637195587158 958.0 994.0 23105.0 1451.0
0.9091796875 0.9064056277275085 985.0 1057.0 23042.0 1424.0
0.8994140625 0.9038026332855225 1051.0 1192.0 22907.0 1358.0
0.908203125 0.90987628698349 929.0 909.0 23190.0 1480.0
0.91015625 0.9087822437286377 980.0 989.0 23110.0 1429.0
0.91796875 0.9085559248924255 966.0 981.0 23118.0 1443.0
0.91015625 0.9079523086547852 985.0 1016.0 23083.0 1424.0
0.9013671875 0.9076882600784302 1002.0 1040.0 23059.0 1407.0
0.900390625 0.9084804654121399 951.0 968.0 23131.0 1458.0
0.912109375 0.9084050059318542 969.0 988.0 23111.0 1440.0
0.904296875 0.9076882600784302 1029.0 1067.0 23032.0 1380.0
0.8935546875 0.9107816219329834 920.0 876.0 23223.0 1489.0
0.908203125 0.9081786870956421 974.0 999.0 23100.0 1435.0
0.9013671875 0.9070091843605042 966.0 1022.0 23077.0 1443.0
0.8994140625 0.9031990170478821 1060.0 1217.0 22882.0 1349.0
0.9091796875 0.9088199734687805 959.0 967.0 23132.0 1450.0
0.9111328125 0.9085559248924255 1019.0 1034.0 23065.0 1390.0
0.9111328125 0.9057265520095825 996.0 1086.0 23013.0 1413.0
0.9208984375 0.9068583250045776 1048.0 1108.0 22991.0 1361.0
0.91015625 0.9076882600784302 982.0 1020.0 23079.0 1427.0
0.912109375 0.9080654978752136 1022.0 1050.0 23049.0 1387.0
0.9111328125 0.9051607251167297 1065.0 1170.0 22929.0 1344.0
0.9189453125 0.9088954329490662 988.0 994.0 23105.0 1421.0
0.9140625 0.9021804928779602 1112.0 1296.0 22803.0 1297.0
0.900390625 0.9106307625770569 967.0 927.0 23172.0 1442.0
0.9150390625 0.9034631252288818 1027.0 1177.0 22922.0 1382.0
0.896484375 0.9098385572433472 1026.0 1007.0 23092.0 1383.0
0.90234375 0.9020295739173889 1129.0 1317.0 22782.0 1280.0
0.9140625 0.9053493142127991 1000.0 1100.0 22999.0 1409.0
0.92578125 0.9084427356719971 1021.0 1039.0 23060.0 1388.0
0.9072265625 0.9054247736930847 1025.0 1123.0 22976.0 1384.0
0.896484375 0.9111966490745544 877.0 822.0 23277.0 1532.0
0.91015625 0.9060661196708679 1050.0 1131.0 22968.0 1359.0
0.9189453125 0.9071978330612183 1016.0 1067.0 23032.0 1393.0
0.9140625 0.9069337844848633 1051.0 1109.0 22990.0 1358.0
0.9091796875 0.908254086971283 955.0 978.0 23121.0 1454.0
0.90625 0.908254086971283 1000.0 1023.0 23076.0 1409.0
0.900390625 0.9095367193222046 945.0 934.0 23165.0 1464.0
0.9248046875 0.908254086971283 1009.0 1032.0 23067.0 1400.0
0.9150390625 0.9033499360084534 996.0 1149.0 22950.0 1413.0
0.9150390625 0.9049720764160156 1011.0 1121.0 22978.0 1398.0
0.9130859375 0.9073487520217896 1061.0 1108.0 22991.0 1348.0
0.9091796875 0.9123660922050476 903.0 817.0 23282.0 1506.0
0.8955078125 0.907990038394928 970.0 1000.0 23099.0 1439.0
0.908203125 0.9096499085426331 905.0 891.0 23208.0 1504.0
0.916015625 0.9088577032089233 943.0 950.0 23149.0 1466.0
0.904296875 0.904632568359375 1074.0 1193.0 22906.0 1335.0
0.92578125 0.9133846163749695 901.0 788.0 23311.0 1508.0
0.8955078125 0.9044061899185181 1037.0 1162.0 22937.0 1372.0
0.9189453125 0.9047834873199463 1059.0 1174.0 22925.0 1350.0
0.90625 0.9011996388435364 1104.0 1314.0 22785.0 1305.0
0.904296875 0.9101026058197021 984.0 958.0 23141.0 1425.0
0.8984375 0.9068960547447205 1000.0 1059.0 23040.0 1409.0
0.92578125 0.9115361571311951 962.0 898.0 23201.0 1447.0
0.900390625 0.9067074060440063 1024.0 1088.0 23011.0 1385.0
0.916015625 0.9049343466758728 1070.0 1181.0 22918.0 1339.0
0.8994140625 0.906103789806366 1008.0 1088.0 23011.0 1401.0
0.8974609375 0.9021804928779602 1132.0 1316.0 22783.0 1277.0
0.9150390625 0.907990038394928 1005.0 1035.0 23064.0 1404.0
0.9130859375 0.9084804654121399 987.0 1004.0 23095.0 1422.0
0.900390625 0.9070091843605042 976.0 1032.0 23067.0 1433.0
0.912109375 0.9086313843727112 1003.0 1016.0 23083.0 1406.0
0.9052734375 0.9102535247802734 931.0 901.0 23198.0 1478.0
0.908203125 0.9098385572433472 946.0 927.0 23172.0 1463.0
0.8984375 0.9072732925415039 984.0 1033.0 23066.0 1425.0
0.9111328125 0.9091217517852783 1026.0 1026.0 23073.0 1383.0
0.912109375 0.9084804654121399 1003.0 1020.0 23079.0 1406.0
0.9052734375 0.9086690545082092 1004.0 1016.0 23083.0 1405.0
0.9033203125 0.8998415470123291 1104.0 1350.0 22749.0 1305.0
0.9189453125 0.9059152007102966 998.0 1083.0 23016.0 1411.0
0.9150390625 0.9088577032089233 996.0 1003.0 23096.0 1413.0
0.8984375 0.9082918167114258 953.0 975.0 23124.0 1456.0
0.9140625 0.9024445414543152 1072.0 1249.0 22850.0 1337.0
0.908203125 0.90987628698349 982.0 962.0 23137.0 1427.0
0.90625 0.9068205952644348 1037.0 1098.0 23001.0 1372.0
0.90625 0.906782865524292 1042.0 1104.0 22995.0 1367.0
0.8955078125 0.9081032276153564 1040.0 1067.0 23032.0 1369.0
0.9130859375 0.9083295464515686 963.0 984.0 23115.0 1446.0
0.91015625 0.9076505303382874 1036.0 1075.0 23024.0 1373.0
0.8955078125 0.9052361845970154 1059.0 1162.0 22937.0 1350.0
0.904296875 0.9059906601905823 1049.0 1132.0 22967.0 1360.0
0.916015625 0.9093481302261353 999.0 993.0 23106.0 1410.0
0.9189453125 0.9082918167114258 998.0 1020.0 23079.0 1411.0
0.9013671875 0.9065564870834351 1050.0 1118.0 22981.0 1359.0
0.908203125 0.9112343192100525 939.0 883.0 23216.0 1470.0
0.9150390625 0.9108193516731262 948.0 903.0 23196.0 1461.0
0.8984375 0.9063301682472229 1024.0 1098.0 23001.0 1385.0
0.9189453125 0.9131205677986145 930.0 824.0 23275.0 1479.0
0.9228515625 0.9070846438407898 1007.0 1061.0 23038.0 1402.0
0.9052734375 0.9039912223815918 1098.0 1234.0 22865.0 1311.0
0.90625 0.9072355628013611 1034.0 1084.0 23015.0 1375.0
0.892578125 0.9096876382827759 961.0 946.0 23153.0 1448.0
0.9130859375 0.9094235897064209 991.0 983.0 23116.0 1418.0
0.9091796875 0.9094613194465637 978.0 969.0 23130.0 1431.0
0.9091796875 0.9111966490745544 943.0 888.0 23211.0 1466.0
0.8876953125 0.9080654978752136 1010.0 1038.0 23061.0 1399.0
0.9169921875 0.912064254283905 927.0 849.0 23250.0 1482.0
0.9130859375 0.9061792492866516 1037.0 1115.0 22984.0 1372.0
0.9248046875 0.9119888544082642 944.0 868.0 23231.0 1465.0
0.8955078125 0.9081409573554993 1013.0 1039.0 23060.0 1396.0
0.9091796875 0.9102157950401306 974.0 945.0 23154.0 1435.0
0.923828125 0.9071223735809326 1020.0 1073.0 23026.0 1389.0
0.896484375 0.9083672761917114 992.0 1012.0 23087.0 1417.0
0.8974609375 0.8975026607513428 1152.0 1460.0 22639.0 1257.0
0.9150390625 0.9103666543960571 990.0 957.0 23142.0 1419.0
0.900390625 0.9070846438407898 1005.0 1059.0 23040.0 1404.0
0.896484375 0.8994265794754028 1097.0 1354.0 22745.0 1312.0
0.9033203125 0.9099894165992737 1008.0 985.0 23114.0 1401.0
0.908203125 0.9114229679107666 928.0 867.0 23232.0 1481.0
0.9072265625 0.9058020114898682 1031.0 1119.0 22980.0 1378.0
0.9052734375 0.9073110222816467 995.0 1043.0 23056.0 1414.0
0.8994140625 0.902218222618103 1121.0 1304.0 22795.0 1288.0
0.919921875 0.9124038219451904 952.0 865.0 23234.0 1457.0
0.900390625 0.9052361845970154 1046.0 1149.0 22950.0 1363.0
0.908203125 0.9085559248924255 969.0 984.0 23115.0 1440.0
0.8935546875 0.9087822437286377 1025.0 1034.0 23065.0 1384.0
0.921875 0.9127056002616882 946.0 851.0 23248.0 1463.0
0.9013671875 0.9070846438407898 978.0 1032.0 23067.0 1431.0
0.8916015625 0.9050475358963013 1066.0 1174.0 22925.0 1343.0
0.9072265625 0.9113097786903381 958.0 900.0 23199.0 1451.0
0.8984375 0.9093104004859924 1046.0 1041.0 23058.0 1363.0
0.91796875 0.907046914100647 996.0 1051.0 23048.0 1413.0
0.9140625 0.9072732925415039 1027.0 1076.0 23023.0 1382.0
0.9013671875 0.9063301682472229 1028.0 1102.0 22997.0 1381.0
0.912109375 0.908254086971283 1005.0 1028.0 23071.0 1404.0
0.90625 0.9065942168235779 1057.0 1124.0 22975.0 1352.0
0.9189453125 0.9127056002616882 881.0 786.0 23313.0 1528.0
0.8984375 0.903689444065094 1031.0 1175.0 22924.0 1378.0
0.916015625 0.9114606976509094 956.0 894.0 23205.0 1453.0
0.9072265625 0.9096499085426331 1017.0 1003.0 23096.0 1392.0
0.9072265625 0.9107062220573425 958.0 916.0 23183.0 1451.0
0.900390625 0.9065564870834351 1037.0 1105.0 22994.0 1372.0
0.9140625 0.908933162689209 995.0 1000.0 23099.0 1414.0
0.9169921875 0.9084427356719971 1050.0 1068.0 23031.0 1359.0
0.916015625 0.9126301407814026 940.0 847.0 23252.0 1469.0
0.9150390625 0.9083672761917114 1008.0 1028.0 23071.0 1401.0
0.9091796875 0.9094235897064209 902.0 894.0 23205.0 1507.0
0.92578125 0.911347508430481 939.0 880.0 23219.0 1470.0
0.9091796875 0.9090086221694946 984.0 987.0 23112.0 1425.0
0.916015625 0.905575692653656 1067.0 1161.0 22938.0 1342.0
0.896484375 0.9095744490623474 1000.0 988.0 23111.0 1409.0
0.9033203125 0.908706784248352 991.0 1002.0 23097.0 1418.0
0.9130859375 0.9102912545204163 1027.0 996.0 23103.0 1382.0
0.908203125 0.9085559248924255 1033.0 1048.0 23051.0 1376.0
0.9091796875 0.9083672761917114 1020.0 1040.0 23059.0 1389.0
0.896484375 0.9141014218330383 883.0 751.0 23348.0 1526.0
0.9072265625 0.9140636920928955 897.0 766.0 23333.0 1512.0
0.91796875 0.9110080003738403 1002.0 952.0 23147.0 1407.0
0.9111328125 0.9100648760795593 982.0 957.0 23142.0 1427.0
0.900390625 0.9099516868591309 992.0 970.0 23129.0 1417.0
0.921875 0.9112343192100525 949.0 893.0 23206.0 1460.0
0.9111328125 0.8996906876564026 1129.0 1379.0 22720.0 1280.0
0.9169921875 0.912026584148407 955.0 878.0 23221.0 1454.0
0.89453125 0.9088577032089233 1027.0 1034.0 23065.0 1382.0
0.9072265625 0.9100271463394165 1028.0 1004.0 23095.0 1381.0
0.9189453125 0.9102912545204163 1007.0 976.0 23123.0 1402.0
0.9091796875 0.9101026058197021 993.0 967.0 23132.0 1416.0
0.8955078125 0.9084804654121399 998.0 1015.0 23084.0 1411.0
0.91015625 0.9088199734687805 1018.0 1026.0 23073.0 1391.0
0.91015625 0.9066319465637207 980.0 1046.0 23053.0 1429.0
0.90234375 0.9023313522338867 1078.0 1258.0 22841.0 1331.0
0.90625 0.9110080003738403 952.0 902.0 23197.0 1457.0
0.9150390625 0.9076128005981445 1018.0 1058.0 23041.0 1391.0
0.9208984375 0.9099140167236328 1046.0 1025.0 23074.0 1363.0
0.9150390625 0.9119133949279785 972.0 898.0 23201.0 1437.0
0.9326171875 0.9114606976509094 956.0 894.0 23205.0 1453.0
0.9189453125 0.9078768491744995 977.0 1010.0 23089.0 1432.0
0.91796875 0.9051229953765869 1075.0 1181.0 22918.0 1334.0
0.90234375 0.9062547087669373 1009.0 1085.0 23014.0 1400.0
0.9091796875 0.9076882600784302 999.0 1037.0 23062.0 1410.0
0.91015625 0.907725989818573 1058.0 1095.0 23004.0 1351.0
0.908203125 0.9102912545204163 954.0 923.0 23176.0 1455.0
0.91796875 0.9082918167114258 1023.0 1045.0 23054.0 1386.0
0.919921875 0.9092726707458496 993.0 989.0 23110.0 1416.0
0.91015625 0.9121774435043335 942.0 861.0 23238.0 1467.0
0.90625 0.9070091843605042 1029.0 1085.0 23014.0 1380.0
0.9169921875 0.9085181951522827 971.0 987.0 23112.0 1438.0
0.9150390625 0.9011996388435364 1116.0 1326.0 22773.0 1293.0
0.904296875 0.9068205952644348 982.0 1043.0 23056.0 1427.0
0.9169921875 0.9048588871955872 1084.0 1197.0 22902.0 1325.0
0.9091796875 0.9115738868713379 1009.0 944.0 23155.0 1400.0
0.916015625 0.9089708924293518 1022.0 1026.0 23073.0 1387.0
0.9140625 0.9100271463394165 1003.0 979.0 23120.0 1406.0
0.908203125 0.9057642817497253 1039.0 1128.0 22971.0 1370.0
0.9169921875 0.9109325408935547 1027.0 979.0 23120.0 1382.0
0.9140625 0.9082918167114258 1008.0 1030.0 23069.0 1401.0
0.91796875 0.9123283624649048 899.0 814.0 23285.0 1510.0
0.90625 0.9073864221572876 1030.0 1076.0 23023.0 1379.0
0.90234375 0.9099516868591309 914.0 892.0 23207.0 1495.0
0.896484375 0.9073864221572876 1004.0 1050.0 23049.0 1405.0
0.912109375 0.9043307900428772 1110.0 1237.0 22862.0 1299.0
0.9130859375 0.9128942489624023 862.0 762.0 23337.0 1547.0
0.90234375 0.9125546813011169 978.0 887.0 23212.0 1431.0
0.9189453125 0.9105175733566284 999.0 962.0 23137.0 1410.0
0.9130859375 0.9088577032089233 1010.0 1017.0 23082.0 1399.0
0.900390625 0.9051984548568726 1074.0 1178.0 22921.0 1335.0
0.896484375 0.9096121788024902 1012.0 999.0 23100.0 1397.0
0.9091796875 0.9076882600784302 973.0 1011.0 23088.0 1436.0
0.91015625 0.9102912545204163 971.0 940.0 23159.0 1438.0
0.919921875 0.9110080003738403 962.0 912.0 23187.0 1447.0
0.91796875 0.9135355353355408 926.0 809.0 23290.0 1483.0
0.904296875 0.9074241518974304 991.0 1036.0 23063.0 1418.0
0.90625 0.9056134223937988 1110.0 1203.0 22896.0 1299.0
0.912109375 0.9097253680229187 1019.0 1003.0 23096.0 1390.0
0.90625 0.9080277681350708 1019.0 1048.0 23051.0 1390.0
0.9013671875 0.9083295464515686 1013.0 1034.0 23065.0 1396.0
0.9140625 0.9117247462272644 941.0 872.0 23227.0 1468.0
0.9091796875 0.9075750708580017 981.0 1022.0 23077.0 1428.0
0.8916015625 0.9040289521217346 1060.0 1195.0 22904.0 1349.0
0.9033203125 0.906103789806366 1042.0 1122.0 22977.0 1367.0
0.9150390625 0.9133468866348267 966.0 854.0 23245.0 1443.0
0.8974609375 0.9092349410057068 1011.0 1008.0 23091.0 1398.0
0.9130859375 0.9072355628013611 1035.0 1085.0 23014.0 1374.0
0.90625 0.907990038394928 1053.0 1083.0 23016.0 1356.0
0.9140625 0.9104798436164856 993.0 957.0 23142.0 1416.0
0.9169921875 0.9065564870834351 1047.0 1115.0 22984.0 1362.0
0.9169921875 0.9093104004859924 1017.0 1012.0 23087.0 1392.0
0.8974609375 0.9008224010467529 1152.0 1372.0 22727.0 1257.0
0.9072265625 0.9037649035453796 1020.0 1162.0 22937.0 1389.0
0.9169921875 0.9119511246681213 967.0 892.0 23207.0 1442.0
0.904296875 0.9085181951522827 1049.0 1065.0 23034.0 1360.0
0.908203125 0.9076882600784302 1000.0 1038.0 23061.0 1409.0
0.9052734375 0.9063678979873657 1041.0 1114.0 22985.0 1368.0
0.9150390625 0.9091594815254211 942.0 941.0 23158.0 1467.0
0.900390625 0.9031235575675964 1118.0 1277.0 22822.0 1291.0
0.9033203125 0.9069337844848633 1025.0 1083.0 23016.0 1384.0
0.916015625 0.905575692653656 1074.0 1168.0 22931.0 1335.0
0.91015625 0.909197211265564 987.0 985.0 23114.0 1422.0
0.90625 0.905575692653656 1110.0 1204.0 22895.0 1299.0
0.9091796875 0.910140335559845 1014.0 987.0 23112.0 1395.0
0.90625 0.908706784248352 1037.0 1048.0 23051.0 1372.0
0.90234375 0.9068583250045776 1054.0 1114.0 22985.0 1355.0
0.8857421875 0.9064433574676514 1014.0 1085.0 23014.0 1395.0
0.9208984375 0.9023690819740295 1067.0 1246.0 22853.0 1342.0
0.919921875 0.9132714867591858 947.0 837.0 23262.0 1462.0
0.9150390625 0.9095367193222046 989.0 978.0 23121.0 1420.0
0.9072265625 0.9107816219329834 956.0 912.0 23187.0 1453.0
0.9111328125 0.9027085900306702 1063.0 1233.0 22866.0 1346.0
0.9072265625 0.908706784248352 981.0 992.0 23107.0 1428.0
0.9052734375 0.9098385572433472 976.0 957.0 23142.0 1433.0
0.912109375 0.9047080278396606 1087.0 1204.0 22895.0 1322.0
0.8984375 0.9090086221694946 1016.0 1019.0 23080.0 1393.0
0.90234375 0.9116492867469788 923.0 856.0 23243.0 1486.0
0.9130859375 0.9083672761917114 1004.0 1024.0 23075.0 1405.0
0.923828125 0.9050475358963013 1068.0 1176.0 22923.0 1341.0
0.89453125 0.911083459854126 1026.0 974.0 23125.0 1383.0
0.916015625 0.9114229679107666 964.0 903.0 23196.0 1445.0
0.90234375 0.9086690545082092 1034.0 1046.0 23053.0 1375.0
0.9111328125 0.9119133949279785 941.0 867.0 23232.0 1468.0
0.8994140625 0.9075373411178589 1035.0 1077.0 23022.0 1374.0
0.9072265625 0.9050852656364441 1023.0 1130.0 22969.0 1386.0
0.908203125 0.9041798710823059 1081.0 1212.0 22887.0 1328.0
0.919921875 0.9086313843727112 1009.0 1022.0 23077.0 1400.0
0.90625 0.9102912545204163 915.0 884.0 23215.0 1494.0
0.91796875 0.9121397137641907 948.0 868.0 23231.0 1461.0
0.9013671875 0.9057265520095825 1068.0 1158.0 22941.0 1341.0
0.90625 0.9070846438407898 1050.0 1104.0 22995.0 1359.0
0.923828125 0.9088577032089233 1042.0 1049.0 23050.0 1367.0
0.90625 0.9025200009346008 1084.0 1259.0 22840.0 1325.0
0.900390625 0.9011996388435364 1153.0 1363.0 22736.0 1256.0
0.919921875 0.9123660922050476 896.0 810.0 23289.0 1513.0
0.890625 0.9064433574676514 1028.0 1099.0 23000.0 1381.0
0.9091796875 0.9085181951522827 1025.0 1041.0 23058.0 1384.0
0.9013671875 0.9045948386192322 1014.0 1134.0 22965.0 1395.0
0.904296875 0.907725989818573 912.0 949.0 23150.0 1497.0
0.912109375 0.9074996113777161 1023.0 1066.0 23033.0 1386.0
0.912109375 0.9103666543960571 959.0 926.0 23173.0 1450.0
0.92578125 0.9095744490623474 959.0 947.0 23152.0 1450.0
0.912109375 0.915157675743103 902.0 742.0 23357.0 1507.0
0.912109375 0.9062924385070801 963.0 1038.0 23061.0 1446.0
0.908203125 0.9080654978752136 1006.0 1034.0 23065.0 1403.0
0.904296875 0.9067451357841492 1044.0 1107.0 22992.0 1365.0
0.916015625 0.9090840220451355 1015.0 1016.0 23083.0 1394.0
0.9052734375 0.9107062220573425 992.0 950.0 23149.0 1417.0
0.908203125 0.9055379629135132 984.0 1079.0 23020.0 1425.0
0.9111328125 0.9117624759674072 942.0 872.0 23227.0 1467.0
0.912109375 0.9125169515609741 951.0 861.0 23238.0 1458.0
0.9091796875 0.9116492867469788 962.0 895.0 23204.0 1447.0
0.908203125 0.9060661196708679 1048.0 1129.0 22970.0 1361.0
0.9072265625 0.9094613194465637 1009.0 1000.0 23099.0 1400.0
0.8916015625 0.9079145789146423 1048.0 1080.0 23019.0 1361.0
0.912109375 0.907990038394928 981.0 1011.0 23088.0 1428.0
0.912109375 0.9108948111534119 1008.0 961.0 23138.0 1401.0
0.9013671875 0.9076505303382874 986.0 1025.0 23074.0 1423.0
0.8935546875 0.9023313522338867 1079.0 1259.0 22840.0 1330.0
0.904296875 0.9086690545082092 1025.0 1037.0 23062.0 1384.0
0.9091796875 0.9099140167236328 983.0 962.0 23137.0 1426.0
0.9072265625 0.9077637195587158 1009.0 1045.0 23054.0 1400.0
0.9111328125 0.9100271463394165 982.0 958.0 23141.0 1427.0
0.896484375 0.9101780652999878 1015.0 987.0 23112.0 1394.0
0.91015625 0.9111211895942688 959.0 906.0 23193.0 1450.0
0.9033203125 0.9065187573432922 1054.0 1123.0 22976.0 1355.0
0.9208984375 0.9076128005981445 1021.0 1061.0 23038.0 1388.0
0.91796875 0.9113852381706238 1005.0 945.0 23154.0 1404.0
0.9111328125 0.9052738547325134 1074.0 1176.0 22923.0 1335.0
0.90234375 0.9047834873199463 1097.0 1212.0 22887.0 1312.0
0.91015625 0.9118756651878357 933.0 860.0 23239.0 1476.0
0.9189453125 0.9047080278396606 1073.0 1190.0 22909.0 1336.0
0.9150390625 0.9116492867469788 967.0 900.0 23199.0 1442.0
0.9033203125 0.8970876932144165 1194.0 1513.0 22586.0 1215.0
0.9052734375 0.9070091843605042 1020.0 1076.0 23023.0 1389.0
0.908203125 0.9065942168235779 997.0 1064.0 23035.0 1412.0
0.9072265625 0.9098008275032043 908.0 890.0 23209.0 1501.0
0.912109375 0.9061792492866516 1035.0 1113.0 22986.0 1374.0
0.931640625 0.9139127731323242 878.0 751.0 23348.0 1531.0
0.9091796875 0.9092349410057068 1016.0 1013.0 23086.0 1393.0
0.9228515625 0.9097253680229187 998.0 982.0 23117.0 1411.0
0.900390625 0.9055379629135132 1084.0 1179.0 22920.0 1325.0
0.9169921875 0.9065942168235779 1032.0 1099.0 23000.0 1377.0
0.9189453125 0.9142900109291077 892.0 755.0 23344.0 1517.0
0.9140625 0.9110080003738403 955.0 905.0 23194.0 1454.0
0.8896484375 0.9018786549568176 1111.0 1303.0 22796.0 1298.0
0.908203125 0.908706784248352 1029.0 1040.0 23059.0 1380.0
0.8974609375 0.9003697037696838 1160.0 1392.0 22707.0 1249.0
0.908203125 0.9112720489501953 1009.0 952.0 23147.0 1400.0
0.9169921875 0.9071223735809326 1058.0 1111.0 22988.0 1351.0
0.896484375 0.9056511521339417 1063.0 1155.0 22944.0 1346.0
0.912109375 0.9057265520095825 1061.0 1151.0 22948.0 1348.0
0.9189453125 0.9125546813011169 925.0 834.0 23265.0 1484.0
0.9248046875 0.9095367193222046 1005.0 994.0 23105.0 1404.0
0.8955078125 0.905839741230011 1072.0 1159.0 22940.0 1337.0
0.9072265625 0.9065564870834351 1051.0 1119.0 22980.0 1358.0
0.9150390625 0.9084804654121399 1031.0 1048.0 23051.0 1378.0
0.921875 0.9081409573554993 1028.0 1054.0 23045.0 1381.0
0.8984375 0.9051229953765869 1049.0 1155.0 22944.0 1360.0
0.9052734375 0.9053870439529419 1066.0 1165.0 22934.0 1343.0
0.912109375 0.9056134223937988 1070.0 1163.0 22936.0 1339.0
0.9267578125 0.9094235897064209 995.0 987.0 23112.0 1414.0
0.9140625 0.9058020114898682 1076.0 1164.0 22935.0 1333.0
0.91796875 0.9096499085426331 943.0 929.0 23170.0 1466.0
0.8994140625 0.9053115844726562 1090.0 1191.0 22908.0 1319.0
0.904296875 0.9116492867469788 932.0 865.0 23234.0 1477.0
0.9013671875 0.9091217517852783 1005.0 1005.0 23094.0 1404.0
0.904296875 0.9080277681350708 1021.0 1050.0 23049.0 1388.0
0.9033203125 0.9055379629135132 1059.0 1154.0 22945.0 1350.0
0.904296875 0.9109325408935547 935.0 887.0 23212.0 1474.0
0.912109375 0.9076128005981445 1010.0 1050.0 23049.0 1399.0
0.9111328125 0.9086690545082092 967.0 979.0 23120.0 1442.0
0.9013671875 0.9066319465637207 1012.0 1078.0 23021.0 1397.0
0.91796875 0.9091217517852783 1004.0 1004.0 23095.0 1405.0
0.904296875 0.9074996113777161 1060.0 1103.0 22996.0 1349.0
0.904296875 0.9111966490745544 946.0 891.0 23208.0 1463.0
0.923828125 0.9110457301139832 958.0 907.0 23192.0 1451.0
0.9111328125 0.9150068163871765 907.0 751.0 23348.0 1502.0
0.923828125 0.9088199734687805 964.0 972.0 23127.0 1445.0
0.9130859375 0.9081032276153564 1046.0 1073.0 23026.0 1363.0
0.892578125 0.9048211574554443 1054.0 1168.0 22931.0 1355.0
0.9052734375 0.9112343192100525 866.0 810.0 23289.0 1543.0
0.90234375 0.9075750708580017 1024.0 1065.0 23034.0 1385.0
0.9111328125 0.9058020114898682 1066.0 1154.0 22945.0 1343.0
0.916015625 0.9069337844848633 1026.0 1084.0 23015.0 1383.0
0.9111328125 0.908933162689209 993.0 998.0 23101.0 1416.0
0.9033203125 0.9080277681350708 1011.0 1040.0 23059.0 1398.0
0.9111328125 0.9080277681350708 1009.0 1038.0 23061.0 1400.0
0.8955078125 0.903689444065094 1096.0 1240.0 22859.0 1313.0
0.9189453125 0.9084804654121399 1054.0 1071.0 23028.0 1355.0
0.9052734375 0.9053493142127991 1086.0 1186.0 22913.0 1323.0
0.904296875 0.9067451357841492 989.0 1052.0 23047.0 1420.0
0.892578125 0.9019918441772461 1135.0 1324.0 22775.0 1274.0
0.9130859375 0.9055379629135132 1045.0 1140.0 22959.0 1364.0
0.916015625 0.9128565192222595 973.0 874.0 23225.0 1436.0
0.9140625 0.910140335559845 978.0 951.0 23148.0 1431.0
0.9208984375 0.907990038394928 1004.0 1034.0 23065.0 1405.0
0.90625 0.9128187894821167 951.0 853.0 23246.0 1458.0
0.896484375 0.9050098061561584 1087.0 1196.0 22903.0 1322.0
0.9033203125 0.9090463519096375 1009.0 1011.0 23088.0 1400.0
0.90625 0.9060661196708679 1033.0 1114.0 22985.0 1376.0
0.9169921875 0.9086690545082092 1014.0 1026.0 23073.0 1395.0
0.9169921875 0.9066696763038635 1042.0 1107.0 22992.0 1367.0
0.8955078125 0.9016900658607483 1105.0 1302.0 22797.0 1304.0
0.8994140625 0.9111589193344116 980.0 926.0 23173.0 1429.0
0.908203125 0.9105553030967712 1013.0 975.0 23124.0 1396.0
0.892578125 0.9035762548446655 1087.0 1234.0 22865.0 1322.0
0.9140625 0.9111966490745544 938.0 883.0 23216.0 1471.0
0.896484375 0.9065942168235779 1064.0 1131.0 22968.0 1345.0
0.9130859375 0.9073110222816467 1053.0 1101.0 22998.0 1356.0
0.916015625 0.9078768491744995 1064.0 1097.0 23002.0 1345.0
0.90234375 0.9109702706336975 948.0 899.0 23200.0 1461.0
0.908203125 0.9061415195465088 1037.0 1116.0 22983.0 1372.0
0.9013671875 0.9063678979873657 1047.0 1120.0 22979.0 1362.0
0.91015625 0.908933162689209 1005.0 1010.0 23089.0 1404.0
0.9189453125 0.9112720489501953 1006.0 949.0 23150.0 1403.0
0.916015625 0.9122151732444763 935.0 853.0 23246.0 1474.0
0.908203125 0.908706784248352 992.0 1003.0 23096.0 1417.0
0.9150390625 0.9068960547447205 1036.0 1095.0 23004.0 1373.0
0.90234375 0.9093481302261353 1026.0 1020.0 23079.0 1383.0
0.912109375 0.9089708924293518 1010.0 1014.0 23085.0 1399.0
0.8935546875 0.9025577306747437 1053.0 1227.0 22872.0 1356.0
0.919921875 0.9119133949279785 946.0 872.0 23227.0 1463.0
0.916015625 0.9078391194343567 1018.0 1052.0 23047.0 1391.0
0.9013671875 0.9061415195465088 1101.0 1180.0 22919.0 1308.0
0.916015625 0.9105553030967712 954.0 916.0 23183.0 1455.0
0.9287109375 0.9063678979873657 964.0 1037.0 23062.0 1445.0
0.90625 0.9037271738052368 1092.0 1235.0 22864.0 1317.0
0.91015625 0.9088954329490662 1062.0 1068.0 23031.0 1347.0
0.912109375 0.9085559248924255 993.0 1008.0 23091.0 1416.0
0.9033203125 0.9095367193222046 958.0 947.0 23152.0 1451.0
0.904296875 0.9131582975387573 926.0 819.0 23280.0 1483.0
0.91015625 0.9031235575675964 1106.0 1265.0 22834.0 1303.0
0.892578125 0.9092726707458496 985.0 981.0 23118.0 1424.0
0.9140625 0.911083459854126 1013.0 961.0 23138.0 1396.0
0.8984375 0.9071978330612183 1034.0 1085.0 23014.0 1375.0
0.9091796875 0.9079523086547852 1001.0 1032.0 23067.0 1408.0
0.8994140625 0.9096876382827759 992.0 977.0 23122.0 1417.0
0.900390625 0.9063678979873657 1102.0 1175.0 22924.0 1307.0
0.9169921875 0.9114606976509094 971.0 909.0 23190.0 1438.0
0.9052734375 0.9047080278396606 1101.0 1218.0 22881.0 1308.0
0.8974609375 0.9077637195587158 983.0 1019.0 23080.0 1426.0
0.921875 0.9104798436164856 968.0 932.0 23167.0 1441.0
0.9169921875 0.9085559248924255 1029.0 1044.0 23055.0 1380.0
0.9140625 0.9010487198829651 1096.0 1310.0 22789.0 1313.0
0.9091796875 0.9007846713066101 1121.0 1342.0 22757.0 1288.0
0.9072265625 0.9099140167236328 982.0 961.0 23138.0 1427.0
0.9169921875 0.908706784248352 1017.0 1028.0 23071.0 1392.0
0.908203125 0.9116492867469788 941.0 874.0 23225.0 1468.0
0.9072265625 0.9027840495109558 1095.0 1263.0 22836.0 1314.0
0.9033203125 0.9106307625770569 958.0 918.0 23181.0 1451.0
0.9189453125 0.9090086221694946 981.0 984.0 23115.0 1428.0
0.900390625 0.9074618816375732 1059.0 1103.0 22996.0 1350.0
0.916015625 0.912026584148407 989.0 912.0 23187.0 1420.0
0.9013671875 0.9103289842605591 1008.0 976.0 23123.0 1401.0
0.90234375 0.9110080003738403 1007.0 957.0 23142.0 1402.0
0.908203125 0.9080277681350708 984.0 1013.0 23086.0 1425.0
0.9091796875 0.9048588871955872 1085.0 1198.0 22901.0 1324.0
0.90625 0.9104421138763428 987.0 952.0 23147.0 1422.0
0.9208984375 0.9096499085426331 990.0 976.0 23123.0 1419.0
0.9140625 0.9007846713066101 1066.0 1287.0 22812.0 1343.0
0.904296875 0.9107816219329834 1018.0 974.0 23125.0 1391.0
0.91796875 0.911083459854126 917.0 865.0 23234.0 1492.0
0.9033203125 0.911083459854126 928.0 876.0 23223.0 1481.0
0.90234375 0.9053115844726562 1020.0 1121.0 22978.0 1389.0
0.912109375 0.9074241518974304 1045.0 1090.0 23009.0 1364.0
0.908203125 0.9064433574676514 1046.0 1117.0 22982.0 1363.0
0.9072265625 0.9099516868591309 1025.0 1003.0 23096.0 1384.0
0.921875 0.910140335559845 1008.0 981.0 23118.0 1401.0
0.9091796875 0.9036517143249512 1134.0 1279.0 22820.0 1275.0
0.908203125 0.9084427356719971 957.0 975.0 23124.0 1452.0
0.908203125 0.9111589193344116 944.0 890.0 23209.0 1465.0
0.91015625 0.9099894165992737 986.0 963.0 23136.0 1423.0
0.9072265625 0.9119888544082642 889.0 813.0 23286.0 1520.0
0.9013671875 0.8996529579162598 1178.0 1429.0 22670.0 1231.0
0.8984375 0.9025200009346008 1048.0 1223.0 22876.0 1361.0
0.9140625 0.9048588871955872 1053.0 1166.0 22933.0 1356.0
0.89453125 0.9013128280639648 1150.0 1357.0 22742.0 1259.0
0.91796875 0.9099516868591309 980.0 958.0 23141.0 1429.0
0.9150390625 0.9123283624649048 896.0 811.0 23288.0 1513.0
0.9208984375 0.9107816219329834 998.0 954.0 23145.0 1411.0
0.90234375 0.9058020114898682 1032.0 1120.0 22979.0 1377.0
0.9033203125 0.902746319770813 1097.0 1266.0 22833.0 1312.0
0.892578125 0.9063301682472229 1047.0 1121.0 22978.0 1362.0
0.9150390625 0.9102157950401306 985.0 956.0 23143.0 1424.0
0.9111328125 0.9102157950401306 980.0 951.0 23148.0 1429.0
0.90234375 0.9099894165992737 990.0 967.0 23132.0 1419.0
0.923828125 0.9094989895820618 996.0 986.0 23113.0 1413.0
0.9013671875 0.9111589193344116 968.0 914.0 23185.0 1441.0
0.900390625 0.9029726982116699 1102.0 1265.0 22834.0 1307.0
0.9072265625 0.907725989818573 1019.0 1056.0 23043.0 1390.0
0.90625 0.9067451357841492 1051.0 1114.0 22985.0 1358.0
0.9111328125 0.9111211895942688 991.0 938.0 23161.0 1418.0
0.912109375 0.9059152007102966 1009.0 1094.0 23005.0 1400.0
0.900390625 0.9082918167114258 1013.0 1035.0 23064.0 1396.0
0.9189453125 0.9094235897064209 1024.0 1016.0 23083.0 1385.0
0.9111328125 0.911347508430481 948.0 889.0 23210.0 1461.0
0.91015625 0.9088199734687805 1067.0 1075.0 23024.0 1342.0
0.91796875 0.9099140167236328 989.0 968.0 23131.0 1420.0
0.9130859375 0.9126301407814026 949.0 856.0 23243.0 1460.0
0.921875 0.9116116166114807 870.0 804.0 23295.0 1539.0
0.9052734375 0.9039535522460938 1104.0 1241.0 22858.0 1305.0
0.9140625 0.9108193516731262 950.0 905.0 23194.0 1459.0
0.8994140625 0.9083295464515686 963.0 984.0 23115.0 1446.0
0.8994140625 0.9004828929901123 1118.0 1347.0 22752.0 1291.0
0.9189453125 0.9113097786903381 899.0 841.0 23258.0 1510.0
0.904296875 0.9099140167236328 983.0 962.0 23137.0 1426.0
0.8955078125 0.9075750708580017 1038.0 1079.0 23020.0 1371.0
0.91015625 0.913007378578186 913.0 810.0 23289.0 1496.0
0.9130859375 0.9099140167236328 978.0 957.0 23142.0 1431.0
0.91796875 0.9097630977630615 985.0 968.0 23131.0 1424.0
0.9091796875 0.9059906601905823 1038.0 1121.0 22978.0 1371.0
0.9091796875 0.9114606976509094 956.0 894.0 23205.0 1453.0
0.904296875 0.9094613194465637 1026.0 1017.0 23082.0 1383.0
0.908203125 0.9054625034332275 1045.0 1142.0 22957.0 1364.0
0.9150390625 0.9046702980995178 1038.0 1156.0 22943.0 1371.0
0.9150390625 0.9060661196708679 987.0 1068.0 23031.0 1422.0
0.90234375 0.9084804654121399 997.0 1014.0 23085.0 1412.0
0.8984375 0.9038403630256653 1078.0 1218.0 22881.0 1331.0
0.9150390625 0.9111589193344116 936.0 882.0 23217.0 1473.0
0.90234375 0.9023690819740295 1092.0 1271.0 22828.0 1317.0
0.900390625 0.9061415195465088 1087.0 1166.0 22933.0 1322.0
0.912109375 0.9085181951522827 1000.0 1016.0 23083.0 1409.0
0.912109375 0.9044816493988037 1046.0 1169.0 22930.0 1363.0
0.919921875 0.906103789806366 1044.0 1124.0 22975.0 1365.0
0.90234375 0.9064433574676514 1015.0 1086.0 23013.0 1394.0
0.904296875 0.9069337844848633 1056.0 1114.0 22985.0 1353.0
0.908203125 0.9054625034332275 994.0 1091.0 23008.0 1415.0
0.908203125 0.9075750708580017 1038.0 1079.0 23020.0 1371.0
0.9130859375 0.9079145789146423 1004.0 1036.0 23063.0 1405.0
0.91015625 0.907990038394928 1024.0 1054.0 23045.0 1385.0
0.908203125 0.9021427631378174 1063.0 1248.0 22851.0 1346.0
0.9111328125 0.9055002331733704 1067.0 1163.0 22936.0 1342.0
0.91796875 0.9093104004859924 979.0 974.0 23125.0 1430.0
0.904296875 0.9076128005981445 997.0 1037.0 23062.0 1412.0
0.90625 0.9097630977630615 1017.0 1000.0 23099.0 1392.0
0.90625 0.9090840220451355 1010.0 1011.0 23088.0 1399.0
0.8955078125 0.9051229953765869 983.0 1089.0 23010.0 1426.0
0.912109375 0.9075373411178589 987.0 1029.0 23070.0 1422.0
0.884765625 0.9055379629135132 1013.0 1108.0 22991.0 1396.0
0.90234375 0.9111211895942688 1017.0 964.0 23135.0 1392.0
0.896484375 0.9078013896942139 1016.0 1051.0 23048.0 1393.0
0.9140625 0.9087445139884949 1033.0 1043.0 23056.0 1376.0
0.921875 0.9080277681350708 1007.0 1036.0 23063.0 1402.0
0.9169921875 0.9113852381706238 975.0 915.0 23184.0 1434.0
0.90625 0.900331974029541 1147.0 1380.0 22719.0 1262.0
0.908203125 0.9100648760795593 1027.0 1002.0 23097.0 1382.0
0.9140625 0.9090840220451355 915.0 916.0 23183.0 1494.0
