0.150390625 0.1583295613527298 2253.0 22155.0 1944.0 156.0
0.91015625 0.9091217517852783 0.0 0.0 24099.0 2409.0
0.91015625 0.9091217517852783 0.0 0.0 24099.0 2409.0
0.91015625 0.9091217517852783 0.0 0.0 24099.0 2409.0
0.91015625 0.9091217517852783 0.0 0.0 24099.0 2409.0
0.91015625 0.9091217517852783 0.0 0.0 24099.0 2409.0
0.91015625 0.9091217517852783 0.0 0.0 24099.0 2409.0
0.91015625 0.9091217517852783 0.0 0.0 24099.0 2409.0
0.91015625 0.9091217517852783 0.0 0.0 24099.0 2409.0
0.91015625 0.9091217517852783 0.0 0.0 24099.0 2409.0
0.91015625 0.9076128005981445 41.0 81.0 24018.0 2368.0
0.91015625 0.9091217517852783 0.0 0.0 24099.0 2409.0
0.91015625 0.9091217517852783 0.0 0.0 24099.0 2409.0
0.91015625 0.9091217517852783 0.0 0.0 24099.0 2409.0
0.91015625 0.9091217517852783 0.0 0.0 24099.0 2409.0
0.91015625 0.9091217517852783 0.0 0.0 24099.0 2409.0
0.91015625 0.9091217517852783 0.0 0.0 24099.0 2409.0
0.91015625 0.9091217517852783 0.0 0.0 24099.0 2409.0
0.91015625 0.9091217517852783 0.0 0.0 24099.0 2409.0
0.912109375 0.9104798436164856 86.0 50.0 24049.0 2323.0
0.91015625 0.9091217517852783 0.0 0.0 24099.0 2409.0
0.91015625 0.9102535247802734 96.0 66.0 24033.0 2313.0
0.908203125 0.9093481302261353 123.0 117.0 23982.0 2286.0
0.91015625 0.9099140167236328 122.0 101.0 23998.0 2287.0
0.91015625 0.9091217517852783 0.0 0.0 24099.0 2409.0
0.912109375 0.9107816219329834 171.0 127.0 23972.0 2238.0
0.91015625 0.9091594815254211 18.0 17.0 24082.0 2391.0
0.912109375 0.9103289842605591 82.0 50.0 24049.0 2327.0
0.904296875 0.9116870164871216 427.0 359.0 23740.0 1982.0
0.904296875 0.910857081413269 196.0 150.0 23949.0 2213.0
0.91015625 0.9091217517852783 0.0 0.0 24099.0 2409.0
0.904296875 0.9105553030967712 111.0 73.0 24026.0 2298.0
0.91015625 0.9118756651878357 338.0 265.0 23834.0 2071.0
0.91015625 0.9125924110412598 297.0 205.0 23894.0 2112.0
0.91015625 0.9111966490745544 142.0 87.0 24012.0 2267.0
0.90625 0.9098008275032043 554.0 536.0 23563.0 1855.0
0.904296875 0.9092349410057068 559.0 556.0 23543.0 1850.0
0.916015625 0.9124415516853333 418.0 330.0 23769.0 1991.0
0.923828125 0.9119133949279785 511.0 437.0 23662.0 1898.0
0.9296875 0.9126678705215454 349.0 255.0 23844.0 2060.0
0.91015625 0.9116492867469788 163.0 96.0 24003.0 2246.0
0.91796875 0.9124415516853333 289.0 201.0 23898.0 2120.0
0.904296875 0.9128942489624023 357.0 257.0 23842.0 2052.0
0.919921875 0.9117624759674072 190.0 120.0 23979.0 2219.0
0.90625 0.9132714867591858 351.0 241.0 23858.0 2058.0
0.9140625 0.9115361571311951 187.0 123.0 23976.0 2222.0
0.923828125 0.9124415516853333 227.0 139.0 23960.0 2182.0
0.921875 0.914214551448822 366.0 231.0 23868.0 2043.0
0.91015625 0.9140636920928955 375.0 244.0 23855.0 2034.0
0.912109375 0.914176881313324 313.0 179.0 23920.0 2096.0
0.921875 0.9148558974266052 454.0 302.0 23797.0 1955.0
0.9140625 0.9125169515609741 246.0 156.0 23943.0 2163.0
0.9140625 0.9150822162628174 450.0 292.0 23807.0 1959.0
0.912109375 0.9148558974266052 514.0 362.0 23737.0 1895.0
0.9140625 0.9141391515731812 386.0 253.0 23846.0 2023.0
0.91796875 0.9148558974266052 347.0 195.0 23904.0 2062.0
0.916015625 0.9138373136520386 260.0 135.0 23964.0 2149.0
0.921875 0.914893627166748 477.0 324.0 23775.0 1932.0
0.91796875 0.9144786596298218 573.0 431.0 23668.0 1836.0
0.9140625 0.914440929889679 316.0 175.0 23924.0 2093.0
0.916015625 0.9123660922050476 168.0 82.0 24017.0 2241.0
0.916015625 0.9152331352233887 461.0 299.0 23800.0 1948.0
0.912109375 0.9150822162628174 332.0 174.0 23925.0 2077.0
0.919921875 0.9142900109291077 550.0 413.0 23686.0 1859.0
0.912109375 0.9147427082061768 341.0 192.0 23907.0 2068.0
0.916015625 0.916100800037384 405.0 220.0 23879.0 2004.0
0.916015625 0.9160253405570984 492.0 309.0 23790.0 1917.0
0.91796875 0.9154595136642456 467.0 299.0 23800.0 1942.0
0.91796875 0.9154217839241028 388.0 221.0 23878.0 2021.0
0.916015625 0.914893627166748 404.0 251.0 23848.0 2005.0
0.90234375 0.9160630702972412 508.0 324.0 23775.0 1901.0
0.91015625 0.9150068163871765 387.0 231.0 23868.0 2022.0
0.9140625 0.9128187894821167 187.0 89.0 24010.0 2222.0
0.919921875 0.9151199460029602 297.0 138.0 23961.0 2112.0
0.904296875 0.9154217839241028 394.0 227.0 23872.0 2015.0
0.912109375 0.9148181676864624 318.0 167.0 23932.0 2091.0
0.908203125 0.9155349135398865 405.0 235.0 23864.0 2004.0
0.916015625 0.913497805595398 298.0 182.0 23917.0 2111.0
0.912109375 0.915836751461029 420.0 242.0 23857.0 1989.0
0.91015625 0.9145163893699646 279.0 136.0 23963.0 2130.0
0.916015625 0.9147804379463196 468.0 318.0 23781.0 1941.0
0.9140625 0.916100800037384 459.0 274.0 23825.0 1950.0
0.919921875 0.914440929889679 386.0 245.0 23854.0 2023.0
0.9140625 0.9152708649635315 395.0 232.0 23867.0 2014.0
0.916015625 0.9150444865226746 434.0 277.0 23822.0 1975.0
0.921875 0.9159876108169556 425.0 243.0 23856.0 1984.0
0.9140625 0.9142522811889648 344.0 208.0 23891.0 2065.0
0.916015625 0.9126678705215454 228.0 134.0 23965.0 2181.0
0.912109375 0.9159876108169556 447.0 265.0 23834.0 1962.0
0.921875 0.9151199460029602 507.0 348.0 23751.0 1902.0
0.912109375 0.9162894487380981 447.0 257.0 23842.0 1962.0
0.927734375 0.9156103730201721 451.0 279.0 23820.0 1958.0
0.91015625 0.9156103730201721 490.0 318.0 23781.0 1919.0
0.912109375 0.9137995839118958 366.0 242.0 23857.0 2043.0
0.916015625 0.9159498810768127 381.0 200.0 23899.0 2028.0
0.91015625 0.9139127731323242 320.0 193.0 23906.0 2089.0
0.912109375 0.9161385297775269 498.0 312.0 23787.0 1911.0
0.92578125 0.9163271188735962 489.0 298.0 23801.0 1920.0
0.91796875 0.9167420864105225 430.0 228.0 23871.0 1979.0
0.912109375 0.9162517189979553 488.0 299.0 23800.0 1921.0
0.916015625 0.916364848613739 487.0 295.0 23804.0 1922.0
0.919921875 0.9168175458908081 429.0 225.0 23874.0 1980.0
0.919921875 0.9167044162750244 459.0 258.0 23841.0 1950.0
0.92578125 0.9157235622406006 416.0 241.0 23858.0 1993.0
0.916015625 0.9155726432800293 367.0 196.0 23903.0 2042.0
0.9140625 0.9151199460029602 382.0 223.0 23876.0 2027.0
0.9375 0.9168552756309509 442.0 237.0 23862.0 1967.0
0.91015625 0.915836751461029 373.0 195.0 23904.0 2036.0
0.921875 0.9155726432800293 515.0 344.0 23755.0 1894.0
0.923828125 0.9166289567947388 444.0 245.0 23854.0 1965.0
0.916015625 0.9141391515731812 327.0 194.0 23905.0 2082.0
0.912109375 0.9163271188735962 448.0 257.0 23842.0 1961.0
0.921875 0.9159876108169556 334.0 152.0 23947.0 2075.0
0.921875 0.9162139892578125 431.0 243.0 23856.0 1978.0
0.916015625 0.9153463244438171 364.0 199.0 23900.0 2045.0
0.9296875 0.9166289567947388 359.0 160.0 23939.0 2050.0
0.912109375 0.9162139892578125 488.0 300.0 23799.0 1921.0
0.921875 0.9153463244438171 582.0 417.0 23682.0 1827.0
0.9140625 0.9167420864105225 464.0 262.0 23837.0 1945.0
0.91796875 0.9156103730201721 391.0 219.0 23880.0 2018.0
0.904296875 0.9143277406692505 419.0 281.0 23818.0 1990.0
0.900390625 0.9164780378341675 453.0 258.0 23841.0 1956.0
0.91015625 0.9154217839241028 356.0 189.0 23910.0 2053.0
0.912109375 0.916591227054596 427.0 229.0 23870.0 1982.0
0.9296875 0.9168175458908081 501.0 297.0 23802.0 1908.0
0.92578125 0.9156481027603149 460.0 287.0 23812.0 1949.0
0.916015625 0.9154595136642456 344.0 176.0 23923.0 2065.0
0.931640625 0.9159121513366699 547.0 367.0 23732.0 1862.0
0.9140625 0.9150444865226746 455.0 298.0 23801.0 1954.0
0.908203125 0.9155726432800293 397.0 226.0 23873.0 2012.0
0.921875 0.9162894487380981 444.0 254.0 23845.0 1965.0
0.912109375 0.9156481027603149 419.0 246.0 23853.0 1990.0
0.923828125 0.9167044162750244 337.0 136.0 23963.0 2072.0
0.921875 0.9174966216087341 464.0 242.0 23857.0 1945.0
0.916015625 0.9154595136642456 394.0 226.0 23873.0 2015.0
0.923828125 0.916364848613739 379.0 187.0 23912.0 2030.0
0.9296875 0.9170816540718079 482.0 271.0 23828.0 1927.0
0.91796875 0.9142900109291077 264.0 127.0 23972.0 2145.0
0.912109375 0.9166289567947388 542.0 343.0 23756.0 1867.0
0.9140625 0.9164780378341675 547.0 352.0 23747.0 1862.0
0.923828125 0.9156481027603149 358.0 185.0 23914.0 2051.0
0.91796875 0.9167044162750244 416.0 215.0 23884.0 1993.0
0.916015625 0.916364848613739 397.0 205.0 23894.0 2012.0
0.923828125 0.9156481027603149 438.0 265.0 23834.0 1971.0
0.923828125 0.9167798161506653 508.0 305.0 23794.0 1901.0
0.912109375 0.9164403080940247 448.0 254.0 23845.0 1961.0
0.916015625 0.9156481027603149 450.0 277.0 23822.0 1959.0
0.92578125 0.916100800037384 465.0 280.0 23819.0 1944.0
0.90625 0.9158744812011719 478.0 299.0 23800.0 1931.0
0.9296875 0.9166289567947388 447.0 248.0 23851.0 1962.0
0.91796875 0.9166289567947388 402.0 203.0 23896.0 2007.0
0.916015625 0.9164025783538818 426.0 233.0 23866.0 1983.0
0.935546875 0.9163271188735962 439.0 248.0 23851.0 1970.0
0.916015625 0.9166289567947388 405.0 206.0 23893.0 2004.0
0.91796875 0.9163271188735962 452.0 261.0 23838.0 1957.0
0.9140625 0.9161385297775269 334.0 148.0 23951.0 2075.0
0.923828125 0.9142522811889648 272.0 136.0 23963.0 2137.0
0.921875 0.9169307351112366 496.0 289.0 23810.0 1913.0
0.912109375 0.9167044162750244 480.0 279.0 23820.0 1929.0
0.916015625 0.9156103730201721 336.0 164.0 23935.0 2073.0
0.91796875 0.9166289567947388 440.0 241.0 23858.0 1969.0
0.904296875 0.9173834323883057 466.0 247.0 23852.0 1943.0
0.919921875 0.9164025783538818 428.0 235.0 23864.0 1981.0
0.921875 0.9166666865348816 411.0 211.0 23888.0 1998.0
0.919921875 0.9162517189979553 382.0 193.0 23906.0 2027.0
0.92578125 0.9171947836875916 427.0 213.0 23886.0 1982.0
0.916015625 0.9173457026481628 430.0 212.0 23887.0 1979.0
0.91796875 0.9175720810890198 548.0 324.0 23775.0 1861.0
0.921875 0.9149690866470337 657.0 502.0 23597.0 1752.0
0.919921875 0.9167044162750244 386.0 185.0 23914.0 2023.0
0.923828125 0.9161385297775269 477.0 291.0 23808.0 1932.0
0.9140625 0.9171571135520935 473.0 260.0 23839.0 1936.0
0.9296875 0.9171193838119507 495.0 283.0 23816.0 1914.0
0.916015625 0.9166289567947388 410.0 211.0 23888.0 1999.0
0.927734375 0.9168552756309509 390.0 185.0 23914.0 2019.0
0.921875 0.9154595136642456 351.0 183.0 23916.0 2058.0
0.896484375 0.9174966216087341 564.0 342.0 23757.0 1845.0
0.92578125 0.9174588918685913 407.0 186.0 23913.0 2002.0
0.9140625 0.91538405418396 296.0 130.0 23969.0 2113.0
0.919921875 0.9167420864105225 372.0 170.0 23929.0 2037.0
0.9140625 0.9176852107048035 546.0 319.0 23780.0 1863.0
0.916015625 0.9152708649635315 397.0 234.0 23865.0 2012.0
0.921875 0.9164025783538818 501.0 308.0 23791.0 1908.0
0.916015625 0.9160630702972412 409.0 225.0 23874.0 2000.0
0.90625 0.916591227054596 603.0 405.0 23694.0 1806.0
0.921875 0.9164403080940247 387.0 193.0 23906.0 2022.0
0.91796875 0.9166289567947388 392.0 193.0 23906.0 2017.0
0.9140625 0.9168552756309509 591.0 386.0 23713.0 1818.0
0.900390625 0.9174588918685913 508.0 287.0 23812.0 1901.0
0.923828125 0.9181756377220154 470.0 230.0 23869.0 1939.0
0.9296875 0.9168930053710938 429.0 223.0 23876.0 1980.0
0.927734375 0.9178361296653748 499.0 268.0 23831.0 1910.0
0.904296875 0.9164025783538818 463.0 270.0 23829.0 1946.0
0.91796875 0.9176097512245178 505.0 280.0 23819.0 1904.0
0.919921875 0.9172325134277344 473.0 258.0 23841.0 1936.0
0.916015625 0.9181379079818726 518.0 279.0 23820.0 1891.0
0.9140625 0.9165157675743103 449.0 253.0 23846.0 1960.0
0.9140625 0.9165534973144531 397.0 200.0 23899.0 2012.0
0.908203125 0.9178361296653748 534.0 303.0 23796.0 1875.0
0.912109375 0.9167798161506653 532.0 329.0 23770.0 1877.0
0.90625 0.9177983999252319 380.0 150.0 23949.0 2029.0
0.921875 0.9167798161506653 405.0 202.0 23897.0 2004.0
0.921875 0.9171193838119507 467.0 255.0 23844.0 1942.0
0.921875 0.9182888269424438 462.0 219.0 23880.0 1947.0
0.923828125 0.9173457026481628 436.0 218.0 23881.0 1973.0
0.923828125 0.9168552756309509 431.0 226.0 23873.0 1978.0
0.927734375 0.9170061945915222 414.0 205.0 23894.0 1995.0
0.919921875 0.9169684648513794 432.0 224.0 23875.0 1977.0
0.9140625 0.9167420864105225 482.0 280.0 23819.0 1927.0
0.92578125 0.9169307351112366 437.0 230.0 23869.0 1972.0
0.927734375 0.9177983999252319 436.0 206.0 23893.0 1973.0
0.908203125 0.9172702431678772 536.0 320.0 23779.0 1873.0
0.90625 0.9172702431678772 451.0 235.0 23864.0 1958.0
0.92578125 0.9173457026481628 429.0 211.0 23888.0 1980.0
0.91015625 0.9181756377220154 482.0 242.0 23857.0 1927.0
