0.6689453125 0.6396936774253845 882.0 8024.0 16075.0 1527.0
0.9091796875 0.9085936546325684 1.0 15.0 24084.0 2408.0
0.9091796875 0.908933162689209 0.0 5.0 24094.0 2409.0
0.9091796875 0.9090086221694946 0.0 3.0 24096.0 2409.0
0.9091796875 0.9090840220451355 1.0 2.0 24097.0 2408.0
0.9091796875 0.9091217517852783 0.0 0.0 24099.0 2409.0
0.91015625 0.9090463519096375 9.0 11.0 24088.0 2400.0
0.9091796875 0.908933162689209 10.0 15.0 24084.0 2399.0
0.908203125 0.9090463519096375 5.0 7.0 24092.0 2404.0
0.912109375 0.9082164168357849 39.0 63.0 24036.0 2370.0
0.9091796875 0.9088954329490662 24.0 30.0 24069.0 2385.0
0.9072265625 0.9088577032089233 27.0 34.0 24065.0 2382.0
0.912109375 0.9088577032089233 32.0 39.0 24060.0 2377.0
0.908203125 0.908933162689209 22.0 27.0 24072.0 2387.0
0.9072265625 0.9088577032089233 28.0 35.0 24064.0 2381.0
0.912109375 0.9086313843727112 40.0 53.0 24046.0 2369.0
0.9111328125 0.9084804654121399 47.0 64.0 24035.0 2362.0
0.908203125 0.9086313843727112 48.0 61.0 24038.0 2361.0
0.9111328125 0.9088199734687805 31.0 39.0 24060.0 2378.0
0.90625 0.9081786870956421 54.0 79.0 24020.0 2355.0
0.9052734375 0.9083672761917114 64.0 84.0 24015.0 2345.0
0.9072265625 0.9091217517852783 18.0 18.0 24081.0 2391.0
0.91015625 0.908254086971283 63.0 86.0 24013.0 2346.0
0.908203125 0.9077637195587158 144.0 180.0 23919.0 2265.0
0.912109375 0.9069337844848633 199.0 257.0 23842.0 2210.0
0.908203125 0.9064810872077942 232.0 302.0 23797.0 2177.0
0.9150390625 0.9072355628013611 235.0 285.0 23814.0 2174.0
0.9130859375 0.9065942168235779 310.0 377.0 23722.0 2099.0
0.9033203125 0.9059529304504395 364.0 448.0 23651.0 2045.0
0.9111328125 0.908706784248352 258.0 269.0 23830.0 2151.0
0.900390625 0.9061415195465088 456.0 535.0 23564.0 1953.0
0.9140625 0.9089708924293518 378.0 382.0 23717.0 2031.0
0.8984375 0.9076128005981445 485.0 525.0 23574.0 1924.0
0.90625 0.9092726707458496 440.0 436.0 23663.0 1969.0
0.8955078125 0.9089708924293518 456.0 460.0 23639.0 1953.0
0.9013671875 0.9091217517852783 471.0 471.0 23628.0 1938.0
0.904296875 0.9098385572433472 452.0 433.0 23666.0 1957.0
0.9140625 0.9098008275032043 469.0 451.0 23648.0 1940.0
0.9130859375 0.9099894165992737 537.0 514.0 23585.0 1872.0
0.916015625 0.9096499085426331 549.0 535.0 23564.0 1860.0
0.91015625 0.9097253680229187 589.0 573.0 23526.0 1820.0
0.91796875 0.9100271463394165 575.0 551.0 23548.0 1834.0
0.91796875 0.9115361571311951 522.0 458.0 23641.0 1887.0
0.9150390625 0.9099516868591309 586.0 564.0 23535.0 1823.0
0.9189453125 0.9113097786903381 544.0 486.0 23613.0 1865.0
0.8984375 0.9114606976509094 527.0 465.0 23634.0 1882.0
0.921875 0.9111211895942688 580.0 527.0 23572.0 1829.0
0.9140625 0.9105553030967712 581.0 543.0 23556.0 1828.0
0.9208984375 0.912026584148407 552.0 475.0 23624.0 1857.0
0.908203125 0.9114984273910522 568.0 505.0 23594.0 1841.0
0.916015625 0.9104798436164856 628.0 592.0 23507.0 1781.0
0.904296875 0.9119133949279785 591.0 517.0 23582.0 1818.0
0.9052734375 0.9118756651878357 569.0 496.0 23603.0 1840.0
0.9111328125 0.9122529029846191 583.0 500.0 23599.0 1826.0
0.9072265625 0.9121019840240479 596.0 517.0 23582.0 1813.0
0.9111328125 0.9118756651878357 593.0 520.0 23579.0 1816.0
0.9140625 0.9108948111534119 597.0 550.0 23549.0 1812.0
0.908203125 0.9112720489501953 600.0 543.0 23556.0 1809.0
0.904296875 0.9121397137641907 603.0 523.0 23576.0 1806.0
0.90625 0.9116116166114807 593.0 527.0 23572.0 1816.0
0.91796875 0.9108948111534119 587.0 540.0 23559.0 1822.0
0.912109375 0.9109325408935547 620.0 572.0 23527.0 1789.0
0.9169921875 0.9111966490745544 555.0 500.0 23599.0 1854.0
0.916015625 0.9116116166114807 582.0 516.0 23583.0 1827.0
0.908203125 0.9116492867469788 605.0 538.0 23561.0 1804.0
0.91796875 0.9118756651878357 614.0 541.0 23558.0 1795.0
0.921875 0.9105930328369141 593.0 554.0 23545.0 1816.0
0.9091796875 0.9125924110412598 600.0 508.0 23591.0 1809.0
0.904296875 0.9119888544082642 606.0 530.0 23569.0 1803.0
0.9169921875 0.912026584148407 562.0 485.0 23614.0 1847.0
0.908203125 0.91180020570755 630.0 559.0 23540.0 1779.0
0.9111328125 0.9122529029846191 625.0 542.0 23557.0 1784.0
0.9169921875 0.9122151732444763 593.0 511.0 23588.0 1816.0
0.9033203125 0.912064254283905 609.0 531.0 23568.0 1800.0
0.9111328125 0.9123283624649048 596.0 511.0 23588.0 1813.0
0.9189453125 0.9119888544082642 652.0 576.0 23523.0 1757.0
0.91796875 0.911083459854126 655.0 603.0 23496.0 1754.0
0.9072265625 0.9121774435043335 606.0 525.0 23574.0 1803.0
0.9130859375 0.9115361571311951 628.0 564.0 23535.0 1781.0
0.9169921875 0.912290632724762 572.0 488.0 23611.0 1837.0
0.9150390625 0.9118756651878357 657.0 584.0 23515.0 1752.0
0.9130859375 0.9124792218208313 607.0 518.0 23581.0 1802.0
0.9091796875 0.9119133949279785 611.0 537.0 23562.0 1798.0
0.9130859375 0.9124415516853333 594.0 506.0 23593.0 1815.0
0.9091796875 0.9119133949279785 627.0 553.0 23546.0 1782.0
0.9033203125 0.9121397137641907 613.0 533.0 23566.0 1796.0
0.9140625 0.9117624759674072 637.0 567.0 23532.0 1772.0
0.916015625 0.9117247462272644 596.0 527.0 23572.0 1813.0
0.9228515625 0.9116492867469788 665.0 598.0 23501.0 1744.0
0.9072265625 0.9124415516853333 564.0 476.0 23623.0 1845.0
0.90625 0.9121774435043335 604.0 523.0 23576.0 1805.0
0.9140625 0.9129319190979004 589.0 488.0 23611.0 1820.0
0.91796875 0.9119133949279785 606.0 532.0 23567.0 1803.0
0.9267578125 0.912743330001831 601.0 505.0 23594.0 1808.0
0.921875 0.9125169515609741 628.0 538.0 23561.0 1781.0
0.9169921875 0.9126301407814026 625.0 532.0 23567.0 1784.0
0.91796875 0.9130828380584717 628.0 523.0 23576.0 1781.0
0.904296875 0.913007378578186 636.0 533.0 23566.0 1773.0
0.9033203125 0.912743330001831 609.0 513.0 23586.0 1800.0
0.9111328125 0.9131582975387573 606.0 499.0 23600.0 1803.0
0.916015625 0.9125924110412598 629.0 537.0 23562.0 1780.0
0.91015625 0.9124415516853333 647.0 559.0 23540.0 1762.0
0.919921875 0.9118379354476929 623.0 551.0 23548.0 1786.0
0.919921875 0.9127810597419739 613.0 516.0 23583.0 1796.0
0.919921875 0.9129319190979004 606.0 505.0 23594.0 1803.0
0.9169921875 0.9123283624649048 564.0 479.0 23620.0 1845.0
0.90625 0.912290632724762 658.0 574.0 23525.0 1751.0
0.9130859375 0.9125546813011169 608.0 517.0 23582.0 1801.0
0.9140625 0.9125924110412598 640.0 548.0 23551.0 1769.0
0.9140625 0.9124792218208313 585.0 496.0 23603.0 1824.0
0.91015625 0.912743330001831 611.0 515.0 23584.0 1798.0
0.9091796875 0.91180020570755 599.0 528.0 23571.0 1810.0
0.9130859375 0.9129696488380432 646.0 544.0 23555.0 1763.0
0.919921875 0.912064254283905 629.0 551.0 23548.0 1780.0
0.9091796875 0.9121774435043335 634.0 553.0 23546.0 1775.0
0.9130859375 0.9136864542961121 628.0 507.0 23592.0 1781.0
0.9091796875 0.9128187894821167 640.0 542.0 23557.0 1769.0
0.9208984375 0.9125546813011169 653.0 562.0 23537.0 1756.0
0.908203125 0.913007378578186 638.0 535.0 23564.0 1771.0
0.916015625 0.912026584148407 644.0 567.0 23532.0 1765.0
0.9091796875 0.9125169515609741 624.0 534.0 23565.0 1785.0
0.9140625 0.9131205677986145 638.0 532.0 23567.0 1771.0
0.916015625 0.9130451083183289 616.0 512.0 23587.0 1793.0
0.9072265625 0.9125924110412598 602.0 510.0 23589.0 1807.0
0.916015625 0.9126301407814026 644.0 551.0 23548.0 1765.0
0.9111328125 0.9133092164993286 617.0 506.0 23593.0 1792.0
0.916015625 0.913233757019043 655.0 546.0 23553.0 1754.0
0.9111328125 0.9128942489624023 666.0 566.0 23533.0 1743.0
0.91796875 0.9125169515609741 656.0 566.0 23533.0 1753.0
0.9130859375 0.913233757019043 574.0 465.0 23634.0 1835.0
0.9140625 0.9131960272789001 664.0 556.0 23543.0 1745.0
0.9052734375 0.9126678705215454 619.0 525.0 23574.0 1790.0
0.91015625 0.912290632724762 698.0 614.0 23485.0 1711.0
0.9091796875 0.9134600758552551 634.0 519.0 23580.0 1775.0
0.9150390625 0.9128565192222595 658.0 559.0 23540.0 1751.0
0.9111328125 0.9126678705215454 622.0 528.0 23571.0 1787.0
0.9091796875 0.9122151732444763 667.0 585.0 23514.0 1742.0
0.8984375 0.9122529029846191 651.0 568.0 23531.0 1758.0
0.912109375 0.9130451083183289 614.0 510.0 23589.0 1795.0
0.919921875 0.9126678705215454 607.0 513.0 23586.0 1802.0
0.9208984375 0.9132714867591858 669.0 559.0 23540.0 1740.0
0.9248046875 0.9124038219451904 629.0 542.0 23557.0 1780.0
0.91015625 0.9131960272789001 627.0 519.0 23580.0 1782.0
0.9189453125 0.9122529029846191 630.0 547.0 23552.0 1779.0
0.9150390625 0.9129319190979004 681.0 580.0 23519.0 1728.0
0.908203125 0.9127810597419739 632.0 535.0 23564.0 1777.0
0.9208984375 0.9123660922050476 652.0 566.0 23533.0 1757.0
0.9208984375 0.9126678705215454 682.0 588.0 23511.0 1727.0
0.916015625 0.9123283624649048 665.0 580.0 23519.0 1744.0
0.9169921875 0.912290632724762 614.0 530.0 23569.0 1795.0
0.927734375 0.913233757019043 640.0 531.0 23568.0 1769.0
0.9140625 0.9128942489624023 607.0 507.0 23592.0 1802.0
0.921875 0.9133468866348267 641.0 529.0 23570.0 1768.0
0.91796875 0.9128187894821167 664.0 566.0 23533.0 1745.0
0.9140625 0.9124038219451904 672.0 585.0 23514.0 1737.0
0.9130859375 0.9109702706336975 634.0 585.0 23514.0 1775.0
0.904296875 0.9124415516853333 623.0 535.0 23564.0 1786.0
0.9150390625 0.9124038219451904 659.0 572.0 23527.0 1750.0
0.919921875 0.9128942489624023 655.0 555.0 23544.0 1754.0
0.9091796875 0.9129319190979004 612.0 511.0 23588.0 1797.0
0.9150390625 0.9126678705215454 624.0 530.0 23569.0 1785.0
0.9130859375 0.9126678705215454 680.0 586.0 23513.0 1729.0
0.9111328125 0.9127810597419739 614.0 517.0 23582.0 1795.0
0.9140625 0.9124415516853333 669.0 581.0 23518.0 1740.0
0.921875 0.9128565192222595 664.0 565.0 23534.0 1745.0
0.912109375 0.91180020570755 640.0 569.0 23530.0 1769.0
0.91796875 0.9131582975387573 645.0 538.0 23561.0 1764.0
0.9189453125 0.9124415516853333 666.0 578.0 23521.0 1743.0
0.9189453125 0.9128942489624023 602.0 502.0 23597.0 1807.0
0.9111328125 0.9125924110412598 665.0 573.0 23526.0 1744.0
0.9091796875 0.9134600758552551 646.0 531.0 23568.0 1763.0
0.91796875 0.9122151732444763 680.0 598.0 23501.0 1729.0
0.9111328125 0.9121019840240479 667.0 588.0 23511.0 1742.0
0.927734375 0.9130451083183289 655.0 551.0 23548.0 1754.0
0.916015625 0.9125546813011169 643.0 552.0 23547.0 1766.0
0.904296875 0.9133468866348267 642.0 530.0 23569.0 1767.0
0.9033203125 0.9134600758552551 636.0 521.0 23578.0 1773.0
0.9208984375 0.9125924110412598 700.0 608.0 23491.0 1709.0
0.9091796875 0.913007378578186 651.0 548.0 23551.0 1758.0
0.91796875 0.9129696488380432 682.0 580.0 23519.0 1727.0
0.9208984375 0.9130451083183289 648.0 544.0 23555.0 1761.0
0.9140625 0.9126301407814026 657.0 564.0 23535.0 1752.0
0.9140625 0.9129696488380432 657.0 555.0 23544.0 1752.0
0.9189453125 0.9126301407814026 681.0 588.0 23511.0 1728.0
0.923828125 0.9127056002616882 655.0 560.0 23539.0 1754.0
0.9052734375 0.912064254283905 630.0 552.0 23547.0 1779.0
0.9169921875 0.913233757019043 625.0 516.0 23583.0 1784.0
0.923828125 0.912290632724762 651.0 567.0 23532.0 1758.0
0.919921875 0.9135355353355408 647.0 530.0 23569.0 1762.0
0.908203125 0.9127056002616882 651.0 556.0 23543.0 1758.0
0.9052734375 0.9135732650756836 662.0 544.0 23555.0 1747.0
0.9091796875 0.9141014218330383 605.0 473.0 23626.0 1804.0
0.9140625 0.9131582975387573 647.0 540.0 23559.0 1762.0
0.92578125 0.9133092164993286 646.0 535.0 23564.0 1763.0
0.916015625 0.9137995839118958 648.0 524.0 23575.0 1761.0
0.9169921875 0.9133468866348267 625.0 513.0 23586.0 1784.0
0.912109375 0.9131582975387573 661.0 554.0 23545.0 1748.0
0.923828125 0.9115361571311951 641.0 577.0 23522.0 1768.0
0.8974609375 0.9129319190979004 662.0 561.0 23538.0 1747.0
0.904296875 0.913950502872467 644.0 516.0 23583.0 1765.0
0.919921875 0.9128942489624023 680.0 580.0 23519.0 1729.0
0.9169921875 0.9115361571311951 636.0 572.0 23527.0 1773.0
0.90625 0.9131205677986145 668.0 562.0 23537.0 1741.0
0.9208984375 0.9124415516853333 659.0 571.0 23528.0 1750.0
0.91796875 0.9135355353355408 618.0 501.0 23598.0 1791.0
0.9140625 0.9131582975387573 645.0 538.0 23561.0 1764.0
0.9208984375 0.9116870164871216 667.0 599.0 23500.0 1742.0
0.923828125 0.9127056002616882 651.0 556.0 23543.0 1758.0
0.9111328125 0.9126301407814026 655.0 562.0 23537.0 1754.0
0.916015625 0.913233757019043 646.0 537.0 23562.0 1763.0
0.92578125 0.9112343192100525 695.0 639.0 23460.0 1714.0
0.9189453125 0.9134600758552551 631.0 516.0 23583.0 1778.0
0.9267578125 0.9135732650756836 618.0 500.0 23599.0 1791.0
0.9208984375 0.9128942489624023 670.0 570.0 23529.0 1739.0
0.908203125 0.9131582975387573 651.0 544.0 23555.0 1758.0
0.9140625 0.9124792218208313 642.0 553.0 23546.0 1767.0
0.90625 0.913233757019043 651.0 542.0 23557.0 1758.0
0.9013671875 0.9122151732444763 657.0 575.0 23524.0 1752.0
0.919921875 0.9129319190979004 657.0 556.0 23543.0 1752.0
0.9208984375 0.9119888544082642 686.0 610.0 23489.0 1723.0
0.9111328125 0.9135355353355408 647.0 530.0 23569.0 1762.0
0.908203125 0.9126301407814026 686.0 593.0 23506.0 1723.0
0.908203125 0.9128942489624023 689.0 589.0 23510.0 1720.0
0.9130859375 0.9133468866348267 666.0 554.0 23545.0 1743.0
0.9169921875 0.9133092164993286 624.0 513.0 23586.0 1785.0
0.9150390625 0.9129319190979004 641.0 540.0 23559.0 1768.0
0.91015625 0.9138750433921814 664.0 538.0 23561.0 1745.0
0.908203125 0.9135732650756836 641.0 523.0 23576.0 1768.0
0.921875 0.9132714867591858 628.0 518.0 23581.0 1781.0
0.908203125 0.9131960272789001 664.0 556.0 23543.0 1745.0
0.9072265625 0.9129696488380432 656.0 554.0 23545.0 1753.0
0.9130859375 0.9136864542961121 668.0 547.0 23552.0 1741.0
0.9189453125 0.9127810597419739 673.0 576.0 23523.0 1736.0
0.9140625 0.9129319190979004 658.0 557.0 23542.0 1751.0
0.90625 0.9126301407814026 660.0 567.0 23532.0 1749.0
0.91796875 0.9131205677986145 681.0 575.0 23524.0 1728.0
0.91015625 0.913497805595398 690.0 574.0 23525.0 1719.0
0.923828125 0.9123283624649048 679.0 594.0 23505.0 1730.0
0.9130859375 0.9129319190979004 670.0 569.0 23530.0 1739.0
0.9150390625 0.9134600758552551 665.0 550.0 23549.0 1744.0
0.923828125 0.9128942489624023 664.0 564.0 23535.0 1745.0
0.916015625 0.9139882326126099 650.0 521.0 23578.0 1759.0
0.916015625 0.9127056002616882 670.0 575.0 23524.0 1739.0
0.9072265625 0.9137618541717529 719.0 596.0 23503.0 1690.0
0.90625 0.913233757019043 672.0 563.0 23536.0 1737.0
0.919921875 0.9131205677986145 686.0 580.0 23519.0 1723.0
0.916015625 0.9125546813011169 662.0 571.0 23528.0 1747.0
0.9150390625 0.913233757019043 676.0 567.0 23532.0 1733.0
0.91796875 0.9128565192222595 647.0 548.0 23551.0 1762.0
0.9150390625 0.9130828380584717 645.0 540.0 23559.0 1764.0
0.9169921875 0.9128187894821167 709.0 611.0 23488.0 1700.0
0.91015625 0.9136109948158264 688.0 569.0 23530.0 1721.0
0.912109375 0.9131582975387573 646.0 539.0 23560.0 1763.0
0.9052734375 0.9128565192222595 666.0 567.0 23532.0 1743.0
0.9111328125 0.913497805595398 641.0 525.0 23574.0 1768.0
0.91796875 0.9131582975387573 635.0 528.0 23571.0 1774.0
0.91015625 0.9128942489624023 651.0 551.0 23548.0 1758.0
0.91015625 0.9133468866348267 661.0 549.0 23550.0 1748.0
0.931640625 0.9134223461151123 668.0 554.0 23545.0 1741.0
0.904296875 0.9137618541717529 587.0 464.0 23635.0 1822.0
0.91015625 0.9134223461151123 664.0 550.0 23549.0 1745.0
0.8984375 0.9136109948158264 666.0 547.0 23552.0 1743.0
0.916015625 0.9138373136520386 648.0 523.0 23576.0 1761.0
0.90234375 0.9130828380584717 675.0 570.0 23529.0 1734.0
0.9140625 0.9131960272789001 693.0 585.0 23514.0 1716.0
0.9169921875 0.9139882326126099 657.0 528.0 23571.0 1752.0
0.91796875 0.9137241840362549 647.0 525.0 23574.0 1762.0
0.91015625 0.9130451083183289 659.0 555.0 23544.0 1750.0
0.9169921875 0.9116492867469788 714.0 647.0 23452.0 1695.0
0.9052734375 0.9126678705215454 675.0 581.0 23518.0 1734.0
0.919921875 0.9121774435043335 665.0 584.0 23515.0 1744.0
0.9072265625 0.913497805595398 684.0 568.0 23531.0 1725.0
0.908203125 0.9124038219451904 708.0 621.0 23478.0 1701.0
0.921875 0.9129696488380432 670.0 568.0 23531.0 1739.0
0.912109375 0.9136109948158264 663.0 544.0 23555.0 1746.0
0.9140625 0.9131582975387573 626.0 519.0 23580.0 1783.0
0.9150390625 0.9141014218330383 629.0 497.0 23602.0 1780.0
0.908203125 0.9125169515609741 664.0 574.0 23525.0 1745.0
0.9140625 0.912743330001831 663.0 567.0 23532.0 1746.0
0.90625 0.9128565192222595 638.0 539.0 23560.0 1771.0
0.9130859375 0.9125924110412598 629.0 537.0 23562.0 1780.0
0.9267578125 0.9131205677986145 659.0 553.0 23546.0 1750.0
0.912109375 0.9126678705215454 701.0 607.0 23492.0 1708.0
0.90625 0.9133846163749695 641.0 528.0 23571.0 1768.0
0.9169921875 0.9133846163749695 592.0 479.0 23620.0 1817.0
0.9091796875 0.9132714867591858 642.0 532.0 23567.0 1767.0
0.91796875 0.9134223461151123 677.0 563.0 23536.0 1732.0
0.9189453125 0.9124038219451904 675.0 588.0 23511.0 1734.0
0.9169921875 0.9128187894821167 650.0 552.0 23547.0 1759.0
0.91015625 0.9141014218330383 654.0 522.0 23577.0 1755.0
0.90625 0.9130451083183289 693.0 589.0 23510.0 1716.0
0.908203125 0.913007378578186 599.0 496.0 23603.0 1810.0
0.919921875 0.912026584148407 678.0 601.0 23498.0 1731.0
0.9072265625 0.9133468866348267 645.0 533.0 23566.0 1764.0
0.91015625 0.9133468866348267 662.0 550.0 23549.0 1747.0
0.9150390625 0.9138750433921814 635.0 509.0 23590.0 1774.0
0.919921875 0.9138750433921814 659.0 533.0 23566.0 1750.0
0.908203125 0.9127056002616882 661.0 566.0 23533.0 1748.0
0.9169921875 0.9126678705215454 654.0 560.0 23539.0 1755.0
0.9189453125 0.9125924110412598 649.0 557.0 23542.0 1760.0
0.919921875 0.9118756651878357 719.0 646.0 23453.0 1690.0
0.9111328125 0.9132714867591858 674.0 564.0 23535.0 1735.0
0.908203125 0.9129696488380432 694.0 592.0 23507.0 1715.0
0.9208984375 0.9125546813011169 669.0 578.0 23521.0 1740.0
0.908203125 0.9128187894821167 685.0 587.0 23512.0 1724.0
0.91796875 0.913007378578186 640.0 537.0 23562.0 1769.0
0.9169921875 0.9139127731323242 664.0 537.0 23562.0 1745.0
0.91015625 0.9143277406692505 613.0 475.0 23624.0 1796.0
0.9140625 0.9133092164993286 659.0 548.0 23551.0 1750.0
0.9189453125 0.9135732650756836 652.0 534.0 23565.0 1757.0
0.908203125 0.9140259623527527 648.0 518.0 23581.0 1761.0
0.9130859375 0.9127056002616882 673.0 578.0 23521.0 1736.0
0.916015625 0.912743330001831 673.0 577.0 23522.0 1736.0
0.9072265625 0.9119133949279785 696.0 622.0 23477.0 1713.0
0.9111328125 0.9119133949279785 636.0 562.0 23537.0 1773.0
0.91796875 0.9126301407814026 678.0 585.0 23514.0 1731.0
0.9267578125 0.9131582975387573 677.0 570.0 23529.0 1732.0
0.9296875 0.913233757019043 655.0 546.0 23553.0 1754.0
0.912109375 0.9136864542961121 658.0 537.0 23562.0 1751.0
0.9091796875 0.9134223461151123 658.0 544.0 23555.0 1751.0
0.9130859375 0.9127810597419739 686.0 589.0 23510.0 1723.0
0.9130859375 0.9128565192222595 661.0 562.0 23537.0 1748.0
0.9130859375 0.9130828380584717 704.0 599.0 23500.0 1705.0
0.921875 0.9128942489624023 676.0 576.0 23523.0 1733.0
0.91796875 0.9129319190979004 613.0 512.0 23587.0 1796.0
0.91796875 0.9133092164993286 693.0 582.0 23517.0 1716.0
0.9169921875 0.9125924110412598 672.0 580.0 23519.0 1737.0
0.9169921875 0.9128942489624023 678.0 578.0 23521.0 1731.0
0.9150390625 0.9135732650756836 636.0 518.0 23581.0 1773.0
0.90625 0.9136109948158264 686.0 567.0 23532.0 1723.0
0.9140625 0.9133846163749695 624.0 511.0 23588.0 1785.0
0.9228515625 0.9132714867591858 696.0 586.0 23513.0 1713.0
0.9091796875 0.9131582975387573 655.0 548.0 23551.0 1754.0
0.919921875 0.9125169515609741 693.0 603.0 23496.0 1716.0
0.91015625 0.9143654704093933 661.0 522.0 23577.0 1748.0
0.9130859375 0.9137995839118958 643.0 519.0 23580.0 1766.0
0.908203125 0.9125924110412598 672.0 580.0 23519.0 1737.0
0.908203125 0.9131960272789001 646.0 538.0 23561.0 1763.0
0.9072265625 0.9137618541717529 661.0 538.0 23561.0 1748.0
0.9052734375 0.9137241840362549 671.0 549.0 23550.0 1738.0
0.9150390625 0.9131205677986145 680.0 574.0 23525.0 1729.0
0.91796875 0.914214551448822 634.0 499.0 23600.0 1775.0
0.9072265625 0.9127810597419739 652.0 555.0 23544.0 1757.0
0.921875 0.9133092164993286 702.0 591.0 23508.0 1707.0
0.912109375 0.9134600758552551 690.0 575.0 23524.0 1719.0
0.9013671875 0.9133846163749695 696.0 583.0 23516.0 1713.0
0.9208984375 0.913497805595398 689.0 573.0 23526.0 1720.0
0.9150390625 0.9127810597419739 659.0 562.0 23537.0 1750.0
0.9150390625 0.9121019840240479 658.0 579.0 23520.0 1751.0
0.9111328125 0.9124792218208313 643.0 554.0 23545.0 1766.0
0.896484375 0.9125169515609741 710.0 620.0 23479.0 1699.0
0.916015625 0.9130451083183289 676.0 572.0 23527.0 1733.0
0.9111328125 0.9137618541717529 662.0 539.0 23560.0 1747.0
0.9267578125 0.9130828380584717 682.0 577.0 23522.0 1727.0
0.9150390625 0.913007378578186 653.0 550.0 23549.0 1756.0
0.90234375 0.9130451083183289 677.0 573.0 23526.0 1732.0
0.9248046875 0.9121019840240479 700.0 621.0 23478.0 1709.0
0.91796875 0.913497805595398 673.0 557.0 23542.0 1736.0
0.9150390625 0.9131582975387573 672.0 565.0 23534.0 1737.0
0.9013671875 0.9131960272789001 701.0 593.0 23506.0 1708.0
0.927734375 0.9131582975387573 647.0 540.0 23559.0 1762.0
0.9140625 0.9135355353355408 649.0 532.0 23567.0 1760.0
0.9189453125 0.9137241840362549 686.0 564.0 23535.0 1723.0
0.9052734375 0.9130828380584717 700.0 595.0 23504.0 1709.0
0.9150390625 0.9126301407814026 678.0 585.0 23514.0 1731.0
0.908203125 0.9124038219451904 697.0 610.0 23489.0 1712.0
0.9228515625 0.913233757019043 685.0 576.0 23523.0 1724.0
0.9169921875 0.9131582975387573 688.0 581.0 23518.0 1721.0
0.9169921875 0.9133846163749695 689.0 576.0 23523.0 1720.0
0.900390625 0.9122151732444763 693.0 611.0 23488.0 1716.0
0.8994140625 0.9128942489624023 663.0 563.0 23536.0 1746.0
0.9072265625 0.912743330001831 710.0 614.0 23485.0 1699.0
0.9130859375 0.9129319190979004 686.0 585.0 23514.0 1723.0
0.9140625 0.9124415516853333 699.0 611.0 23488.0 1710.0
0.9189453125 0.9127056002616882 687.0 592.0 23507.0 1722.0
0.9150390625 0.9129696488380432 667.0 565.0 23534.0 1742.0
0.90625 0.9128942489624023 638.0 538.0 23561.0 1771.0
0.912109375 0.9127810597419739 700.0 603.0 23496.0 1709.0
0.9140625 0.9136487245559692 669.0 549.0 23550.0 1740.0
0.9228515625 0.912743330001831 653.0 557.0 23542.0 1756.0
0.9248046875 0.9123660922050476 702.0 616.0 23483.0 1707.0
0.908203125 0.9128565192222595 667.0 568.0 23531.0 1742.0
0.90234375 0.9127056002616882 724.0 629.0 23470.0 1685.0
0.9189453125 0.9128187894821167 669.0 571.0 23528.0 1740.0
0.931640625 0.9129319190979004 666.0 565.0 23534.0 1743.0
0.916015625 0.9129319190979004 682.0 581.0 23518.0 1727.0
0.9130859375 0.913007378578186 692.0 589.0 23510.0 1717.0
0.9208984375 0.9124792218208313 684.0 595.0 23504.0 1725.0
0.912109375 0.9127056002616882 689.0 594.0 23505.0 1720.0
0.912109375 0.9123660922050476 715.0 629.0 23470.0 1694.0
0.912109375 0.9140636920928955 670.0 539.0 23560.0 1739.0
0.91015625 0.9144032001495361 679.0 539.0 23560.0 1730.0
0.923828125 0.9129696488380432 658.0 556.0 23543.0 1751.0
0.9150390625 0.9122529029846191 668.0 585.0 23514.0 1741.0
0.9169921875 0.9128565192222595 694.0 595.0 23504.0 1715.0
0.91796875 0.9133846163749695 676.0 563.0 23536.0 1733.0
0.9091796875 0.913497805595398 692.0 576.0 23523.0 1717.0
0.9111328125 0.913497805595398 715.0 599.0 23500.0 1694.0
0.919921875 0.9123283624649048 703.0 618.0 23481.0 1706.0
0.9130859375 0.9140636920928955 695.0 564.0 23535.0 1714.0
0.919921875 0.9138750433921814 661.0 535.0 23564.0 1748.0
0.9248046875 0.9126301407814026 710.0 617.0 23482.0 1699.0
0.9013671875 0.913233757019043 671.0 562.0 23537.0 1738.0
0.9169921875 0.9130451083183289 676.0 572.0 23527.0 1733.0
0.912109375 0.9122151732444763 700.0 618.0 23481.0 1709.0
0.912109375 0.9123660922050476 704.0 618.0 23481.0 1705.0
0.9091796875 0.912743330001831 672.0 576.0 23523.0 1737.0
0.9150390625 0.913233757019043 664.0 555.0 23544.0 1745.0
0.9091796875 0.9137618541717529 664.0 541.0 23558.0 1745.0
0.91796875 0.9134223461151123 672.0 558.0 23541.0 1737.0
0.919921875 0.913497805595398 689.0 573.0 23526.0 1720.0
0.90625 0.9128942489624023 697.0 597.0 23502.0 1712.0
0.9140625 0.9131582975387573 686.0 579.0 23520.0 1723.0
0.9072265625 0.913950502872467 687.0 559.0 23540.0 1722.0
0.9169921875 0.9125169515609741 646.0 556.0 23543.0 1763.0
0.9091796875 0.9126678705215454 701.0 607.0 23492.0 1708.0
0.90234375 0.9126678705215454 660.0 566.0 23533.0 1749.0
0.9111328125 0.9136487245559692 722.0 602.0 23497.0 1687.0
0.9189453125 0.9133092164993286 690.0 579.0 23520.0 1719.0
0.912109375 0.9129696488380432 699.0 597.0 23502.0 1710.0
0.919921875 0.9135355353355408 687.0 570.0 23529.0 1722.0
0.9130859375 0.9125546813011169 713.0 622.0 23477.0 1696.0
0.912109375 0.9131960272789001 742.0 634.0 23465.0 1667.0
0.9091796875 0.9134600758552551 689.0 574.0 23525.0 1720.0
0.916015625 0.9125546813011169 697.0 606.0 23493.0 1712.0
0.912109375 0.9124038219451904 690.0 603.0 23496.0 1719.0
0.9140625 0.9138750433921814 679.0 553.0 23546.0 1730.0
0.9150390625 0.9134223461151123 678.0 564.0 23535.0 1731.0
0.912109375 0.9131205677986145 647.0 541.0 23558.0 1762.0
0.9140625 0.9133468866348267 652.0 540.0 23559.0 1757.0
0.9091796875 0.9125924110412598 696.0 604.0 23495.0 1713.0
0.9130859375 0.9128565192222595 671.0 572.0 23527.0 1738.0
0.9140625 0.9133468866348267 705.0 593.0 23506.0 1704.0
0.9169921875 0.913007378578186 685.0 582.0 23517.0 1724.0
0.9150390625 0.9122529029846191 699.0 616.0 23483.0 1710.0
0.9208984375 0.9122529029846191 702.0 619.0 23480.0 1707.0
0.9140625 0.9126301407814026 688.0 595.0 23504.0 1721.0
0.91796875 0.9131582975387573 679.0 572.0 23527.0 1730.0
0.9072265625 0.9119888544082642 691.0 615.0 23484.0 1718.0
0.908203125 0.9137241840362549 674.0 552.0 23547.0 1735.0
0.91796875 0.9136109948158264 702.0 583.0 23516.0 1707.0
0.9150390625 0.9133846163749695 700.0 587.0 23512.0 1709.0
0.9189453125 0.9125169515609741 724.0 634.0 23465.0 1685.0
0.9228515625 0.9131582975387573 689.0 582.0 23517.0 1720.0
0.9111328125 0.9128565192222595 704.0 605.0 23494.0 1705.0
0.9169921875 0.9127056002616882 705.0 610.0 23489.0 1704.0
0.9150390625 0.9139127731323242 669.0 542.0 23557.0 1740.0
0.9228515625 0.9136864542961121 693.0 572.0 23527.0 1716.0
0.9140625 0.9115361571311951 720.0 656.0 23443.0 1689.0
0.912109375 0.9128565192222595 701.0 602.0 23497.0 1708.0
0.912109375 0.9125546813011169 661.0 570.0 23529.0 1748.0
0.9091796875 0.9130828380584717 713.0 608.0 23491.0 1696.0
0.9111328125 0.9131960272789001 678.0 570.0 23529.0 1731.0
0.916015625 0.9142522811889648 658.0 522.0 23577.0 1751.0
0.9052734375 0.9136864542961121 651.0 530.0 23569.0 1758.0
0.9111328125 0.912290632724762 695.0 611.0 23488.0 1714.0
0.91796875 0.9138373136520386 715.0 590.0 23509.0 1694.0
0.908203125 0.9130451083183289 691.0 587.0 23512.0 1718.0
0.912109375 0.9118379354476929 723.0 651.0 23448.0 1686.0
0.919921875 0.9142522811889648 686.0 550.0 23549.0 1723.0
0.9189453125 0.913497805595398 704.0 588.0 23511.0 1705.0
0.9208984375 0.9133092164993286 645.0 534.0 23565.0 1764.0
0.9091796875 0.9134600758552551 707.0 592.0 23507.0 1702.0
0.9150390625 0.9123660922050476 721.0 635.0 23464.0 1688.0
0.916015625 0.9133468866348267 654.0 542.0 23557.0 1755.0
0.916015625 0.9133092164993286 675.0 564.0 23535.0 1734.0
0.919921875 0.9129319190979004 717.0 616.0 23483.0 1692.0
0.921875 0.913007378578186 714.0 611.0 23488.0 1695.0
0.91015625 0.913007378578186 666.0 563.0 23536.0 1743.0
0.91015625 0.913950502872467 698.0 570.0 23529.0 1711.0
0.9013671875 0.9134600758552551 687.0 572.0 23527.0 1722.0
0.9130859375 0.913007378578186 728.0 625.0 23474.0 1681.0
0.9208984375 0.9134223461151123 704.0 590.0 23509.0 1705.0
0.91015625 0.9137241840362549 696.0 574.0 23525.0 1713.0
0.912109375 0.913007378578186 725.0 622.0 23477.0 1684.0
0.9140625 0.913233757019043 692.0 583.0 23516.0 1717.0
0.9208984375 0.9135732650756836 675.0 557.0 23542.0 1734.0
0.9169921875 0.912026584148407 663.0 586.0 23513.0 1746.0
0.9052734375 0.913007378578186 728.0 625.0 23474.0 1681.0
0.9072265625 0.9125924110412598 725.0 633.0 23466.0 1684.0
0.9296875 0.913233757019043 708.0 599.0 23500.0 1701.0
0.9111328125 0.9133846163749695 692.0 579.0 23520.0 1717.0
0.9091796875 0.912743330001831 697.0 601.0 23498.0 1712.0
0.916015625 0.9133092164993286 702.0 591.0 23508.0 1707.0
0.916015625 0.9139127731323242 656.0 529.0 23570.0 1753.0
0.9140625 0.913497805595398 677.0 561.0 23538.0 1732.0
0.904296875 0.9142522811889648 682.0 546.0 23553.0 1727.0
0.916015625 0.9139882326126099 688.0 559.0 23540.0 1721.0
0.90625 0.9135732650756836 679.0 561.0 23538.0 1730.0
0.90625 0.912743330001831 680.0 584.0 23515.0 1729.0
0.908203125 0.9137618541717529 684.0 561.0 23538.0 1725.0
0.9111328125 0.913233757019043 693.0 584.0 23515.0 1716.0
0.9208984375 0.9128565192222595 694.0 595.0 23504.0 1715.0
0.9111328125 0.9135732650756836 672.0 554.0 23545.0 1737.0
0.9189453125 0.9132714867591858 713.0 603.0 23496.0 1696.0
0.9091796875 0.9137618541717529 704.0 581.0 23518.0 1705.0
0.919921875 0.9136864542961121 708.0 587.0 23512.0 1701.0
0.9052734375 0.9135355353355408 688.0 571.0 23528.0 1721.0
0.9052734375 0.9134223461151123 687.0 573.0 23526.0 1722.0
0.9228515625 0.9135732650756836 672.0 554.0 23545.0 1737.0
0.9140625 0.9130451083183289 749.0 645.0 23454.0 1660.0
0.919921875 0.9133468866348267 700.0 588.0 23511.0 1709.0
0.9091796875 0.9141014218330383 698.0 566.0 23533.0 1711.0
0.9169921875 0.9132714867591858 704.0 594.0 23505.0 1705.0
0.9150390625 0.9126301407814026 698.0 605.0 23494.0 1711.0
0.9072265625 0.9140259623527527 643.0 513.0 23586.0 1766.0
0.9052734375 0.9128565192222595 688.0 589.0 23510.0 1721.0
0.912109375 0.9136864542961121 662.0 541.0 23558.0 1747.0
0.9150390625 0.913007378578186 707.0 604.0 23495.0 1702.0
0.9091796875 0.913007378578186 726.0 623.0 23476.0 1683.0
0.9150390625 0.9130828380584717 698.0 593.0 23506.0 1711.0
0.908203125 0.912743330001831 728.0 632.0 23467.0 1681.0
0.9189453125 0.912743330001831 722.0 626.0 23473.0 1687.0
0.91796875 0.9128942489624023 709.0 609.0 23490.0 1700.0
0.90625 0.9134223461151123 749.0 635.0 23464.0 1660.0
0.916015625 0.9131960272789001 699.0 591.0 23508.0 1710.0
0.908203125 0.9133846163749695 691.0 578.0 23521.0 1718.0
0.9208984375 0.9133468866348267 711.0 599.0 23500.0 1698.0
0.896484375 0.9131960272789001 722.0 614.0 23485.0 1687.0
0.9033203125 0.9139882326126099 708.0 579.0 23520.0 1701.0
0.919921875 0.9131205677986145 721.0 615.0 23484.0 1688.0
0.919921875 0.9129696488380432 707.0 605.0 23494.0 1702.0
0.916015625 0.9129319190979004 656.0 555.0 23544.0 1753.0
0.9033203125 0.9131960272789001 698.0 590.0 23509.0 1711.0
0.91015625 0.9133468866348267 730.0 618.0 23481.0 1679.0
0.9228515625 0.913497805595398 703.0 587.0 23512.0 1706.0
0.9111328125 0.9126678705215454 686.0 592.0 23507.0 1723.0
0.9091796875 0.9136109948158264 649.0 530.0 23569.0 1760.0
0.9140625 0.9137995839118958 669.0 545.0 23554.0 1740.0
0.91015625 0.9133092164993286 707.0 596.0 23503.0 1702.0
0.91796875 0.9137241840362549 729.0 607.0 23492.0 1680.0
0.9267578125 0.913497805595398 681.0 565.0 23534.0 1728.0
0.91015625 0.9135355353355408 678.0 561.0 23538.0 1731.0
0.9140625 0.9137618541717529 715.0 592.0 23507.0 1694.0
0.9111328125 0.9135732650756836 683.0 565.0 23534.0 1726.0
0.92578125 0.9128187894821167 695.0 597.0 23502.0 1714.0
0.904296875 0.9137995839118958 694.0 570.0 23529.0 1715.0
0.9150390625 0.9133468866348267 690.0 578.0 23521.0 1719.0
0.892578125 0.9142522811889648 707.0 571.0 23528.0 1702.0
0.919921875 0.9137995839118958 690.0 566.0 23533.0 1719.0
0.9072265625 0.914176881313324 687.0 553.0 23546.0 1722.0
0.904296875 0.9133468866348267 725.0 613.0 23486.0 1684.0
0.9189453125 0.9135355353355408 700.0 583.0 23516.0 1709.0
0.923828125 0.9134223461151123 703.0 589.0 23510.0 1706.0
0.9228515625 0.9133846163749695 686.0 573.0 23526.0 1723.0
0.904296875 0.9145541191101074 675.0 531.0 23568.0 1734.0
0.916015625 0.9128565192222595 677.0 578.0 23521.0 1732.0
0.9150390625 0.9134223461151123 690.0 576.0 23523.0 1719.0
0.90625 0.9126678705215454 712.0 618.0 23481.0 1697.0
0.9248046875 0.9136864542961121 713.0 592.0 23507.0 1696.0
0.91015625 0.914176881313324 675.0 541.0 23558.0 1734.0
0.9140625 0.9134223461151123 683.0 569.0 23530.0 1726.0
0.9150390625 0.913497805595398 697.0 581.0 23518.0 1712.0
0.9140625 0.9133846163749695 713.0 600.0 23499.0 1696.0
0.90625 0.9128942489624023 712.0 612.0 23487.0 1697.0
0.912109375 0.9141391515731812 694.0 561.0 23538.0 1715.0
0.9091796875 0.9138373136520386 714.0 589.0 23510.0 1695.0
0.91015625 0.913497805595398 702.0 586.0 23513.0 1707.0
0.912109375 0.9140636920928955 725.0 594.0 23505.0 1684.0
0.9140625 0.913497805595398 709.0 593.0 23506.0 1700.0
0.90625 0.913950502872467 718.0 590.0 23509.0 1691.0
0.9072265625 0.9133846163749695 709.0 596.0 23503.0 1700.0
0.9150390625 0.9138750433921814 683.0 557.0 23542.0 1726.0
0.9091796875 0.9121774435043335 743.0 662.0 23437.0 1666.0
0.919921875 0.913233757019043 697.0 588.0 23511.0 1712.0
0.9169921875 0.9142900109291077 703.0 566.0 23533.0 1706.0
0.912109375 0.9136487245559692 716.0 596.0 23503.0 1693.0
0.908203125 0.9128187894821167 709.0 611.0 23488.0 1700.0
0.912109375 0.9126678705215454 762.0 668.0 23431.0 1647.0
0.912109375 0.913497805595398 721.0 605.0 23494.0 1688.0
0.9169921875 0.9136864542961121 673.0 552.0 23547.0 1736.0
0.9052734375 0.9132714867591858 703.0 593.0 23506.0 1706.0
0.9228515625 0.9131960272789001 670.0 562.0 23537.0 1739.0
0.9228515625 0.9123283624649048 703.0 618.0 23481.0 1706.0
0.9189453125 0.9127056002616882 693.0 598.0 23501.0 1716.0
0.9072265625 0.9122151732444763 683.0 601.0 23498.0 1726.0
0.9248046875 0.9134223461151123 688.0 574.0 23525.0 1721.0
0.923828125 0.9136487245559692 718.0 598.0 23501.0 1691.0
0.916015625 0.9138373136520386 684.0 559.0 23540.0 1725.0
0.9130859375 0.9125924110412598 719.0 627.0 23472.0 1690.0
0.908203125 0.9125169515609741 726.0 636.0 23463.0 1683.0
0.916015625 0.9140636920928955 702.0 571.0 23528.0 1707.0
