-7.572063803672790527e-01 -3.318723917007446289e+00
-1.029361367225646973e+00 1.814681291580200195e+00
2.840093135833740234e+00 -1.847912192344665527e+00
3.631519079208374023e-01 3.996168971061706543e-01
-6.832039356231689453e-01 -4.189454913139343262e-01
-1.056551098823547363e+00 -1.056906938552856445e+00
-1.628623366355895996e+00 4.458830058574676514e-01
1.958619475364685059e+00 -6.840641498565673828e+00
1.738374114036560059e+00 -5.658542633056640625e+00
-3.900914192199707031e+00 -2.570261716842651367e+00
2.421241044998168945e+00 -2.000554323196411133e+00
1.143722176551818848e+00 4.821532070636749268e-01
1.142933726310729980e+00 5.868157148361206055e-01
1.124843955039978027e+00 6.824347376823425293e-01
9.613905102014541626e-02 1.350059986114501953e+00
-9.366388320922851562e+00 3.364979922771453857e-01
-7.665254116058349609e+00 4.845572710037231445e-01
-1.900727033615112305e+00 -2.750839591026306152e-01
5.467720627784729004e-01 -1.230052590370178223e+00
2.152704238891601562e+00 -4.911844134330749512e-01
1.811781078577041626e-01 1.012220978736877441e+00
1.614137738943099976e-01 1.019763350486755371e+00
1.696663498878479004e-01 1.002071261405944824e+00
1.487000584602355957e-01 1.044426798820495605e+00
1.108412981033325195e+00 4.250257313251495361e-01
1.082849502563476562e+00 5.066033005714416504e-01
-4.135358333587646484e-01 4.406600445508956909e-02
-3.393851816654205322e-01 1.486989736557006836e+00
-1.750443279743194580e-01 2.789685316383838654e-02
3.210770368576049805e+00 -8.925517201423645020e-01
1.244158267974853516e+00 5.505899786949157715e-01
-7.176377177238464355e-01 1.904643535614013672e+00
9.159609675407409668e-02 1.358637452125549316e+00
3.026348352432250977e+00 2.069943189620971680e+00
1.506190419197082520e+00 -6.190028190612792969e+00
2.237215280532836914e+00 -1.375847339630126953e+00
5.197136998176574707e-01 -1.299657225608825684e+00
2.111982822418212891e+00 -5.133812427520751953e-01
-1.085931587219238281e+01 -3.433230876922607422e+00
1.377837806940078735e-01 1.054859519004821777e+00
1.529376208782196045e-01 1.034316062927246094e+00
6.145840883255004883e-02 9.401094913482666016e-01
-5.460647344589233398e-01 1.154191017150878906e+00
-1.974019765853881836e+00 -5.208885669708251953e-01
-3.703995048999786377e-01 1.463776469230651855e+00
3.066469907760620117e+00 -7.916992306709289551e-01
-1.820388436317443848e-01 -2.746188640594482422e-01
2.832124710083007812e+00 -6.471675038337707520e-01
2.734042331576347351e-02 1.384523510932922363e+00
2.688557624816894531e+00 -2.973406016826629639e-01
-3.356516957283020020e-01 1.679546475410461426e+00
1.165344834327697754e+00 1.909178376197814941e+00
-2.281093835830688477e+00 2.112200736999511719e+00
-2.423238903284072876e-01 8.056865930557250977e-01
4.730322062969207764e-01 -1.247501254081726074e+00
2.053496837615966797e+00 -5.629544854164123535e-01
1.727500706911087036e-01 9.227258563041687012e-01
1.418502777814865112e-01 9.622903466224670410e-01
1.690881252288818359e-01 9.517165422439575195e-01
1.579463481903076172e-01 9.254305958747863770e-01
-8.588662743568420410e-01 -8.419632911682128906e-02
1.512110680341720581e-01 9.091725349426269531e-01
2.294088602066040039e-01 8.560304045677185059e-01
1.566356867551803589e-01 9.936833381652832031e-01
1.433531194925308228e-01 9.530038237571716309e-01
1.552122682332992554e-01 9.676636457443237305e-01
-1.092619132995605469e+01 -3.445646047592163086e+00
1.597226858139038086e-01 9.707401990890502930e-01
1.636819839477539062e-01 9.623353481292724609e-01
1.888816803693771362e-01 9.041401743888854980e-01
1.762553900480270386e-01 9.851778745651245117e-01
1.504670977592468262e-01 1.042559504508972168e+00
1.317207366228103638e-01 1.036706924438476562e+00
6.746964901685714722e-02 9.915034770965576172e-01
7.042416930198669434e-02 1.055353403091430664e+00
-7.489550113677978516e-01 1.544225811958312988e+00
-2.009907245635986328e+00 -5.986348390579223633e-01
1.288017928600311279e-01 1.186830163002014160e+00
1.200678944587707520e+00 5.126425623893737793e-01
-6.903814077377319336e-01 -3.207227289676666260e-01
3.238500654697418213e-01 -4.763870239257812500e-01
1.261768341064453125e+00 -4.674128293991088867e-01
-3.371866345405578613e-01 4.871422052383422852e-01
-6.407993793487548828e+00 -2.796115159988403320e+00
-2.123549222946166992e+00 5.419720649719238281e+00
-1.368351876735687256e-01 -1.741519689559936523e+00
5.802824020385742188e+00 2.440287590026855469e+00
1.016756653785705566e+00 -2.635770142078399658e-01
1.044609785079956055e+00 2.743751406669616699e-01
1.753412783145904541e-01 9.516071677207946777e-01
2.315812855958938599e-01 8.376195430755615234e-01
1.616904586553573608e-01 8.999704122543334961e-01
1.757580041885375977e-01 9.011921882629394531e-01
-5.045942306518554688e+00 -1.334093570709228516e+00
