3.445286750793457031e-01
-1.692525386810302734e+00
-1.715075969696044922e+00
1.311763167381286621e+00
-1.608030915260314941e+00
-8.456231355667114258e-01
-1.020069643855094910e-01
5.535173416137695312e-01
6.366689205169677734e-01
8.942744135856628418e-01
3.566570207476615906e-02
2.032650470733642578e+00
2.714134454727172852e-01
3.571767091751098633e+00
-9.037261009216308594e-01
7.432599067687988281e-01
6.550890207290649414e-01
6.128414630889892578e+00
5.422589182853698730e-01
-1.172499805688858032e-01
1.156888246536254883e+00
-4.961585998535156250e-01
-2.086668014526367188e+00
2.571724355220794678e-01
8.487234115600585938e-01
2.505012989044189453e+00
5.758760496973991394e-02
1.347660541534423828e+00
3.590292632579803467e-01
-7.342617511749267578e-01
