1.863155245780944824e+00
1.169961333274841309e+00
2.131271600723266602e+00
-7.150160521268844604e-02
1.779695302248001099e-01
-1.828448295593261719e+00
-2.694236516952514648e+00
2.360617183148860931e-02
-2.162004709243774414e+00
6.963718533515930176e-01
-2.542818307876586914e+00
-9.787101745605468750e-01
1.382227778434753418e+00
9.352761507034301758e-02
2.075730323791503906e+00
7.840531468391418457e-01
1.508274525403976440e-01
1.218761563301086426e+00
1.313670277595520020e+00
1.503293037414550781e+00
8.446289300918579102e-01
-5.103927850723266602e-01
-1.576661020517349243e-01
-1.076394319534301758e+00
2.259242296218872070e+00
5.711500048637390137e-01
-3.051904678344726562e+00
8.256921172142028809e-01
1.515856832265853882e-01
1.290691643953323364e-01
-9.241412878036499023e-01
-7.930497527122497559e-01
1.600923895835876465e+00
-1.976430863142013550e-01
9.724885821342468262e-01
1.022964835166931152e+00
-5.933740139007568359e-01
1.598725438117980957e+00
-2.880048453807830811e-01
-4.713621437549591064e-01
4.577057957649230957e-01
1.652251601219177246e+00
5.236034989356994629e-01
1.228698492050170898e+00
1.227838993072509766e+00
-3.527708351612091064e-01
-1.802525639533996582e+00
1.183159828186035156e+00
5.857940912246704102e-01
-9.851623773574829102e-01
1.995577454566955566e+00
1.305240243673324585e-01
1.514792203903198242e+00
-1.117070093750953674e-01
2.281574457883834839e-01
-2.334502220153808594e+00
4.788078308105468750e+00
2.237629175186157227e+00
1.752216368913650513e-01
7.676934003829956055e-01
-2.281239032745361328e+00
-5.188999325037002563e-02
8.173928856849670410e-01
-8.326699733734130859e-01
1.244638085365295410e+00
7.452853918075561523e-01
-2.431554049253463745e-01
-1.969632625579833984e+00
-2.042586505413055420e-01
-2.085007190704345703e+00
1.463779568672180176e+00
1.850304007530212402e+00
3.108192980289459229e-01
1.756906747817993164e+00
-2.407601118087768555e+00
2.111381769180297852e+00
8.276613950729370117e-01
5.547807216644287109e-01
-6.524664163589477539e-02
-1.225857809185981750e-01
