-1.635313153266906738e+00
-2.153503179550170898e+00
1.255549192428588867e+00
-7.610791206359863281e+00
-1.583080649375915527e+00
-8.843502998352050781e-01
-8.331910371780395508e-01
2.533777236938476562e+00
3.479112148284912109e+00
-4.732204437255859375e+00
-1.556833744049072266e+00
-5.791582465171813965e-01
-5.268673896789550781e+00
1.160786628723144531e+00
-1.166673779487609863e+00
2.134102731943130493e-01
1.350167751312255859e+00
-7.748857021331787109e+00
-2.234774351119995117e+00
1.906769156455993652e+00
-4.988477230072021484e+00
5.601858615875244141e+00
1.015005111694335938e+00
-4.787856101989746094e+00
8.312510490417480469e+00
-3.901883602142333984e+00
-1.976729631423950195e+00
-3.002991676330566406e+00
4.663693606853485107e-01
-1.777130842208862305e+00
7.716701626777648926e-01
1.556071490049362183e-01
-2.260558366775512695e+00
2.031416416168212891e+00
6.619737148284912109e+00
6.819501519203186035e-01
2.636268377304077148e+00
-1.569190979003906250e+00
2.681700468063354492e+00
-2.579595565795898438e+00
1.008664608001708984e+00
1.016134166717529297e+01
-1.199680995941162109e+01
1.267913460731506348e+00
-1.317496418952941895e+00
5.734447002410888672e+00
1.718255758285522461e+00
7.907215595245361328e+00
3.547559261322021484e+00
-3.972002506256103516e+00
-4.990507602691650391e+00
6.820571899414062500e+00
-7.268311500549316406e+00
7.218390107154846191e-01
-9.585882186889648438e+00
2.347767114639282227e+00
3.077100515365600586e-01
2.459115743637084961e+00
4.398235797882080078e+00
-4.519168853759765625e+00
