-2.402390956878662109e+00
-3.250312566757202148e+00
-1.283838152885437012e+00
5.796325683593750000e+00
4.227290153503417969e+00
2.479536533355712891e+00
2.698399543762207031e+00
2.267707586288452148e+00
4.149164557456970215e-01
-3.922063112258911133e-01
5.329694151878356934e-01
-1.129922389984130859e+00
-4.355103373527526855e-01
-2.119911432266235352e+00
2.105202198028564453e+00
-4.252056598663330078e+00
-1.060824036598205566e+00
-1.025544703006744385e-01
3.790105581283569336e+00
3.148220062255859375e+00
-2.041126251220703125e+00
-1.337775588035583496e+00
-1.605349063873291016e+00
-2.643028497695922852e+00
-9.705017805099487305e-01
-4.894698858261108398e-01
-1.072425484657287598e+00
-9.641705155372619629e-01
1.928790569305419922e+00
8.847599029541015625e-01
3.520249366760253906e+00
-1.009563922882080078e+00
2.606353998184204102e+00
-4.247107982635498047e+00
-3.316690683364868164e+00
1.423071980476379395e+00
3.319984674453735352e-01
3.885014533996582031e+00
2.865330457687377930e+00
-3.708094120025634766e+00
2.893189907073974609e+00
6.501420736312866211e-01
-1.621991991996765137e+00
-2.545297861099243164e+00
-7.693135142326354980e-01
-2.730134963989257812e+00
-3.978598594665527344e+00
-1.999089598655700684e+00
4.142428398132324219e+00
-1.599790692329406738e+00
-4.440762519836425781e+00
3.443389236927032471e-01
-1.495023965835571289e+00
-3.572113752365112305e+00
-2.884645223617553711e+00
1.699368000030517578e+00
-1.142902374267578125e+00
4.567685127258300781e+00
-3.089328050613403320e+00
2.554544925689697266e+00
2.329830884933471680e+00
3.508532047271728516e+00
2.280015468597412109e+00
1.512152314186096191e+00
6.663858890533447266e-02
-1.227111458778381348e+00
-4.025756835937500000e+00
3.908095121383666992e+00
-6.620096564292907715e-01
-4.356338500976562500e+00
-2.519438982009887695e+00
-1.063383221626281738e+00
-3.472021579742431641e+00
4.542573451995849609e+00
-3.032992839813232422e+00
2.326461076736450195e+00
2.854290723800659180e+00
2.520989812910556793e-02
-1.929026126861572266e+00
-4.813069343566894531e+00
