-3.469991683959960938e-01
6.370155215263366699e-01
-2.500609397888183594e+00
-2.634297132492065430e+00
1.834925562143325806e-01
-7.523990869522094727e-01
-1.390388131141662598e+00
-5.158189535140991211e-01
-6.884828209877014160e-01
-1.406762003898620605e+00
-1.930945158004760742e+00
-5.098075866699218750e-01
6.126666069030761719e-01
4.313194751739501953e-01
-1.395680308341979980e+00
-3.046603500843048096e-01
2.366169840097427368e-01
-2.488128691911697388e-01
-5.560336112976074219e-01
5.873342156410217285e-01
-9.536665678024291992e-01
-8.942022919654846191e-01
2.130922079086303711e+00
-2.235782295465469360e-01
7.827999591827392578e-01
3.826151490211486816e-01
8.009962439537048340e-01
-4.267705380916595459e-01
1.344635128974914551e+00
8.113986253738403320e-01
4.883730709552764893e-01
-1.231851816177368164e+00
-2.110517621040344238e-01
-1.769950240850448608e-01
-6.440445184707641602e-01
4.226097762584686279e-01
-8.681694269180297852e-01
-4.025408923625946045e-01
9.539269208908081055e-01
2.094317674636840820e+00
4.247026741504669189e-01
6.281123757362365723e-01
-1.434731960296630859e+00
1.612726449966430664e-01
1.003483772277832031e+00
1.702779650688171387e+00
2.100183010101318359e+00
-1.811667680740356445e+00
-7.267293334007263184e-01
1.810055971145629883e-01
6.231818199157714844e-01
-1.296495348215103149e-01
-3.483588621020317078e-02
3.010188415646553040e-02
-5.134286284446716309e-01
4.892671108245849609e-01
3.991877436637878418e-01
-1.669100284576416016e+00
-8.280517458915710449e-01
-6.631668806076049805e-01
5.233940482139587402e-01
-2.198913812637329102e+00
-3.933132886886596680e-01
1.669052541255950928e-01
1.024638891220092773e+00
1.964030265808105469e+00
1.175169199705123901e-01
2.001866102218627930e+00
1.004864871501922607e-01
1.221364140510559082e+00
8.012282848358154297e-01
9.203076362609863281e-01
7.519189119338989258e-01
-1.145880699157714844e+00
-3.206631243228912354e-01
-9.758445024490356445e-01
1.323678135871887207e+00
-5.472946763038635254e-01
-1.871473312377929688e+00
1.835835695266723633e+00
