7.057242095470428467e-02 5.293819308280944824e-01
5.617173314094543457e-01 1.091657876968383789e+00
-1.881573796272277832e-01 2.937464416027069092e-01
-6.832805275917053223e-01 2.333374172449111938e-01
-3.553443253040313721e-01 2.147306501865386963e-01
-5.823482275009155273e-01 2.841872274875640869e-01
7.313603758811950684e-01 4.300580546259880066e-02
8.274164795875549316e-01 -5.165904387831687927e-02
6.511140465736389160e-01 -2.433330714702606201e-01
-2.905540168285369873e-01 2.882789075374603271e-01
-1.701752692461013794e-01 9.360595941543579102e-01
-1.882477253675460815e-01 -6.400893330574035645e-01
2.011906057596206665e-01 8.093743324279785156e-01
9.223592877388000488e-01 1.106776855885982513e-02
1.622936725616455078e-01 -7.578491568565368652e-01
8.999422192573547363e-01 4.993951916694641113e-01
-2.984736561775207520e-01 3.964065313339233398e-01
1.048445254564285278e-01 9.318362474441528320e-01
-9.608288407325744629e-01 -3.440282344818115234e-01
-5.971059799194335938e-01 5.466014891862869263e-02
1.440707683563232422e+00 9.703819751739501953e-01
-2.149163335561752319e-01 5.795484781265258789e-01
-7.725111246109008789e-01 -1.353542059659957886e-01
1.675486266613006592e-01 -6.764327883720397949e-01
-9.873446822166442871e-01 -1.427578568458557129e+00
-8.703461289405822754e-01 -1.503322124481201172e+00
-6.005944609642028809e-01 -1.171315193176269531e+00
1.057364821434020996e+00 5.246824026107788086e-01
1.133821487426757812e+00 2.918633222579956055e-01
1.829201340675354004e+00 1.181764006614685059e+00
2.434525191783905029e-01 -9.315025210380554199e-01
-7.712066173553466797e-01 3.172055780887603760e-01
-1.630963206291198730e+00 -9.943140745162963867e-01
1.825229883193969727e+00 9.434415698051452637e-01
1.807769984006881714e-01 -4.341836273670196533e-01
1.579012155532836914e+00 8.356915116310119629e-01
3.439314663410186768e-02 6.938436031341552734e-01
1.184664130210876465e+00 2.275741547346115112e-01
-1.203517466783523560e-01 -7.272402644157409668e-01
7.408177852630615234e-02 -7.917594313621520996e-01
-9.937576055526733398e-01 1.339254435151815414e-02
-1.275068640708923340e+00 -4.359616935253143311e-01
-9.435925483703613281e-01 1.464353408664464951e-02
7.298733592033386230e-01 1.292352437973022461e+00
1.314567565917968750e+00 4.254772365093231201e-01
7.904553413391113281e-01 -2.809512242674827576e-02
1.240687012672424316e+00 7.008685469627380371e-01
-4.610350430011749268e-01 3.828156292438507080e-01
-8.212155103683471680e-01 -1.257091015577316284e-01
-3.209733366966247559e-01 5.181230306625366211e-01
