-9.917803406715393066e-01 -1.345920324325561523e+00
5.016719698905944824e-01 9.454683065414428711e-01
2.233905158936977386e-02 4.317074418067932129e-01
5.919274091720581055e-01 1.355924457311630249e-01
-5.310227349400520325e-02 -8.794785141944885254e-01
4.308341443538665771e-01 8.224837779998779297e-01
-5.012748017907142639e-02 -4.198716878890991211e-01
7.184043526649475098e-01 3.670615553855895996e-01
-1.860950291156768799e-01 2.156820595264434814e-01
2.512162923812866211e-01 1.263791084289550781e+00
-4.341442883014678955e-02 -5.768116116523742676e-01
9.660223126411437988e-01 6.933138966560363770e-01
-4.351469874382019043e-01 -7.804328203201293945e-01
-3.167040348052978516e-01 -6.619229912757873535e-01
-1.575815379619598389e-01 -6.219118237495422363e-01
-1.103223323822021484e+00 -1.434527277946472168e+00
-6.912887096405029297e-01 -2.353559136390686035e-01
9.379664808511734009e-02 -2.998384535312652588e-01
-2.297688722610473633e-01 3.514331579208374023e-01
3.548228144645690918e-01 7.178155183792114258e-01
-1.681802868843078613e+00 -1.328649878501892090e+00
4.571940004825592041e-02 5.268368124961853027e-01
8.263424038887023926e-01 3.348898589611053467e-01
3.054153919219970703e-01 7.210599780082702637e-01
-7.266607880592346191e-01 -4.170655906200408936e-01
4.852872490882873535e-01 1.561181526631116867e-02
-8.756217360496520996e-01 -4.847957193851470947e-01
2.065913826227188110e-01 5.795924067497253418e-01
-5.424917936325073242e-01 -1.029516100883483887e+00
6.058734059333801270e-01 9.263634085655212402e-01
4.759989976882934570e-01 1.037240982055664062e+00
4.311137795448303223e-01 7.586347460746765137e-01
3.825455009937286377e-01 7.457528114318847656e-01
8.703344464302062988e-01 1.445108056068420410e+00
-1.558460354804992676e+00 -8.873676657676696777e-01
-3.848535716533660889e-01 -8.067171573638916016e-01
-4.475979506969451904e-01 -8.592693805694580078e-01
-5.389332771301269531e-01 -5.701487138867378235e-02
1.754596829414367676e-01 -2.486794292926788330e-01
1.005171537399291992e-01 -2.481890320777893066e-01
-3.262982964515686035e-01 -7.949261665344238281e-01
-2.116568386554718018e-01 -5.506017208099365234e-01
1.083509325981140137e+00 7.200980782508850098e-01
1.088992714881896973e+00 5.723218321800231934e-01
-3.376282155513763428e-01 -7.306568622589111328e-01
4.821558594703674316e-01 7.794992327690124512e-01
1.008140325546264648e+00 5.097849965095520020e-01
6.974786520004272461e-01 2.938590645790100098e-01
-9.652435183525085449e-01 -4.964177906513214111e-01
1.504568159580230713e-01 -1.229673326015472412e-01
-7.779827713966369629e-01 -4.496842324733734131e-01
-2.716043591499328613e-01 9.046037495136260986e-02
1.419047474861145020e+00 1.818596720695495605e+00
-5.502114892005920410e-01 -9.919546246528625488e-01
-1.688873618841171265e-01 -5.698850154876708984e-01
9.934899806976318359e-01 4.962946474552154541e-01
1.140051841735839844e+00 6.835958361625671387e-01
6.144800782203674316e-01 9.950528144836425781e-01
-1.137337565422058105e+00 -7.215473055839538574e-01
7.363906502723693848e-01 3.470023572444915771e-01
3.340448737144470215e-01 7.534738183021545410e-01
3.463617563247680664e-01 8.675420880317687988e-01
-4.777232706546783447e-01 -9.275011420249938965e-01
4.980133473873138428e-01 8.941833972930908203e-01
-2.427009940147399902e-01 -6.642556190490722656e-01
-3.530007600784301758e-01 -8.299154639244079590e-01
-3.538650274276733398e-02 -4.492692351341247559e-01
-1.281244009733200073e-01 3.062558770179748535e-01
-5.493795871734619141e-01 -1.698967963457107544e-01
-7.890413999557495117e-01 -1.119492650032043457e+00
-5.149120688438415527e-01 -2.443653643131256104e-01
2.626484632492065430e-01 -2.167812138795852661e-01
1.192297935485839844e+00 6.682407259941101074e-01
-2.133673578500747681e-01 2.181601375341415405e-01
3.437924683094024658e-01 -1.026184111833572388e-01
2.905199527740478516e-01 5.891335606575012207e-01
-1.476405978202819824e+00 -1.175870537757873535e+00
-1.226653814315795898e+00 -8.711702823638916016e-01
-1.176524162292480469e+00 -8.833441734313964844e-01
-7.167154550552368164e-01 -2.073439508676528931e-01
