5.687524080276489258e-01 1.962766498327255249e-01
-1.141056641936302185e-01 4.510815143585205078e-01
1.503533124923706055e-02 4.011099934577941895e-01
-5.822452306747436523e-01 -1.171927928924560547e+00
-5.096554160118103027e-01 -3.552056849002838135e-03
8.532111644744873047e-01 4.451493024826049805e-01
5.532639101147651672e-02 -3.234884142875671387e-01
-7.073868513107299805e-01 1.225786209106445312e-01
-1.350384831428527832e+00 -7.037771940231323242e-01
9.963919520378112793e-01 -4.137359559535980225e-01
-8.843564987182617188e-01 -1.447233796119689941e+00
5.542305111885070801e-01 9.219179153442382812e-01
6.710196733474731445e-01 9.159497916698455811e-02
-5.587003380060195923e-02 -5.387849211692810059e-01
6.924276351928710938e-01 2.999100983142852783e-01
1.027885198593139648e+00 5.980394482612609863e-01
-6.675618886947631836e-01 -1.183079123497009277e+00
-6.767544150352478027e-01 -9.778535366058349609e-01
4.596444368362426758e-01 2.449413537979125977e-01
2.602929472923278809e-01 7.563328146934509277e-01
5.808733105659484863e-01 -1.169469580054283142e-01
2.093671560287475586e-01 9.490885734558105469e-01
-9.911153912544250488e-01 -7.612909078598022461e-01
-6.302224472165107727e-03 3.102084100246429443e-01
2.165780067443847656e-01 7.587828636169433594e-01
-2.781018614768981934e-01 3.169859647750854492e-01
6.241063401103019714e-02 5.707154273986816406e-01
-1.328016161918640137e+00 -9.435065388679504395e-01
2.843011021614074707e-01 8.395003676414489746e-01
6.955907344818115234e-01 2.584959864616394043e-01
-6.143213510513305664e-01 -9.141509532928466797e-01
8.143182396888732910e-01 3.641441464424133301e-01
9.278118610382080078e-01 5.652982592582702637e-01
1.131930589675903320e+00 7.288036942481994629e-01
-1.381452798843383789e+00 -9.803370833396911621e-01
-9.391422271728515625e-01 -4.462038874626159668e-01
-2.542641162872314453e-01 1.584496498107910156e-01
-8.511504530906677246e-01 -6.547701954841613770e-01
5.483787059783935547e-01 6.802470237016677856e-02
5.777131319046020508e-01 1.026375532150268555e+00
5.123010873794555664e-01 -2.850136719644069672e-02
8.124147057533264160e-01 3.008470833301544189e-01
1.256088167428970337e-01 -5.975864529609680176e-01
1.412982583045959473e+00 1.057727456092834473e+00
-1.564174145460128784e-02 -6.955031752586364746e-01
-1.852586865425109863e-01 4.314889907836914062e-01
-5.114697217941284180e-01 9.971437603235244751e-02
1.782513856887817383e-01 7.172497510910034180e-01
-3.530299067497253418e-01 1.674594134092330933e-01
-2.747235894203186035e-01 2.435937523841857910e-01
