-5.012962222099304199e-01 -2.718229293823242188e-01
2.341098189353942871e-01 4.711496233940124512e-01
-8.095192909240722656e-01 -4.570845663547515869e-01
6.186807751655578613e-01 8.575308322906494141e-01
-6.136348471045494080e-02 -4.857936203479766846e-01
-4.237594902515411377e-01 -7.068308591842651367e-01
-2.262835502624511719e-01 -5.426613092422485352e-01
-4.615876078605651855e-01 -7.215497642755508423e-02
-7.204748988151550293e-01 -4.366519451141357422e-01
1.066396594047546387e+00 8.419453501701354980e-01
2.045835852622985840e-01 3.657267987728118896e-02
-2.796872556209564209e-01 1.871708594262599945e-02
-9.058637619018554688e-01 -1.470659255981445312e+00
-9.300432801246643066e-01 -1.178273081779479980e+00
-8.078410625457763672e-01 -1.051496624946594238e+00
-1.989716887474060059e-01 -4.558060467243194580e-01
2.656705379486083984e-01 -3.575224429368972778e-02
-4.465639889240264893e-01 -6.772226691246032715e-01
2.573775053024291992e-01 -6.482501327991485596e-02
5.932558178901672363e-01 9.947254061698913574e-01
3.135805726051330566e-01 6.290221810340881348e-01
3.262471854686737061e-01 6.491656899452209473e-01
1.564778238534927368e-01 -2.366800755262374878e-01
4.373038411140441895e-01 2.670808732509613037e-01
-3.481928408145904541e-01 -7.117091864347457886e-02
2.712977118790149689e-03 -3.011650145053863525e-01
-7.581433653831481934e-01 -1.034210920333862305e+00
7.745102643966674805e-01 4.961994588375091553e-01
-6.528053879737854004e-01 -9.833232760429382324e-01
1.010647714138031006e-01 3.349565565586090088e-01
-5.085380673408508301e-01 -8.653085231781005859e-01
2.747254073619842529e-01 1.033420637249946594e-01
9.588570594787597656e-01 1.173243284225463867e+00
7.779583930969238281e-01 4.620077013969421387e-01
1.738343238830566406e+00 1.492149710655212402e+00
1.753088384866714478e-01 3.554001450538635254e-01
3.022806942462921143e-01 -1.730392873287200928e-01
8.173736929893493652e-01 4.740081727504730225e-01
2.467953860759735107e-01 5.072395205497741699e-01
-1.382876038551330566e-01 1.021176427602767944e-01
1.551451086997985840e-01 -5.100110769271850586e-01
-3.754604458808898926e-01 -2.021179720759391785e-02
6.595796942710876465e-01 -1.532286703586578369e-01
-3.755693435668945312e-01 -1.173471510410308838e-01
-7.129384279251098633e-01 -4.319434762001037598e-01
3.604338467121124268e-01 -7.231366634368896484e-02
-1.299425125122070312e+00 -9.377925992012023926e-01
-4.703243970870971680e-01 3.923301026225090027e-02
3.862716555595397949e-01 1.669899523258209229e-01
-3.472753763198852539e-01 -6.991094350814819336e-01
9.171762317419052124e-02 3.210251331329345703e-01
-1.745875477790832520e-01 -5.397585630416870117e-01
-2.613311707973480225e-01 -6.139670014381408691e-01
-5.022182464599609375e-01 -3.633854389190673828e-01
1.549218297004699707e+00 1.225158810615539551e+00
-5.777060389518737793e-01 -2.877912819385528564e-01
-5.410389304161071777e-01 -2.332683652639389038e-01
-3.466178774833679199e-01 -3.374036028981208801e-02
-3.279836848378181458e-02 -2.427233308553695679e-01
3.683056533336639404e-01 2.800705134868621826e-01
