0.6201171875 0.6361844539642334 952.0 12571.0 23578.0 1457.0
0.8818359375 0.8790134191513062 369.0 2625.0 33524.0 2040.0
0.892578125 0.8992945551872253 331.0 1805.0 34344.0 2078.0
0.9033203125 0.908423662185669 320.0 1442.0 34707.0 2089.0
0.912109375 0.9169562458992004 297.0 1090.0 35059.0 2112.0
0.9326171875 0.9233362674713135 245.0 792.0 35357.0 2164.0
0.93359375 0.9275118112564087 229.0 615.0 35534.0 2180.0
0.927734375 0.9304943084716797 208.0 479.0 35670.0 2201.0
0.939453125 0.9324135184288025 190.0 387.0 35762.0 2219.0
0.9306640625 0.9335805773735046 226.0 378.0 35771.0 2183.0
0.94140625 0.9344105124473572 208.0 328.0 35821.0 2201.0
0.9306640625 0.9346179962158203 219.0 331.0 35818.0 2190.0
0.9384765625 0.9352144598960876 183.0 272.0 35877.0 2226.0
0.935546875 0.9358109831809998 208.0 274.0 35875.0 2201.0
0.9443359375 0.9362778067588806 234.0 282.0 35867.0 2175.0
0.9462890625 0.9363037347793579 232.0 279.0 35870.0 2177.0
0.9375 0.9364852905273438 263.0 303.0 35846.0 2146.0
0.9365234375 0.9367446303367615 250.0 280.0 35869.0 2159.0
0.9365234375 0.9366668462753296 306.0 339.0 35810.0 2103.0
0.9375 0.9368743300437927 280.0 305.0 35844.0 2129.0
0.9306640625 0.937185525894165 299.0 312.0 35837.0 2110.0
0.931640625 0.9369780421257019 315.0 336.0 35813.0 2094.0
0.93359375 0.9370818138122559 340.0 357.0 35792.0 2069.0
0.9345703125 0.9375227093696594 341.0 341.0 35808.0 2068.0
0.9345703125 0.9369780421257019 347.0 368.0 35781.0 2062.0
0.9375 0.9374707937240601 346.0 348.0 35801.0 2063.0
0.9423828125 0.9370299577713013 377.0 396.0 35753.0 2032.0
0.9423828125 0.9371077418327332 393.0 409.0 35740.0 2016.0
0.943359375 0.9374967813491821 398.0 399.0 35750.0 2011.0
0.935546875 0.937574565410614 380.0 378.0 35771.0 2029.0
0.935546875 0.9375227093696594 399.0 399.0 35750.0 2010.0
0.943359375 0.9374448657035828 408.0 411.0 35738.0 2001.0
0.9423828125 0.9371595978736877 411.0 425.0 35724.0 1998.0
0.9345703125 0.9372373819351196 429.0 440.0 35709.0 1980.0
0.9462890625 0.9369780421257019 431.0 452.0 35697.0 1978.0
0.9384765625 0.9375486373901367 433.0 432.0 35717.0 1976.0
0.94921875 0.9375486373901367 454.0 453.0 35696.0 1955.0
0.939453125 0.9378857612609863 443.0 429.0 35720.0 1966.0
0.9482421875 0.9374189376831055 458.0 462.0 35687.0 1951.0
0.9365234375 0.9377042651176453 461.0 454.0 35695.0 1948.0
0.9296875 0.9378079771995544 461.0 450.0 35699.0 1948.0
0.9365234375 0.9381970167160034 451.0 425.0 35724.0 1958.0
0.9365234375 0.9381191730499268 460.0 437.0 35712.0 1949.0
0.9375 0.937859833240509 471.0 458.0 35691.0 1938.0
0.9326171875 0.9385859966278076 465.0 424.0 35725.0 1944.0
0.9365234375 0.9380154609680176 448.0 429.0 35720.0 1961.0
0.9375 0.9383525848388672 470.0 438.0 35711.0 1939.0
0.9423828125 0.938637912273407 466.0 423.0 35726.0 1943.0
0.93359375 0.938534140586853 458.0 419.0 35730.0 1951.0
0.9384765625 0.9384045004844666 497.0 463.0 35686.0 1912.0
0.93359375 0.9388972520828247 509.0 456.0 35693.0 1900.0
0.9375 0.9390009641647339 508.0 451.0 35698.0 1901.0
0.935546875 0.9385600686073303 521.0 481.0 35668.0 1888.0
0.9365234375 0.9383266568183899 525.0 494.0 35655.0 1884.0
0.9423828125 0.9385600686073303 522.0 482.0 35667.0 1887.0
0.951171875 0.9390528798103333 464.0 405.0 35744.0 1945.0
0.9462890625 0.9386119842529297 519.0 477.0 35672.0 1890.0
0.9404296875 0.939312219619751 525.0 456.0 35693.0 1884.0
0.943359375 0.9389491081237793 530.0 475.0 35674.0 1879.0
0.939453125 0.938923180103302 526.0 472.0 35677.0 1883.0
0.943359375 0.9395456314086914 535.0 457.0 35692.0 1874.0
0.9443359375 0.9395715594291687 532.0 453.0 35696.0 1877.0
0.947265625 0.9394418597221375 538.0 464.0 35685.0 1871.0
0.9443359375 0.938923180103302 562.0 508.0 35641.0 1847.0
0.935546875 0.9391047358512878 530.0 469.0 35680.0 1879.0
0.939453125 0.9394937753677368 573.0 497.0 35652.0 1836.0
0.9443359375 0.9397271871566772 579.0 494.0 35655.0 1830.0
0.9384765625 0.9396752715110779 568.0 485.0 35664.0 1841.0
0.9462890625 0.9394159317016602 589.0 516.0 35633.0 1820.0
0.9423828125 0.939597487449646 574.0 494.0 35655.0 1835.0
0.9453125 0.940660834312439 567.0 446.0 35703.0 1842.0
0.94140625 0.9394677877426147 585.0 510.0 35639.0 1824.0
0.9365234375 0.9401940107345581 578.0 475.0 35674.0 1831.0
0.9443359375 0.9399346709251404 574.0 481.0 35668.0 1835.0
0.9404296875 0.9401420950889587 559.0 458.0 35691.0 1850.0
0.9423828125 0.9400383830070496 592.0 495.0 35654.0 1817.0
0.9423828125 0.9401940107345581 567.0 464.0 35685.0 1842.0
0.94140625 0.9400383830070496 602.0 505.0 35644.0 1807.0
0.9345703125 0.9404792785644531 590.0 476.0 35673.0 1819.0
0.93359375 0.9403495788574219 609.0 500.0 35649.0 1800.0
0.9326171875 0.940557062625885 613.0 496.0 35653.0 1796.0
0.9375 0.9406867623329163 602.0 480.0 35669.0 1807.0
0.935546875 0.9400643110275269 624.0 526.0 35623.0 1785.0
0.943359375 0.9407645463943481 598.0 473.0 35676.0 1811.0
0.935546875 0.9407386183738708 627.0 503.0 35646.0 1782.0
0.9326171875 0.9404014945030212 639.0 528.0 35621.0 1770.0
0.9501953125 0.9408683180809021 641.0 512.0 35637.0 1768.0
0.931640625 0.9412832856178284 627.0 482.0 35667.0 1782.0
0.9384765625 0.9410238862037659 643.0 508.0 35641.0 1766.0
0.9423828125 0.9412054419517517 631.0 489.0 35660.0 1778.0
0.9384765625 0.941335141658783 623.0 476.0 35673.0 1786.0
0.951171875 0.940946102142334 652.0 520.0 35629.0 1757.0
0.9521484375 0.9408942461013794 637.0 507.0 35642.0 1772.0
0.93359375 0.9414388537406921 630.0 479.0 35670.0 1779.0
0.955078125 0.9415166974067688 634.0 480.0 35669.0 1775.0
0.9404296875 0.9415685534477234 637.0 481.0 35668.0 1772.0
0.9365234375 0.9415426254272461 643.0 488.0 35661.0 1766.0
0.9453125 0.9411795139312744 668.0 527.0 35622.0 1741.0
0.9375 0.9414907693862915 651.0 498.0 35651.0 1758.0
0.9462890625 0.9412054419517517 653.0 511.0 35638.0 1756.0
0.9423828125 0.9412054419517517 647.0 505.0 35644.0 1762.0
0.953125 0.9413869976997375 672.0 523.0 35626.0 1737.0
0.9384765625 0.9411017298698425 663.0 525.0 35624.0 1746.0
0.9482421875 0.9416463375091553 641.0 482.0 35667.0 1768.0
0.9365234375 0.941620409488678 677.0 519.0 35630.0 1732.0
0.9384765625 0.9418797492980957 678.0 510.0 35639.0 1731.0
0.94140625 0.9414388537406921 673.0 522.0 35627.0 1736.0
0.951171875 0.9416981935501099 670.0 509.0 35640.0 1739.0
0.9462890625 0.9418019652366638 683.0 518.0 35631.0 1726.0
0.9453125 0.9421650767326355 678.0 499.0 35650.0 1731.0
0.94140625 0.9421131610870361 672.0 495.0 35654.0 1737.0
0.9462890625 0.9420872330665588 678.0 502.0 35647.0 1731.0
0.9384765625 0.9424762725830078 674.0 483.0 35666.0 1735.0
0.9541015625 0.9424244165420532 696.0 507.0 35642.0 1713.0
0.94921875 0.9423206448554993 684.0 499.0 35650.0 1725.0
0.9501953125 0.9425281286239624 658.0 465.0 35684.0 1751.0
0.9345703125 0.9426319003105164 691.0 494.0 35655.0 1718.0
0.9423828125 0.9416463375091553 715.0 556.0 35593.0 1694.0
0.9365234375 0.9423206448554993 688.0 503.0 35646.0 1721.0
0.9423828125 0.9425281286239624 683.0 490.0 35659.0 1726.0
0.94921875 0.9419835209846497 712.0 540.0 35609.0 1697.0
0.9462890625 0.9429949522018433 697.0 486.0 35663.0 1712.0
0.9462890625 0.9422687888145447 692.0 509.0 35640.0 1717.0
0.9443359375 0.9423465728759766 690.0 504.0 35645.0 1719.0
0.951171875 0.9426578283309937 690.0 492.0 35657.0 1719.0
0.9443359375 0.9427356123924255 710.0 509.0 35640.0 1699.0
0.9345703125 0.9428653120994568 704.0 498.0 35651.0 1705.0
0.943359375 0.9428653120994568 697.0 491.0 35658.0 1712.0
0.947265625 0.9429171681404114 695.0 487.0 35662.0 1714.0
0.947265625 0.9428393840789795 706.0 501.0 35648.0 1703.0
0.94921875 0.9427096843719482 731.0 531.0 35618.0 1678.0
0.943359375 0.9432283639907837 726.0 506.0 35643.0 1683.0
0.9482421875 0.9428653120994568 728.0 522.0 35627.0 1681.0
0.94140625 0.9432283639907837 706.0 486.0 35663.0 1703.0
0.9404296875 0.9434099197387695 743.0 516.0 35633.0 1666.0
0.9365234375 0.942683756351471 744.0 545.0 35604.0 1665.0
0.9453125 0.9433321356773376 722.0 498.0 35651.0 1687.0
0.947265625 0.9434358477592468 727.0 499.0 35650.0 1682.0
0.943359375 0.9435136914253235 714.0 483.0 35666.0 1695.0
0.9462890625 0.9438248872756958 730.0 487.0 35662.0 1679.0
0.9482421875 0.9436951875686646 729.0 491.0 35658.0 1680.0
0.951171875 0.9433580636978149 745.0 520.0 35629.0 1664.0
0.9482421875 0.9432283639907837 748.0 528.0 35621.0 1661.0
0.94140625 0.9438767433166504 708.0 463.0 35686.0 1701.0
0.9462890625 0.9437730312347412 731.0 490.0 35659.0 1678.0
0.9384765625 0.9440064430236816 733.0 483.0 35666.0 1676.0
0.935546875 0.9435396194458008 741.0 509.0 35640.0 1668.0
0.9443359375 0.9435136914253235 729.0 498.0 35651.0 1680.0
0.94921875 0.943254292011261 752.0 531.0 35618.0 1657.0
0.951171875 0.9436951875686646 750.0 512.0 35637.0 1659.0
0.9541015625 0.9433062076568604 757.0 534.0 35615.0 1652.0
0.9404296875 0.9442398548126221 734.0 475.0 35674.0 1675.0
