0.357421875 0.38222935795783997 1751.0 23162.0 12987.0 658.0
0.939453125 0.931194543838501 100.0 344.0 35805.0 2309.0
0.9375 0.9356294274330139 130.0 203.0 35946.0 2279.0
0.93359375 0.9357331991195679 276.0 345.0 35804.0 2133.0
0.927734375 0.9359666109085083 329.0 389.0 35760.0 2080.0
0.935546875 0.9354738593101501 380.0 459.0 35690.0 2029.0
0.9375 0.9350588917732239 503.0 598.0 35551.0 1906.0
0.9375 0.9351626038551331 552.0 643.0 35506.0 1857.0
0.931640625 0.9365630745887756 512.0 549.0 35600.0 1897.0
0.93359375 0.9364075064659119 553.0 596.0 35553.0 1856.0
0.939453125 0.9356034994125366 630.0 704.0 35445.0 1779.0
0.935546875 0.9388713240623474 534.0 482.0 35667.0 1875.0
0.927734375 0.9368743300437927 634.0 659.0 35490.0 1775.0
0.943359375 0.9365630745887756 656.0 693.0 35456.0 1753.0
0.9453125 0.9383007287979126 619.0 589.0 35560.0 1790.0
0.9296875 0.9365890622138977 667.0 703.0 35446.0 1742.0
0.943359375 0.9370039701461792 675.0 695.0 35454.0 1734.0
0.9375 0.9355257153511047 750.0 827.0 35322.0 1659.0
0.951171875 0.9384304285049438 725.0 690.0 35459.0 1684.0
0.94140625 0.9390009641647339 708.0 651.0 35498.0 1701.0
0.943359375 0.9398568272590637 712.0 622.0 35527.0 1697.0
0.947265625 0.9381191730499268 781.0 758.0 35391.0 1628.0
0.94140625 0.9404274225234985 734.0 622.0 35527.0 1675.0
0.92578125 0.9381710886955261 794.0 769.0 35380.0 1615.0
0.94140625 0.939597487449646 705.0 625.0 35524.0 1704.0
0.9453125 0.9386638402938843 809.0 765.0 35384.0 1600.0
0.93359375 0.9401420950889587 773.0 672.0 35477.0 1636.0
0.939453125 0.9386638402938843 786.0 742.0 35407.0 1623.0
0.931640625 0.94027179479599 762.0 656.0 35493.0 1647.0
0.939453125 0.9369521141052246 897.0 919.0 35230.0 1512.0
0.931640625 0.9386897683143616 850.0 805.0 35344.0 1559.0
0.923828125 0.940375566482544 798.0 688.0 35461.0 1611.0
0.939453125 0.9379895329475403 888.0 870.0 35279.0 1521.0
0.94140625 0.9394677877426147 813.0 738.0 35411.0 1596.0
0.955078125 0.9411535859107971 832.0 692.0 35457.0 1577.0
0.95703125 0.9412054419517517 832.0 690.0 35459.0 1577.0
0.94140625 0.9399086833000183 886.0 794.0 35355.0 1523.0
0.9296875 0.9399346709251404 895.0 802.0 35347.0 1514.0
0.931640625 0.9428133964538574 772.0 568.0 35581.0 1637.0
0.935546875 0.9417760372161865 898.0 734.0 35415.0 1511.0
0.955078125 0.9412572979927063 904.0 760.0 35389.0 1505.0
0.9375 0.9411535859107971 944.0 804.0 35345.0 1465.0
0.93359375 0.9428133964538574 902.0 698.0 35451.0 1507.0
0.9453125 0.9418278932571411 931.0 765.0 35384.0 1478.0
0.93359375 0.941905677318573 934.0 765.0 35384.0 1475.0
0.9375 0.9407126903533936 1004.0 881.0 35268.0 1405.0
0.9609375 0.942579984664917 925.0 730.0 35419.0 1484.0
0.9453125 0.9419316649436951 972.0 802.0 35347.0 1437.0
0.94140625 0.942969024181366 922.0 712.0 35437.0 1487.0
0.951171875 0.9421390891075134 964.0 786.0 35363.0 1445.0
0.9453125 0.941905677318573 993.0 824.0 35325.0 1416.0
0.951171875 0.9455106854438782 896.0 588.0 35561.0 1513.0
0.953125 0.9430727958679199 1020.0 806.0 35343.0 1389.0
0.93359375 0.9441879987716675 988.0 731.0 35418.0 1421.0
0.943359375 0.9448623061180115 992.0 709.0 35440.0 1417.0
0.935546875 0.944602906703949 1014.0 741.0 35408.0 1395.0
0.9296875 0.944628894329071 1021.0 747.0 35402.0 1388.0
0.94921875 0.943954586982727 1014.0 766.0 35383.0 1395.0
0.947265625 0.9437989592552185 1062.0 820.0 35329.0 1347.0
0.935546875 0.9442917108535767 1039.0 778.0 35371.0 1370.0
0.953125 0.9443694949150085 1062.0 798.0 35351.0 1347.0
0.943359375 0.943254292011261 1054.0 833.0 35316.0 1355.0
0.9453125 0.9440582990646362 1085.0 833.0 35316.0 1324.0
0.947265625 0.9432024359703064 1060.0 841.0 35308.0 1349.0
0.951171875 0.9447844624519348 1059.0 779.0 35370.0 1350.0
0.947265625 0.944602906703949 1071.0 798.0 35351.0 1338.0
0.9296875 0.9444473385810852 1054.0 787.0 35362.0 1355.0
0.939453125 0.944628894329071 1043.0 769.0 35380.0 1366.0
0.939453125 0.943254292011261 1098.0 877.0 35272.0 1311.0
0.94140625 0.9450957179069519 1069.0 777.0 35372.0 1340.0
0.9375 0.9431246519088745 1090.0 874.0 35275.0 1319.0
0.95703125 0.9445510506629944 1081.0 810.0 35339.0 1328.0
0.951171875 0.9467555284500122 1002.0 646.0 35503.0 1407.0
0.935546875 0.9469111561775208 1025.0 663.0 35486.0 1384.0
0.939453125 0.9450178742408752 1044.0 755.0 35394.0 1365.0
0.927734375 0.9460034370422363 1057.0 730.0 35419.0 1352.0
0.955078125 0.9430208802223206 1122.0 910.0 35239.0 1287.0
0.9609375 0.9433062076568604 1093.0 870.0 35279.0 1316.0
0.955078125 0.9454069137573242 1038.0 734.0 35415.0 1371.0
0.9453125 0.9447066783905029 1092.0 815.0 35334.0 1317.0
0.953125 0.9448882341384888 1073.0 789.0 35360.0 1336.0
0.947265625 0.9433321356773376 1089.0 865.0 35284.0 1320.0
0.927734375 0.9458737373352051 1046.0 724.0 35425.0 1363.0
0.9453125 0.9435396194458008 1115.0 883.0 35266.0 1294.0
0.947265625 0.9426319003105164 1136.0 939.0 35210.0 1273.0
0.935546875 0.9439026713371277 1093.0 847.0 35302.0 1316.0
0.931640625 0.9441879987716675 1109.0 852.0 35297.0 1300.0
0.953125 0.9462368488311768 1051.0 715.0 35434.0 1358.0
0.94921875 0.943254292011261 1106.0 885.0 35264.0 1303.0
0.94921875 0.9456403255462646 1070.0 757.0 35392.0 1339.0
0.9453125 0.9461330771446228 1071.0 739.0 35410.0 1338.0
0.94921875 0.9441879987716675 1127.0 870.0 35279.0 1282.0
0.947265625 0.9417760372161865 1116.0 952.0 35197.0 1293.0
0.953125 0.9437471032142639 1136.0 896.0 35253.0 1273.0
0.939453125 0.9428653120994568 1094.0 888.0 35261.0 1315.0
0.939453125 0.9461590051651001 1118.0 785.0 35364.0 1291.0
0.953125 0.944991946220398 1122.0 834.0 35315.0 1287.0
0.9453125 0.9455106854438782 1099.0 791.0 35358.0 1310.0
0.943359375 0.943954586982727 1160.0 912.0 35237.0 1249.0
0.939453125 0.9451735019683838 1112.0 817.0 35332.0 1297.0
0.94921875 0.944602906703949 1123.0 850.0 35299.0 1286.0
0.94921875 0.9429430961608887 1157.0 948.0 35201.0 1252.0
0.943359375 0.9419575929641724 1179.0 1008.0 35141.0 1230.0
0.955078125 0.9457440972328186 1118.0 801.0 35348.0 1291.0
0.94140625 0.9459515810012817 1077.0 752.0 35397.0 1332.0
0.943359375 0.9435396194458008 1120.0 888.0 35261.0 1289.0
0.9453125 0.9440064430236816 1157.0 907.0 35242.0 1252.0
0.935546875 0.9437211751937866 1183.0 944.0 35205.0 1226.0
0.9375 0.9468073844909668 1116.0 758.0 35391.0 1293.0
0.94140625 0.9451216459274292 1107.0 814.0 35335.0 1302.0
0.9375 0.9458737373352051 1094.0 772.0 35377.0 1315.0
0.94140625 0.9428393840789795 1174.0 969.0 35180.0 1235.0
0.943359375 0.9435655474662781 1137.0 904.0 35245.0 1272.0
0.94921875 0.9446807503700256 1099.0 823.0 35326.0 1310.0
0.943359375 0.9438508152961731 1161.0 917.0 35232.0 1248.0
0.94921875 0.9443435668945312 1158.0 895.0 35254.0 1251.0
0.947265625 0.9434099197387695 1143.0 916.0 35233.0 1266.0
0.958984375 0.9453550577163696 1058.0 756.0 35393.0 1351.0
0.939453125 0.944317638874054 1115.0 853.0 35296.0 1294.0
0.947265625 0.9434358477592468 1156.0 928.0 35221.0 1253.0
0.9609375 0.9453809857368469 1118.0 815.0 35334.0 1291.0
0.958984375 0.9469889402389526 1053.0 688.0 35461.0 1356.0
0.955078125 0.9438508152961731 1155.0 911.0 35238.0 1254.0
0.94140625 0.9447844624519348 1173.0 893.0 35256.0 1236.0
0.951171875 0.9449141621589661 1146.0 861.0 35288.0 1263.0
0.958984375 0.9441620707511902 1174.0 918.0 35231.0 1235.0
0.939453125 0.9437730312347412 1179.0 938.0 35211.0 1230.0
0.951171875 0.9452772736549377 1140.0 841.0 35308.0 1269.0
0.955078125 0.9464443325996399 1098.0 754.0 35395.0 1311.0
0.9375 0.9452253580093384 1147.0 850.0 35299.0 1262.0
0.951171875 0.9465480446815491 1125.0 777.0 35372.0 1284.0
0.95703125 0.9460293650627136 1075.0 747.0 35402.0 1334.0
0.951171875 0.9435396194458008 1174.0 942.0 35207.0 1235.0
0.93359375 0.9440842270851135 1155.0 902.0 35247.0 1254.0
0.947265625 0.9449400901794434 1178.0 892.0 35257.0 1231.0
0.94921875 0.9463146328926086 1183.0 844.0 35305.0 1226.0
0.9609375 0.9457700252532959 1142.0 824.0 35325.0 1267.0
0.9375 0.9438248872756958 1132.0 889.0 35260.0 1277.0
0.943359375 0.9447585344314575 1178.0 899.0 35250.0 1231.0
0.955078125 0.9445769786834717 1153.0 881.0 35268.0 1256.0
0.94921875 0.9424762725830078 1193.0 1002.0 35147.0 1216.0
0.927734375 0.9458737373352051 1184.0 862.0 35287.0 1225.0
0.95703125 0.9468073844909668 1070.0 712.0 35437.0 1339.0
0.953125 0.9454069137573242 1169.0 865.0 35284.0 1240.0
0.927734375 0.9434358477592468 1222.0 994.0 35155.0 1187.0
0.943359375 0.9453809857368469 1161.0 858.0 35291.0 1248.0
0.951171875 0.9467036724090576 1111.0 757.0 35392.0 1298.0
0.9296875 0.9437730312347412 1174.0 933.0 35216.0 1235.0
0.955078125 0.9455366134643555 1168.0 859.0 35290.0 1241.0
0.953125 0.9475076794624329 1126.0 741.0 35408.0 1283.0
0.943359375 0.9456662535667419 1205.0 891.0 35258.0 1204.0
0.958984375 0.9467296004295349 1134.0 779.0 35370.0 1275.0
0.9609375 0.9458737373352051 1110.0 788.0 35361.0 1299.0
0.939453125 0.9451216459274292 1169.0 876.0 35273.0 1240.0
0.943359375 0.9444473385810852 1166.0 899.0 35250.0 1243.0
0.9453125 0.9434617757797241 1173.0 944.0 35205.0 1236.0
0.943359375 0.9464702606201172 1143.0 798.0 35351.0 1266.0
0.958984375 0.9461849927902222 1117.0 783.0 35366.0 1292.0
0.951171875 0.9457700252532959 1143.0 825.0 35324.0 1266.0
0.953125 0.9460552930831909 1157.0 828.0 35321.0 1252.0
0.9453125 0.946651816368103 1110.0 758.0 35391.0 1299.0
0.958984375 0.9472223520278931 1146.0 772.0 35377.0 1263.0
0.955078125 0.9449141621589661 1189.0 904.0 35245.0 1220.0
0.943359375 0.9447844624519348 1207.0 927.0 35222.0 1202.0
0.9375 0.9459515810012817 1154.0 829.0 35320.0 1255.0
0.9453125 0.9462887048721313 1122.0 784.0 35365.0 1287.0
0.947265625 0.9454328417778015 1116.0 811.0 35338.0 1293.0
0.955078125 0.9455884695053101 1184.0 873.0 35276.0 1225.0
0.962890625 0.9444991946220398 1164.0 895.0 35254.0 1245.0
0.951171875 0.9447326064109802 1211.0 933.0 35216.0 1198.0
0.94921875 0.9446548223495483 1179.0 904.0 35245.0 1230.0
0.93359375 0.9447585344314575 1228.0 949.0 35200.0 1181.0
0.953125 0.9444214105606079 1195.0 929.0 35220.0 1214.0
0.943359375 0.9445769786834717 1164.0 892.0 35257.0 1245.0
0.94140625 0.9454069137573242 1185.0 881.0 35268.0 1224.0
0.951171875 0.9453550577163696 1171.0 869.0 35280.0 1238.0
0.9609375 0.9473001956939697 1078.0 701.0 35448.0 1331.0
0.947265625 0.9468852281570435 1131.0 770.0 35379.0 1278.0
0.939453125 0.9460812211036682 1111.0 781.0 35368.0 1298.0
0.939453125 0.9456662535667419 1152.0 838.0 35311.0 1257.0
0.96484375 0.945303201675415 1187.0 887.0 35262.0 1222.0
0.966796875 0.9453550577163696 1139.0 837.0 35312.0 1270.0
0.943359375 0.9459515810012817 1150.0 825.0 35324.0 1259.0
0.94140625 0.9459515810012817 1185.0 860.0 35289.0 1224.0
0.955078125 0.9461071491241455 1147.0 816.0 35333.0 1262.0
0.943359375 0.9468073844909668 1193.0 835.0 35314.0 1216.0
0.931640625 0.946651816368103 1153.0 801.0 35348.0 1256.0
0.94140625 0.9438508152961731 1260.0 1016.0 35133.0 1149.0
0.927734375 0.9471186399459839 1163.0 793.0 35356.0 1246.0
0.951171875 0.9470667839050293 1175.0 807.0 35342.0 1234.0
0.955078125 0.9470407962799072 1169.0 802.0 35347.0 1240.0
0.955078125 0.9447066783905029 1143.0 866.0 35283.0 1266.0
0.96875 0.9471704959869385 1143.0 771.0 35378.0 1266.0
0.939453125 0.9472482800483704 1173.0 798.0 35351.0 1236.0
0.962890625 0.9458478093147278 1161.0 840.0 35309.0 1248.0
0.9296875 0.945977509021759 1180.0 854.0 35295.0 1229.0
0.955078125 0.9464961886405945 1110.0 764.0 35385.0 1299.0
0.94140625 0.9466777443885803 1161.0 808.0 35341.0 1248.0
0.93359375 0.9473520517349243 1101.0 722.0 35427.0 1308.0
0.9609375 0.9441360831260681 1240.0 985.0 35164.0 1169.0
0.955078125 0.9440582990646362 1226.0 974.0 35175.0 1183.0
0.953125 0.9466777443885803 1184.0 831.0 35318.0 1225.0
0.9375 0.9461590051651001 1218.0 885.0 35264.0 1191.0
0.9453125 0.946262776851654 1174.0 837.0 35312.0 1235.0
0.947265625 0.9462887048721313 1208.0 870.0 35279.0 1201.0
0.953125 0.9453809857368469 1205.0 902.0 35247.0 1204.0
0.94140625 0.9458218812942505 1234.0 914.0 35235.0 1175.0
0.9453125 0.9462887048721313 1194.0 856.0 35293.0 1215.0
0.95703125 0.9462887048721313 1177.0 839.0 35310.0 1232.0
0.955078125 0.9450957179069519 1193.0 901.0 35248.0 1216.0
0.9609375 0.9469111561775208 1171.0 809.0 35340.0 1238.0
0.94140625 0.9469889402389526 1138.0 773.0 35376.0 1271.0
0.953125 0.9454328417778015 1185.0 880.0 35269.0 1224.0
0.9375 0.9447585344314575 1230.0 951.0 35198.0 1179.0
0.9609375 0.9481300711631775 1148.0 739.0 35410.0 1261.0
0.9375 0.9431246519088745 1259.0 1043.0 35106.0 1150.0
0.94140625 0.9453809857368469 1173.0 870.0 35279.0 1236.0
0.9609375 0.9474039077758789 1118.0 737.0 35412.0 1291.0
0.953125 0.9465480446815491 1152.0 804.0 35345.0 1257.0
0.943359375 0.9437211751937866 1225.0 986.0 35163.0 1184.0
0.94921875 0.9442657828330994 1228.0 968.0 35181.0 1181.0
0.955078125 0.9436692595481873 1234.0 997.0 35152.0 1175.0
0.923828125 0.9450438022613525 1239.0 949.0 35200.0 1170.0
0.955078125 0.9467036724090576 1150.0 796.0 35353.0 1259.0
0.9453125 0.9464702606201172 1162.0 817.0 35332.0 1247.0
0.953125 0.9456403255462646 1180.0 867.0 35282.0 1229.0
0.953125 0.9454846978187561 1193.0 886.0 35263.0 1216.0
0.953125 0.9462109208106995 1189.0 854.0 35295.0 1220.0
0.962890625 0.9454846978187561 1204.0 897.0 35252.0 1205.0
0.953125 0.9462109208106995 1159.0 824.0 35325.0 1250.0
0.962890625 0.9472482800483704 1134.0 759.0 35390.0 1275.0
0.94140625 0.9473779797554016 1146.0 766.0 35383.0 1263.0
0.95703125 0.9471704959869385 1174.0 802.0 35347.0 1235.0
0.943359375 0.9441101551055908 1221.0 967.0 35182.0 1188.0
0.958984375 0.9447326064109802 1232.0 954.0 35195.0 1177.0
0.955078125 0.9426059722900391 1269.0 1073.0 35076.0 1140.0
0.9375 0.9477151036262512 1160.0 767.0 35382.0 1249.0
0.9453125 0.9468073844909668 1134.0 776.0 35373.0 1275.0
0.9296875 0.9448623061180115 1225.0 942.0 35207.0 1184.0
0.95703125 0.9451994299888611 1170.0 874.0 35275.0 1239.0
0.947265625 0.9465739727020264 1165.0 816.0 35333.0 1244.0
0.953125 0.944991946220398 1178.0 890.0 35259.0 1231.0
0.94921875 0.9470407962799072 1142.0 775.0 35374.0 1267.0
0.95703125 0.9454846978187561 1205.0 898.0 35251.0 1204.0
0.939453125 0.945977509021759 1157.0 831.0 35318.0 1252.0
0.9375 0.9455366134643555 1187.0 878.0 35271.0 1222.0
0.9453125 0.9451994299888611 1221.0 925.0 35224.0 1188.0
0.958984375 0.946262776851654 1159.0 822.0 35327.0 1250.0
0.95703125 0.9474298357963562 1146.0 764.0 35385.0 1263.0
0.962890625 0.9462887048721313 1197.0 859.0 35290.0 1212.0
0.94140625 0.9466777443885803 1153.0 800.0 35349.0 1256.0
0.939453125 0.943928599357605 1219.0 972.0 35177.0 1190.0
0.953125 0.9468593001365662 1150.0 790.0 35359.0 1259.0
0.9609375 0.9469889402389526 1120.0 755.0 35394.0 1289.0
0.94921875 0.9445510506629944 1202.0 931.0 35218.0 1207.0
0.9453125 0.9479745030403137 1142.0 739.0 35410.0 1267.0
0.939453125 0.9440323710441589 1229.0 978.0 35171.0 1180.0
0.958984375 0.946651816368103 1161.0 809.0 35340.0 1248.0
0.95703125 0.9465480446815491 1130.0 782.0 35367.0 1279.0
0.94921875 0.9466258883476257 1163.0 812.0 35337.0 1246.0
0.94921875 0.9459515810012817 1186.0 861.0 35288.0 1223.0
0.94921875 0.9463405609130859 1179.0 839.0 35310.0 1230.0
0.953125 0.9474557638168335 1088.0 705.0 35444.0 1321.0
0.966796875 0.9458218812942505 1183.0 863.0 35286.0 1226.0
0.953125 0.9469889402389526 1111.0 746.0 35403.0 1298.0
0.947265625 0.944991946220398 1202.0 914.0 35235.0 1207.0
0.955078125 0.9442139267921448 1224.0 966.0 35183.0 1185.0
0.947265625 0.9456662535667419 1217.0 903.0 35246.0 1192.0
0.94921875 0.944991946220398 1216.0 928.0 35221.0 1193.0
0.955078125 0.9449660181999207 1168.0 881.0 35268.0 1241.0
0.9453125 0.9462887048721313 1103.0 765.0 35384.0 1306.0
0.951171875 0.9456921815872192 1197.0 882.0 35267.0 1212.0
0.95703125 0.9460034370422363 1181.0 854.0 35295.0 1228.0
0.9453125 0.9453291296958923 1204.0 903.0 35246.0 1205.0
0.93359375 0.9451994299888611 1234.0 938.0 35211.0 1175.0
0.955078125 0.9463405609130859 1159.0 819.0 35330.0 1250.0
0.953125 0.9460293650627136 1199.0 871.0 35278.0 1210.0
0.943359375 0.9441101551055908 1267.0 1013.0 35136.0 1142.0
0.9375 0.9451994299888611 1215.0 919.0 35230.0 1194.0
0.94140625 0.9480263590812683 1144.0 739.0 35410.0 1265.0
0.9453125 0.9447585344314575 1238.0 959.0 35190.0 1171.0
0.939453125 0.9474298357963562 1102.0 720.0 35429.0 1307.0
0.958984375 0.9458996653556824 1163.0 840.0 35309.0 1246.0
0.951171875 0.9456662535667419 1176.0 862.0 35287.0 1233.0
0.943359375 0.9454587697982788 1180.0 874.0 35275.0 1229.0
0.94140625 0.9461330771446228 1193.0 861.0 35288.0 1216.0
0.9375 0.9455884695053101 1196.0 885.0 35264.0 1213.0
0.95703125 0.9460552930831909 1192.0 863.0 35286.0 1217.0
0.9453125 0.9443435668945312 1246.0 983.0 35166.0 1163.0
0.953125 0.9455366134643555 1176.0 867.0 35282.0 1233.0
0.951171875 0.9454846978187561 1222.0 915.0 35234.0 1187.0
0.943359375 0.9459255933761597 1234.0 910.0 35239.0 1175.0
0.951171875 0.9453291296958923 1238.0 937.0 35212.0 1171.0
0.927734375 0.9471445679664612 1188.0 817.0 35332.0 1221.0
0.947265625 0.9467296004295349 1148.0 793.0 35356.0 1261.0
0.962890625 0.944602906703949 1225.0 952.0 35197.0 1184.0
0.953125 0.9465480446815491 1228.0 880.0 35269.0 1181.0
0.94140625 0.9468852281570435 1158.0 797.0 35352.0 1251.0
0.927734375 0.9473520517349243 1136.0 757.0 35392.0 1273.0
0.95703125 0.9462368488311768 1216.0 880.0 35269.0 1193.0
0.9375 0.9466258883476257 1186.0 835.0 35314.0 1223.0
0.953125 0.9449660181999207 1249.0 962.0 35187.0 1160.0
0.962890625 0.946651816368103 1168.0 816.0 35333.0 1241.0
0.94140625 0.9462109208106995 1211.0 876.0 35273.0 1198.0
0.95703125 0.9471186399459839 1197.0 827.0 35322.0 1212.0
0.935546875 0.9455106854438782 1183.0 875.0 35274.0 1226.0
0.9453125 0.9443435668945312 1283.0 1020.0 35129.0 1126.0
0.94140625 0.9471186399459839 1203.0 833.0 35316.0 1206.0
0.951171875 0.9461071491241455 1229.0 898.0 35251.0 1180.0
0.94921875 0.9478707313537598 1151.0 752.0 35397.0 1258.0
0.94140625 0.9458996653556824 1212.0 889.0 35260.0 1197.0
0.943359375 0.9481559991836548 1160.0 750.0 35399.0 1249.0
0.939453125 0.9468852281570435 1207.0 846.0 35303.0 1202.0
0.9453125 0.9452772736549377 1243.0 944.0 35205.0 1166.0
0.953125 0.9462887048721313 1231.0 893.0 35256.0 1178.0
0.93359375 0.9461849927902222 1222.0 888.0 35261.0 1187.0
0.953125 0.9463405609130859 1184.0 844.0 35305.0 1225.0
0.94140625 0.9471445679664612 1180.0 809.0 35340.0 1229.0
0.962890625 0.9449400901794434 1215.0 929.0 35220.0 1194.0
0.951171875 0.943954586982727 1247.0 999.0 35150.0 1162.0
0.9609375 0.9470667839050293 1152.0 784.0 35365.0 1257.0
0.93359375 0.9486488103866577 1153.0 724.0 35425.0 1256.0
0.966796875 0.9453291296958923 1211.0 910.0 35239.0 1198.0
0.9375 0.9451475739479065 1196.0 902.0 35247.0 1213.0
0.9375 0.946651816368103 1173.0 821.0 35328.0 1236.0
0.9375 0.9467814564704895 1172.0 815.0 35334.0 1237.0
0.935546875 0.943928599357605 1234.0 987.0 35162.0 1175.0
0.931640625 0.9467555284500122 1208.0 852.0 35297.0 1201.0
0.94921875 0.9469889402389526 1193.0 828.0 35321.0 1216.0
0.939453125 0.9477929472923279 1140.0 744.0 35405.0 1269.0
0.962890625 0.9468073844909668 1198.0 840.0 35309.0 1211.0
0.953125 0.9462368488311768 1212.0 876.0 35273.0 1197.0
0.9453125 0.9461071491241455 1205.0 874.0 35275.0 1204.0
0.94921875 0.9474298357963562 1113.0 731.0 35418.0 1296.0
0.947265625 0.9447066783905029 1224.0 947.0 35202.0 1185.0
0.951171875 0.9455366134643555 1178.0 869.0 35280.0 1231.0
0.955078125 0.947611391544342 1133.0 744.0 35405.0 1276.0
0.947265625 0.946262776851654 1183.0 846.0 35303.0 1226.0
0.9453125 0.9451735019683838 1281.0 986.0 35163.0 1128.0
0.94921875 0.9461849927902222 1237.0 903.0 35246.0 1172.0
0.9453125 0.9454846978187561 1212.0 905.0 35244.0 1197.0
0.94921875 0.9468073844909668 1193.0 835.0 35314.0 1216.0
0.947265625 0.9452772736549377 1204.0 905.0 35244.0 1205.0
0.94921875 0.9447585344314575 1244.0 965.0 35184.0 1165.0
0.94140625 0.9460552930831909 1174.0 845.0 35304.0 1235.0
0.951171875 0.9463664889335632 1167.0 826.0 35323.0 1242.0
0.95703125 0.9452512860298157 1244.0 946.0 35203.0 1165.0
0.953125 0.9458478093147278 1217.0 896.0 35253.0 1192.0
0.9296875 0.9446807503700256 1241.0 965.0 35184.0 1168.0
0.94921875 0.9474039077758789 1176.0 795.0 35354.0 1233.0
0.953125 0.9466258883476257 1221.0 870.0 35279.0 1188.0
0.94921875 0.946937084197998 1197.0 834.0 35315.0 1212.0
0.947265625 0.946937084197998 1201.0 838.0 35311.0 1208.0
0.939453125 0.9463405609130859 1138.0 798.0 35351.0 1271.0
0.947265625 0.9492712020874023 1154.0 701.0 35448.0 1255.0
0.951171875 0.9463405609130859 1195.0 855.0 35294.0 1214.0
0.93359375 0.9453291296958923 1184.0 883.0 35266.0 1225.0
0.939453125 0.9464184045791626 1233.0 890.0 35259.0 1176.0
0.9453125 0.9453550577163696 1199.0 897.0 35252.0 1210.0
0.966796875 0.9457959532737732 1191.0 872.0 35277.0 1218.0
0.9453125 0.9453809857368469 1230.0 927.0 35222.0 1179.0
0.947265625 0.9454328417778015 1235.0 930.0 35219.0 1174.0
0.94921875 0.9450697898864746 1244.0 953.0 35196.0 1165.0
0.935546875 0.9473001956939697 1115.0 738.0 35411.0 1294.0
0.962890625 0.9470148682594299 1106.0 740.0 35409.0 1303.0
0.943359375 0.9467296004295349 1194.0 839.0 35310.0 1215.0
0.94140625 0.9465999007225037 1218.0 868.0 35281.0 1191.0
0.955078125 0.9468593001365662 1235.0 875.0 35274.0 1174.0
0.935546875 0.9459255933761597 1248.0 924.0 35225.0 1161.0
0.9296875 0.9478707313537598 1180.0 781.0 35368.0 1229.0
0.93359375 0.9464702606201172 1244.0 899.0 35250.0 1165.0
0.94140625 0.9464184045791626 1234.0 891.0 35258.0 1175.0
0.943359375 0.9463405609130859 1174.0 834.0 35315.0 1235.0
0.943359375 0.9475076794624329 1184.0 799.0 35350.0 1225.0
0.958984375 0.9453809857368469 1237.0 934.0 35215.0 1172.0
0.94921875 0.9437211751937866 1232.0 993.0 35156.0 1177.0
0.9453125 0.946262776851654 1205.0 868.0 35281.0 1204.0
0.95703125 0.9453809857368469 1227.0 924.0 35225.0 1182.0
0.95703125 0.9480522871017456 1158.0 752.0 35397.0 1251.0
0.953125 0.9450697898864746 1241.0 950.0 35199.0 1168.0
0.9609375 0.9473779797554016 1220.0 840.0 35309.0 1189.0
0.9609375 0.948000431060791 1148.0 744.0 35405.0 1261.0
0.9609375 0.9451735019683838 1199.0 904.0 35245.0 1210.0
0.931640625 0.9474039077758789 1220.0 839.0 35310.0 1189.0
0.94921875 0.9454846978187561 1202.0 895.0 35254.0 1207.0
0.943359375 0.9461590051651001 1175.0 842.0 35307.0 1234.0
0.935546875 0.9450957179069519 1213.0 921.0 35228.0 1196.0
0.955078125 0.9460552930831909 1216.0 887.0 35262.0 1193.0
0.94140625 0.9471445679664612 1186.0 815.0 35334.0 1223.0
0.94921875 0.9471445679664612 1189.0 818.0 35331.0 1220.0
0.939453125 0.9443435668945312 1281.0 1018.0 35131.0 1128.0
0.94921875 0.9450957179069519 1208.0 916.0 35233.0 1201.0
0.9453125 0.9458218812942505 1209.0 889.0 35260.0 1200.0
0.943359375 0.9471964240074158 1168.0 795.0 35354.0 1241.0
0.947265625 0.9459515810012817 1198.0 873.0 35276.0 1211.0
0.9453125 0.9451994299888611 1229.0 933.0 35216.0 1180.0
0.958984375 0.947326123714447 1180.0 802.0 35347.0 1229.0
0.953125 0.9462109208106995 1223.0 888.0 35261.0 1186.0
0.93359375 0.9463924765586853 1221.0 879.0 35270.0 1188.0
0.9453125 0.9460812211036682 1199.0 869.0 35280.0 1210.0
0.9609375 0.9482338428497314 1207.0 794.0 35355.0 1202.0
0.95703125 0.9460293650627136 1258.0 930.0 35219.0 1151.0
0.951171875 0.9453550577163696 1238.0 936.0 35213.0 1171.0
0.955078125 0.9461071491241455 1217.0 886.0 35263.0 1192.0
0.947265625 0.9461071491241455 1260.0 929.0 35220.0 1149.0
0.9453125 0.9462887048721313 1202.0 864.0 35285.0 1207.0
0.953125 0.9454587697982788 1249.0 943.0 35206.0 1160.0
0.951171875 0.9458996653556824 1260.0 937.0 35212.0 1149.0
0.943359375 0.9468852281570435 1190.0 829.0 35320.0 1219.0
0.943359375 0.9457959532737732 1156.0 837.0 35312.0 1253.0
0.94921875 0.9447066783905029 1273.0 996.0 35153.0 1136.0
0.9453125 0.9455106854438782 1188.0 880.0 35269.0 1221.0
0.953125 0.9449660181999207 1238.0 951.0 35198.0 1171.0
0.94140625 0.9458996653556824 1208.0 885.0 35264.0 1201.0
0.935546875 0.9467036724090576 1235.0 881.0 35268.0 1174.0
0.958984375 0.9462368488311768 1197.0 861.0 35288.0 1212.0
0.951171875 0.9475854635238647 1179.0 791.0 35358.0 1230.0
0.94140625 0.9463664889335632 1179.0 838.0 35311.0 1230.0
0.958984375 0.946651816368103 1233.0 881.0 35268.0 1176.0
0.955078125 0.9467814564704895 1204.0 847.0 35302.0 1205.0
0.953125 0.9462109208106995 1232.0 897.0 35252.0 1177.0
0.9453125 0.9440842270851135 1221.0 968.0 35181.0 1188.0
0.931640625 0.9470927119255066 1208.0 839.0 35310.0 1201.0
0.947265625 0.9475336074829102 1163.0 777.0 35372.0 1246.0
0.9453125 0.9466777443885803 1196.0 843.0 35306.0 1213.0
0.951171875 0.9464443325996399 1189.0 845.0 35304.0 1220.0
0.9453125 0.9470927119255066 1168.0 799.0 35350.0 1241.0
0.947265625 0.9458218812942505 1255.0 935.0 35214.0 1154.0
0.935546875 0.9460812211036682 1180.0 850.0 35299.0 1229.0
0.935546875 0.9480782151222229 1226.0 819.0 35330.0 1183.0
0.951171875 0.9435396194458008 1252.0 1020.0 35129.0 1157.0
0.947265625 0.9464702606201172 1181.0 836.0 35313.0 1228.0
0.9296875 0.946262776851654 1231.0 894.0 35255.0 1178.0
0.953125 0.9471964240074158 1181.0 808.0 35341.0 1228.0
0.953125 0.9477929472923279 1180.0 784.0 35365.0 1229.0
0.94140625 0.9472742080688477 1234.0 858.0 35291.0 1175.0
0.94921875 0.9461849927902222 1212.0 878.0 35271.0 1197.0
0.9296875 0.9460034370422363 1201.0 874.0 35275.0 1208.0
0.939453125 0.9460812211036682 1227.0 897.0 35252.0 1182.0
0.966796875 0.946651816368103 1218.0 866.0 35283.0 1191.0
0.947265625 0.9462887048721313 1233.0 895.0 35254.0 1176.0
0.94921875 0.946651816368103 1210.0 858.0 35291.0 1199.0
0.943359375 0.9469630122184753 1192.0 828.0 35321.0 1217.0
0.943359375 0.9461330771446228 1238.0 906.0 35243.0 1171.0
0.939453125 0.9470927119255066 1170.0 801.0 35348.0 1239.0
0.947265625 0.9470407962799072 1188.0 821.0 35328.0 1221.0
0.955078125 0.9461330771446228 1206.0 874.0 35275.0 1203.0
0.94921875 0.9469630122184753 1194.0 830.0 35319.0 1215.0
0.94140625 0.947326123714447 1164.0 786.0 35363.0 1245.0
0.951171875 0.9470667839050293 1189.0 821.0 35328.0 1220.0
0.955078125 0.9478966593742371 1175.0 775.0 35374.0 1234.0
0.953125 0.9484153985977173 1175.0 755.0 35394.0 1234.0
0.93359375 0.9462887048721313 1201.0 863.0 35286.0 1208.0
0.958984375 0.9448363780975342 1275.0 993.0 35156.0 1134.0
0.9453125 0.9465480446815491 1234.0 886.0 35263.0 1175.0
0.9609375 0.9464443325996399 1211.0 867.0 35282.0 1198.0
0.953125 0.9465221166610718 1203.0 856.0 35293.0 1206.0
0.9453125 0.9463405609130859 1233.0 893.0 35256.0 1176.0
0.9453125 0.9460552930831909 1221.0 892.0 35257.0 1188.0
0.947265625 0.946651816368103 1222.0 870.0 35279.0 1187.0
0.94140625 0.9463405609130859 1207.0 867.0 35282.0 1202.0
0.955078125 0.9479745030403137 1143.0 740.0 35409.0 1266.0
0.955078125 0.9468593001365662 1234.0 874.0 35275.0 1175.0
0.9609375 0.9471704959869385 1250.0 878.0 35271.0 1159.0
0.951171875 0.9459515810012817 1234.0 909.0 35240.0 1175.0
0.947265625 0.9472223520278931 1185.0 811.0 35338.0 1224.0
0.939453125 0.9454328417778015 1248.0 943.0 35206.0 1161.0
0.953125 0.9471186399459839 1232.0 862.0 35287.0 1177.0
0.94921875 0.9470407962799072 1188.0 821.0 35328.0 1221.0
0.955078125 0.9468593001365662 1232.0 872.0 35277.0 1177.0
0.9609375 0.9450697898864746 1247.0 956.0 35193.0 1162.0
0.951171875 0.9484413266181946 1146.0 725.0 35424.0 1263.0
0.958984375 0.945977509021759 1222.0 896.0 35253.0 1187.0
0.9453125 0.9464184045791626 1213.0 870.0 35279.0 1196.0
0.9453125 0.9464443325996399 1205.0 861.0 35288.0 1204.0
0.939453125 0.9425022006034851 1306.0 1114.0 35035.0 1103.0
0.939453125 0.9458737373352051 1238.0 916.0 35233.0 1171.0
0.955078125 0.9468073844909668 1231.0 873.0 35276.0 1178.0
0.94921875 0.9468073844909668 1172.0 814.0 35335.0 1237.0
0.966796875 0.9441360831260681 1238.0 983.0 35166.0 1171.0
0.955078125 0.9479745030403137 1149.0 746.0 35403.0 1260.0
0.94921875 0.9463664889335632 1238.0 897.0 35252.0 1171.0
0.95703125 0.9466258883476257 1204.0 853.0 35296.0 1205.0
0.947265625 0.9437730312347412 1287.0 1046.0 35103.0 1122.0
0.9375 0.9472482800483704 1192.0 817.0 35332.0 1217.0
0.931640625 0.9464961886405945 1218.0 872.0 35277.0 1191.0
0.943359375 0.9481300711631775 1173.0 764.0 35385.0 1236.0
0.94921875 0.9465480446815491 1212.0 864.0 35285.0 1197.0
0.953125 0.9456662535667419 1241.0 927.0 35222.0 1168.0
0.953125 0.9453291296958923 1218.0 917.0 35232.0 1191.0
0.9453125 0.9474557638168335 1216.0 833.0 35316.0 1193.0
0.955078125 0.9463146328926086 1259.0 920.0 35229.0 1150.0
0.95703125 0.9478707313537598 1194.0 795.0 35354.0 1215.0
0.939453125 0.9446807503700256 1212.0 936.0 35213.0 1197.0
0.94921875 0.9470927119255066 1205.0 836.0 35313.0 1204.0
0.958984375 0.9454069137573242 1269.0 965.0 35184.0 1140.0
0.943359375 0.9473779797554016 1180.0 800.0 35349.0 1229.0
0.943359375 0.9482079148292542 1174.0 762.0 35387.0 1235.0
0.951171875 0.9459255933761597 1212.0 888.0 35261.0 1197.0
0.94921875 0.9485968947410583 1182.0 755.0 35394.0 1227.0
0.94140625 0.9481300711631775 1193.0 784.0 35365.0 1216.0
0.935546875 0.9470407962799072 1215.0 848.0 35301.0 1194.0
0.95703125 0.9472742080688477 1173.0 797.0 35352.0 1236.0
0.962890625 0.9470667839050293 1211.0 843.0 35306.0 1198.0
0.9375 0.9463924765586853 1185.0 843.0 35306.0 1224.0
0.94140625 0.9476632475852966 1179.0 788.0 35361.0 1230.0
0.939453125 0.9465999007225037 1210.0 860.0 35289.0 1199.0
0.966796875 0.9479485154151917 1175.0 773.0 35376.0 1234.0
0.9453125 0.9468073844909668 1191.0 833.0 35316.0 1218.0
0.927734375 0.9457440972328186 1250.0 933.0 35216.0 1159.0
0.9375 0.947611391544342 1156.0 767.0 35382.0 1253.0
0.95703125 0.946651816368103 1226.0 874.0 35275.0 1183.0
0.943359375 0.9467555284500122 1231.0 875.0 35274.0 1178.0
0.9453125 0.9450438022613525 1241.0 951.0 35198.0 1168.0
0.94140625 0.9454846978187561 1252.0 945.0 35204.0 1157.0
0.935546875 0.9466777443885803 1219.0 866.0 35283.0 1190.0
0.951171875 0.9479225873947144 1173.0 772.0 35377.0 1236.0
0.939453125 0.9462887048721313 1223.0 885.0 35264.0 1186.0
0.943359375 0.9464961886405945 1239.0 893.0 35256.0 1170.0
0.939453125 0.9473779797554016 1192.0 812.0 35337.0 1217.0
0.94921875 0.9464443325996399 1239.0 895.0 35254.0 1170.0
0.93359375 0.9465739727020264 1241.0 892.0 35257.0 1168.0
0.958984375 0.9479745030403137 1208.0 805.0 35344.0 1201.0
0.94921875 0.9451475739479065 1251.0 957.0 35192.0 1158.0
0.939453125 0.9460812211036682 1254.0 924.0 35225.0 1155.0
0.947265625 0.9447066783905029 1239.0 962.0 35187.0 1170.0
0.947265625 0.9464443325996399 1202.0 858.0 35291.0 1207.0
0.947265625 0.9451216459274292 1250.0 957.0 35192.0 1159.0
0.94921875 0.9483634829521179 1179.0 761.0 35388.0 1230.0
0.931640625 0.9470667839050293 1212.0 844.0 35305.0 1197.0
0.9609375 0.9461330771446228 1229.0 897.0 35252.0 1180.0
0.958984375 0.9485968947410583 1156.0 729.0 35420.0 1253.0
0.958984375 0.9471964240074158 1227.0 854.0 35295.0 1182.0
0.94921875 0.9462109208106995 1218.0 883.0 35266.0 1191.0
0.951171875 0.9464961886405945 1197.0 851.0 35298.0 1212.0
0.9609375 0.9453809857368469 1251.0 948.0 35201.0 1158.0
0.953125 0.9472223520278931 1240.0 866.0 35283.0 1169.0
0.94140625 0.9457700252532959 1254.0 936.0 35213.0 1155.0
0.931640625 0.9469111561775208 1258.0 896.0 35253.0 1151.0
0.943359375 0.9466258883476257 1195.0 844.0 35305.0 1214.0
0.939453125 0.9479225873947144 1252.0 851.0 35298.0 1157.0
0.943359375 0.9471964240074158 1228.0 855.0 35294.0 1181.0
0.94921875 0.9467036724090576 1233.0 879.0 35270.0 1176.0
0.953125 0.9474298357963562 1171.0 789.0 35360.0 1238.0
0.947265625 0.9464443325996399 1221.0 877.0 35272.0 1188.0
0.9453125 0.9462109208106995 1186.0 851.0 35298.0 1223.0
0.953125 0.9469630122184753 1192.0 828.0 35321.0 1217.0
0.953125 0.946262776851654 1245.0 908.0 35241.0 1164.0
0.94921875 0.9464184045791626 1231.0 888.0 35261.0 1178.0
0.943359375 0.944991946220398 1245.0 957.0 35192.0 1164.0
0.958984375 0.9480263590812683 1156.0 751.0 35398.0 1253.0
0.947265625 0.9477410912513733 1212.0 818.0 35331.0 1197.0
0.935546875 0.9449141621589661 1265.0 980.0 35169.0 1144.0
0.947265625 0.945303201675415 1300.0 1000.0 35149.0 1109.0
0.947265625 0.9461330771446228 1247.0 915.0 35234.0 1162.0
0.96484375 0.944991946220398 1257.0 969.0 35180.0 1152.0
0.93359375 0.9449660181999207 1268.0 981.0 35168.0 1141.0
0.935546875 0.9474039077758789 1221.0 840.0 35309.0 1188.0
0.93359375 0.9448882341384888 1270.0 986.0 35163.0 1139.0
0.943359375 0.9472742080688477 1191.0 815.0 35334.0 1218.0
0.96484375 0.9470927119255066 1203.0 834.0 35315.0 1206.0
0.939453125 0.946651816368103 1219.0 867.0 35282.0 1190.0
0.953125 0.9465480446815491 1204.0 856.0 35293.0 1205.0
0.94921875 0.9459255933761597 1218.0 894.0 35255.0 1191.0
0.951171875 0.9477151036262512 1229.0 836.0 35313.0 1180.0
0.9609375 0.9475336074829102 1200.0 814.0 35335.0 1209.0
0.9453125 0.9451475739479065 1217.0 923.0 35226.0 1192.0
0.943359375 0.9467555284500122 1211.0 855.0 35294.0 1198.0
0.951171875 0.9449660181999207 1272.0 985.0 35164.0 1137.0
0.951171875 0.9468852281570435 1225.0 864.0 35285.0 1184.0
0.947265625 0.9482338428497314 1180.0 767.0 35382.0 1229.0
0.94140625 0.9461849927902222 1214.0 880.0 35269.0 1195.0
0.951171875 0.945303201675415 1238.0 938.0 35211.0 1171.0
0.93359375 0.9465221166610718 1258.0 911.0 35238.0 1151.0
0.94140625 0.9465221166610718 1243.0 896.0 35253.0 1166.0
0.939453125 0.9451735019683838 1232.0 937.0 35212.0 1177.0
0.9453125 0.9459255933761597 1240.0 916.0 35233.0 1169.0
0.962890625 0.9456921815872192 1243.0 928.0 35221.0 1166.0
0.953125 0.9471704959869385 1226.0 854.0 35295.0 1183.0
0.96484375 0.945977509021759 1237.0 911.0 35238.0 1172.0
0.962890625 0.9471964240074158 1237.0 864.0 35285.0 1172.0
0.9453125 0.9467036724090576 1245.0 891.0 35258.0 1164.0
0.947265625 0.9457181096076965 1267.0 951.0 35198.0 1142.0
0.947265625 0.945303201675415 1229.0 929.0 35220.0 1180.0
0.955078125 0.9474298357963562 1164.0 782.0 35367.0 1245.0
0.94921875 0.9475336074829102 1192.0 806.0 35343.0 1217.0
0.953125 0.9467036724090576 1207.0 853.0 35296.0 1202.0
0.955078125 0.9474557638168335 1229.0 846.0 35303.0 1180.0
0.958984375 0.947611391544342 1247.0 858.0 35291.0 1162.0
0.958984375 0.9470927119255066 1185.0 816.0 35333.0 1224.0
0.953125 0.9456143975257874 1227.0 915.0 35234.0 1182.0
0.947265625 0.9482079148292542 1228.0 816.0 35333.0 1181.0
0.943359375 0.9459255933761597 1225.0 901.0 35248.0 1184.0
0.970703125 0.9466777443885803 1202.0 849.0 35300.0 1207.0
0.9609375 0.9458218812942505 1251.0 931.0 35218.0 1158.0
0.943359375 0.9488303065299988 1199.0 763.0 35386.0 1210.0
0.958984375 0.9458737373352051 1224.0 902.0 35247.0 1185.0
0.935546875 0.945977509021759 1236.0 910.0 35239.0 1173.0
0.958984375 0.9470927119255066 1204.0 835.0 35314.0 1205.0
0.953125 0.9465999007225037 1225.0 875.0 35274.0 1184.0
0.951171875 0.9467555284500122 1204.0 848.0 35301.0 1205.0
0.939453125 0.9457440972328186 1241.0 924.0 35225.0 1168.0
0.94921875 0.9456143975257874 1272.0 960.0 35189.0 1137.0
0.951171875 0.9454587697982788 1262.0 956.0 35193.0 1147.0
0.931640625 0.9451475739479065 1298.0 1004.0 35145.0 1111.0
0.935546875 0.9454069137573242 1257.0 953.0 35196.0 1152.0
0.9453125 0.9477151036262512 1216.0 823.0 35326.0 1193.0
0.953125 0.945303201675415 1222.0 922.0 35227.0 1187.0
0.958984375 0.9470148682594299 1191.0 825.0 35324.0 1218.0
0.939453125 0.947611391544342 1208.0 819.0 35330.0 1201.0
0.9609375 0.9473779797554016 1216.0 836.0 35313.0 1193.0
0.953125 0.9475854635238647 1194.0 806.0 35343.0 1215.0
0.9453125 0.9450697898864746 1293.0 1002.0 35147.0 1116.0
0.9375 0.9467296004295349 1195.0 840.0 35309.0 1214.0
0.958984375 0.9464961886405945 1224.0 878.0 35271.0 1185.0
0.9375 0.9487525224685669 1174.0 741.0 35408.0 1235.0
0.943359375 0.9458996653556824 1265.0 942.0 35207.0 1144.0
0.95703125 0.9474039077758789 1178.0 797.0 35352.0 1231.0
0.9453125 0.9463405609130859 1236.0 896.0 35253.0 1173.0
0.9296875 0.9458737373352051 1214.0 892.0 35257.0 1195.0
0.951171875 0.9466777443885803 1255.0 902.0 35247.0 1154.0
0.947265625 0.9457440972328186 1187.0 870.0 35279.0 1222.0
0.958984375 0.9458218812942505 1244.0 924.0 35225.0 1165.0
0.962890625 0.9467814564704895 1233.0 876.0 35273.0 1176.0
0.943359375 0.947611391544342 1211.0 822.0 35327.0 1198.0
0.947265625 0.9451216459274292 1281.0 988.0 35161.0 1128.0
0.943359375 0.9464961886405945 1271.0 925.0 35224.0 1138.0
0.951171875 0.9452253580093384 1273.0 976.0 35173.0 1136.0
0.951171875 0.9471186399459839 1177.0 807.0 35342.0 1232.0
0.9609375 0.9468852281570435 1175.0 814.0 35335.0 1234.0
0.94140625 0.9458737373352051 1211.0 889.0 35260.0 1198.0
0.953125 0.9462887048721313 1261.0 923.0 35226.0 1148.0
0.947265625 0.9461590051651001 1248.0 915.0 35234.0 1161.0
0.94921875 0.9471964240074158 1243.0 870.0 35279.0 1166.0
0.9375 0.9470667839050293 1238.0 870.0 35279.0 1171.0
0.951171875 0.9453291296958923 1304.0 1003.0 35146.0 1105.0
0.947265625 0.9456921815872192 1207.0 892.0 35257.0 1202.0
0.94140625 0.9457181096076965 1252.0 936.0 35213.0 1157.0
0.951171875 0.9458737373352051 1252.0 930.0 35219.0 1157.0
0.95703125 0.9488562941551208 1167.0 730.0 35419.0 1242.0
0.955078125 0.9484413266181946 1197.0 776.0 35373.0 1212.0
0.95703125 0.9447066783905029 1272.0 995.0 35154.0 1137.0
0.9609375 0.945303201675415 1261.0 961.0 35188.0 1148.0
0.955078125 0.9461849927902222 1223.0 889.0 35260.0 1186.0
0.94921875 0.9462368488311768 1240.0 904.0 35245.0 1169.0
0.947265625 0.9438248872756958 1261.0 1018.0 35131.0 1148.0
0.958984375 0.9467555284500122 1199.0 843.0 35306.0 1210.0
0.93359375 0.9446548223495483 1259.0 984.0 35165.0 1150.0
0.953125 0.944628894329071 1277.0 1003.0 35146.0 1132.0
0.958984375 0.9474557638168335 1242.0 859.0 35290.0 1167.0
0.947265625 0.9468333125114441 1208.0 849.0 35300.0 1201.0
0.94921875 0.9471186399459839 1213.0 843.0 35306.0 1196.0
0.955078125 0.9444991946220398 1273.0 1004.0 35145.0 1136.0
0.951171875 0.9467555284500122 1204.0 848.0 35301.0 1205.0
0.947265625 0.9463405609130859 1239.0 899.0 35250.0 1170.0
0.94921875 0.9463664889335632 1231.0 890.0 35259.0 1178.0
0.953125 0.9470667839050293 1234.0 866.0 35283.0 1175.0
0.947265625 0.9476891756057739 1214.0 822.0 35327.0 1195.0
0.947265625 0.9455884695053101 1242.0 931.0 35218.0 1167.0
0.947265625 0.9476891756057739 1184.0 792.0 35357.0 1225.0
0.966796875 0.9473520517349243 1187.0 808.0 35341.0 1222.0
0.955078125 0.9479225873947144 1198.0 797.0 35352.0 1211.0
0.94140625 0.9460293650627136 1254.0 926.0 35223.0 1155.0
0.951171875 0.947611391544342 1212.0 823.0 35326.0 1197.0
0.966796875 0.9464184045791626 1190.0 847.0 35302.0 1219.0
0.9609375 0.9461330771446228 1214.0 882.0 35267.0 1195.0
0.94921875 0.9473001956939697 1215.0 838.0 35311.0 1194.0
0.953125 0.9470407962799072 1269.0 902.0 35247.0 1140.0
0.958984375 0.9465480446815491 1234.0 886.0 35263.0 1175.0
0.9609375 0.9453291296958923 1257.0 956.0 35193.0 1152.0
0.95703125 0.9473001956939697 1226.0 849.0 35300.0 1183.0
0.958984375 0.9463405609130859 1244.0 904.0 35245.0 1165.0
0.95703125 0.9456143975257874 1243.0 931.0 35218.0 1166.0
0.9375 0.9475854635238647 1189.0 801.0 35348.0 1220.0
0.9453125 0.9462368488311768 1225.0 889.0 35260.0 1184.0
0.951171875 0.9467814564704895 1183.0 826.0 35323.0 1226.0
0.947265625 0.9477410912513733 1217.0 823.0 35326.0 1192.0
0.958984375 0.9478188753128052 1207.0 810.0 35339.0 1202.0
0.953125 0.9453550577163696 1272.0 970.0 35179.0 1137.0
0.9609375 0.946937084197998 1215.0 852.0 35297.0 1194.0
0.943359375 0.9464184045791626 1258.0 915.0 35234.0 1151.0
0.943359375 0.9480782151222229 1185.0 778.0 35371.0 1224.0
0.93359375 0.9484153985977173 1203.0 783.0 35366.0 1206.0
0.951171875 0.9478707313537598 1216.0 817.0 35332.0 1193.0
0.94140625 0.9467814564704895 1242.0 885.0 35264.0 1167.0
0.947265625 0.9476373195648193 1225.0 835.0 35314.0 1184.0
0.9453125 0.9484413266181946 1199.0 778.0 35371.0 1210.0
