0.484375 0.5105295777320862 1342.0 17806.0 18343.0 1067.0
0.912109375 0.9128844738006592 650.0 1600.0 34549.0 1759.0
0.931640625 0.924166202545166 659.0 1174.0 34975.0 1750.0
0.912109375 0.913455069065094 848.0 1776.0 34373.0 1561.0
0.91796875 0.9201722145080566 862.0 1531.0 34618.0 1547.0
0.921875 0.9176305532455444 926.0 1693.0 34456.0 1483.0
0.900390625 0.9206649661064148 899.0 1549.0 34600.0 1510.0
0.927734375 0.9135587811470032 1075.0 1999.0 34150.0 1334.0
0.935546875 0.9226878881454468 976.0 1548.0 34601.0 1433.0
0.923828125 0.9235696792602539 948.0 1486.0 34663.0 1461.0
0.92578125 0.9202759265899658 1077.0 1742.0 34407.0 1332.0
0.9296875 0.9221173524856567 1031.0 1625.0 34524.0 1378.0
0.916015625 0.9199906587600708 1108.0 1784.0 34365.0 1301.0
0.91796875 0.921157717704773 1141.0 1772.0 34377.0 1268.0
0.9296875 0.9256704449653625 1114.0 1571.0 34578.0 1295.0
0.923828125 0.9209761619567871 1127.0 1765.0 34384.0 1282.0
0.91015625 0.9191866517066956 1224.0 1931.0 34218.0 1185.0
0.912109375 0.9182011485099792 1227.0 1972.0 34177.0 1182.0
0.9296875 0.9203796982765198 1250.0 1911.0 34238.0 1159.0
0.939453125 0.9239068627357483 1204.0 1729.0 34420.0 1205.0
0.939453125 0.9280045628547668 1174.0 1541.0 34608.0 1235.0
0.921875 0.9221692085266113 1254.0 1846.0 34303.0 1155.0
0.93359375 0.9253591895103455 1227.0 1696.0 34453.0 1182.0
0.931640625 0.9263706803321838 1142.0 1572.0 34577.0 1267.0
0.90625 0.9205353260040283 1334.0 1989.0 34160.0 1075.0
0.923828125 0.927823007106781 1205.0 1579.0 34570.0 1204.0
0.9375 0.9277192950248718 1257.0 1635.0 34514.0 1152.0
0.935546875 0.9251517057418823 1292.0 1769.0 34380.0 1117.0
0.916015625 0.9231547117233276 1308.0 1862.0 34287.0 1101.0
0.921875 0.9195756912231445 1336.0 2028.0 34121.0 1073.0
0.9375 0.9214949011802673 1365.0 1983.0 34166.0 1044.0
0.919921875 0.9264225363731384 1341.0 1769.0 34380.0 1068.0
0.92578125 0.923777163028717 1377.0 1907.0 34242.0 1032.0
0.919921875 0.9229991436004639 1377.0 1937.0 34212.0 1032.0
0.9375 0.9246589541435242 1355.0 1851.0 34298.0 1054.0
0.921875 0.9270190596580505 1302.0 1707.0 34442.0 1107.0
0.91796875 0.9239327907562256 1379.0 1903.0 34246.0 1030.0
0.919921875 0.9276933670043945 1350.0 1729.0 34420.0 1059.0
0.931640625 0.9316354393959045 1324.0 1551.0 34598.0 1085.0
0.900390625 0.9311167597770691 1312.0 1559.0 34590.0 1097.0
0.9296875 0.9280564188957214 1343.0 1708.0 34441.0 1066.0
0.9296875 0.9263187646865845 1393.0 1825.0 34324.0 1016.0
0.935546875 0.928497314453125 1360.0 1708.0 34441.0 1049.0
0.93359375 0.9310389757156372 1296.0 1546.0 34603.0 1113.0
0.935546875 0.9307536482810974 1309.0 1570.0 34579.0 1100.0
0.931640625 0.9269930720329285 1378.0 1784.0 34365.0 1031.0
0.8984375 0.9198609590530396 1417.0 2098.0 34051.0 992.0
0.927734375 0.9264484643936157 1400.0 1827.0 34322.0 1009.0
0.93359375 0.9312723875045776 1394.0 1635.0 34514.0 1015.0
0.93359375 0.9256185293197632 1435.0 1894.0 34255.0 974.0
0.935546875 0.9225582480430603 1482.0 2059.0 34090.0 927.0
0.958984375 0.9235437512397766 1459.0 1998.0 34151.0 950.0
0.921875 0.9262928366661072 1369.0 1802.0 34347.0 1040.0
0.921875 0.926759660243988 1418.0 1833.0 34316.0 991.0
0.92578125 0.923777163028717 1384.0 1914.0 34235.0 1025.0
0.896484375 0.9188754558563232 1492.0 2211.0 33938.0 917.0
0.923828125 0.9261113405227661 1427.0 1867.0 34282.0 982.0
0.94140625 0.9279786348342896 1377.0 1745.0 34404.0 1032.0
0.923828125 0.9288344979286194 1395.0 1730.0 34419.0 1014.0
0.9375 0.9315576553344727 1356.0 1586.0 34563.0 1053.0
0.951171875 0.9299237728118896 1383.0 1676.0 34473.0 1026.0
0.927734375 0.9236734509468079 1458.0 1992.0 34157.0 951.0
0.92578125 0.924736738204956 1456.0 1949.0 34200.0 953.0
0.919921875 0.9275118112564087 1436.0 1822.0 34327.0 973.0
0.94140625 0.9362778067588806 1306.0 1354.0 34795.0 1103.0
0.931640625 0.9321022629737854 1392.0 1601.0 34548.0 1017.0
0.953125 0.9320244789123535 1410.0 1622.0 34527.0 999.0
0.9140625 0.9294050335884094 1438.0 1751.0 34398.0 971.0
0.947265625 0.927148699760437 1398.0 1798.0 34351.0 1011.0
0.935546875 0.9341251850128174 1355.0 1486.0 34663.0 1054.0
0.919921875 0.925514817237854 1451.0 1914.0 34235.0 958.0
0.927734375 0.9297681450843811 1412.0 1711.0 34438.0 997.0
0.9375 0.9350329637527466 1335.0 1431.0 34718.0 1074.0
0.91796875 0.9344623684883118 1319.0 1437.0 34712.0 1090.0
0.94140625 0.9342289566993713 1354.0 1481.0 34668.0 1055.0
0.931640625 0.9254888892173767 1441.0 1905.0 34244.0 968.0
0.9296875 0.9270190596580505 1461.0 1866.0 34283.0 948.0
0.912109375 0.9277711510658264 1437.0 1813.0 34336.0 972.0
0.9375 0.9265522360801697 1470.0 1893.0 34256.0 939.0
0.921875 0.9335027933120728 1372.0 1527.0 34622.0 1037.0
0.939453125 0.9277192950248718 1474.0 1852.0 34297.0 935.0
0.94921875 0.9255926012992859 1438.0 1898.0 34251.0 971.0
0.953125 0.9291197657585144 1443.0 1767.0 34382.0 966.0
0.93359375 0.9294309616088867 1408.0 1720.0 34429.0 1001.0
0.9375 0.9304683804512024 1409.0 1681.0 34468.0 1000.0
0.931640625 0.9267078042030334 1433.0 1850.0 34299.0 976.0
0.92578125 0.9295865893363953 1411.0 1717.0 34432.0 998.0
0.916015625 0.9338399171829224 1360.0 1502.0 34647.0 1049.0
0.919921875 0.9264225363731384 1474.0 1902.0 34247.0 935.0
0.923828125 0.9296643733978271 1396.0 1699.0 34450.0 1013.0
0.927734375 0.9294569492340088 1432.0 1743.0 34406.0 977.0
0.921875 0.9278748631477356 1441.0 1813.0 34336.0 968.0
0.9375 0.9255926012992859 1406.0 1866.0 34283.0 1003.0
0.927734375 0.9288344979286194 1463.0 1798.0 34351.0 946.0
0.923828125 0.925125777721405 1440.0 1918.0 34231.0 969.0
0.94140625 0.9353182315826416 1379.0 1464.0 34685.0 1030.0
0.93359375 0.9260334968566895 1462.0 1905.0 34244.0 947.0
0.92578125 0.9268115758895874 1453.0 1866.0 34283.0 956.0
0.94921875 0.9347476363182068 1348.0 1455.0 34694.0 1061.0
0.90625 0.9278748631477356 1394.0 1766.0 34383.0 1015.0
0.919921875 0.9257223010063171 1475.0 1930.0 34219.0 934.0
0.935546875 0.9297940731048584 1412.0 1710.0 34439.0 997.0
0.94921875 0.9313501715660095 1393.0 1631.0 34518.0 1016.0
0.94140625 0.9307277202606201 1417.0 1679.0 34470.0 992.0
0.916015625 0.9267856478691101 1449.0 1863.0 34286.0 960.0
0.9375 0.9329581260681152 1381.0 1557.0 34592.0 1028.0
0.94140625 0.9279786348342896 1440.0 1808.0 34341.0 969.0
0.939453125 0.9327506422996521 1419.0 1603.0 34546.0 990.0
0.93359375 0.9299237728118896 1453.0 1746.0 34403.0 956.0
0.912109375 0.9245292544364929 1502.0 2003.0 34146.0 907.0
0.935546875 0.9328803420066833 1393.0 1572.0 34577.0 1016.0
0.94140625 0.9243996143341064 1488.0 1994.0 34155.0 921.0
0.931640625 0.9278489351272583 1460.0 1833.0 34316.0 949.0
0.93359375 0.9331656098365784 1427.0 1595.0 34554.0 982.0
0.939453125 0.9256444573402405 1476.0 1934.0 34215.0 933.0
0.939453125 0.9291456937789917 1470.0 1793.0 34356.0 939.0
0.931640625 0.9318947792053223 1466.0 1683.0 34466.0 943.0
0.93359375 0.9294050335884094 1402.0 1715.0 34434.0 1007.0
0.939453125 0.9256444573402405 1505.0 1963.0 34186.0 904.0
0.935546875 0.9315057992935181 1418.0 1650.0 34499.0 991.0
0.939453125 0.9305721521377563 1381.0 1649.0 34500.0 1028.0
0.916015625 0.9273043274879456 1426.0 1820.0 34329.0 983.0
0.923828125 0.9262150526046753 1462.0 1898.0 34251.0 947.0
0.94921875 0.9338658452033997 1401.0 1542.0 34607.0 1008.0
0.939453125 0.9304943084716797 1431.0 1702.0 34447.0 978.0
0.951171875 0.9339436888694763 1388.0 1526.0 34623.0 1021.0
0.939453125 0.9322838187217712 1411.0 1613.0 34536.0 998.0
0.9296875 0.9324394464492798 1412.0 1608.0 34541.0 997.0
0.9375 0.9342289566993713 1410.0 1537.0 34612.0 999.0
0.943359375 0.9315576553344727 1394.0 1624.0 34525.0 1015.0
0.921875 0.927148699760437 1461.0 1861.0 34288.0 948.0
0.921875 0.9330099821090698 1391.0 1565.0 34584.0 1018.0
0.908203125 0.9250998497009277 1515.0 1994.0 34155.0 894.0
0.927734375 0.9274599552154541 1465.0 1853.0 34296.0 944.0
0.904296875 0.9279786348342896 1458.0 1826.0 34323.0 951.0
0.927734375 0.9303386807441711 1485.0 1762.0 34387.0 924.0
0.93359375 0.929171621799469 1500.0 1822.0 34327.0 909.0
0.923828125 0.9281861186027527 1418.0 1778.0 34371.0 991.0
0.93359375 0.9307536482810974 1417.0 1678.0 34471.0 992.0
0.94140625 0.9314020276069641 1397.0 1633.0 34516.0 1012.0
0.931640625 0.9281342625617981 1474.0 1836.0 34313.0 935.0
0.9453125 0.9330618977546692 1431.0 1603.0 34546.0 978.0
0.931640625 0.9294569492340088 1449.0 1760.0 34389.0 960.0
0.943359375 0.9253591895103455 1490.0 1959.0 34190.0 919.0
0.9296875 0.9307536482810974 1423.0 1684.0 34465.0 986.0
0.939453125 0.9354219436645508 1391.0 1472.0 34677.0 1018.0
0.9453125 0.9294309616088867 1467.0 1779.0 34370.0 942.0
0.919921875 0.9300015568733215 1454.0 1744.0 34405.0 955.0
0.92578125 0.9343586564064026 1415.0 1537.0 34612.0 994.0
0.94921875 0.9320244789123535 1412.0 1624.0 34525.0 997.0
0.943359375 0.9297422170639038 1450.0 1750.0 34399.0 959.0
0.935546875 0.9330359697341919 1403.0 1576.0 34573.0 1006.0
0.919921875 0.9273821115493774 1466.0 1857.0 34292.0 943.0
0.931640625 0.93158358335495 1421.0 1650.0 34499.0 988.0
0.939453125 0.9333990216255188 1411.0 1570.0 34579.0 998.0
0.939453125 0.9287826418876648 1457.0 1794.0 34355.0 952.0
0.939453125 0.9293272495269775 1472.0 1788.0 34361.0 937.0
0.923828125 0.9344623684883118 1390.0 1508.0 34641.0 1019.0
0.912109375 0.9280823469161987 1458.0 1822.0 34327.0 951.0
0.9453125 0.9301052689552307 1456.0 1742.0 34407.0 953.0
0.95703125 0.9297940731048584 1443.0 1741.0 34408.0 966.0
0.908203125 0.9273821115493774 1454.0 1845.0 34304.0 955.0
0.93359375 0.9296125173568726 1504.0 1809.0 34340.0 905.0
0.935546875 0.9329581260681152 1407.0 1583.0 34566.0 1002.0
0.912109375 0.9247626662254333 1497.0 1989.0 34160.0 912.0
0.94140625 0.9295865893363953 1424.0 1730.0 34419.0 985.0
0.94921875 0.9374707937240601 1331.0 1333.0 34816.0 1078.0
0.931640625 0.9251776337623596 1504.0 1980.0 34169.0 905.0
0.9375 0.9267337322235107 1473.0 1889.0 34260.0 936.0
0.923828125 0.9242699146270752 1488.0 1999.0 34150.0 921.0
0.94140625 0.9302868247032166 1413.0 1692.0 34457.0 996.0
0.955078125 0.9344105124473572 1412.0 1532.0 34617.0 997.0
0.927734375 0.933917760848999 1416.0 1555.0 34594.0 993.0
0.955078125 0.9337880611419678 1365.0 1509.0 34640.0 1044.0
0.935546875 0.9289641380310059 1475.0 1805.0 34344.0 934.0
0.92578125 0.9302868247032166 1431.0 1710.0 34439.0 978.0
0.94140625 0.9302608966827393 1441.0 1721.0 34428.0 968.0
0.9453125 0.9338658452033997 1442.0 1583.0 34566.0 967.0
0.92578125 0.9320244789123535 1460.0 1672.0 34477.0 949.0
0.92578125 0.9252814054489136 1559.0 2031.0 34118.0 850.0
0.94140625 0.9302608966827393 1457.0 1737.0 34412.0 952.0
0.916015625 0.9257223010063171 1525.0 1980.0 34169.0 884.0
0.927734375 0.9298978447914124 1463.0 1757.0 34392.0 946.0
0.9296875 0.9299756288528442 1488.0 1779.0 34370.0 921.0
0.921875 0.931194543838501 1456.0 1700.0 34449.0 953.0
0.94921875 0.9280304908752441 1454.0 1820.0 34329.0 955.0
0.935546875 0.9229731559753418 1534.0 2095.0 34054.0 875.0
0.935546875 0.9256444573402405 1528.0 1986.0 34163.0 881.0
0.939453125 0.9293013215065002 1489.0 1806.0 34343.0 920.0
0.91796875 0.9280823469161987 1475.0 1839.0 34310.0 934.0
0.935546875 0.9285751581192017 1470.0 1815.0 34334.0 939.0
0.939453125 0.9345142245292664 1371.0 1487.0 34662.0 1038.0
0.939453125 0.933891773223877 1390.0 1530.0 34619.0 1019.0
0.9296875 0.930909276008606 1456.0 1711.0 34438.0 953.0
0.9375 0.9326728582382202 1422.0 1609.0 34540.0 987.0
0.93359375 0.9286529421806335 1478.0 1820.0 34329.0 931.0
0.935546875 0.9314020276069641 1425.0 1661.0 34488.0 984.0
0.939453125 0.9313242435455322 1463.0 1702.0 34447.0 946.0
0.931640625 0.9301571846008301 1415.0 1699.0 34450.0 994.0
0.931640625 0.9318169951438904 1416.0 1636.0 34513.0 993.0
0.9375 0.9293791055679321 1464.0 1778.0 34371.0 945.0
0.9140625 0.9267078042030334 1530.0 1947.0 34202.0 879.0
0.923828125 0.9296384453773499 1464.0 1768.0 34381.0 945.0
0.90625 0.9325172305107117 1420.0 1613.0 34536.0 989.0
0.93359375 0.9332693815231323 1421.0 1585.0 34564.0 988.0
0.943359375 0.9311426877975464 1390.0 1636.0 34513.0 1019.0
