0.421875 0.44662585854530334 1486.0 20414.0 15735.0 923.0
0.8759765625 0.8679651618003845 319.0 3001.0 33148.0 2090.0
0.88671875 0.887597918510437 311.0 2236.0 33913.0 2098.0
0.9072265625 0.8979977965354919 314.0 1838.0 34311.0 2095.0
0.908203125 0.9061932563781738 320.0 1528.0 34621.0 2089.0
0.921875 0.9133772253990173 294.0 1225.0 34924.0 2115.0
0.9228515625 0.9189532399177551 285.0 1001.0 35148.0 2124.0
0.923828125 0.9236215353012085 268.0 804.0 35345.0 2141.0
0.9267578125 0.9272783994674683 263.0 658.0 35491.0 2146.0
0.931640625 0.9300534129142761 247.0 535.0 35614.0 2162.0
0.9267578125 0.9326469302177429 211.0 399.0 35750.0 2198.0
0.9287109375 0.9344105124473572 215.0 335.0 35814.0 2194.0
0.9287109375 0.9356553554534912 187.0 259.0 35890.0 2222.0
0.9365234375 0.9367446303367615 194.0 224.0 35925.0 2215.0
0.93359375 0.9371595978736877 186.0 200.0 35949.0 2223.0
0.939453125 0.937574565410614 157.0 155.0 35994.0 2252.0
0.9384765625 0.9378079771995544 173.0 162.0 35987.0 2236.0
0.939453125 0.9378857612609863 227.0 213.0 35936.0 2182.0
0.935546875 0.9383266568183899 200.0 169.0 35980.0 2209.0
0.9453125 0.9384822845458984 215.0 178.0 35971.0 2194.0
0.939453125 0.938637912273407 225.0 182.0 35967.0 2184.0
0.9375 0.9384304285049438 226.0 191.0 35958.0 2183.0
0.935546875 0.938534140586853 200.0 161.0 35988.0 2209.0
0.94140625 0.9386897683143616 244.0 199.0 35950.0 2165.0
0.9423828125 0.9387675523757935 240.0 192.0 35957.0 2169.0
0.9345703125 0.9388972520828247 243.0 190.0 35959.0 2166.0
0.9375 0.9389491081237793 241.0 186.0 35963.0 2168.0
0.93359375 0.9391306638717651 283.0 221.0 35928.0 2126.0
0.939453125 0.9389750361442566 318.0 262.0 35887.0 2091.0
0.94140625 0.9390528798103333 304.0 245.0 35904.0 2105.0
0.9443359375 0.9395197033882141 296.0 219.0 35930.0 2113.0
0.9462890625 0.9392343759536743 308.0 242.0 35907.0 2101.0
0.9443359375 0.9392603635787964 312.0 245.0 35904.0 2097.0
0.943359375 0.9391306638717651 311.0 249.0 35900.0 2098.0
0.939453125 0.9394418597221375 321.0 247.0 35902.0 2088.0
0.9326171875 0.9395456314086914 307.0 229.0 35920.0 2102.0
0.9404296875 0.9394159317016602 334.0 261.0 35888.0 2075.0
0.9375 0.9391825199127197 387.0 323.0 35826.0 2022.0
0.9384765625 0.9396493434906006 321.0 239.0 35910.0 2088.0
0.9501953125 0.9391047358512878 364.0 303.0 35846.0 2045.0
0.94140625 0.9399086833000183 338.0 246.0 35903.0 2071.0
0.9443359375 0.9397531151771545 352.0 266.0 35883.0 2057.0
0.935546875 0.9397271871566772 364.0 279.0 35870.0 2045.0
0.94140625 0.939312219619751 384.0 315.0 35834.0 2025.0
0.935546875 0.9399346709251404 373.0 280.0 35869.0 2036.0
0.943359375 0.9394677877426147 392.0 317.0 35832.0 2017.0
0.94140625 0.939986526966095 393.0 298.0 35851.0 2016.0
0.943359375 0.9399605989456177 374.0 280.0 35869.0 2035.0
0.9462890625 0.9398568272590637 383.0 293.0 35856.0 2026.0
0.943359375 0.939882755279541 402.0 311.0 35838.0 2007.0
0.9326171875 0.9402977228164673 396.0 289.0 35860.0 2013.0
0.9423828125 0.9401420950889587 406.0 305.0 35844.0 2003.0
0.94921875 0.9399346709251404 431.0 338.0 35811.0 1978.0
0.9404296875 0.9399346709251404 433.0 340.0 35809.0 1976.0
0.9443359375 0.9398308992385864 453.0 364.0 35785.0 1956.0
0.93359375 0.9400902390480042 442.0 343.0 35806.0 1967.0
0.935546875 0.9404014945030212 442.0 331.0 35818.0 1967.0
0.9404296875 0.9404274225234985 419.0 307.0 35842.0 1990.0
0.939453125 0.9405052065849304 459.0 344.0 35805.0 1950.0
0.9453125 0.9409720301628113 437.0 304.0 35845.0 1972.0
0.935546875 0.9399605989456177 481.0 387.0 35762.0 1928.0
0.9345703125 0.9406349062919617 432.0 312.0 35837.0 1977.0
0.9365234375 0.940660834312439 459.0 338.0 35811.0 1950.0
0.93359375 0.9402458667755127 472.0 367.0 35782.0 1937.0
0.9384765625 0.9401940107345581 468.0 365.0 35784.0 1941.0
0.947265625 0.94027179479599 466.0 360.0 35789.0 1943.0
0.94140625 0.9403495788574219 480.0 371.0 35778.0 1929.0
0.947265625 0.9403495788574219 472.0 363.0 35786.0 1937.0
0.9375 0.9403236508369446 492.0 384.0 35765.0 1917.0
0.94140625 0.9402977228164673 490.0 383.0 35766.0 1919.0
0.9306640625 0.9401680827140808 512.0 410.0 35739.0 1897.0
0.9423828125 0.940557062625885 495.0 378.0 35771.0 1914.0
0.951171875 0.940946102142334 444.0 312.0 35837.0 1965.0
0.9423828125 0.9404014945030212 513.0 402.0 35747.0 1896.0
0.9423828125 0.9408164620399475 502.0 375.0 35774.0 1907.0
0.9423828125 0.9409720301628113 499.0 366.0 35783.0 1910.0
0.9453125 0.9412054419517517 506.0 364.0 35785.0 1903.0
0.9404296875 0.9411795139312744 497.0 356.0 35793.0 1912.0
0.9453125 0.941231369972229 519.0 376.0 35773.0 1890.0
0.9375 0.9412832856178284 545.0 400.0 35749.0 1864.0
0.939453125 0.9413610696792603 503.0 355.0 35794.0 1906.0
0.943359375 0.9413610696792603 539.0 391.0 35758.0 1870.0
0.9482421875 0.9414129257202148 557.0 407.0 35742.0 1852.0
0.94921875 0.9418278932571411 550.0 384.0 35765.0 1859.0
0.9375 0.9416981935501099 554.0 393.0 35756.0 1855.0
0.93359375 0.9417501091957092 535.0 372.0 35777.0 1874.0
0.9384765625 0.9411535859107971 582.0 442.0 35707.0 1827.0
0.943359375 0.9415426254272461 538.0 383.0 35766.0 1871.0
0.94140625 0.9416722655296326 557.0 397.0 35752.0 1852.0
0.9404296875 0.9414388537406921 532.0 381.0 35768.0 1877.0
0.9375 0.941620409488678 553.0 395.0 35754.0 1856.0
0.9443359375 0.9417501091957092 592.0 429.0 35720.0 1817.0
0.9384765625 0.941905677318573 573.0 404.0 35745.0 1836.0
0.953125 0.9417501091957092 572.0 409.0 35740.0 1837.0
0.94140625 0.9415944814682007 582.0 425.0 35724.0 1827.0
0.9404296875 0.9421131610870361 591.0 414.0 35735.0 1818.0
0.9423828125 0.9409979581832886 630.0 496.0 35653.0 1779.0
0.9365234375 0.9421910047531128 586.0 406.0 35743.0 1823.0
0.94140625 0.941905677318573 593.0 424.0 35725.0 1816.0
0.943359375 0.9423725008964539 606.0 419.0 35730.0 1803.0
0.9423828125 0.942294716835022 629.0 445.0 35704.0 1780.0
0.9453125 0.9420613050460815 625.0 450.0 35699.0 1784.0
0.94921875 0.9427096843719482 592.0 392.0 35757.0 1817.0
0.9453125 0.9420353770256042 606.0 432.0 35717.0 1803.0
0.935546875 0.9417760372161865 640.0 476.0 35673.0 1769.0
0.9501953125 0.9421131610870361 607.0 430.0 35719.0 1802.0
0.9462890625 0.9420613050460815 608.0 433.0 35716.0 1801.0
0.9443359375 0.941905677318573 623.0 454.0 35695.0 1786.0
0.9521484375 0.9421131610870361 621.0 444.0 35705.0 1788.0
0.94921875 0.9422169327735901 616.0 435.0 35714.0 1793.0
0.9423828125 0.9419575929641724 649.0 478.0 35671.0 1760.0
0.95703125 0.9420353770256042 656.0 482.0 35667.0 1753.0
0.9453125 0.9421131610870361 630.0 453.0 35696.0 1779.0
0.9404296875 0.9423465728759766 637.0 451.0 35698.0 1772.0
0.9375 0.9425540566444397 653.0 459.0 35690.0 1756.0
0.9462890625 0.9419316649436951 646.0 476.0 35673.0 1763.0
0.9345703125 0.9427356123924255 648.0 447.0 35702.0 1761.0
0.943359375 0.9422687888145447 652.0 469.0 35680.0 1757.0
0.9462890625 0.9426578283309937 625.0 427.0 35722.0 1784.0
0.94140625 0.9428653120994568 656.0 450.0 35699.0 1753.0
0.9423828125 0.9426319003105164 654.0 457.0 35692.0 1755.0
0.935546875 0.9421390891075134 658.0 480.0 35669.0 1751.0
0.9375 0.9422687888145447 657.0 474.0 35675.0 1752.0
0.9462890625 0.9426578283309937 661.0 463.0 35686.0 1748.0
0.947265625 0.9430468678474426 650.0 437.0 35712.0 1759.0
0.94140625 0.9433321356773376 649.0 425.0 35724.0 1760.0
0.9560546875 0.9428912401199341 649.0 442.0 35707.0 1760.0
0.94140625 0.9431765079498291 648.0 430.0 35719.0 1761.0
0.94140625 0.9430727958679199 650.0 436.0 35713.0 1759.0
0.9482421875 0.9432024359703064 642.0 423.0 35726.0 1767.0
0.943359375 0.9426059722900391 665.0 469.0 35680.0 1744.0
0.9443359375 0.9427615404129028 673.0 471.0 35678.0 1736.0
0.9462890625 0.942969024181366 658.0 448.0 35701.0 1751.0
0.9443359375 0.9431765079498291 647.0 429.0 35720.0 1762.0
0.9482421875 0.9432024359703064 674.0 455.0 35694.0 1735.0
0.9462890625 0.9430727958679199 679.0 465.0 35684.0 1730.0
0.9423828125 0.9432024359703064 676.0 457.0 35692.0 1733.0
0.9443359375 0.9429949522018433 675.0 464.0 35685.0 1734.0
0.9482421875 0.9431246519088745 684.0 468.0 35681.0 1725.0
0.9521484375 0.9430987238883972 683.0 468.0 35681.0 1726.0
0.94140625 0.9433321356773376 681.0 457.0 35692.0 1728.0
0.9384765625 0.9429171681404114 691.0 483.0 35666.0 1718.0
0.9462890625 0.9431246519088745 686.0 470.0 35679.0 1723.0
0.94921875 0.9430468678474426 708.0 495.0 35654.0 1701.0
0.9375 0.9432802796363831 693.0 471.0 35678.0 1716.0
0.939453125 0.9430468678474426 688.0 475.0 35674.0 1721.0
0.9404296875 0.9435396194458008 686.0 454.0 35695.0 1723.0
0.9453125 0.9433321356773376 684.0 460.0 35689.0 1725.0
0.9443359375 0.9433839917182922 713.0 487.0 35662.0 1696.0
0.9453125 0.9432283639907837 686.0 466.0 35683.0 1723.0
0.94140625 0.9427096843719482 720.0 520.0 35629.0 1689.0
0.9404296875 0.9430468678474426 712.0 499.0 35650.0 1697.0
0.94140625 0.9430468678474426 692.0 479.0 35670.0 1717.0
0.94140625 0.9435136914253235 707.0 476.0 35673.0 1702.0
0.943359375 0.9433062076568604 688.0 465.0 35684.0 1721.0
0.9443359375 0.9433580636978149 723.0 498.0 35651.0 1686.0
0.943359375 0.9438248872756958 700.0 457.0 35692.0 1709.0
0.943359375 0.9435136914253235 708.0 477.0 35672.0 1701.0
0.9423828125 0.9436951875686646 711.0 473.0 35676.0 1698.0
0.94140625 0.9435914754867554 711.0 477.0 35672.0 1698.0
0.9482421875 0.9434358477592468 708.0 480.0 35669.0 1701.0
0.9541015625 0.9433580636978149 722.0 497.0 35652.0 1687.0
0.951171875 0.9437730312347412 710.0 469.0 35680.0 1699.0
0.9462890625 0.9432802796363831 737.0 515.0 35634.0 1672.0
0.947265625 0.9433062076568604 740.0 517.0 35632.0 1669.0
0.9443359375 0.9433580636978149 730.0 505.0 35644.0 1679.0
0.9345703125 0.9436692595481873 733.0 496.0 35653.0 1676.0
0.955078125 0.9437730312347412 743.0 502.0 35647.0 1666.0
0.9423828125 0.9437989592552185 726.0 484.0 35665.0 1683.0
0.9482421875 0.9435914754867554 744.0 510.0 35639.0 1665.0
0.951171875 0.9439026713371277 736.0 490.0 35659.0 1673.0
0.9462890625 0.9434099197387695 723.0 496.0 35653.0 1686.0
0.9443359375 0.9434877038002014 753.0 523.0 35626.0 1656.0
0.9443359375 0.9437471032142639 703.0 463.0 35686.0 1706.0
0.9443359375 0.9438508152961731 745.0 501.0 35648.0 1664.0
0.9453125 0.9438248872756958 736.0 493.0 35656.0 1673.0
0.958984375 0.9439805150032043 730.0 481.0 35668.0 1679.0
0.9462890625 0.9437730312347412 761.0 520.0 35629.0 1648.0
0.935546875 0.9443435668945312 757.0 494.0 35655.0 1652.0
0.9482421875 0.9442657828330994 742.0 482.0 35667.0 1667.0
0.9580078125 0.9437471032142639 766.0 526.0 35623.0 1643.0
0.939453125 0.9436692595481873 748.0 511.0 35638.0 1661.0
0.9501953125 0.9440064430236816 747.0 497.0 35652.0 1662.0
0.947265625 0.9442139267921448 744.0 486.0 35663.0 1665.0
0.9453125 0.9443435668945312 730.0 467.0 35682.0 1679.0
0.9482421875 0.9443435668945312 755.0 492.0 35657.0 1654.0
0.9453125 0.9443694949150085 743.0 479.0 35670.0 1666.0
0.94921875 0.9437989592552185 742.0 500.0 35649.0 1667.0
0.9443359375 0.9440582990646362 737.0 485.0 35664.0 1672.0
0.9443359375 0.9444473385810852 743.0 476.0 35673.0 1666.0
0.9560546875 0.94364333152771 766.0 530.0 35619.0 1643.0
0.939453125 0.9441360831260681 752.0 497.0 35652.0 1657.0
0.9462890625 0.9440323710441589 761.0 510.0 35639.0 1648.0
0.9423828125 0.9443435668945312 778.0 515.0 35634.0 1631.0
0.9453125 0.9440582990646362 737.0 485.0 35664.0 1672.0
0.951171875 0.944602906703949 774.0 501.0 35648.0 1635.0
0.9423828125 0.943954586982727 764.0 516.0 35633.0 1645.0
0.9462890625 0.9443954825401306 740.0 475.0 35674.0 1669.0
0.9423828125 0.9438767433166504 750.0 505.0 35644.0 1659.0
0.9375 0.9440842270851135 759.0 506.0 35643.0 1650.0
0.9462890625 0.9444732666015625 768.0 500.0 35649.0 1641.0
0.9365234375 0.9440842270851135 758.0 505.0 35644.0 1651.0
0.951171875 0.9447585344314575 757.0 478.0 35671.0 1652.0
0.9482421875 0.9445251226425171 749.0 479.0 35670.0 1660.0
0.9521484375 0.9444991946220398 766.0 497.0 35652.0 1643.0
0.9482421875 0.9439805150032043 755.0 506.0 35643.0 1654.0
0.9541015625 0.9444473385810852 773.0 506.0 35643.0 1636.0
0.943359375 0.9442917108535767 773.0 512.0 35637.0 1636.0
0.9443359375 0.9441879987716675 773.0 516.0 35633.0 1636.0
0.9375 0.9439805150032043 764.0 515.0 35634.0 1645.0
0.94921875 0.944602906703949 773.0 500.0 35649.0 1636.0
0.943359375 0.9441360831260681 783.0 528.0 35621.0 1626.0
0.9404296875 0.9447066783905029 773.0 496.0 35653.0 1636.0
0.9453125 0.9450957179069519 756.0 464.0 35685.0 1653.0
0.9501953125 0.9446548223495483 791.0 516.0 35633.0 1618.0
0.939453125 0.9450178742408752 763.0 474.0 35675.0 1646.0
0.9423828125 0.9446548223495483 774.0 499.0 35650.0 1635.0
0.94921875 0.9443435668945312 812.0 549.0 35600.0 1597.0
0.9482421875 0.9450697898864746 802.0 511.0 35638.0 1607.0
0.9443359375 0.9450438022613525 783.0 493.0 35656.0 1626.0
0.943359375 0.9444214105606079 807.0 541.0 35608.0 1602.0
0.94140625 0.9451994299888611 784.0 488.0 35661.0 1625.0
0.9375 0.9451475739479065 801.0 507.0 35642.0 1608.0
0.947265625 0.9448103904724121 811.0 530.0 35619.0 1598.0
0.9453125 0.9447585344314575 792.0 513.0 35636.0 1617.0
0.9541015625 0.9455106854438782 804.0 496.0 35653.0 1605.0
0.947265625 0.9451735019683838 798.0 503.0 35646.0 1611.0
0.93359375 0.9455366134643555 808.0 499.0 35650.0 1601.0
0.9443359375 0.9452253580093384 801.0 504.0 35645.0 1608.0
0.9462890625 0.9456921815872192 792.0 477.0 35672.0 1617.0
0.943359375 0.9458218812942505 797.0 477.0 35672.0 1612.0
0.9521484375 0.9455106854438782 800.0 492.0 35657.0 1609.0
0.955078125 0.9456403255462646 808.0 495.0 35654.0 1601.0
0.9462890625 0.9452772736549377 830.0 531.0 35618.0 1579.0
0.9609375 0.9461071491241455 815.0 484.0 35665.0 1594.0
0.9453125 0.9453550577163696 815.0 513.0 35636.0 1594.0
0.943359375 0.9456403255462646 810.0 497.0 35652.0 1599.0
0.94921875 0.9457181096076965 800.0 484.0 35665.0 1609.0
0.943359375 0.9463405609130859 799.0 459.0 35690.0 1610.0
0.955078125 0.9456143975257874 823.0 511.0 35638.0 1586.0
0.9326171875 0.9458478093147278 821.0 500.0 35649.0 1588.0
0.953125 0.9455884695053101 813.0 502.0 35647.0 1596.0
0.9541015625 0.9459255933761597 831.0 507.0 35642.0 1578.0
0.9375 0.9458996653556824 812.0 489.0 35660.0 1597.0
0.9521484375 0.9459255933761597 837.0 513.0 35636.0 1572.0
0.9501953125 0.9462368488311768 818.0 482.0 35667.0 1591.0
0.9384765625 0.9461590051651001 825.0 492.0 35657.0 1584.0
0.951171875 0.9462109208106995 815.0 480.0 35669.0 1594.0
0.947265625 0.9460812211036682 825.0 495.0 35654.0 1584.0
0.94921875 0.9464702606201172 825.0 480.0 35669.0 1584.0
0.9384765625 0.9465739727020264 813.0 464.0 35685.0 1596.0
0.947265625 0.9467555284500122 837.0 481.0 35668.0 1572.0
0.9501953125 0.9460812211036682 847.0 517.0 35632.0 1562.0
0.953125 0.9462368488311768 834.0 498.0 35651.0 1575.0
0.94140625 0.9466777443885803 836.0 483.0 35666.0 1573.0
0.9462890625 0.9459515810012817 851.0 526.0 35623.0 1558.0
0.9443359375 0.9459255933761597 861.0 537.0 35612.0 1548.0
0.9326171875 0.9463405609130859 831.0 491.0 35658.0 1578.0
0.94140625 0.9459255933761597 839.0 515.0 35634.0 1570.0
0.9453125 0.9462109208106995 851.0 516.0 35633.0 1558.0
0.9541015625 0.9461590051651001 871.0 538.0 35611.0 1538.0
0.939453125 0.9464184045791626 851.0 508.0 35641.0 1558.0
0.9462890625 0.9464961886405945 849.0 503.0 35646.0 1560.0
0.9453125 0.9463924765586853 843.0 501.0 35648.0 1566.0
0.9501953125 0.9464184045791626 857.0 514.0 35635.0 1552.0
0.939453125 0.9467296004295349 847.0 492.0 35657.0 1562.0
0.94921875 0.9465480446815491 865.0 517.0 35632.0 1544.0
0.939453125 0.9461590051651001 851.0 518.0 35631.0 1558.0
0.9423828125 0.9465480446815491 816.0 468.0 35681.0 1593.0
0.9423828125 0.9465739727020264 834.0 485.0 35664.0 1575.0
0.9521484375 0.9468333125114441 844.0 485.0 35664.0 1565.0
0.9462890625 0.9465739727020264 823.0 474.0 35675.0 1586.0
0.94921875 0.9465999007225037 852.0 502.0 35647.0 1557.0
0.9443359375 0.9470927119255066 829.0 460.0 35689.0 1580.0
0.9443359375 0.9465221166610718 858.0 511.0 35638.0 1551.0
0.9482421875 0.9465739727020264 856.0 507.0 35642.0 1553.0
0.9423828125 0.9466258883476257 857.0 506.0 35643.0 1552.0
0.955078125 0.9469111561775208 839.0 477.0 35672.0 1570.0
0.943359375 0.9463664889335632 845.0 504.0 35645.0 1564.0
0.943359375 0.9468593001365662 833.0 473.0 35676.0 1576.0
0.943359375 0.9469111561775208 876.0 514.0 35635.0 1533.0
0.9560546875 0.9466258883476257 855.0 504.0 35645.0 1554.0
0.9453125 0.9463405609130859 872.0 532.0 35617.0 1537.0
0.943359375 0.9468333125114441 859.0 500.0 35649.0 1550.0
0.9521484375 0.9469111561775208 879.0 517.0 35632.0 1530.0
0.9599609375 0.946651816368103 861.0 509.0 35640.0 1548.0
0.9541015625 0.9471445679664612 852.0 481.0 35668.0 1557.0
0.94921875 0.9467814564704895 857.0 500.0 35649.0 1552.0
0.939453125 0.9469630122184753 866.0 502.0 35647.0 1543.0
0.951171875 0.9470407962799072 839.0 472.0 35677.0 1570.0
0.9541015625 0.9462887048721313 881.0 543.0 35606.0 1528.0
0.9482421875 0.9468073844909668 851.0 493.0 35656.0 1558.0
0.94140625 0.946937084197998 853.0 490.0 35659.0 1556.0
0.9453125 0.9473779797554016 857.0 477.0 35672.0 1552.0
0.947265625 0.9472742080688477 859.0 483.0 35666.0 1550.0
0.9462890625 0.9467036724090576 873.0 519.0 35630.0 1536.0
0.94921875 0.9463146328926086 861.0 522.0 35627.0 1548.0
0.9482421875 0.9471964240074158 865.0 492.0 35657.0 1544.0
0.9462890625 0.9470667839050293 876.0 508.0 35641.0 1533.0
0.9384765625 0.9467555284500122 896.0 540.0 35609.0 1513.0
0.9560546875 0.946651816368103 884.0 532.0 35617.0 1525.0
0.95703125 0.9476891756057739 872.0 480.0 35669.0 1537.0
0.943359375 0.947326123714447 881.0 503.0 35646.0 1528.0
0.94921875 0.9473520517349243 859.0 480.0 35669.0 1550.0
0.9404296875 0.946937084197998 913.0 550.0 35599.0 1496.0
0.955078125 0.9470927119255066 868.0 499.0 35650.0 1541.0
0.9404296875 0.9474816918373108 877.0 493.0 35656.0 1532.0
0.95703125 0.9468593001365662 900.0 540.0 35609.0 1509.0
0.955078125 0.9474039077758789 884.0 503.0 35646.0 1525.0
0.9443359375 0.9472742080688477 876.0 500.0 35649.0 1533.0
0.9501953125 0.9470148682594299 909.0 543.0 35606.0 1500.0
0.9482421875 0.9471704959869385 899.0 527.0 35622.0 1510.0
0.9375 0.9471186399459839 905.0 535.0 35614.0 1504.0
0.953125 0.9470407962799072 885.0 518.0 35631.0 1524.0
0.943359375 0.9474816918373108 890.0 506.0 35643.0 1519.0
0.94921875 0.9471964240074158 899.0 526.0 35623.0 1510.0
0.9462890625 0.9476373195648193 906.0 516.0 35633.0 1503.0
0.9501953125 0.9477151036262512 880.0 487.0 35662.0 1529.0
0.9521484375 0.9473779797554016 893.0 513.0 35636.0 1516.0
0.9501953125 0.9472482800483704 918.0 543.0 35606.0 1491.0
0.9443359375 0.9468073844909668 889.0 531.0 35618.0 1520.0
0.9521484375 0.9477151036262512 898.0 505.0 35644.0 1511.0
0.9501953125 0.9475076794624329 910.0 525.0 35624.0 1499.0
0.9521484375 0.9474816918373108 891.0 507.0 35642.0 1518.0
0.9521484375 0.9474039077758789 917.0 536.0 35613.0 1492.0
0.9482421875 0.9476373195648193 914.0 524.0 35625.0 1495.0
0.951171875 0.9473001956939697 915.0 538.0 35611.0 1494.0
0.953125 0.9478448033332825 911.0 513.0 35636.0 1498.0
0.9521484375 0.9474298357963562 904.0 522.0 35627.0 1505.0
0.9482421875 0.9475076794624329 916.0 531.0 35618.0 1493.0
0.95703125 0.9474816918373108 914.0 530.0 35619.0 1495.0
0.9541015625 0.9477670192718506 924.0 529.0 35620.0 1485.0
0.9365234375 0.9475595355033875 891.0 504.0 35645.0 1518.0
0.955078125 0.9475854635238647 905.0 517.0 35632.0 1504.0
0.9453125 0.9471964240074158 905.0 532.0 35617.0 1504.0
0.9453125 0.9471704959869385 918.0 546.0 35603.0 1491.0
0.951171875 0.9472482800483704 915.0 540.0 35609.0 1494.0
0.94921875 0.9471704959869385 918.0 546.0 35603.0 1491.0
0.9560546875 0.9474298357963562 915.0 533.0 35616.0 1494.0
0.9501953125 0.9474816918373108 896.0 512.0 35637.0 1513.0
0.94140625 0.9472742080688477 923.0 547.0 35602.0 1486.0
0.9443359375 0.9472742080688477 933.0 557.0 35592.0 1476.0
0.9541015625 0.9476373195648193 908.0 518.0 35631.0 1501.0
0.947265625 0.9475854635238647 906.0 518.0 35631.0 1503.0
0.951171875 0.9471445679664612 932.0 561.0 35588.0 1477.0
0.9462890625 0.9476373195648193 901.0 511.0 35638.0 1508.0
0.9521484375 0.947611391544342 918.0 529.0 35620.0 1491.0
0.947265625 0.947326123714447 906.0 528.0 35621.0 1503.0
0.953125 0.9474557638168335 917.0 534.0 35615.0 1492.0
0.955078125 0.9474298357963562 932.0 550.0 35599.0 1477.0
0.95703125 0.9478966593742371 920.0 520.0 35629.0 1489.0
0.94140625 0.9471186399459839 909.0 539.0 35610.0 1500.0
0.9501953125 0.9474298357963562 915.0 533.0 35616.0 1494.0
0.953125 0.9474039077758789 933.0 552.0 35597.0 1476.0
0.9423828125 0.9476632475852966 904.0 513.0 35636.0 1505.0
0.9482421875 0.9477151036262512 919.0 526.0 35623.0 1490.0
0.951171875 0.9473001956939697 926.0 549.0 35600.0 1483.0
0.943359375 0.947611391544342 945.0 556.0 35593.0 1464.0
0.9453125 0.9470927119255066 917.0 548.0 35601.0 1492.0
0.9404296875 0.9471964240074158 930.0 557.0 35592.0 1479.0
0.9541015625 0.946651816368103 941.0 589.0 35560.0 1468.0
0.94140625 0.9474816918373108 926.0 542.0 35607.0 1483.0
0.94921875 0.9471704959869385 944.0 572.0 35577.0 1465.0
0.947265625 0.9471704959869385 918.0 546.0 35603.0 1491.0
0.9501953125 0.9472482800483704 925.0 550.0 35599.0 1484.0
0.947265625 0.9473520517349243 931.0 552.0 35597.0 1478.0
0.9580078125 0.947611391544342 954.0 565.0 35584.0 1455.0
0.9453125 0.9471964240074158 938.0 565.0 35584.0 1471.0
0.9482421875 0.947611391544342 914.0 525.0 35624.0 1495.0
0.9482421875 0.9476632475852966 934.0 543.0 35606.0 1475.0
0.94140625 0.9477151036262512 917.0 524.0 35625.0 1492.0
0.947265625 0.9476373195648193 948.0 558.0 35591.0 1461.0
0.94921875 0.9478966593742371 945.0 545.0 35604.0 1464.0
0.943359375 0.9478707313537598 918.0 519.0 35630.0 1491.0
0.9560546875 0.9478448033332825 954.0 556.0 35593.0 1455.0
0.953125 0.9474816918373108 929.0 545.0 35604.0 1480.0
0.9404296875 0.9476632475852966 930.0 539.0 35610.0 1479.0
0.9501953125 0.9478707313537598 917.0 518.0 35631.0 1492.0
0.9521484375 0.9479485154151917 944.0 542.0 35607.0 1465.0
0.9521484375 0.9479485154151917 908.0 506.0 35643.0 1501.0
0.9521484375 0.9478707313537598 947.0 548.0 35601.0 1462.0
0.955078125 0.9479225873947144 939.0 538.0 35611.0 1470.0
0.951171875 0.947611391544342 927.0 538.0 35611.0 1482.0
0.9541015625 0.9478188753128052 963.0 566.0 35583.0 1446.0
0.9560546875 0.9470667839050293 954.0 586.0 35563.0 1455.0
0.94140625 0.947326123714447 968.0 590.0 35559.0 1441.0
0.9404296875 0.947611391544342 947.0 558.0 35591.0 1462.0
0.94921875 0.9478188753128052 924.0 527.0 35622.0 1485.0
0.953125 0.9479485154151917 949.0 547.0 35602.0 1460.0
0.9521484375 0.9481300711631775 927.0 518.0 35631.0 1482.0
0.9501953125 0.9476891756057739 951.0 559.0 35590.0 1458.0
0.94921875 0.9471186399459839 934.0 564.0 35585.0 1475.0
0.9482421875 0.9480782151222229 941.0 534.0 35615.0 1468.0
0.951171875 0.9483375549316406 940.0 523.0 35626.0 1469.0
0.9521484375 0.9481819868087769 946.0 535.0 35614.0 1463.0
0.958984375 0.946937084197998 970.0 607.0 35542.0 1439.0
0.94921875 0.9478707313537598 931.0 532.0 35617.0 1478.0
0.9423828125 0.9489081501960754 921.0 482.0 35667.0 1488.0
0.9453125 0.9482597708702087 924.0 510.0 35639.0 1485.0
0.9462890625 0.9477151036262512 940.0 547.0 35602.0 1469.0
0.9521484375 0.9480782151222229 947.0 540.0 35609.0 1462.0
0.9443359375 0.9476632475852966 932.0 541.0 35608.0 1477.0
0.953125 0.947611391544342 931.0 542.0 35607.0 1478.0
0.95703125 0.9481819868087769 947.0 536.0 35613.0 1462.0
0.9423828125 0.9488562941551208 951.0 514.0 35635.0 1458.0
0.953125 0.9480263590812683 936.0 531.0 35618.0 1473.0
0.9482421875 0.9479225873947144 965.0 564.0 35585.0 1444.0
0.94921875 0.9476632475852966 947.0 556.0 35593.0 1462.0
0.95703125 0.9481559991836548 948.0 538.0 35611.0 1461.0
0.947265625 0.9484672546386719 922.0 500.0 35649.0 1487.0
0.951171875 0.9478966593742371 974.0 574.0 35575.0 1435.0
0.943359375 0.9483894109725952 952.0 533.0 35616.0 1457.0
0.94921875 0.9474557638168335 942.0 559.0 35590.0 1467.0
0.947265625 0.9477929472923279 947.0 551.0 35598.0 1462.0
0.9482421875 0.9474557638168335 958.0 575.0 35574.0 1451.0
0.9560546875 0.9487784504890442 931.0 497.0 35652.0 1478.0
0.9462890625 0.9482079148292542 940.0 528.0 35621.0 1469.0
0.9521484375 0.9476632475852966 940.0 549.0 35600.0 1469.0
0.935546875 0.9477151036262512 970.0 577.0 35572.0 1439.0
0.9599609375 0.9483116269111633 950.0 534.0 35615.0 1459.0
0.951171875 0.9479225873947144 947.0 546.0 35603.0 1462.0
0.9560546875 0.9482079148292542 958.0 546.0 35603.0 1451.0
0.939453125 0.9481041431427002 963.0 555.0 35594.0 1446.0
0.9453125 0.9481300711631775 977.0 568.0 35581.0 1432.0
0.947265625 0.9480522871017456 945.0 539.0 35610.0 1464.0
0.9453125 0.9479745030403137 968.0 565.0 35584.0 1441.0
0.943359375 0.9479485154151917 973.0 571.0 35578.0 1436.0
0.955078125 0.9483116269111633 953.0 537.0 35612.0 1456.0
0.9521484375 0.9488043785095215 960.0 525.0 35624.0 1449.0
0.9599609375 0.9481559991836548 962.0 552.0 35597.0 1447.0
0.9443359375 0.9482079148292542 953.0 541.0 35608.0 1456.0
0.953125 0.9482338428497314 945.0 532.0 35617.0 1464.0
0.9521484375 0.9479745030403137 965.0 562.0 35587.0 1444.0
0.953125 0.9483894109725952 948.0 529.0 35620.0 1461.0
0.9482421875 0.9477929472923279 998.0 602.0 35547.0 1411.0
0.953125 0.9480522871017456 949.0 543.0 35606.0 1460.0
0.953125 0.9482597708702087 954.0 540.0 35609.0 1455.0
0.9482421875 0.9478188753128052 957.0 560.0 35589.0 1452.0
0.9521484375 0.9481819868087769 955.0 544.0 35605.0 1454.0
0.951171875 0.9487525224685669 945.0 512.0 35637.0 1464.0
0.94921875 0.9484413266181946 959.0 538.0 35611.0 1450.0
0.9443359375 0.9489081501960754 943.0 504.0 35645.0 1466.0
0.9462890625 0.9484153985977173 968.0 548.0 35601.0 1441.0
0.943359375 0.9487265944480896 951.0 519.0 35630.0 1458.0
0.951171875 0.9486488103866577 963.0 534.0 35615.0 1446.0
0.9453125 0.9485968947410583 975.0 548.0 35601.0 1434.0
0.9501953125 0.9485968947410583 965.0 538.0 35611.0 1444.0
0.939453125 0.948674738407135 960.0 530.0 35619.0 1449.0
0.9404296875 0.9480522871017456 990.0 584.0 35565.0 1419.0
0.9443359375 0.9486228823661804 966.0 538.0 35611.0 1443.0
0.951171875 0.9481041431427002 966.0 558.0 35591.0 1443.0
0.9443359375 0.9487525224685669 958.0 525.0 35624.0 1451.0
0.9443359375 0.948000431060791 959.0 555.0 35594.0 1450.0
0.9443359375 0.9481300711631775 980.0 571.0 35578.0 1429.0
0.943359375 0.9484413266181946 980.0 559.0 35590.0 1429.0
0.9541015625 0.9483116269111633 977.0 561.0 35588.0 1432.0
0.9580078125 0.9480263590812683 965.0 560.0 35589.0 1444.0
0.953125 0.9482597708702087 964.0 550.0 35599.0 1445.0
0.94140625 0.948674738407135 956.0 526.0 35623.0 1453.0
0.9521484375 0.9484931826591492 943.0 520.0 35629.0 1466.0
0.9501953125 0.9485968947410583 968.0 541.0 35608.0 1441.0
0.94140625 0.9486488103866577 972.0 543.0 35606.0 1437.0
0.9462890625 0.9486228823661804 972.0 544.0 35605.0 1437.0
0.95703125 0.9483634829521179 971.0 553.0 35596.0 1438.0
0.9443359375 0.9478966593742371 988.0 588.0 35561.0 1421.0
0.9462890625 0.9482338428497314 974.0 561.0 35588.0 1435.0
0.9599609375 0.9486228823661804 967.0 539.0 35610.0 1442.0
0.9423828125 0.9491674900054932 972.0 523.0 35626.0 1437.0
0.9521484375 0.9491156339645386 980.0 533.0 35616.0 1429.0
0.9501953125 0.949349045753479 948.0 492.0 35657.0 1461.0
0.955078125 0.9484413266181946 970.0 549.0 35600.0 1439.0
0.947265625 0.9488303065299988 993.0 557.0 35592.0 1416.0
0.9482421875 0.9482338428497314 985.0 572.0 35577.0 1424.0
0.9521484375 0.948674738407135 985.0 555.0 35594.0 1424.0
0.947265625 0.9486228823661804 970.0 542.0 35607.0 1439.0
0.9482421875 0.9488822221755981 955.0 517.0 35632.0 1454.0
0.9580078125 0.9489081501960754 979.0 540.0 35609.0 1430.0
0.9501953125 0.948570966720581 965.0 539.0 35610.0 1444.0
0.9462890625 0.9490118622779846 1001.0 558.0 35591.0 1408.0
0.94140625 0.9481041431427002 986.0 578.0 35571.0 1423.0
0.9462890625 0.9485968947410583 984.0 557.0 35592.0 1425.0
0.9462890625 0.9483634829521179 961.0 543.0 35606.0 1448.0
0.951171875 0.9484931826591492 983.0 560.0 35589.0 1426.0
0.953125 0.9483634829521179 977.0 559.0 35590.0 1432.0
0.9521484375 0.9485191106796265 993.0 569.0 35580.0 1416.0
0.94140625 0.94896000623703 990.0 549.0 35600.0 1419.0
0.9521484375 0.9488043785095215 989.0 554.0 35595.0 1420.0
0.94140625 0.9488043785095215 990.0 555.0 35594.0 1419.0
0.94921875 0.9485968947410583 993.0 566.0 35583.0 1416.0
0.9501953125 0.9488562941551208 974.0 537.0 35612.0 1435.0
0.947265625 0.9490377902984619 964.0 520.0 35629.0 1445.0
0.947265625 0.949245274066925 979.0 527.0 35622.0 1430.0
0.9580078125 0.9485968947410583 1001.0 574.0 35575.0 1408.0
0.9462890625 0.9486488103866577 979.0 550.0 35599.0 1430.0
0.9482421875 0.9490377902984619 986.0 542.0 35607.0 1423.0
0.9443359375 0.9485968947410583 997.0 570.0 35579.0 1412.0
0.9462890625 0.9485191106796265 1003.0 579.0 35570.0 1406.0
0.947265625 0.9495824575424194 991.0 526.0 35623.0 1418.0
0.94921875 0.9486228823661804 987.0 559.0 35590.0 1422.0
0.9462890625 0.9491156339645386 982.0 535.0 35614.0 1427.0
0.9521484375 0.9490118622779846 981.0 538.0 35611.0 1428.0
0.951171875 0.9487525224685669 1005.0 572.0 35577.0 1404.0
0.9521484375 0.9495046138763428 973.0 511.0 35638.0 1436.0
0.9560546875 0.9489859342575073 978.0 536.0 35613.0 1431.0
0.9560546875 0.9493231177330017 976.0 521.0 35628.0 1433.0
0.943359375 0.94896000623703 984.0 543.0 35606.0 1425.0
0.94140625 0.9492193460464478 998.0 547.0 35602.0 1411.0
0.9482421875 0.9490897059440613 993.0 547.0 35602.0 1416.0
0.9443359375 0.9492193460464478 1016.0 565.0 35584.0 1393.0
0.958984375 0.9494527578353882 1007.0 547.0 35602.0 1402.0
0.9482421875 0.9497640132904053 974.0 502.0 35647.0 1435.0
0.947265625 0.949245274066925 995.0 543.0 35606.0 1414.0
0.9482421875 0.9496861696243286 990.0 521.0 35628.0 1419.0
0.955078125 0.949919581413269 999.0 521.0 35628.0 1410.0
0.94140625 0.949245274066925 992.0 540.0 35609.0 1417.0
0.9501953125 0.9496861696243286 1006.0 537.0 35612.0 1403.0
0.96484375 0.9496602416038513 985.0 517.0 35632.0 1424.0
0.9580078125 0.9495565295219421 1011.0 547.0 35602.0 1398.0
0.951171875 0.9495824575424194 979.0 514.0 35635.0 1430.0
0.953125 0.9490377902984619 1011.0 567.0 35582.0 1398.0
0.9462890625 0.949245274066925 995.0 543.0 35606.0 1414.0
0.9482421875 0.9495824575424194 989.0 524.0 35625.0 1420.0
0.9423828125 0.9495306015014648 1013.0 550.0 35599.0 1396.0
0.9482421875 0.9494268298149109 976.0 517.0 35632.0 1433.0
0.9443359375 0.949349045753479 991.0 535.0 35614.0 1418.0
0.951171875 0.9489081501960754 989.0 550.0 35599.0 1420.0
0.9609375 0.9492712020874023 1005.0 552.0 35597.0 1404.0
0.9453125 0.9494527578353882 998.0 538.0 35611.0 1411.0
0.9599609375 0.9496861696243286 976.0 507.0 35642.0 1433.0
0.94921875 0.949349045753479 1006.0 550.0 35599.0 1403.0
0.9560546875 0.949245274066925 1000.0 548.0 35601.0 1409.0
0.9501953125 0.9498677253723145 976.0 500.0 35649.0 1433.0
0.9541015625 0.9493231177330017 989.0 534.0 35615.0 1420.0
0.9501953125 0.9498417973518372 1004.0 529.0 35620.0 1405.0
0.947265625 0.9491934180259705 999.0 549.0 35600.0 1410.0
0.9462890625 0.9489340782165527 992.0 552.0 35597.0 1417.0
0.9453125 0.9494009017944336 1006.0 548.0 35601.0 1403.0
0.943359375 0.9491156339645386 991.0 544.0 35605.0 1418.0
0.943359375 0.9494786858558655 1004.0 543.0 35606.0 1405.0
0.9521484375 0.949245274066925 1000.0 548.0 35601.0 1409.0
0.9541015625 0.9497120976448059 1005.0 535.0 35614.0 1404.0
0.9599609375 0.9493749737739563 992.0 535.0 35614.0 1417.0
0.9482421875 0.9492971897125244 988.0 534.0 35615.0 1421.0
0.9580078125 0.9494786858558655 1001.0 540.0 35609.0 1408.0
0.9501953125 0.9488562941551208 1015.0 578.0 35571.0 1394.0
0.9482421875 0.9490637183189392 1016.0 571.0 35578.0 1393.0
0.9560546875 0.9492712020874023 1004.0 551.0 35598.0 1405.0
0.9453125 0.9491674900054932 991.0 542.0 35607.0 1418.0
0.9609375 0.9489081501960754 1032.0 593.0 35556.0 1377.0
0.9541015625 0.9492971897125244 1001.0 547.0 35602.0 1408.0
0.9443359375 0.9494527578353882 999.0 539.0 35610.0 1410.0
0.9423828125 0.9494786858558655 1014.0 553.0 35596.0 1395.0
0.94921875 0.9494786858558655 1011.0 550.0 35599.0 1398.0
0.9560546875 0.9489340782165527 1009.0 569.0 35580.0 1400.0
0.951171875 0.9495824575424194 987.0 522.0 35627.0 1422.0
0.9501953125 0.9498158693313599 987.0 513.0 35636.0 1422.0
0.94921875 0.9493749737739563 1020.0 563.0 35586.0 1389.0
0.9501953125 0.9492712020874023 996.0 543.0 35606.0 1413.0
0.953125 0.9492193460464478 1002.0 551.0 35598.0 1407.0
0.951171875 0.9490377902984619 999.0 555.0 35594.0 1410.0
0.9521484375 0.9491934180259705 1008.0 558.0 35591.0 1401.0
0.951171875 0.9496083855628967 1007.0 541.0 35608.0 1402.0
0.9521484375 0.9491674900054932 1025.0 576.0 35573.0 1384.0
0.94921875 0.9498158693313599 990.0 516.0 35633.0 1419.0
