-3.336503505706787109e+00 -6.650328159332275391e+00 4.342806816101074219e+00 7.756000161170959473e-01 -1.143382072448730469e+00 3.243100404739379883e+00
4.867623805999755859e+00 2.614186048507690430e+00 1.063306331634521484e+01 3.843266248703002930e+00 5.496206760406494141e+00 -2.647777557373046875e+00
3.514670729637145996e-01 -1.225506424903869629e+00 1.204886659979820251e-01 -1.461674451828002930e+00 -1.159571528434753418e+00 -1.352934479713439941e+00
1.693991303443908691e+00 -6.704883098602294922e+00 1.790805459022521973e+00 5.566344261169433594e+00 1.247440934181213379e+00 -4.859193265438079834e-01
-3.030026853084564209e-01 -2.056731730699539185e-01 -1.392980933189392090e+00 3.022162199020385742e+00 3.198330163955688477e+00 9.089456796646118164e-01
5.620716571807861328e+00 2.591962099075317383e+00 3.991257667541503906e+00 3.331450939178466797e+00 4.881061553955078125e+00 7.326229572296142578e+00
1.997402548789978027e+00 3.819623947143554688e+00 4.651834964752197266e+00 1.183697700500488281e+01 2.570068597793579102e+00 4.326155185699462891e+00
-1.543094873428344727e+00 1.335183978080749512e+00 2.640742540359497070e+00 5.144467830657958984e+00 -6.898315906524658203e+00 1.210901379585266113e+00
1.313188648223876953e+01 -4.923145771026611328e-01 -4.457926273345947266e+00 -8.809193372726440430e-01 4.968068599700927734e-01 7.047144412994384766e+00
2.298058986663818359e+00 -6.893647193908691406e+00 5.033498287200927734e+00 -1.706807136535644531e+00 2.646866321563720703e+00 1.129142665863037109e+01
-3.505518734455108643e-01 3.269496560096740723e-01 1.159075856208801270e+00 -1.615643858909606934e+00 -1.249949455261230469e+00 -8.391917347908020020e-01
1.304621994495391846e-01 -7.641627788543701172e-01 -1.294052600860595703e+00 -9.753143787384033203e-01 2.995415031909942627e-01 -9.973735809326171875e-01
1.693267822265625000e+00 4.187584400177001953e+00 -2.026288032531738281e+00 4.591421484947204590e-01 8.636615276336669922e-01 -6.719202995300292969e-01
7.309079170227050781e-01 3.955979347229003906e-01 -1.134077548980712891e+00 4.834964275360107422e+00 2.879904747009277344e+00 -3.632960796356201172e+00
3.415791511535644531e+00 3.437611460685729980e-01 8.002135276794433594e+00 -4.883709907531738281e+00 4.869934558868408203e+00 4.612544536590576172e+00
-5.635506510734558105e-01 2.352252960205078125e+00 -1.276230716705322266e+01 3.748238801956176758e+00 -6.143947601318359375e+00 -2.682177543640136719e+00
-7.021339416503906250e+00 4.753375530242919922e+00 7.276551723480224609e+00 -2.571443319320678711e+00 -6.560560226440429688e+00 1.067046284675598145e+00
-2.391490221023559570e+00 4.909389972686767578e+00 -1.638636207580566406e+01 4.193635940551757812e+00 -8.928683280944824219e+00 -1.256291508674621582e+00
-4.064881801605224609e-01 4.460221827030181885e-01 1.225061535835266113e+00 -2.294394969940185547e+00 -1.134947299957275391e+00 -6.408105492591857910e-01
-3.784210979938507080e-01 -9.503002166748046875e-01 1.021012067794799805e+00 -2.663215398788452148e+00 3.521606624126434326e-01 -2.658639192581176758e+00
4.893388450145721436e-01 4.704452455043792725e-01 -1.270768195390701294e-01 -2.727916240692138672e+00 2.455900669097900391e+00 -2.878200531005859375e+00
-4.586555063724517822e-01 1.267891287803649902e+00 -4.322291910648345947e-01 -6.123337149620056152e-01 2.943033933639526367e+00 -2.075282335281372070e+00
-4.304931640625000000e+00 7.353841662406921387e-01 2.902698516845703125e-02 -7.437483668327331543e-01 3.572504043579101562e+00 -2.923900634050369263e-02
-3.277681589126586914e+00 1.690810173749923706e-01 -7.450330853462219238e-01 -4.257127046585083008e-01 3.185846328735351562e+00 8.088731169700622559e-01
-2.433179616928100586e+00 2.557936310768127441e-01 -1.655096054077148438e+00 -1.160642147064208984e+00 2.475708484649658203e+00 1.775763034820556641e+00
-2.285236597061157227e+00 6.710425615310668945e-01 -2.108644247055053711e+00 -8.611493706703186035e-01 2.565371036529541016e+00 2.010655403137207031e+00
-2.123878479003906250e+00 3.270650804042816162e-01 -2.296816110610961914e+00 -6.976810097694396973e-01 2.472031116485595703e+00 2.026987552642822266e+00
1.526904106140136719e+00 -8.159426689147949219e+00 -5.676171183586120605e-01 1.336427688598632812e+00 -5.861645936965942383e-01 -2.800510406494140625e+00
3.571026623249053955e-01 -1.651098012924194336e+00 -8.816216588020324707e-01 -6.887165904045104980e-01 -6.044043898582458496e-01 -5.016858577728271484e-01
-4.118640720844268799e-01 -1.543809175491333008e+00 -2.575201094150543213e-01 1.144504189491271973e+00 -2.449720501899719238e-01 -3.049221992492675781e+00
2.996666431427001953e-01 -1.090504169464111328e+00 -8.857502341270446777e-01 3.452652931213378906e+00 2.133292436599731445e+00 -3.266952276229858398e+00
1.018621921539306641e+00 8.263515681028366089e-02 -1.065658450126647949e+00 4.988642215728759766e+00 2.809436082839965820e+00 -3.998464822769165039e+00
3.888448238372802734e+00 -5.705468058586120605e-01 7.764419078826904297e+00 -4.900527000427246094e+00 4.552199363708496094e+00 4.079844474792480469e+00
2.811182975769042969e+00 -1.719529628753662109e-01 1.089055919647216797e+01 -2.751673698425292969e+00 -1.641702055931091309e-01 -3.688653707504272461e+00
2.723393678665161133e+00 -3.993095159530639648e+00 1.217103004455566406e+00 1.993958115577697754e+00 -4.799802303314208984e+00 6.697752475738525391e+00
1.601984262466430664e+00 -4.725168347358703613e-01 -2.572029352188110352e+00 -1.038347840309143066e+00 1.671180486679077148e+00 6.032337188720703125e+00
-1.756819784641265869e-01 9.975610971450805664e-01 1.493032693862915039e+00 -2.204526185989379883e+00 -1.178369164466857910e+00 -6.379423141479492188e-01
-7.082858681678771973e-01 -1.337022066116333008e+00 1.185036420822143555e+00 -2.113864660263061523e+00 2.867010235786437988e-01 -2.659279823303222656e+00
3.112764358520507812e-01 4.969419538974761963e-01 3.273719847202301025e-01 -2.699750185012817383e+00 2.367600202560424805e+00 -2.592645645141601562e+00
-3.298441469669342041e-01 1.771991014480590820e+00 -2.870608866214752197e-01 -6.379572749137878418e-01 3.849059820175170898e+00 -2.333920717239379883e+00
-3.795890808105468750e+00 3.902949094772338867e-01 6.868526935577392578e-01 -8.855248987674713135e-02 4.473697185516357422e+00 -8.215454816818237305e-01
-4.564865112304687500e+00 1.734980791807174683e-01 1.516174435615539551e+00 -2.839957177639007568e-01 4.008551597595214844e+00 -5.945299267768859863e-01
-5.806662082672119141e+00 1.595720767974853516e+00 -1.236829519271850586e+00 -1.744380235671997070e+00 2.504854679107666016e+00 2.997208118438720703e+00
-1.275753378868103027e+00 8.204853057861328125e+00 -2.986875772476196289e-01 -7.529805302619934082e-01 8.629124760627746582e-01 -2.265243291854858398e+00
-8.198780417442321777e-01 8.067751884460449219e+00 -4.097546339035034180e-01 -6.754823327064514160e-01 1.068477630615234375e+00 -2.343374967575073242e+00
7.507798671722412109e+00 -2.604249715805053711e+00 1.803493142127990723e+00 -2.578054666519165039e+00 -5.977536201477050781e+00 -2.921179294586181641e+00
3.444818034768104553e-02 -1.114734172821044922e+00 -1.253750562667846680e+00 -8.906100988388061523e-01 -1.396208047866821289e+00 -1.369814947247505188e-02
-9.995582699775695801e-01 -1.136706948280334473e+00 -1.511397242546081543e+00 -1.751631021499633789e+00 -6.124614477157592773e-01 -5.067020654678344727e-01
-1.481090188026428223e+00 2.043865323066711426e-01 -2.557177305221557617e+00 -3.947524309158325195e+00 1.885503083467483521e-01 3.089438915252685547e+00
-1.196681261062622070e+00 2.824094891548156738e-01 -2.835446834564208984e+00 -4.369585037231445312e+00 2.974553704261779785e-01 3.909250974655151367e+00
3.514842987060546875e+00 -1.578019373118877411e-02 -1.349362611770629883e+00 4.685468196868896484e+00 1.981258869171142578e+00 -3.676222085952758789e+00
9.887863397598266602e-01 -4.520286619663238525e-01 9.736573219299316406e+00 2.098486900329589844e+00 4.230695247650146484e+00 -1.248427629470825195e+00
1.862079381942749023e+00 -6.806380748748779297e+00 4.539821147918701172e+00 1.825020670890808105e+00 5.758615016937255859e+00 2.358260937035083771e-02
-5.144664764404296875e+00 -2.065520286560058594e+00 2.321341514587402344e+00 -6.192451477050781250e+00 2.475054025650024414e+00 2.639790624380111694e-02
-2.663041353225708008e-01 1.213892459869384766e+00 1.429635167121887207e+00 -2.222398996353149414e+00 -1.373880743980407715e+00 -3.290986716747283936e-01
-7.158557176589965820e-01 -4.740574657917022705e-01 1.088975429534912109e+00 -2.458639383316040039e+00 4.013681411743164062e-01 -2.462333440780639648e+00
4.511002004146575928e-01 4.732243418693542480e-01 2.605222165584564209e-01 -2.743342399597167969e+00 2.565503835678100586e+00 -3.094628095626831055e+00
9.559971839189529419e-02 5.005069375038146973e-01 2.431106418371200562e-01 -2.867623329162597656e+00 2.340448856353759766e+00 -3.064338445663452148e+00
1.437132358551025391e-01 4.458544254302978516e-01 2.499215304851531982e-01 -2.717738389968872070e+00 2.413604021072387695e+00 -3.051759004592895508e+00
3.245643079280853271e-01 3.868640959262847900e-01 3.356035351753234863e-01 -2.802591800689697266e+00 2.340409278869628906e+00 -2.930244207382202148e+00
1.069252848625183105e+00 1.795257806777954102e+00 2.087474107742309570e+00 3.484575033187866211e+00 6.924400329589843750e-01 -3.172015428543090820e+00
3.769009113311767578e-01 4.978949427604675293e-01 3.236204385757446289e-01 -2.925631284713745117e+00 2.228436946868896484e+00 -3.027012825012207031e+00
2.402278780937194824e-01 -1.293934702873229980e+00 4.440400004386901855e-01 -2.701671838760375977e+00 1.603448629379272461e+00 -2.411714792251586914e+00
2.893432080745697021e-01 4.114266633987426758e-01 2.454268336296081543e-01 -2.933169364929199219e+00 2.443583488464355469e+00 -2.855959892272949219e+00
2.591931521892547607e-01 2.895738184452056885e-01 2.440027296543121338e-01 -2.937616825103759766e+00 2.258586406707763672e+00 -2.769734621047973633e+00
2.806356847286224365e-01 4.369193315505981445e-01 4.171173274517059326e-01 -2.996213436126708984e+00 2.351387500762939453e+00 -2.765962362289428711e+00
1.740401536226272583e-01 5.710291266441345215e-01 1.194477975368499756e-01 -2.696351051330566406e+00 2.212406396865844727e+00 -2.798399925231933594e+00
4.239230453968048096e-01 5.830394029617309570e-01 1.544864922761917114e-01 -2.815071582794189453e+00 2.420021772384643555e+00 -3.113094091415405273e+00
5.107541680335998535e-01 4.092419147491455078e-01 2.961063385009765625e-01 -2.961554050445556641e+00 2.294335842132568359e+00 -2.953280210494995117e+00
4.093925058841705322e-01 5.112096667289733887e-01 5.346367359161376953e-01 -2.864450454711914062e+00 2.168346881866455078e+00 -3.023681402206420898e+00
2.856340706348419189e-01 5.244434475898742676e-01 1.944840848445892334e-01 -2.601894378662109375e+00 2.487426996231079102e+00 -2.733948707580566406e+00
1.528168171644210815e-01 1.542541265487670898e+00 -4.764990210533142090e-01 -4.817342162132263184e-01 3.795324087142944336e+00 -2.172657251358032227e+00
-3.795678377151489258e+00 6.148509383201599121e-01 1.338015437126159668e+00 -5.211564898490905762e-01 4.036231994628906250e+00 -1.636724472045898438e+00
-8.681250572204589844e+00 7.440420985221862793e-01 1.885514408349990845e-01 -4.651643633842468262e-01 3.162058353424072266e+00 6.635678410530090332e-01
-7.285282611846923828e+00 5.340309619903564453e+00 1.247891545295715332e+00 1.003446698188781738e+00 2.465555429458618164e+00 -3.084770202636718750e+00
-6.387674808502197266e+00 -1.171044945716857910e+00 -2.402797937393188477e+00 -8.347743749618530273e-01 2.474686861038208008e+00 4.143670201301574707e-01
-2.210488766431808472e-01 -2.770544290542602539e+00 -2.750718832015991211e+00 6.800300627946853638e-02 2.884362459182739258e+00 3.180308580398559570e+00
3.607140541076660156e+00 2.111413955688476562e+00 8.380002379417419434e-01 4.153507709503173828e+00 -4.897248744964599609e-01 -7.502732753753662109e+00
2.467911243438720703e+00 2.993849277496337891e+00 -1.531735658645629883e+00 -1.378271341323852539e+00 -1.560622930526733398e+00 -9.541567564010620117e-01
2.127675294876098633e+00 5.820525288581848145e-01 1.711093544960021973e+00 -2.205264806747436523e+00 -4.383077844977378845e-02 5.517253875732421875e-01
2.355251312255859375e+00 1.120013713836669922e+00 1.695042729377746582e+00 -1.742028594017028809e+00 -5.208863615989685059e-01 1.912831515073776245e-01
1.415560126304626465e+00 -9.767167270183563232e-02 -6.344193816184997559e-01 3.999100208282470703e+00 4.296429753303527832e-01 -3.314567327499389648e+00
4.376801967620849609e+00 -6.537263989448547363e-01 7.792299747467041016e+00 -3.492622852325439453e+00 2.651967525482177734e+00 2.365509986877441406e+00
-2.618313789367675781e+00 -1.247825717926025391e+01 1.134487056732177734e+01 1.013492584228515625e+01 1.411325931549072266e+00 1.521242237091064453e+01
-6.588296890258789062e-01 -5.962616801261901855e-01 -1.789617061614990234e+00 -3.532269716262817383e+00 2.971604347229003906e+00 -3.407276153564453125e+00
2.976000547409057617e+00 -4.152101516723632812e+00 -2.594163179397583008e+00 3.453340530395507812e+00 -1.017737627029418945e+00 2.725936174392700195e+00
8.416167497634887695e-01 -3.168808221817016602e+00 2.002518653869628906e+00 1.554017066955566406e+00 -1.652309894561767578e+00 -1.593873739242553711e+00
-7.030109405517578125e+00 2.387439906597137451e-01 -9.658407211303710938e+00 5.276700973510742188e+00 9.685760498046875000e+00 -6.507421970367431641e+00
7.971986532211303711e-01 -2.166640281677246094e+00 2.804500579833984375e+00 2.187493801116943359e+00 2.487399578094482422e+00 -1.235698223114013672e+00
-1.247279167175292969e+00 1.268576145172119141e+00 6.258134841918945312e-01 -3.281142950057983398e+00 3.479434490203857422e+00 -3.762341737747192383e+00
-1.977539896965026855e+00 -1.878389477729797363e+00 1.941167712211608887e+00 -5.685720920562744141e+00 3.685040473937988281e+00 -3.065535306930541992e+00
-2.688716650009155273e+00 1.049869298934936523e+00 8.950176239013671875e-01 -2.093934059143066406e+00 4.497069358825683594e+00 -3.438618183135986328e+00
-1.164465546607971191e+00 1.110330343246459961e+00 1.102659821510314941e+00 -2.396526575088500977e+00 3.806828260421752930e+00 -3.479631662368774414e+00
8.084425330162048340e-02 6.262786388397216797e-01 -1.088665053248405457e-01 -2.755234479904174805e+00 2.774789571762084961e+00 -2.433464050292968750e+00
