-3.515756130218505859e+00
-5.603707313537597656e+00
-9.383642196655273438e+00
-2.360194683074951172e+00
1.639029264450073242e+00
-2.757953703403472900e-01
-2.875080347061157227e+00
6.073297977447509766e+00
2.819465875625610352e+00
-8.459484100341796875e+00
-2.810607910156250000e+00
-1.186118412017822266e+01
-4.046322822570800781e+00
7.821717262268066406e+00
-4.970857203006744385e-01
-3.920928001403808594e+00
-6.674138545989990234e+00
-6.582602500915527344e+00
-7.426506996154785156e+00
1.876707077026367188e+00
-2.346799612045288086e+00
-2.354475021362304688e+00
-1.599131822586059570e+00
-3.541380167007446289e+00
-6.406637668609619141e+00
3.104510545730590820e+00
-2.457138299942016602e+00
1.836919188499450684e+00
-7.663617610931396484e+00
6.766805648803710938e+00
-2.419316291809082031e+00
-4.100297927856445312e+00
1.422748088836669922e+00
3.782478332519531250e+00
9.878260493278503418e-01
4.956335544586181641e+00
-4.624366283416748047e+00
4.438824653625488281e+00
2.194403260946273804e-01
-8.136456459760665894e-02
-1.480733752250671387e+00
3.191083908081054688e+00
2.545669317245483398e+00
1.467773765325546265e-01
-5.100786209106445312e+00
2.751762866973876953e+00
-2.247092247009277344e+00
2.128247261047363281e+00
3.104181289672851562e+00
-3.206367194652557373e-01
