8.903434753417968750e+00
-3.533500060439109802e-02
8.246721029281616211e-01
4.456960856914520264e-01
6.482206583023071289e-01
6.196114063262939453e+00
1.705674529075622559e+00
3.836209535598754883e+00
6.804062843322753906e+00
-6.013595104217529297e+00
1.274041652679443359e+00
3.747735023498535156e+00
6.868010520935058594e+00
4.509240686893463135e-01
1.516419768333435059e+00
-3.426471233367919922e+00
-5.190359950065612793e-01
-1.036518335342407227e+00
-3.473058223724365234e+00
-3.202349662780761719e+00
-3.569944381713867188e+00
-1.190855979919433594e+00
-3.905353307723999023e+00
-1.078082942962646484e+01
-2.713008165359497070e+00
-2.308442831039428711e+00
5.367050647735595703e+00
-8.869920730590820312e+00
6.698122978210449219e+00
-1.061254692077636719e+01
