-4.183580398559570312e+00
5.382378101348876953e-01
1.042043924331665039e+00
1.976423144340515137e+00
-2.886757552623748779e-01
9.485099911689758301e-01
7.500084638595581055e-01
-3.160581350326538086e+00
-1.746451020240783691e+00
5.930051803588867188e-01
-3.569377660751342773e-01
1.093161582946777344e+00
2.870180845260620117e+00
1.192291378974914551e+00
-1.984461545944213867e+00
5.097272396087646484e-01
-1.216523647308349609e+00
-2.371928393840789795e-01
2.226115226745605469e+00
7.914661169052124023e-01
-6.018978357315063477e-02
-2.449191808700561523e+00
-1.760763525962829590e+00
2.086800098419189453e+00
-1.312396764755249023e+00
-2.985781431198120117e-01
1.385082960128784180e+00
-3.434249162673950195e+00
2.181966304779052734e+00
6.996043324470520020e-01
-1.229305386543273926e+00
3.306990861892700195e-01
2.606324851512908936e-01
4.223310053348541260e-01
1.613314598798751831e-01
-8.987455964088439941e-01
-1.285247683525085449e+00
-2.836611270904541016e-01
-1.042207002639770508e+00
1.433850049972534180e+00
-2.252318710088729858e-01
-1.777604103088378906e+00
1.252284646034240723e+00
-3.543117642402648926e-01
1.741514444351196289e+00
3.427642107009887695e+00
4.500785171985626221e-01
-7.696814537048339844e-01
-5.007511973381042480e-01
1.955950140953063965e+00
