4.365495443344116211e-01 8.263267874717712402e-01
-8.973796367645263672e-01 -4.572621583938598633e-01
-5.375924110412597656e-01 -9.863284230232238770e-01
6.824110746383666992e-01 1.696497350931167603e-01
9.317647814750671387e-01 1.294392228126525879e+00
4.291788339614868164e-01 -6.817787140607833862e-02
-4.727530777454376221e-01 -6.804403383284807205e-03
-3.138040304183959961e-01 -8.316709399223327637e-01
1.333106637001037598e+00 9.245104193687438965e-01
-1.221784949302673340e+00 -8.740438520908355713e-02
-2.412332780659198761e-02 4.284868538379669189e-01
9.502301812171936035e-01 -8.501824140548706055e-01
-7.874532938003540039e-01 -3.699416816234588623e-01
-6.281177401542663574e-01 -1.093034967780113220e-01
-1.487562358379364014e-01 3.055036067962646484e-01
-2.716155350208282471e-01 -8.205654025077819824e-01
-7.067545503377914429e-02 2.803114950656890869e-01
-7.010400295257568359e-01 -1.864564120769500732e-01
1.206880569458007812e+00 8.307682275772094727e-01
-2.372256815433502197e-01 1.573675870895385742e-01
-3.754211664199829102e-01 1.174290329217910767e-01
4.738467037677764893e-01 8.861536532640457153e-02
-1.019283831119537354e-01 -6.000785231590270996e-01
-1.246052622795104980e+00 -8.717353343963623047e-01
-1.144019842147827148e+00 -1.566252946853637695e+00
-4.292837381362915039e-01 1.229589688591659069e-03
-3.185610771179199219e-01 2.052316963672637939e-01
-1.545390129089355469e+00 -1.062567949295043945e+00
-5.529956221580505371e-01 -1.273842155933380127e-01
8.283141255378723145e-02 5.592185258865356445e-01
-4.044677615165710449e-01 2.255235798656940460e-02
6.759900450706481934e-01 1.920549720525741577e-01
-1.150407314300537109e+00 -7.462724447250366211e-01
-5.094064474105834961e-01 -9.736672043800354004e-01
-4.953232109546661377e-01 -9.819172620773315430e-01
5.876559615135192871e-01 1.769550681114196777e+00
-4.637476801872253418e-02 -5.373253822326660156e-01
1.083544731140136719e+00 6.586818099021911621e-01
9.468760341405868530e-02 -4.999467730522155762e-01
-2.397450953722000122e-01 -7.093218564987182617e-01
