0.44140625 0.4590689539909363 1241.0 13171.0 10928.0 1168.0
0.890625 0.8848649263381958 749.0 1392.0 22707.0 1660.0
0.8935546875 0.8925229907035828 885.0 1325.0 22774.0 1524.0
0.8994140625 0.8965595364570618 953.0 1286.0 22813.0 1456.0
0.8916015625 0.8947864770889282 1030.0 1410.0 22689.0 1379.0
0.8955078125 0.8931266069412231 1105.0 1529.0 22570.0 1304.0
0.8955078125 0.8995397686958313 1078.0 1332.0 22767.0 1331.0
0.8984375 0.8945601582527161 1173.0 1559.0 22540.0 1236.0
0.9013671875 0.8925607204437256 1221.0 1660.0 22439.0 1188.0
0.916015625 0.8967481255531311 1228.0 1556.0 22543.0 1181.0
0.9228515625 0.8917685151100159 1259.0 1719.0 22380.0 1150.0
0.8984375 0.8976912498474121 1227.0 1530.0 22569.0 1182.0
0.90234375 0.8953900933265686 1300.0 1664.0 22435.0 1109.0
0.908203125 0.8940320014953613 1269.0 1669.0 22430.0 1140.0
0.8876953125 0.8976535201072693 1273.0 1577.0 22522.0 1136.0
0.9072265625 0.8942583203315735 1314.0 1708.0 22391.0 1095.0
0.9013671875 0.8988230228424072 1304.0 1577.0 22522.0 1105.0
0.9072265625 0.8955032229423523 1355.0 1716.0 22383.0 1054.0
0.9150390625 0.8971630930900574 1347.0 1664.0 22435.0 1062.0
0.8935546875 0.8967481255531311 1352.0 1680.0 22419.0 1057.0
0.9130859375 0.8991625308990479 1350.0 1614.0 22485.0 1059.0
0.90234375 0.8981062173843384 1354.0 1646.0 22453.0 1055.0
0.8955078125 0.8975780606269836 1371.0 1677.0 22422.0 1038.0
0.896484375 0.8988230228424072 1355.0 1628.0 22471.0 1054.0
0.88671875 0.9019541144371033 1388.0 1578.0 22521.0 1021.0
0.8916015625 0.9018409252166748 1370.0 1563.0 22536.0 1039.0
0.90625 0.8993511199951172 1420.0 1679.0 22420.0 989.0
0.9111328125 0.9021427631378174 1375.0 1560.0 22539.0 1034.0
0.9052734375 0.9008601307868958 1427.0 1646.0 22453.0 982.0
0.9013671875 0.9023313522338867 1418.0 1598.0 22501.0 991.0
0.8974609375 0.9021804928779602 1418.0 1602.0 22497.0 991.0
0.91015625 0.9030481576919556 1379.0 1540.0 22559.0 1030.0
0.9189453125 0.9013128280639648 1440.0 1647.0 22452.0 969.0
0.8994140625 0.9009355902671814 1446.0 1663.0 22436.0 963.0
0.9052734375 0.9056134223937988 1399.0 1492.0 22607.0 1010.0
0.91796875 0.9008978605270386 1427.0 1645.0 22454.0 982.0
0.921875 0.9018032550811768 1471.0 1665.0 22434.0 938.0
0.8935546875 0.9027840495109558 1438.0 1606.0 22493.0 971.0
0.921875 0.9041044116020203 1442.0 1575.0 22524.0 967.0
0.91796875 0.9005582928657532 1497.0 1724.0 22375.0 912.0
0.9072265625 0.9002942442893982 1488.0 1722.0 22377.0 921.0
0.923828125 0.9013128280639648 1470.0 1677.0 22422.0 939.0
0.900390625 0.9039535522460938 1479.0 1616.0 22483.0 930.0
0.8984375 0.9025200009346008 1475.0 1650.0 22449.0 934.0
0.9091796875 0.9018786549568176 1468.0 1660.0 22439.0 941.0
0.91796875 0.9056511521339417 1455.0 1547.0 22552.0 954.0
0.9150390625 0.9040289521217346 1469.0 1604.0 22495.0 940.0
0.8974609375 0.9062169790267944 1456.0 1533.0 22566.0 953.0
0.904296875 0.9058020114898682 1462.0 1550.0 22549.0 947.0
0.9169921875 0.9056888222694397 1453.0 1544.0 22555.0 956.0
0.9169921875 0.9038403630256653 1461.0 1601.0 22498.0 948.0
0.912109375 0.9028217792510986 1489.0 1656.0 22443.0 920.0
0.908203125 0.9044061899185181 1501.0 1626.0 22473.0 908.0
0.92578125 0.9072732925415039 1394.0 1443.0 22656.0 1015.0
0.8974609375 0.9025577306747437 1491.0 1665.0 22434.0 918.0
0.916015625 0.9017277956008911 1503.0 1699.0 22400.0 906.0
0.904296875 0.9080654978752136 1463.0 1491.0 22608.0 946.0
0.9189453125 0.9060283899307251 1489.0 1571.0 22528.0 920.0
0.9091796875 0.9051984548568726 1465.0 1569.0 22530.0 944.0
0.904296875 0.9044816493988037 1514.0 1637.0 22462.0 895.0
0.9140625 0.9064433574676514 1490.0 1561.0 22538.0 919.0
0.921875 0.9059906601905823 1496.0 1579.0 22520.0 913.0
0.9111328125 0.9078013896942139 1480.0 1515.0 22584.0 929.0
0.921875 0.907990038394928 1474.0 1504.0 22595.0 935.0
0.8994140625 0.9068205952644348 1496.0 1557.0 22542.0 913.0
0.92578125 0.9047080278396606 1537.0 1654.0 22445.0 872.0
0.912109375 0.9088954329490662 1513.0 1519.0 22580.0 896.0
0.8955078125 0.9071978330612183 1513.0 1564.0 22535.0 896.0
0.9306640625 0.9073487520217896 1475.0 1522.0 22577.0 934.0
0.9150390625 0.9082164168357849 1521.0 1545.0 22554.0 888.0
0.9169921875 0.9067074060440063 1529.0 1593.0 22506.0 880.0
0.91796875 0.9081786870956421 1521.0 1546.0 22553.0 888.0
0.9189453125 0.9074618816375732 1538.0 1582.0 22517.0 871.0
0.9111328125 0.9082164168357849 1507.0 1531.0 22568.0 902.0
0.923828125 0.9117247462272644 1488.0 1419.0 22680.0 921.0
0.923828125 0.90987628698349 1504.0 1484.0 22615.0 905.0
0.9150390625 0.9081032276153564 1519.0 1546.0 22553.0 890.0
0.9150390625 0.9083672761917114 1504.0 1524.0 22575.0 905.0
0.9130859375 0.9061792492866516 1509.0 1587.0 22512.0 900.0
0.9033203125 0.9101780652999878 1507.0 1479.0 22620.0 902.0
0.9140625 0.9104043841362 1507.0 1473.0 22626.0 902.0
0.90625 0.9091217517852783 1516.0 1516.0 22583.0 893.0
0.9169921875 0.9107816219329834 1491.0 1447.0 22652.0 918.0
0.90234375 0.9088954329490662 1553.0 1559.0 22540.0 856.0
0.90625 0.9075373411178589 1510.0 1552.0 22547.0 899.0
0.923828125 0.9084427356719971 1552.0 1570.0 22529.0 857.0
0.9228515625 0.9071223735809326 1568.0 1621.0 22478.0 841.0
0.923828125 0.9099894165992737 1535.0 1512.0 22587.0 874.0
0.919921875 0.9057265520095825 1526.0 1616.0 22483.0 883.0
0.9287109375 0.9104798436164856 1499.0 1463.0 22636.0 910.0
0.912109375 0.9119133949279785 1467.0 1393.0 22706.0 942.0
0.91796875 0.9050098061561584 1567.0 1676.0 22423.0 842.0
0.9140625 0.9081032276153564 1514.0 1541.0 22558.0 895.0
0.9072265625 0.9076128005981445 1509.0 1549.0 22550.0 900.0
0.9228515625 0.9084804654121399 1533.0 1550.0 22549.0 876.0
0.912109375 0.9059152007102966 1530.0 1615.0 22484.0 879.0
0.9228515625 0.9118756651878357 1506.0 1433.0 22666.0 903.0
0.9052734375 0.9080277681350708 1501.0 1530.0 22569.0 908.0
0.916015625 0.909197211265564 1513.0 1511.0 22588.0 896.0
0.904296875 0.9100648760795593 1541.0 1516.0 22583.0 868.0
0.8818359375 0.9074996113777161 1524.0 1567.0 22532.0 885.0
0.916015625 0.9062924385070801 1515.0 1590.0 22509.0 894.0
0.9208984375 0.9088954329490662 1532.0 1538.0 22561.0 877.0
0.8984375 0.9087822437286377 1518.0 1527.0 22572.0 891.0
0.9013671875 0.9078013896942139 1518.0 1553.0 22546.0 891.0
0.919921875 0.9113097786903381 1512.0 1454.0 22645.0 897.0
0.9248046875 0.9084804654121399 1530.0 1547.0 22552.0 879.0
0.931640625 0.9083672761917114 1539.0 1559.0 22540.0 870.0
0.916015625 0.9091594815254211 1528.0 1527.0 22572.0 881.0
0.91796875 0.906103789806366 1566.0 1646.0 22453.0 843.0
0.9208984375 0.907046914100647 1519.0 1574.0 22525.0 890.0
0.916015625 0.9086313843727112 1499.0 1512.0 22587.0 910.0
0.91015625 0.9087822437286377 1512.0 1521.0 22578.0 897.0
0.91796875 0.9099894165992737 1530.0 1507.0 22592.0 879.0
0.92578125 0.9071978330612183 1517.0 1568.0 22531.0 892.0
0.9130859375 0.9064433574676514 1545.0 1616.0 22483.0 864.0
0.9169921875 0.9104421138763428 1516.0 1481.0 22618.0 893.0
0.9150390625 0.9070846438407898 1510.0 1564.0 22535.0 899.0
0.93359375 0.9072355628013611 1527.0 1577.0 22522.0 882.0
0.9150390625 0.9054247736930847 1517.0 1615.0 22484.0 892.0
0.9228515625 0.9090086221694946 1507.0 1510.0 22589.0 902.0
0.921875 0.9078768491744995 1557.0 1590.0 22509.0 852.0
0.9111328125 0.9087445139884949 1527.0 1537.0 22562.0 882.0
0.921875 0.9078013896942139 1507.0 1542.0 22557.0 902.0
0.923828125 0.9089708924293518 1536.0 1540.0 22559.0 873.0
0.919921875 0.908933162689209 1524.0 1529.0 22570.0 885.0
0.9169921875 0.9099140167236328 1505.0 1484.0 22615.0 904.0
0.921875 0.9107816219329834 1506.0 1462.0 22637.0 903.0
0.9306640625 0.907990038394928 1511.0 1541.0 22558.0 898.0
0.9140625 0.9105175733566284 1485.0 1448.0 22651.0 924.0
0.92578125 0.9086690545082092 1508.0 1520.0 22579.0 901.0
0.9296875 0.9113097786903381 1490.0 1432.0 22667.0 919.0
0.91796875 0.9102912545204163 1489.0 1458.0 22641.0 920.0
0.9248046875 0.9094235897064209 1520.0 1512.0 22587.0 889.0
0.9208984375 0.9082918167114258 1537.0 1559.0 22540.0 872.0
0.916015625 0.9081409573554993 1549.0 1575.0 22524.0 860.0
0.9130859375 0.9084804654121399 1505.0 1522.0 22577.0 904.0
0.908203125 0.9094235897064209 1510.0 1502.0 22597.0 899.0
0.9228515625 0.9057642817497253 1557.0 1646.0 22453.0 852.0
0.921875 0.9053115844726562 1525.0 1626.0 22473.0 884.0
0.9091796875 0.9069337844848633 1540.0 1598.0 22501.0 869.0
0.9326171875 0.9097253680229187 1534.0 1518.0 22581.0 875.0
0.923828125 0.9127810597419739 1511.0 1414.0 22685.0 898.0
0.931640625 0.9091217517852783 1540.0 1540.0 22559.0 869.0
0.919921875 0.9118379354476929 1504.0 1432.0 22667.0 905.0
0.9228515625 0.9094989895820618 1538.0 1528.0 22571.0 871.0
0.9189453125 0.9082918167114258 1532.0 1554.0 22545.0 877.0
0.9013671875 0.909197211265564 1538.0 1536.0 22563.0 871.0
0.9130859375 0.9102912545204163 1542.0 1511.0 22588.0 867.0
0.927734375 0.9088954329490662 1541.0 1547.0 22552.0 868.0
0.9130859375 0.9078391194343567 1542.0 1576.0 22523.0 867.0
0.92578125 0.9104421138763428 1526.0 1491.0 22608.0 883.0
0.923828125 0.9103666543960571 1522.0 1489.0 22610.0 887.0
0.9150390625 0.9079523086547852 1513.0 1544.0 22555.0 896.0
0.921875 0.9121019840240479 1502.0 1423.0 22676.0 907.0
0.9296875 0.9091217517852783 1561.0 1561.0 22538.0 848.0
0.91796875 0.9088954329490662 1564.0 1570.0 22529.0 845.0
0.9169921875 0.9105175733566284 1505.0 1468.0 22631.0 904.0
0.916015625 0.9086313843727112 1548.0 1561.0 22538.0 861.0
0.9326171875 0.9110457301139832 1504.0 1453.0 22646.0 905.0
0.921875 0.9090086221694946 1548.0 1551.0 22548.0 861.0
0.921875 0.9092726707458496 1522.0 1518.0 22581.0 887.0
0.9208984375 0.9111211895942688 1554.0 1501.0 22598.0 855.0
0.93359375 0.9090840220451355 1531.0 1532.0 22567.0 878.0
0.9208984375 0.9085181951522827 1552.0 1568.0 22531.0 857.0
0.9326171875 0.9111966490745544 1490.0 1435.0 22664.0 919.0
0.9287109375 0.9107816219329834 1519.0 1475.0 22624.0 890.0
0.9267578125 0.90987628698349 1525.0 1505.0 22594.0 884.0
0.9228515625 0.913007378578186 1529.0 1426.0 22673.0 880.0
0.916015625 0.9096499085426331 1552.0 1538.0 22561.0 857.0
0.927734375 0.9082918167114258 1536.0 1558.0 22541.0 873.0
0.9306640625 0.9091217517852783 1551.0 1551.0 22548.0 858.0
0.916015625 0.9106684923171997 1534.0 1493.0 22606.0 875.0
0.91015625 0.9115361571311951 1531.0 1467.0 22632.0 878.0
0.9140625 0.907990038394928 1548.0 1578.0 22521.0 861.0
0.919921875 0.908706784248352 1554.0 1565.0 22534.0 855.0
0.923828125 0.9113097786903381 1514.0 1456.0 22643.0 895.0
0.9345703125 0.9110457301139832 1532.0 1481.0 22618.0 877.0
0.9228515625 0.9057642817497253 1589.0 1678.0 22421.0 820.0
0.9130859375 0.910857081413269 1520.0 1474.0 22625.0 889.0
0.9267578125 0.9112720489501953 1537.0 1480.0 22619.0 872.0
0.923828125 0.9098385572433472 1550.0 1531.0 22568.0 859.0
0.916015625 0.9098385572433472 1542.0 1523.0 22576.0 867.0
0.93359375 0.9099894165992737 1550.0 1527.0 22572.0 859.0
0.9228515625 0.9105553030967712 1526.0 1488.0 22611.0 883.0
0.9326171875 0.9106684923171997 1523.0 1482.0 22617.0 886.0
0.927734375 0.9134223461151123 1525.0 1411.0 22688.0 884.0
0.9228515625 0.9102157950401306 1549.0 1520.0 22579.0 860.0
0.9111328125 0.9068960547447205 1564.0 1623.0 22476.0 845.0
0.91796875 0.908933162689209 1570.0 1575.0 22524.0 839.0
0.90234375 0.912290632724762 1528.0 1444.0 22655.0 881.0
0.9111328125 0.9105175733566284 1563.0 1526.0 22573.0 846.0
0.916015625 0.9110080003738403 1547.0 1497.0 22602.0 862.0
0.927734375 0.9091217517852783 1535.0 1535.0 22564.0 874.0
0.927734375 0.9108193516731262 1519.0 1474.0 22625.0 890.0
0.9296875 0.9091594815254211 1534.0 1533.0 22566.0 875.0
0.9130859375 0.9075373411178589 1573.0 1615.0 22484.0 836.0
0.931640625 0.90987628698349 1516.0 1496.0 22603.0 893.0
0.916015625 0.9092349410057068 1541.0 1538.0 22561.0 868.0
0.9228515625 0.9097630977630615 1541.0 1524.0 22575.0 868.0
0.9228515625 0.9096121788024902 1524.0 1511.0 22588.0 885.0
0.93359375 0.9096121788024902 1551.0 1538.0 22561.0 858.0
0.9072265625 0.9098008275032043 1554.0 1536.0 22563.0 855.0
0.923828125 0.9104798436164856 1544.0 1508.0 22591.0 865.0
0.9326171875 0.9099894165992737 1534.0 1511.0 22588.0 875.0
0.9150390625 0.9080654978752136 1563.0 1591.0 22508.0 846.0
0.9296875 0.9105930328369141 1539.0 1500.0 22599.0 870.0
0.921875 0.9107062220573425 1526.0 1484.0 22615.0 883.0
0.9189453125 0.9082918167114258 1553.0 1575.0 22524.0 856.0
0.91796875 0.9078768491744995 1560.0 1593.0 22506.0 849.0
0.9150390625 0.9066319465637207 1568.0 1634.0 22465.0 841.0
0.921875 0.9115361571311951 1528.0 1464.0 22635.0 881.0
0.919921875 0.9074996113777161 1554.0 1597.0 22502.0 855.0
0.9248046875 0.9112720489501953 1557.0 1500.0 22599.0 852.0
0.9296875 0.9099516868591309 1555.0 1533.0 22566.0 854.0
0.9345703125 0.9078768491744995 1553.0 1586.0 22513.0 856.0
0.9189453125 0.907046914100647 1531.0 1586.0 22513.0 878.0
0.9228515625 0.9098008275032043 1541.0 1523.0 22576.0 868.0
0.9150390625 0.9088577032089233 1540.0 1547.0 22552.0 869.0
0.9189453125 0.9072355628013611 1538.0 1588.0 22511.0 871.0
0.9267578125 0.9093481302261353 1557.0 1551.0 22548.0 852.0
0.9208984375 0.9080277681350708 1566.0 1595.0 22504.0 843.0
0.9228515625 0.907725989818573 1544.0 1581.0 22518.0 865.0
0.9306640625 0.9087445139884949 1542.0 1552.0 22547.0 867.0
0.9208984375 0.9074241518974304 1552.0 1597.0 22502.0 857.0
0.93359375 0.9104043841362 1544.0 1510.0 22589.0 865.0
0.91015625 0.9099140167236328 1558.0 1537.0 22562.0 851.0
0.9150390625 0.9137995839118958 1521.0 1397.0 22702.0 888.0
0.9267578125 0.9084050059318542 1552.0 1571.0 22528.0 857.0
0.921875 0.9094989895820618 1552.0 1542.0 22557.0 857.0
0.9404296875 0.9101026058197021 1572.0 1546.0 22553.0 837.0
0.919921875 0.9108948111534119 1561.0 1514.0 22585.0 848.0
0.923828125 0.9104043841362 1524.0 1490.0 22609.0 885.0
0.9404296875 0.9113852381706238 1523.0 1463.0 22636.0 886.0
0.9189453125 0.9113097786903381 1537.0 1479.0 22620.0 872.0
0.908203125 0.9085181951522827 1570.0 1586.0 22513.0 839.0
0.9345703125 0.9082164168357849 1566.0 1590.0 22509.0 843.0
0.9228515625 0.9093858599662781 1558.0 1551.0 22548.0 851.0
0.92578125 0.9096499085426331 1556.0 1542.0 22557.0 853.0
0.9189453125 0.9091217517852783 1564.0 1564.0 22535.0 845.0
0.9287109375 0.9107062220573425 1538.0 1496.0 22603.0 871.0
0.916015625 0.9096499085426331 1577.0 1563.0 22536.0 832.0
0.9111328125 0.9074241518974304 1577.0 1622.0 22477.0 832.0
0.912109375 0.9066319465637207 1562.0 1628.0 22471.0 847.0
0.9267578125 0.9090840220451355 1564.0 1565.0 22534.0 845.0
0.9228515625 0.9088199734687805 1576.0 1584.0 22515.0 833.0
0.9228515625 0.9090463519096375 1571.0 1573.0 22526.0 838.0
0.9228515625 0.9086690545082092 1561.0 1573.0 22526.0 848.0
0.9228515625 0.911347508430481 1553.0 1494.0 22605.0 856.0
0.921875 0.9091594815254211 1542.0 1541.0 22558.0 867.0
0.9365234375 0.9093481302261353 1548.0 1542.0 22557.0 861.0
0.927734375 0.9109325408935547 1536.0 1488.0 22611.0 873.0
0.9228515625 0.9095367193222046 1579.0 1568.0 22531.0 830.0
0.9189453125 0.9083672761917114 1552.0 1572.0 22527.0 857.0
0.9169921875 0.9110080003738403 1567.0 1517.0 22582.0 842.0
0.921875 0.9086313843727112 1575.0 1588.0 22511.0 834.0
0.89453125 0.9080277681350708 1553.0 1582.0 22517.0 856.0
0.9150390625 0.9094613194465637 1545.0 1536.0 22563.0 864.0
0.9248046875 0.9085181951522827 1581.0 1597.0 22502.0 828.0
0.9208984375 0.9121774435043335 1536.0 1455.0 22644.0 873.0
0.923828125 0.9097253680229187 1547.0 1531.0 22568.0 862.0
0.921875 0.909197211265564 1553.0 1551.0 22548.0 856.0
0.93359375 0.9099140167236328 1545.0 1524.0 22575.0 864.0
0.921875 0.9084804654121399 1552.0 1569.0 22530.0 857.0
0.9140625 0.9076505303382874 1560.0 1599.0 22500.0 849.0
0.916015625 0.9114984273910522 1539.0 1476.0 22623.0 870.0
0.92578125 0.9085936546325684 1528.0 1542.0 22557.0 881.0
0.9228515625 0.9085559248924255 1546.0 1561.0 22538.0 863.0
0.923828125 0.9111211895942688 1512.0 1459.0 22640.0 897.0
0.9296875 0.9114229679107666 1542.0 1481.0 22618.0 867.0
0.9326171875 0.9121019840240479 1530.0 1451.0 22648.0 879.0
0.9228515625 0.9102157950401306 1525.0 1496.0 22603.0 884.0
0.92578125 0.9086690545082092 1545.0 1557.0 22542.0 864.0
0.9345703125 0.9100648760795593 1553.0 1528.0 22571.0 856.0
0.9130859375 0.908706784248352 1542.0 1553.0 22546.0 867.0
0.9169921875 0.9058774709701538 1583.0 1669.0 22430.0 826.0
0.916015625 0.9081786870956421 1542.0 1567.0 22532.0 867.0
0.9208984375 0.9104043841362 1557.0 1523.0 22576.0 852.0
0.9267578125 0.9105553030967712 1528.0 1490.0 22609.0 881.0
0.9208984375 0.9098385572433472 1553.0 1534.0 22565.0 856.0
0.9072265625 0.9068960547447205 1568.0 1627.0 22472.0 841.0
0.892578125 0.9078013896942139 1557.0 1592.0 22507.0 852.0
0.9208984375 0.9129319190979004 1499.0 1398.0 22701.0 910.0
0.9228515625 0.9094989895820618 1538.0 1528.0 22571.0 871.0
0.9208984375 0.9089708924293518 1547.0 1551.0 22548.0 862.0
0.9365234375 0.9085936546325684 1560.0 1574.0 22525.0 849.0
0.9189453125 0.9111966490745544 1531.0 1476.0 22623.0 878.0
0.919921875 0.9091594815254211 1533.0 1532.0 22567.0 876.0
0.921875 0.9085181951522827 1586.0 1602.0 22497.0 823.0
0.9267578125 0.90987628698349 1549.0 1529.0 22570.0 860.0
0.91796875 0.9068583250045776 1556.0 1616.0 22483.0 853.0
0.9296875 0.9112343192100525 1535.0 1479.0 22620.0 874.0
0.9404296875 0.9086690545082092 1559.0 1571.0 22528.0 850.0
0.912109375 0.9080277681350708 1546.0 1575.0 22524.0 863.0
0.9208984375 0.9086313843727112 1551.0 1564.0 22535.0 858.0
0.912109375 0.9079145789146423 1557.0 1589.0 22510.0 852.0
0.9189453125 0.9081409573554993 1560.0 1586.0 22513.0 849.0
0.927734375 0.9105175733566284 1539.0 1502.0 22597.0 870.0
0.9130859375 0.9073110222816467 1560.0 1608.0 22491.0 849.0
0.923828125 0.9084050059318542 1545.0 1564.0 22535.0 864.0
0.931640625 0.9110457301139832 1536.0 1485.0 22614.0 873.0
0.9228515625 0.9087822437286377 1552.0 1561.0 22538.0 857.0
0.9287109375 0.9096876382827759 1543.0 1528.0 22571.0 866.0
0.9150390625 0.9064810872077942 1561.0 1631.0 22468.0 848.0
0.9345703125 0.9101026058197021 1541.0 1515.0 22584.0 868.0
0.9150390625 0.907990038394928 1563.0 1593.0 22506.0 846.0
0.91796875 0.9068583250045776 1577.0 1637.0 22462.0 832.0
0.916015625 0.9084050059318542 1550.0 1569.0 22530.0 859.0
0.9111328125 0.9080654978752136 1564.0 1592.0 22507.0 845.0
0.9150390625 0.9078768491744995 1552.0 1585.0 22514.0 857.0
0.935546875 0.911347508430481 1516.0 1457.0 22642.0 893.0
0.9384765625 0.9092349410057068 1556.0 1553.0 22546.0 853.0
0.931640625 0.9104043841362 1551.0 1517.0 22582.0 858.0
0.90234375 0.9097630977630615 1547.0 1530.0 22569.0 862.0
0.91796875 0.9096876382827759 1545.0 1530.0 22569.0 864.0
0.9228515625 0.9096499085426331 1533.0 1519.0 22580.0 876.0
0.9287109375 0.9100648760795593 1541.0 1516.0 22583.0 868.0
0.9130859375 0.9090463519096375 1548.0 1550.0 22549.0 861.0
0.9296875 0.9113852381706238 1536.0 1476.0 22623.0 873.0
0.9228515625 0.9102912545204163 1528.0 1497.0 22602.0 881.0
0.9296875 0.9082918167114258 1575.0 1597.0 22502.0 834.0
0.9150390625 0.9093481302261353 1547.0 1541.0 22558.0 862.0
0.9267578125 0.9072732925415039 1560.0 1609.0 22490.0 849.0
0.919921875 0.9073487520217896 1561.0 1608.0 22491.0 848.0
0.9375 0.9068205952644348 1588.0 1649.0 22450.0 821.0
0.919921875 0.908933162689209 1551.0 1556.0 22543.0 858.0
0.9248046875 0.9092726707458496 1537.0 1533.0 22566.0 872.0
0.9248046875 0.9099516868591309 1571.0 1549.0 22550.0 838.0
0.9189453125 0.9121019840240479 1537.0 1458.0 22641.0 872.0
0.91015625 0.9076128005981445 1559.0 1599.0 22500.0 850.0
0.935546875 0.9087822437286377 1567.0 1576.0 22523.0 842.0
0.9169921875 0.9100271463394165 1549.0 1525.0 22574.0 860.0
0.9150390625 0.908254086971283 1545.0 1568.0 22531.0 864.0
0.9208984375 0.9066696763038635 1567.0 1632.0 22467.0 842.0
0.9052734375 0.9073487520217896 1573.0 1620.0 22479.0 836.0
0.919921875 0.9095744490623474 1580.0 1568.0 22531.0 829.0
0.9287109375 0.9107439517974854 1545.0 1502.0 22597.0 864.0
0.91796875 0.9116492867469788 1532.0 1465.0 22634.0 877.0
0.9208984375 0.912290632724762 1525.0 1441.0 22658.0 884.0
0.9169921875 0.9081409573554993 1556.0 1582.0 22517.0 853.0
0.9248046875 0.9104043841362 1536.0 1502.0 22597.0 873.0
0.9169921875 0.9102535247802734 1568.0 1538.0 22561.0 841.0
0.8974609375 0.908254086971283 1554.0 1577.0 22522.0 855.0
0.9189453125 0.9090086221694946 1565.0 1568.0 22531.0 844.0
0.9189453125 0.9099516868591309 1532.0 1510.0 22589.0 877.0
0.9248046875 0.9108948111534119 1531.0 1484.0 22615.0 878.0
0.9375 0.9107439517974854 1512.0 1469.0 22630.0 897.0
0.912109375 0.908706784248352 1577.0 1588.0 22511.0 832.0
0.91796875 0.9099894165992737 1553.0 1530.0 22569.0 856.0
0.921875 0.9064810872077942 1566.0 1636.0 22463.0 843.0
0.9296875 0.9082918167114258 1560.0 1582.0 22517.0 849.0
0.9169921875 0.9099140167236328 1548.0 1527.0 22572.0 861.0
0.9287109375 0.9099140167236328 1542.0 1521.0 22578.0 867.0
0.9267578125 0.9101780652999878 1531.0 1503.0 22596.0 878.0
0.9306640625 0.9080277681350708 1540.0 1569.0 22530.0 869.0
0.9248046875 0.9073864221572876 1553.0 1599.0 22500.0 856.0
0.919921875 0.9071223735809326 1557.0 1610.0 22489.0 852.0
0.92578125 0.9107062220573425 1540.0 1498.0 22601.0 869.0
0.94140625 0.9082164168357849 1538.0 1562.0 22537.0 871.0
0.9208984375 0.9110457301139832 1542.0 1491.0 22608.0 867.0
0.9208984375 0.9118379354476929 1530.0 1458.0 22641.0 879.0
0.9208984375 0.9099894165992737 1555.0 1532.0 22567.0 854.0
0.908203125 0.9129319190979004 1527.0 1426.0 22673.0 882.0
0.927734375 0.9100271463394165 1556.0 1532.0 22567.0 853.0
0.9228515625 0.9106307625770569 1529.0 1489.0 22610.0 880.0
0.9306640625 0.9102535247802734 1574.0 1544.0 22555.0 835.0
0.935546875 0.9092349410057068 1582.0 1579.0 22520.0 827.0
0.9296875 0.9059529304504395 1580.0 1664.0 22435.0 829.0
0.927734375 0.9089708924293518 1543.0 1547.0 22552.0 866.0
0.9072265625 0.912064254283905 1547.0 1469.0 22630.0 862.0
0.9375 0.9111211895942688 1560.0 1507.0 22592.0 849.0
0.9033203125 0.911083459854126 1554.0 1502.0 22597.0 855.0
0.912109375 0.9096499085426331 1546.0 1532.0 22567.0 863.0
0.9248046875 0.9105553030967712 1529.0 1491.0 22608.0 880.0
0.9208984375 0.9110080003738403 1558.0 1508.0 22591.0 851.0
0.9248046875 0.9119511246681213 1522.0 1447.0 22652.0 887.0
0.921875 0.911083459854126 1533.0 1481.0 22618.0 876.0
0.93359375 0.9115738868713379 1543.0 1478.0 22621.0 866.0
0.9228515625 0.9094989895820618 1538.0 1528.0 22571.0 871.0
0.9130859375 0.9099894165992737 1569.0 1546.0 22553.0 840.0
0.927734375 0.9107062220573425 1564.0 1522.0 22577.0 845.0
0.9345703125 0.9099516868591309 1557.0 1535.0 22564.0 852.0
0.9140625 0.9097630977630615 1540.0 1523.0 22576.0 869.0
0.919921875 0.9085559248924255 1558.0 1573.0 22526.0 851.0
0.9111328125 0.9094235897064209 1518.0 1510.0 22589.0 891.0
0.9150390625 0.9067074060440063 1556.0 1620.0 22479.0 853.0
0.9267578125 0.9086313843727112 1562.0 1575.0 22524.0 847.0
0.9345703125 0.9082918167114258 1557.0 1579.0 22520.0 852.0
0.91796875 0.9093481302261353 1568.0 1562.0 22537.0 841.0
0.94921875 0.9083672761917114 1565.0 1585.0 22514.0 844.0
0.9365234375 0.9081032276153564 1557.0 1584.0 22515.0 852.0
0.92578125 0.9099516868591309 1565.0 1543.0 22556.0 844.0
0.9189453125 0.9074241518974304 1574.0 1619.0 22480.0 835.0
0.9208984375 0.9101026058197021 1527.0 1501.0 22598.0 882.0
0.912109375 0.9096499085426331 1560.0 1546.0 22553.0 849.0
0.9169921875 0.9112343192100525 1534.0 1478.0 22621.0 875.0
0.9345703125 0.9104043841362 1547.0 1513.0 22586.0 862.0
0.9189453125 0.9097253680229187 1525.0 1509.0 22590.0 884.0
0.919921875 0.9090840220451355 1543.0 1544.0 22555.0 866.0
0.9130859375 0.9089708924293518 1537.0 1541.0 22558.0 872.0
0.91796875 0.9091217517852783 1541.0 1541.0 22558.0 868.0
0.92578125 0.9092349410057068 1571.0 1568.0 22531.0 838.0
0.9189453125 0.9093104004859924 1573.0 1568.0 22531.0 836.0
0.9150390625 0.9091594815254211 1546.0 1545.0 22554.0 863.0
0.9140625 0.9075750708580017 1569.0 1610.0 22489.0 840.0
0.9345703125 0.9099516868591309 1542.0 1520.0 22579.0 867.0
0.9228515625 0.9088577032089233 1560.0 1567.0 22532.0 849.0
0.9365234375 0.9093104004859924 1584.0 1579.0 22520.0 825.0
0.9208984375 0.9083672761917114 1585.0 1605.0 22494.0 824.0
0.9111328125 0.9108193516731262 1542.0 1497.0 22602.0 867.0
0.9228515625 0.9088954329490662 1565.0 1571.0 22528.0 844.0
0.9169921875 0.9074241518974304 1573.0 1618.0 22481.0 836.0
0.921875 0.9080277681350708 1573.0 1602.0 22497.0 836.0
0.9130859375 0.9111589193344116 1547.0 1493.0 22606.0 862.0
0.916015625 0.9118379354476929 1549.0 1477.0 22622.0 860.0
0.9208984375 0.911083459854126 1532.0 1480.0 22619.0 877.0
0.91796875 0.9084427356719971 1541.0 1559.0 22540.0 868.0
0.919921875 0.9112343192100525 1519.0 1463.0 22636.0 890.0
0.90625 0.9087445139884949 1544.0 1554.0 22545.0 865.0
0.9365234375 0.9096121788024902 1541.0 1528.0 22571.0 868.0
0.9375 0.9105175733566284 1510.0 1473.0 22626.0 899.0
0.931640625 0.9112720489501953 1540.0 1483.0 22616.0 869.0
0.939453125 0.9079523086547852 1548.0 1579.0 22520.0 861.0
0.9287109375 0.9087822437286377 1552.0 1561.0 22538.0 857.0
0.912109375 0.9107439517974854 1548.0 1505.0 22594.0 861.0
0.919921875 0.908706784248352 1562.0 1573.0 22526.0 847.0
0.90625 0.9103289842605591 1501.0 1469.0 22630.0 908.0
0.921875 0.9111966490745544 1540.0 1485.0 22614.0 869.0
0.916015625 0.9076128005981445 1556.0 1596.0 22503.0 853.0
0.921875 0.9056888222694397 1585.0 1676.0 22423.0 824.0
0.91796875 0.9097253680229187 1535.0 1519.0 22580.0 874.0
0.92578125 0.9095367193222046 1553.0 1542.0 22557.0 856.0
0.9189453125 0.9076505303382874 1551.0 1590.0 22509.0 858.0
0.93359375 0.9071601033210754 1538.0 1590.0 22509.0 871.0
0.9228515625 0.9081032276153564 1524.0 1551.0 22548.0 885.0
0.9384765625 0.9105553030967712 1541.0 1503.0 22596.0 868.0
0.9150390625 0.9066696763038635 1586.0 1651.0 22448.0 823.0
0.92578125 0.907990038394928 1561.0 1591.0 22508.0 848.0
0.92578125 0.9098385572433472 1516.0 1497.0 22602.0 893.0
0.90625 0.9038780927658081 1574.0 1713.0 22386.0 835.0
0.912109375 0.9074241518974304 1554.0 1599.0 22500.0 855.0
0.9287109375 0.9118756651878357 1515.0 1442.0 22657.0 894.0
0.9169921875 0.9110080003738403 1541.0 1491.0 22608.0 868.0
0.9140625 0.910140335559845 1564.0 1537.0 22562.0 845.0
0.9130859375 0.9090086221694946 1556.0 1559.0 22540.0 853.0
0.9169921875 0.9122151732444763 1535.0 1453.0 22646.0 874.0
0.904296875 0.9073110222816467 1572.0 1620.0 22479.0 837.0
0.9306640625 0.9103289842605591 1514.0 1482.0 22617.0 895.0
0.92578125 0.9095367193222046 1552.0 1541.0 22558.0 857.0
0.908203125 0.9095744490623474 1529.0 1517.0 22582.0 880.0
0.921875 0.9087445139884949 1547.0 1557.0 22542.0 862.0
0.9384765625 0.910857081413269 1540.0 1494.0 22605.0 869.0
0.923828125 0.9090840220451355 1537.0 1538.0 22561.0 872.0
0.921875 0.9083295464515686 1534.0 1555.0 22544.0 875.0
0.912109375 0.9080277681350708 1568.0 1597.0 22502.0 841.0
0.9326171875 0.9098385572433472 1512.0 1493.0 22606.0 897.0
0.927734375 0.9102157950401306 1531.0 1502.0 22597.0 878.0
0.9140625 0.9096121788024902 1559.0 1546.0 22553.0 850.0
0.916015625 0.9087445139884949 1543.0 1553.0 22546.0 866.0
0.923828125 0.90987628698349 1505.0 1485.0 22614.0 904.0
0.9404296875 0.9098385572433472 1509.0 1490.0 22609.0 900.0
0.9267578125 0.9097630977630615 1529.0 1512.0 22587.0 880.0
0.91796875 0.9047080278396606 1588.0 1705.0 22394.0 821.0
0.9189453125 0.911083459854126 1548.0 1496.0 22603.0 861.0
0.9072265625 0.9085936546325684 1561.0 1575.0 22524.0 848.0
0.9091796875 0.9092349410057068 1552.0 1549.0 22550.0 857.0
0.927734375 0.9083672761917114 1540.0 1560.0 22539.0 869.0
0.9248046875 0.9090463519096375 1539.0 1541.0 22558.0 870.0
0.927734375 0.9093858599662781 1540.0 1533.0 22566.0 869.0
0.9345703125 0.9100648760795593 1534.0 1509.0 22590.0 875.0
0.93359375 0.9046702980995178 1566.0 1684.0 22415.0 843.0
0.9248046875 0.9102535247802734 1508.0 1478.0 22621.0 901.0
0.9296875 0.909197211265564 1542.0 1540.0 22559.0 867.0
0.91796875 0.9097630977630615 1529.0 1512.0 22587.0 880.0
0.923828125 0.9094613194465637 1544.0 1535.0 22564.0 865.0
0.921875 0.9068960547447205 1560.0 1619.0 22480.0 849.0
0.921875 0.9087822437286377 1547.0 1556.0 22543.0 862.0
0.919921875 0.9121774435043335 1524.0 1443.0 22656.0 885.0
0.916015625 0.903689444065094 1574.0 1718.0 22381.0 835.0
0.921875 0.9093104004859924 1543.0 1538.0 22561.0 866.0
0.92578125 0.9062547087669373 1554.0 1630.0 22469.0 855.0
0.92578125 0.9094235897064209 1534.0 1526.0 22573.0 875.0
0.9169921875 0.9078013896942139 1545.0 1580.0 22519.0 864.0
0.921875 0.9071223735809326 1563.0 1616.0 22483.0 846.0
0.9248046875 0.911347508430481 1536.0 1477.0 22622.0 873.0
0.9150390625 0.9080654978752136 1560.0 1588.0 22511.0 849.0
0.9189453125 0.9093104004859924 1543.0 1538.0 22561.0 866.0
0.9296875 0.9099894165992737 1550.0 1527.0 22572.0 859.0
0.9296875 0.9099140167236328 1511.0 1490.0 22609.0 898.0
0.9267578125 0.9089708924293518 1555.0 1559.0 22540.0 854.0
0.9287109375 0.9100271463394165 1543.0 1519.0 22580.0 866.0
0.9140625 0.908706784248352 1554.0 1565.0 22534.0 855.0
0.92578125 0.908933162689209 1565.0 1570.0 22529.0 844.0
0.9326171875 0.90987628698349 1551.0 1531.0 22568.0 858.0
0.9208984375 0.9106307625770569 1548.0 1508.0 22591.0 861.0
0.9208984375 0.9086690545082092 1562.0 1574.0 22525.0 847.0
0.9267578125 0.9073864221572876 1556.0 1602.0 22497.0 853.0
0.9306640625 0.9126678705215454 1537.0 1443.0 22656.0 872.0
0.9267578125 0.9084427356719971 1527.0 1545.0 22554.0 882.0
0.91796875 0.910140335559845 1554.0 1527.0 22572.0 855.0
0.921875 0.9101780652999878 1547.0 1519.0 22580.0 862.0
0.919921875 0.9090840220451355 1551.0 1552.0 22547.0 858.0
0.9287109375 0.9099894165992737 1539.0 1516.0 22583.0 870.0
0.92578125 0.9081032276153564 1562.0 1589.0 22510.0 847.0
0.9228515625 0.908933162689209 1563.0 1568.0 22531.0 846.0
0.923828125 0.9081786870956421 1552.0 1577.0 22522.0 857.0
0.9189453125 0.907046914100647 1562.0 1617.0 22482.0 847.0
0.927734375 0.9106684923171997 1537.0 1496.0 22603.0 872.0
0.919921875 0.9076882600784302 1551.0 1589.0 22510.0 858.0
0.9130859375 0.9065187573432922 1564.0 1633.0 22466.0 845.0
0.908203125 0.9064056277275085 1541.0 1613.0 22486.0 868.0
0.9375 0.9083295464515686 1559.0 1580.0 22519.0 850.0
0.9189453125 0.9094989895820618 1550.0 1540.0 22559.0 859.0
0.923828125 0.9111211895942688 1525.0 1472.0 22627.0 884.0
0.9248046875 0.9112343192100525 1535.0 1479.0 22620.0 874.0
0.9130859375 0.9099516868591309 1517.0 1495.0 22604.0 892.0
0.927734375 0.9103666543960571 1529.0 1496.0 22603.0 880.0
0.91796875 0.9093858599662781 1560.0 1553.0 22546.0 849.0
0.916015625 0.9110080003738403 1508.0 1458.0 22641.0 901.0
