3.273446261882781982e-01 7.007964849472045898e-01
3.560320734977722168e-01 6.280043125152587891e-01
7.711678147315979004e-01 5.509759783744812012e-01
5.766637995839118958e-02 3.821109533309936523e-01
8.390774130821228027e-01 5.241575241088867188e-01
-2.445520013570785522e-01 -5.757352709770202637e-01
-1.550462245941162109e-01 -3.983657062053680420e-01
5.098498463630676270e-01 7.288668155670166016e-01
-5.145649313926696777e-01 -3.217701911926269531e-01
-6.305863857269287109e-01 -3.791298866271972656e-01
4.386857151985168457e-01 4.753908887505531311e-02
6.255950927734375000e-01 7.607077956199645996e-01
4.611649215221405029e-01 8.293416500091552734e-01
3.197437226772308350e-01 -6.953790038824081421e-02
3.393300175666809082e-01 1.637392677366733551e-02
3.839201852679252625e-02 -1.605480164289474487e-01
5.398778319358825684e-01 2.785374224185943604e-01
-1.340487897396087646e-01 1.187123283743858337e-01
-8.633486926555633545e-02 2.747150957584381104e-01
-4.134289026260375977e-01 -7.828887701034545898e-01
-2.292231321334838867e-01 8.928571641445159912e-02
9.812760949134826660e-01 1.366814851760864258e+00
1.241363212466239929e-01 -1.872228235006332397e-01
-3.323578834533691406e-01 -1.469285786151885986e-01
1.313197761774063110e-01 -2.669253349304199219e-01
-8.526926040649414062e-01 -5.700779557228088379e-01
-1.489390134811401367e+00 -1.264707326889038086e+00
-2.161085158586502075e-01 -4.765242338180541992e-01
6.518921852111816406e-01 2.444318681955337524e-01
2.134838886559009552e-02 3.405000865459442139e-01
5.150620937347412109e-01 8.098697662353515625e-01
-2.542844414710998535e-02 4.779080450534820557e-01
1.037625312805175781e+00 1.268167972564697266e+00
1.777346432209014893e-01 6.353223919868469238e-01
-1.409788131713867188e+00 -1.032958507537841797e+00
2.638368606567382812e-01 5.919298529624938965e-01
4.518314898014068604e-01 2.407428324222564697e-01
1.177334338426589966e-01 -3.781634569168090820e-01
-8.497363328933715820e-01 -5.815369486808776855e-01
-1.288454383611679077e-01 1.070014461874961853e-01
