3.006115198135375977e+00
5.536025524139404297e+00
-3.963105201721191406e+00
-3.739587962627410889e-01
-1.664297103881835938e+00
3.663268685340881348e-01
1.859071135520935059e+00
-1.077180147171020508e+00
-2.962526559829711914e+00
-3.150738716125488281e+00
3.691281318664550781e+00
-3.436876237392425537e-01
4.420012474060058594e+00
2.788174152374267578e-01
-9.562768787145614624e-02
3.252896308898925781e+00
-2.559282541275024414e+00
-1.437498569488525391e+00
-1.310132741928100586e+00
-2.895967006683349609e+00
-2.759588479995727539e+00
1.117259144783020020e+00
2.233318805694580078e+00
2.139047622680664062e+00
1.774518966674804688e+00
-3.796357393264770508e+00
-5.367264151573181152e-01
4.302471160888671875e+00
-6.248537063598632812e+00
1.828155517578125000e+00
6.900447607040405273e-01
8.876726031303405762e-01
-2.505616426467895508e+00
-1.091232776641845703e+00
-5.702674984931945801e-01
3.598155260086059570e+00
1.856299877166748047e+00
-3.287425518035888672e+00
-2.704644203186035156e+00
-4.427334308624267578e+00
