-6.512041091918945312e-01
-4.394732952117919922e+00
8.562439918518066406e+00
-1.224998116493225098e+00
3.427214026451110840e-01
1.014637184143066406e+01
9.959744811058044434e-01
-3.234720468521118164e+00
-5.858361721038818359e+00
1.815173339843750000e+01
-4.554525375366210938e+00
9.204723358154296875e+00
2.598512411117553711e+00
5.075399279594421387e-01
2.694749593734741211e+00
-3.908230543136596680e+00
-2.131666183471679688e+00
-8.156098365783691406e+00
1.599905192852020264e-01
4.843081951141357422e+00
-1.595902538299560547e+01
5.752305984497070312e+00
2.549509048461914062e+00
-1.053241539001464844e+01
-3.384244441986083984e+00
-1.757633686065673828e-01
-1.233022212982177734e+01
-1.136387920379638672e+01
-8.102758407592773438e+00
-1.238944721221923828e+01
-1.847094535827636719e+00
6.315065383911132812e+00
8.209774017333984375e+00
-1.937642693519592285e-01
-1.648461461067199707e+00
6.747927665710449219e+00
5.533054471015930176e-01
-6.525079250335693359e+00
3.058674573898315430e+00
-6.162147998809814453e+00
