5.002856254577636719e+00
-1.853391408920288086e+00
8.999291419982910156e+00
3.253727912902832031e+00
-1.169776439666748047e+00
7.865099906921386719e+00
-3.146461248397827148e+00
-1.001048374176025391e+01
-1.639592170715332031e+01
1.310012722015380859e+01
-2.820609807968139648e+00
-3.412847518920898438e+00
1.082260322570800781e+01
-1.210588359832763672e+01
5.496562957763671875e+00
1.093296241760253906e+01
3.725444316864013672e+00
-8.312544822692871094e+00
-1.497510671615600586e+00
1.074453639984130859e+01
7.369687557220458984e+00
1.415115547180175781e+01
-1.845585823059082031e+00
-4.745594978332519531e+00
1.012866878509521484e+01
-1.536998867988586426e+00
-3.070780038833618164e+00
2.231223881244659424e-02
-1.669007873535156250e+01
-1.667691993713378906e+01
-1.937698721885681152e+00
1.653497695922851562e+01
6.409832000732421875e+00
-2.914742231369018555e-01
2.824635028839111328e+00
1.564699745178222656e+01
-8.767743110656738281e+00
9.290820121765136719e+00
4.940857410430908203e+00
6.795127391815185547e+00
-8.232106208801269531e+00
1.347897911071777344e+01
-9.520048141479492188e+00
-9.589211463928222656e+00
-1.047787857055664062e+01
8.814704895019531250e+00
-2.664371728897094727e+00
3.665892601013183594e+00
-9.070661544799804688e+00
-6.526684284210205078e+00
-1.024103164672851562e+01
-5.308622837066650391e+00
-1.403696060180664062e+01
-1.058851242065429688e+01
6.661901950836181641e+00
-1.152543735504150391e+01
9.226522445678710938e+00
5.718610763549804688e+00
7.748129844665527344e+00
1.539123153686523438e+01
