-1.420567321777343750e+01
2.244697189331054688e+01
-2.432327270507812500e+00
1.581852674484252930e+00
6.868951797485351562e+00
1.261825442314147949e+00
-1.018179416656494141e+01
-1.611590576171875000e+01
1.131538897752761841e-01
-1.348274040222167969e+01
-1.290182399749755859e+01
3.635673999786376953e+00
-1.737336158752441406e+01
-1.019809246063232422e+01
-1.473821163177490234e+01
6.566668033599853516e+00
-3.876723766326904297e+00
2.260022926330566406e+01
1.436752605438232422e+01
-3.931044578552246094e+00
-9.362607002258300781e+00
4.912624835968017578e+00
1.666745376586914062e+01
6.358767747879028320e-01
2.505432367324829102e+00
-1.291838455200195312e+01
-3.059326171875000000e+00
-1.684059333801269531e+01
6.076721668243408203e+00
-2.108484268188476562e+01
