3.799384355545043945e+00
-2.365235239267349243e-01
-4.689588844776153564e-01
-2.189029693603515625e+00
1.832307875156402588e-01
5.962204933166503906e-01
-6.782985925674438477e-01
9.870663285255432129e-01
2.751094579696655273e+00
1.273148894309997559e+00
-7.452773302793502808e-02
3.244176864624023438e+00
-4.512915760278701782e-02
2.082104444503784180e+00
-1.616388082504272461e+00
-2.004571259021759033e-01
-1.740036606788635254e+00
-7.617413997650146484e-01
1.442357659339904785e+00
2.553586483001708984e+00
1.204979699105024338e-02
-6.252835988998413086e-01
-1.300053834915161133e+00
-2.616382360458374023e+00
9.420326352119445801e-02
-7.860173583030700684e-01
2.045451641082763672e+00
-4.778004884719848633e-01
3.973802924156188965e-01
5.736065506935119629e-01
-3.306011557579040527e-01
-2.108309507369995117e+00
5.088152289390563965e-01
-3.072884559631347656e+00
3.796745538711547852e-01
-1.597022294998168945e+00
9.448608756065368652e-01
1.140163183212280273e+00
7.626839280128479004e-01
2.539519667625427246e-01
1.682868123054504395e+00
7.671447992324829102e-01
-7.439957857131958008e-01
-9.340183734893798828e-01
2.120964527130126953e+00
-5.933838486671447754e-01
2.137278556823730469e+00
-1.029023248702287674e-02
1.071941778063774109e-01
1.315183281898498535e+00
-1.373133957386016846e-01
1.906716346740722656e+00
6.235796213150024414e-01
1.649195551872253418e+00
-3.088336944580078125e+00
3.279112815856933594e+00
3.289287328720092773e+00
-6.126258373260498047e-01
4.407201409339904785e-01
-1.142836451530456543e+00
-2.920316457748413086e-01
1.803856492042541504e+00
-4.672873616218566895e-01
-3.525207936763763428e-01
-7.554708123207092285e-01
-2.125197410583496094e+00
1.047878861427307129e+00
1.149863362312316895e+00
-5.032188296318054199e-01
1.866277813911437988e+00
1.644079208374023438e+00
3.203515291213989258e+00
-4.900599122047424316e-01
3.653745353221893311e-01
-1.297003626823425293e+00
8.424029946327209473e-01
7.442541718482971191e-01
-2.357382297515869141e+00
-1.221405506134033203e+00
-1.810867547988891602e+00
