4.358116537332534790e-02 3.490842878818511963e-01
3.312267363071441650e-01 5.734792724251747131e-02
2.259561866521835327e-01 5.470402240753173828e-01
9.005394577980041504e-02 3.840841948986053467e-01
1.060153394937515259e-01 3.501593172550201416e-01
-1.167464852333068848e+00 -9.759958386421203613e-01
-3.152513504028320312e-01 -5.256277322769165039e-02
8.805422782897949219e-01 7.037777900695800781e-01
2.251302748918533325e-01 -7.260507345199584961e-02
8.614462018013000488e-01 1.231715559959411621e+00
5.072265267372131348e-01 1.379910260438919067e-01
1.090206027030944824e+00 8.551479578018188477e-01
-1.202271580696105957e+00 -9.825580716133117676e-01
6.845975518226623535e-01 4.510056972503662109e-01
-2.794865369796752930e-01 -5.293505787849426270e-01
3.985777795314788818e-01 6.147063374519348145e-01
-4.977524578571319580e-01 -8.308356404304504395e-01
9.599692821502685547e-01 1.206118106842041016e+00
-1.626418381929397583e-01 -2.695031464099884033e-01
4.416200816631317139e-01 6.707814931869506836e-01
-4.636144340038299561e-01 -7.427741289138793945e-01
-4.621394723653793335e-02 2.289886921644210815e-01
-7.324159145355224609e-02 -3.267021179199218750e-01
1.660201400518417358e-01 3.345321714878082275e-01
-4.153289198875427246e-01 -7.029517889022827148e-01
1.073563933372497559e+00 9.329014420509338379e-01
6.077571213245391846e-02 4.345264136791229248e-01
-4.740929603576660156e-01 -3.172803819179534912e-01
2.460154891014099121e-01 -1.145571097731590271e-01
4.195913970470428467e-01 3.836503624916076660e-02
-2.893745899200439453e-01 -8.821751177310943604e-02
2.869721651077270508e-01 5.435650795698165894e-02
-7.005709409713745117e-01 -5.211580395698547363e-01
-1.983778923749923706e-02 1.360246390104293823e-01
-2.330114692449569702e-01 2.599577978253364563e-02
3.521274775266647339e-02 3.130097687244415283e-01
4.279498755931854248e-01 6.104983687400817871e-01
-6.714462041854858398e-01 -4.238384962081909180e-01
1.376148104667663574e+00 9.667088389396667480e-01
3.033484816551208496e-01 5.687681436538696289e-01
-2.337158322334289551e-01 -4.172537922859191895e-01
-4.688557684421539307e-01 -1.650103777647018433e-01
5.940886735916137695e-01 3.979547023773193359e-01
-7.273843884468078613e-02 -3.329935371875762939e-01
-3.949564397335052490e-01 -7.316005975008010864e-02
-5.917677879333496094e-01 -3.773797750473022461e-01
-1.584923863410949707e-01 -2.430127859115600586e-01
7.013906240463256836e-01 9.704236984252929688e-01
-1.390556991100311279e-01 1.075211390852928162e-01
-5.240865349769592285e-01 -8.589519858360290527e-01
3.791876733303070068e-01 1.420519649982452393e-01
5.358586311340332031e-01 1.002024888992309570e+00
2.851551473140716553e-01 4.420025050640106201e-01
5.460352450609207153e-02 -2.037227302789688110e-01
4.862277507781982422e-01 6.617976427078247070e-01
-2.061115205287933350e-01 -4.125086963176727295e-01
6.043773889541625977e-01 3.334187865257263184e-01
4.274587929248809814e-01 5.694802999496459961e-01
6.197759881615638733e-02 2.345788627862930298e-01
2.432615682482719421e-02 4.810835421085357666e-01
