-1.036170050501823425e-01 1.612520217895507812e-01
7.170558571815490723e-01 4.476332962512969971e-01
-5.774106979370117188e-01 -7.692255973815917969e-01
-7.219480276107788086e-01 -1.006170153617858887e+00
-1.889375448226928711e-01 -7.026880979537963867e-01
7.976716756820678711e-01 1.226500272750854492e+00
-3.910954594612121582e-01 -7.675033062696456909e-02
-1.584101654589176178e-02 1.727167963981628418e-01
-6.339724063873291016e-01 -3.769624531269073486e-01
-1.207769632339477539e+00 -1.578415036201477051e+00
-4.901556074619293213e-01 -7.177585959434509277e-01
-6.817623972892761230e-02 2.416299283504486084e-01
-1.329976916313171387e+00 -1.005169510841369629e+00
8.049181103706359863e-02 -2.347511500120162964e-01
-7.543830573558807373e-02 -2.614552974700927734e-01
-3.033556640148162842e-01 -2.477759867906570435e-02
3.757388293743133545e-01 8.127718567848205566e-01
-5.360041260719299316e-01 -2.325541973114013672e-01
-3.406802713871002197e-01 1.123503223061561584e-02
-1.572151109576225281e-02 -3.181721866130828857e-01
3.076410591602325439e-01 -3.555066883563995361e-01
5.499253869056701660e-01 2.427985966205596924e-01
7.245543003082275391e-01 5.320678949356079102e-01
1.781911551952362061e-01 3.502064943313598633e-01
-2.224866747856140137e-01 2.866742610931396484e-01
1.061346888542175293e+00 8.538724780082702637e-01
-1.835336983203887939e-01 -5.616359710693359375e-01
4.517477750778198242e-01 1.307156533002853394e-01
-2.105297148227691650e-01 -4.736666679382324219e-01
-3.026292324066162109e-01 9.331183135509490967e-02
