0.482421875 0.48982372879981995 1497.0 24907.0 23292.0 912.0
0.947265625 0.9433488845825195 236.0 694.0 47505.0 2173.0
0.931640625 0.9419854283332825 514.0 1041.0 47158.0 1895.0
0.931640625 0.9415507316589355 586.0 1135.0 47064.0 1823.0
0.94140625 0.9407998919487 616.0 1203.0 46996.0 1793.0
0.94140625 0.9409579634666443 621.0 1200.0 46999.0 1788.0
0.94921875 0.9380335211753845 691.0 1418.0 46781.0 1718.0
0.95703125 0.9392783641815186 684.0 1348.0 46851.0 1725.0
0.93359375 0.9382113218307495 730.0 1448.0 46751.0 1679.0
0.9453125 0.9392783641815186 655.0 1319.0 46880.0 1754.0
0.947265625 0.9386065602302551 730.0 1428.0 46771.0 1679.0
0.935546875 0.9378359317779541 742.0 1479.0 46720.0 1667.0
0.927734375 0.936472475528717 817.0 1623.0 46576.0 1592.0
0.93359375 0.9375197887420654 790.0 1543.0 46656.0 1619.0
0.939453125 0.9379149675369263 806.0 1539.0 46660.0 1603.0
0.9375 0.937974214553833 819.0 1549.0 46650.0 1590.0
0.953125 0.9379544854164124 804.0 1535.0 46664.0 1605.0
0.9375 0.9372826218605042 865.0 1630.0 46569.0 1544.0
0.939453125 0.9376580715179443 875.0 1621.0 46578.0 1534.0
0.9453125 0.9350300431251526 914.0 1793.0 46406.0 1495.0
0.92578125 0.9370850324630737 871.0 1646.0 46553.0 1538.0
0.939453125 0.9376383423805237 888.0 1635.0 46564.0 1521.0
0.93359375 0.9370850324630737 877.0 1652.0 46547.0 1532.0
0.93359375 0.9394562244415283 834.0 1489.0 46710.0 1575.0
0.9453125 0.9369862675666809 886.0 1666.0 46533.0 1523.0
0.953125 0.9404046535491943 900.0 1507.0 46692.0 1509.0
0.9375 0.9383891820907593 921.0 1630.0 46569.0 1488.0
0.9375 0.9375988245010376 981.0 1730.0 46469.0 1428.0
0.947265625 0.9388238787651062 921.0 1608.0 46591.0 1488.0
0.935546875 0.9388831853866577 967.0 1651.0 46548.0 1442.0
0.94140625 0.9335875511169434 982.0 1934.0 46265.0 1427.0
0.935546875 0.9378556609153748 969.0 1705.0 46494.0 1440.0
0.921875 0.9387646317481995 968.0 1658.0 46541.0 1441.0
0.955078125 0.9374209642410278 987.0 1745.0 46454.0 1422.0
0.9296875 0.9358599185943604 1016.0 1853.0 46346.0 1393.0
0.93359375 0.9393573999404907 1001.0 1661.0 46538.0 1408.0
0.953125 0.9372826218605042 1038.0 1803.0 46396.0 1371.0
0.923828125 0.9358401894569397 1072.0 1910.0 46289.0 1337.0
0.93359375 0.9412147998809814 969.0 1535.0 46664.0 1440.0
0.9453125 0.9389029145240784 1010.0 1693.0 46506.0 1399.0
0.953125 0.9392586350440979 1026.0 1691.0 46508.0 1383.0
0.94140625 0.9387843608856201 1034.0 1723.0 46476.0 1375.0
0.9375 0.9376383423805237 1064.0 1811.0 46388.0 1345.0
0.96875 0.9415507316589355 950.0 1499.0 46700.0 1459.0
0.93359375 0.9384880065917969 1068.0 1772.0 46427.0 1341.0
0.947265625 0.9411950707435608 991.0 1558.0 46641.0 1418.0
0.9296875 0.9374802112579346 1118.0 1873.0 46326.0 1291.0
0.9375 0.936255156993866 1137.0 1954.0 46245.0 1272.0
0.94921875 0.9456607699394226 962.0 1303.0 46896.0 1447.0
0.95703125 0.937796413898468 1096.0 1835.0 46364.0 1313.0
0.935546875 0.9371640682220459 1095.0 1866.0 46333.0 1314.0
0.939453125 0.938567042350769 1093.0 1793.0 46406.0 1316.0
0.94921875 0.9471427202224731 942.0 1208.0 46991.0 1467.0
0.951171875 0.9376383423805237 1125.0 1872.0 46327.0 1284.0
0.94140625 0.9449098706245422 1001.0 1380.0 46819.0 1408.0
0.931640625 0.9399304389953613 1087.0 1718.0 46481.0 1322.0
0.947265625 0.9374406933784485 1081.0 1838.0 46361.0 1328.0
0.9375 0.9405034780502319 1089.0 1691.0 46508.0 1320.0
0.955078125 0.9380137324333191 1154.0 1882.0 46317.0 1255.0
0.93359375 0.9395154714584351 1128.0 1780.0 46419.0 1281.0
0.955078125 0.9420842528343201 1128.0 1650.0 46549.0 1281.0
0.947265625 0.9468660950660706 1052.0 1332.0 46867.0 1357.0
0.935546875 0.9450482130050659 1054.0 1426.0 46773.0 1355.0
0.939453125 0.9386658072471619 1170.0 1865.0 46334.0 1239.0
0.951171875 0.9432105422019958 1119.0 1584.0 46615.0 1290.0
0.951171875 0.9368479251861572 1175.0 1962.0 46237.0 1234.0
0.94140625 0.9383101463317871 1136.0 1849.0 46350.0 1273.0
0.955078125 0.945087730884552 1064.0 1434.0 46765.0 1345.0
0.94921875 0.9409579634666443 1124.0 1703.0 46496.0 1285.0
0.923828125 0.9386262893676758 1179.0 1876.0 46323.0 1230.0
0.94921875 0.9474589228630066 1037.0 1287.0 46912.0 1372.0
0.95703125 0.9453643560409546 1139.0 1495.0 46704.0 1270.0
0.92578125 0.9449296593666077 1138.0 1516.0 46683.0 1271.0
0.94140625 0.9388238787651062 1207.0 1894.0 46305.0 1202.0
0.939453125 0.9396340250968933 1180.0 1826.0 46373.0 1229.0
0.958984375 0.9466092586517334 1104.0 1397.0 46802.0 1305.0
0.939453125 0.9408196210861206 1161.0 1747.0 46452.0 1248.0
0.921875 0.9384286999702454 1214.0 1921.0 46278.0 1195.0
0.931640625 0.9467475414276123 1102.0 1388.0 46811.0 1307.0
0.927734375 0.9449889063835144 1177.0 1552.0 46647.0 1232.0
0.931640625 0.9462535381317139 1155.0 1466.0 46733.0 1254.0
0.951171875 0.9436848163604736 1179.0 1620.0 46579.0 1230.0
0.958984375 0.947656512260437 1126.0 1366.0 46833.0 1283.0
0.9375 0.9458188414573669 1149.0 1482.0 46717.0 1260.0
0.94140625 0.9465697407722473 1102.0 1397.0 46802.0 1307.0
0.951171875 0.948901355266571 1066.0 1243.0 46956.0 1343.0
0.947265625 0.9468068480491638 1122.0 1405.0 46794.0 1287.0
0.9609375 0.9460559487342834 1132.0 1453.0 46746.0 1277.0
0.95703125 0.9500869512557983 1053.0 1170.0 47029.0 1356.0
0.935546875 0.9479331374168396 1151.0 1377.0 46822.0 1258.0
0.953125 0.9462140202522278 1173.0 1486.0 46713.0 1236.0
0.953125 0.9492174983024597 1119.0 1280.0 46919.0 1290.0
0.9296875 0.9449493885040283 1169.0 1546.0 46653.0 1240.0
0.947265625 0.9475774765014648 1132.0 1376.0 46823.0 1277.0
0.935546875 0.9458188414573669 1174.0 1507.0 46692.0 1235.0
0.953125 0.9503635764122009 1095.0 1198.0 47001.0 1314.0
0.955078125 0.9467673301696777 1156.0 1441.0 46758.0 1253.0
0.9609375 0.9470439553260803 1177.0 1448.0 46751.0 1232.0
0.94140625 0.9475379586219788 1139.0 1385.0 46814.0 1270.0
0.947265625 0.9468068480491638 1137.0 1420.0 46779.0 1272.0
0.9453125 0.9489211440086365 1101.0 1277.0 46922.0 1308.0
0.9609375 0.9473996162414551 1139.0 1392.0 46807.0 1270.0
0.953125 0.9494546055793762 1109.0 1258.0 46941.0 1300.0
0.951171875 0.9451865553855896 1205.0 1570.0 46629.0 1204.0
0.955078125 0.9466487765312195 1161.0 1452.0 46747.0 1248.0
0.951171875 0.9471822381019592 1187.0 1451.0 46748.0 1222.0
0.9453125 0.944317102432251 1205.0 1614.0 46585.0 1204.0
0.96484375 0.9490001797676086 1133.0 1305.0 46894.0 1276.0
0.947265625 0.946154773235321 1168.0 1484.0 46715.0 1241.0
0.94921875 0.9470044374465942 1216.0 1489.0 46710.0 1193.0
0.951171875 0.9453248381614685 1201.0 1559.0 46640.0 1208.0
0.953125 0.948427140712738 1196.0 1397.0 46802.0 1213.0
0.955078125 0.9461745023727417 1160.0 1475.0 46724.0 1249.0
0.9453125 0.9487037658691406 1134.0 1321.0 46878.0 1275.0
0.947265625 0.9490989446640015 1156.0 1323.0 46876.0 1253.0
0.9453125 0.9468265771865845 1174.0 1456.0 46743.0 1235.0
0.9453125 0.9477157592773438 1178.0 1415.0 46784.0 1231.0
0.951171875 0.9487432837486267 1186.0 1371.0 46828.0 1223.0
0.94140625 0.9471032023429871 1154.0 1422.0 46777.0 1255.0
0.94921875 0.9501264691352844 1130.0 1245.0 46954.0 1279.0
0.9453125 0.9470439553260803 1189.0 1460.0 46739.0 1220.0
0.95703125 0.9470834732055664 1184.0 1453.0 46746.0 1225.0
0.95703125 0.9491384625434875 1179.0 1344.0 46855.0 1230.0
0.966796875 0.9496719837188721 1152.0 1290.0 46909.0 1257.0
0.9375 0.9467278122901917 1178.0 1465.0 46734.0 1231.0
0.958984375 0.9466487765312195 1190.0 1481.0 46718.0 1219.0
0.94921875 0.9479923844337463 1187.0 1410.0 46789.0 1222.0
0.95703125 0.9485456943511963 1203.0 1398.0 46801.0 1206.0
0.951171875 0.9467475414276123 1208.0 1494.0 46705.0 1201.0
0.939453125 0.9489803910255432 1180.0 1353.0 46846.0 1229.0
0.95703125 0.9462930560112 1239.0 1548.0 46651.0 1170.0
0.931640625 0.9473798871040344 1207.0 1461.0 46738.0 1202.0
0.94921875 0.9462535381317139 1201.0 1512.0 46687.0 1208.0
0.947265625 0.9482295513153076 1217.0 1428.0 46771.0 1192.0
0.953125 0.9492570161819458 1185.0 1344.0 46855.0 1224.0
0.951171875 0.9463523626327515 1240.0 1546.0 46653.0 1169.0
0.943359375 0.9494150876998901 1195.0 1346.0 46853.0 1214.0
0.94921875 0.9469649195671082 1229.0 1504.0 46695.0 1180.0
0.943359375 0.9454829096794128 1272.0 1622.0 46577.0 1137.0
0.951171875 0.9477355480194092 1221.0 1457.0 46742.0 1188.0
0.951171875 0.9481109976768494 1218.0 1435.0 46764.0 1191.0
0.947265625 0.9482492804527283 1213.0 1423.0 46776.0 1196.0
0.94921875 0.9488816261291504 1205.0 1383.0 46816.0 1204.0
0.9609375 0.948427140712738 1197.0 1398.0 46801.0 1212.0
0.943359375 0.9482887983322144 1231.0 1439.0 46760.0 1178.0
0.94921875 0.9484666585922241 1206.0 1405.0 46794.0 1203.0
0.966796875 0.9510946869850159 1170.0 1236.0 46963.0 1239.0
0.95703125 0.9519443511962891 1121.0 1144.0 47055.0 1288.0
0.958984375 0.9499486088752747 1180.0 1304.0 46895.0 1229.0
0.953125 0.9501264691352844 1178.0 1293.0 46906.0 1231.0
0.958984375 0.9499881267547607 1212.0 1334.0 46865.0 1197.0
0.953125 0.946589469909668 1290.0 1584.0 46615.0 1119.0
0.94921875 0.9477157592773438 1262.0 1499.0 46700.0 1147.0
0.943359375 0.9490594267845154 1207.0 1376.0 46823.0 1202.0
0.9609375 0.9478936195373535 1259.0 1487.0 46712.0 1150.0
0.943359375 0.9492174983024597 1217.0 1378.0 46821.0 1192.0
0.95703125 0.9485456943511963 1202.0 1397.0 46802.0 1207.0
0.951171875 0.9488421082496643 1234.0 1414.0 46785.0 1175.0
0.9375 0.9489211440086365 1204.0 1380.0 46819.0 1205.0
0.947265625 0.9454038739204407 1279.0 1633.0 46566.0 1130.0
0.94140625 0.9487630128860474 1248.0 1432.0 46767.0 1161.0
0.94921875 0.9484666585922241 1220.0 1419.0 46780.0 1189.0
0.94140625 0.9497510194778442 1244.0 1378.0 46821.0 1165.0
0.9609375 0.9485654234886169 1273.0 1467.0 46732.0 1136.0
0.958984375 0.947656512260437 1279.0 1519.0 46680.0 1130.0
0.9453125 0.9497708082199097 1210.0 1343.0 46856.0 1199.0
0.94140625 0.9497510194778442 1249.0 1383.0 46816.0 1160.0
0.951171875 0.9478541016578674 1292.0 1522.0 46677.0 1117.0
0.951171875 0.9496127367019653 1248.0 1389.0 46810.0 1161.0
0.95703125 0.9471032023429871 1292.0 1560.0 46639.0 1117.0
0.9609375 0.9492174983024597 1264.0 1425.0 46774.0 1145.0
0.955078125 0.9521814584732056 1184.0 1195.0 47004.0 1225.0
0.94921875 0.9498103260993958 1232.0 1363.0 46836.0 1177.0
0.95703125 0.9464906454086304 1296.0 1595.0 46604.0 1113.0
0.951171875 0.9493558406829834 1248.0 1402.0 46797.0 1161.0
0.953125 0.9493953585624695 1254.0 1406.0 46793.0 1155.0
0.95703125 0.9478145837783813 1267.0 1499.0 46700.0 1142.0
0.966796875 0.9498103260993958 1220.0 1351.0 46848.0 1189.0
0.94140625 0.9480121731758118 1258.0 1480.0 46719.0 1151.0
0.953125 0.9488025903701782 1259.0 1441.0 46758.0 1150.0
0.94921875 0.9503833651542664 1235.0 1337.0 46862.0 1174.0
0.962890625 0.9498498439788818 1221.0 1350.0 46849.0 1188.0
0.962890625 0.9484863877296448 1229.0 1427.0 46772.0 1180.0
0.951171875 0.948604941368103 1259.0 1451.0 46748.0 1150.0
0.94921875 0.9487432837486267 1235.0 1420.0 46779.0 1174.0
0.953125 0.9512725472450256 1227.0 1284.0 46915.0 1182.0
0.95703125 0.9490001797676086 1239.0 1411.0 46788.0 1170.0
0.953125 0.9482887983322144 1267.0 1475.0 46724.0 1142.0
0.9375 0.9470439553260803 1318.0 1589.0 46610.0 1091.0
0.935546875 0.9506204724311829 1252.0 1342.0 46857.0 1157.0
0.94921875 0.9513317942619324 1211.0 1265.0 46934.0 1198.0
0.943359375 0.9499881267547607 1247.0 1369.0 46830.0 1162.0
0.958984375 0.9481109976768494 1262.0 1479.0 46720.0 1147.0
0.953125 0.949375569820404 1269.0 1422.0 46777.0 1140.0
0.943359375 0.9498300552368164 1269.0 1399.0 46800.0 1140.0
0.9453125 0.9487037658691406 1258.0 1445.0 46754.0 1151.0
0.953125 0.9499683976173401 1256.0 1379.0 46820.0 1153.0
0.947265625 0.9487432837486267 1288.0 1473.0 46726.0 1121.0
0.931640625 0.9474984407424927 1290.0 1538.0 46661.0 1119.0
0.953125 0.9500079154968262 1260.0 1381.0 46818.0 1149.0
0.939453125 0.9504624009132385 1287.0 1385.0 46814.0 1122.0
0.955078125 0.9488025903701782 1242.0 1424.0 46775.0 1167.0
0.953125 0.9488223195075989 1276.0 1457.0 46742.0 1133.0
0.951171875 0.9505809545516968 1256.0 1348.0 46851.0 1153.0
0.9453125 0.9496127367019653 1281.0 1422.0 46777.0 1128.0
0.951171875 0.9486247301101685 1254.0 1445.0 46754.0 1155.0
0.939453125 0.9485654234886169 1329.0 1523.0 46676.0 1080.0
0.943359375 0.9510156512260437 1260.0 1330.0 46869.0 1149.0
0.935546875 0.9484666585922241 1288.0 1487.0 46712.0 1121.0
0.943359375 0.9498300552368164 1272.0 1402.0 46797.0 1137.0
0.947265625 0.9507192373275757 1244.0 1329.0 46870.0 1165.0
0.9453125 0.9490594267845154 1270.0 1439.0 46760.0 1139.0
0.94921875 0.9468265771865845 1313.0 1595.0 46604.0 1096.0
0.958984375 0.9509761333465576 1267.0 1339.0 46860.0 1142.0
0.951171875 0.9491384625434875 1293.0 1458.0 46741.0 1116.0
0.95703125 0.9515096545219421 1212.0 1257.0 46942.0 1197.0
0.958984375 0.9506402015686035 1288.0 1377.0 46822.0 1121.0
0.927734375 0.9494546055793762 1300.0 1449.0 46750.0 1109.0
0.951171875 0.9502450227737427 1309.0 1418.0 46781.0 1100.0
0.95703125 0.9501264691352844 1278.0 1393.0 46806.0 1131.0
0.955078125 0.9509366154670715 1260.0 1334.0 46865.0 1149.0
0.955078125 0.9491977691650391 1288.0 1450.0 46749.0 1121.0
0.955078125 0.949632465839386 1275.0 1415.0 46784.0 1134.0
0.951171875 0.9515886902809143 1258.0 1299.0 46900.0 1151.0
0.94921875 0.9507192373275757 1279.0 1364.0 46835.0 1130.0
0.939453125 0.94813072681427 1312.0 1528.0 46671.0 1097.0
0.947265625 0.9487828016281128 1299.0 1482.0 46717.0 1110.0
0.931640625 0.9502647519111633 1271.0 1379.0 46820.0 1138.0
0.939453125 0.9508970975875854 1295.0 1371.0 46828.0 1114.0
0.947265625 0.9503043293952942 1275.0 1381.0 46818.0 1134.0
0.958984375 0.949632465839386 1325.0 1465.0 46734.0 1084.0
0.947265625 0.9498498439788818 1267.0 1396.0 46803.0 1142.0
0.947265625 0.9497510194778442 1296.0 1430.0 46769.0 1113.0
0.9609375 0.9514503479003906 1279.0 1327.0 46872.0 1130.0
0.95703125 0.9510946869850159 1264.0 1330.0 46869.0 1145.0
0.951171875 0.9497905373573303 1327.0 1459.0 46740.0 1082.0
0.95703125 0.9490594267845154 1334.0 1503.0 46696.0 1075.0
0.94921875 0.9514898657798767 1301.0 1347.0 46852.0 1108.0
0.9609375 0.9500474333763123 1280.0 1399.0 46800.0 1129.0
0.9453125 0.9508970975875854 1271.0 1347.0 46852.0 1138.0
0.947265625 0.9526162147521973 1250.0 1239.0 46960.0 1159.0
0.94140625 0.9509761333465576 1316.0 1388.0 46811.0 1093.0
0.951171875 0.950699508190155 1270.0 1356.0 46843.0 1139.0
0.947265625 0.9517862796783447 1293.0 1324.0 46875.0 1116.0
0.951171875 0.9520629048347473 1272.0 1289.0 46910.0 1137.0
0.935546875 0.9518060088157654 1278.0 1308.0 46891.0 1131.0
0.958984375 0.9503240585327148 1315.0 1420.0 46779.0 1094.0
0.955078125 0.9499090909957886 1285.0 1411.0 46788.0 1124.0
0.94921875 0.9522802829742432 1248.0 1254.0 46945.0 1161.0
0.95703125 0.9510946869850159 1272.0 1338.0 46861.0 1137.0
0.9609375 0.9519641399383545 1275.0 1297.0 46902.0 1134.0
0.9609375 0.9494348764419556 1318.0 1468.0 46731.0 1091.0
0.955078125 0.9512132406234741 1282.0 1342.0 46857.0 1127.0
0.9453125 0.950403094291687 1304.0 1405.0 46794.0 1105.0
0.93359375 0.9511935114860535 1244.0 1305.0 46894.0 1165.0
0.94140625 0.9508575797080994 1272.0 1350.0 46849.0 1137.0
0.96484375 0.9523395299911499 1277.0 1280.0 46919.0 1132.0
0.962890625 0.9507390260696411 1319.0 1403.0 46796.0 1090.0
0.935546875 0.9508575797080994 1267.0 1345.0 46854.0 1142.0
0.951171875 0.9490989446640015 1272.0 1439.0 46760.0 1137.0
0.96484375 0.9498695731163025 1286.0 1414.0 46785.0 1123.0
0.951171875 0.9489408731460571 1329.0 1504.0 46695.0 1080.0
0.953125 0.9492372870445251 1302.0 1462.0 46737.0 1107.0
0.958984375 0.9488223195075989 1325.0 1506.0 46693.0 1084.0
0.947265625 0.9500276446342468 1281.0 1401.0 46798.0 1128.0
0.943359375 0.9514108300209045 1270.0 1320.0 46879.0 1139.0
0.966796875 0.9524383544921875 1269.0 1267.0 46932.0 1140.0
0.9375 0.9513120651245117 1288.0 1343.0 46856.0 1121.0
0.95703125 0.9513713121414185 1293.0 1345.0 46854.0 1116.0
0.94921875 0.9509563446044922 1306.0 1379.0 46820.0 1103.0
0.951171875 0.9527544975280762 1230.0 1212.0 46987.0 1179.0
0.94921875 0.9499881267547607 1287.0 1409.0 46790.0 1122.0
0.94921875 0.9495336413383484 1313.0 1458.0 46741.0 1096.0
0.958984375 0.951647937297821 1243.0 1281.0 46918.0 1166.0
0.947265625 0.9515689015388489 1252.0 1294.0 46905.0 1157.0
0.953125 0.9517664909362793 1303.0 1335.0 46864.0 1106.0
0.955078125 0.9520036578178406 1297.0 1317.0 46882.0 1112.0
0.955078125 0.9506006836891174 1308.0 1399.0 46800.0 1101.0
0.94921875 0.9521617293357849 1266.0 1278.0 46921.0 1143.0
0.947265625 0.9498695731163025 1318.0 1446.0 46753.0 1091.0
0.9609375 0.9532287120819092 1261.0 1219.0 46980.0 1148.0
0.94921875 0.9499090909957886 1249.0 1375.0 46824.0 1160.0
0.958984375 0.9517862796783447 1301.0 1332.0 46867.0 1108.0
0.955078125 0.9533473253250122 1250.0 1202.0 46997.0 1159.0
0.9375 0.9487037658691406 1320.0 1507.0 46692.0 1089.0
0.958984375 0.9479528665542603 1331.0 1556.0 46643.0 1078.0
0.94140625 0.9512725472450256 1276.0 1333.0 46866.0 1133.0
0.947265625 0.9512922763824463 1286.0 1342.0 46857.0 1123.0
0.951171875 0.9511935114860535 1300.0 1361.0 46838.0 1109.0
0.966796875 0.951647937297821 1279.0 1317.0 46882.0 1130.0
0.96875 0.950659990310669 1304.0 1392.0 46807.0 1105.0
0.95703125 0.9538215398788452 1254.0 1182.0 47017.0 1155.0
0.9609375 0.9506204724311829 1266.0 1356.0 46843.0 1143.0
0.9375 0.9518851041793823 1275.0 1301.0 46898.0 1134.0
0.955078125 0.9523395299911499 1258.0 1261.0 46938.0 1151.0
0.953125 0.9512330293655396 1260.0 1319.0 46880.0 1149.0
0.95703125 0.9498893618583679 1313.0 1440.0 46759.0 1096.0
0.962890625 0.9561334252357483 1227.0 1038.0 47161.0 1182.0
0.95703125 0.9524976015090942 1301.0 1296.0 46903.0 1108.0
0.951171875 0.9489803910255432 1348.0 1521.0 46678.0 1061.0
0.955078125 0.9525569081306458 1275.0 1267.0 46932.0 1134.0
0.943359375 0.9527940154075623 1268.0 1248.0 46951.0 1141.0
0.962890625 0.9508970975875854 1297.0 1373.0 46826.0 1112.0
0.943359375 0.9533670544624329 1279.0 1230.0 46969.0 1130.0
0.9453125 0.9516677260398865 1297.0 1334.0 46865.0 1112.0
0.953125 0.9512725472450256 1354.0 1411.0 46788.0 1055.0
0.966796875 0.9495336413383484 1304.0 1449.0 46750.0 1105.0
0.953125 0.9509958624839783 1315.0 1386.0 46813.0 1094.0
0.962890625 0.9508180618286133 1332.0 1412.0 46787.0 1077.0
0.95703125 0.950699508190155 1324.0 1410.0 46789.0 1085.0
0.9609375 0.9519443511962891 1293.0 1316.0 46883.0 1116.0
0.9453125 0.9514898657798767 1307.0 1353.0 46846.0 1102.0
0.953125 0.9510156512260437 1296.0 1366.0 46833.0 1113.0
0.962890625 0.9487630128860474 1314.0 1498.0 46701.0 1095.0
0.9765625 0.9527149796485901 1298.0 1282.0 46917.0 1111.0
0.953125 0.9503833651542664 1305.0 1407.0 46792.0 1104.0
0.96484375 0.9527149796485901 1279.0 1263.0 46936.0 1130.0
0.96875 0.950106680393219 1315.0 1431.0 46768.0 1094.0
0.939453125 0.9503833651542664 1311.0 1413.0 46786.0 1098.0
0.955078125 0.9512922763824463 1305.0 1361.0 46838.0 1104.0
0.962890625 0.9533077478408813 1281.0 1235.0 46964.0 1128.0
0.947265625 0.9498300552368164 1339.0 1469.0 46730.0 1070.0
0.94921875 0.9519838690757751 1285.0 1306.0 46893.0 1124.0
0.953125 0.9504624009132385 1271.0 1369.0 46830.0 1138.0
0.951171875 0.9512527585029602 1282.0 1340.0 46859.0 1127.0
0.958984375 0.9503240585327148 1325.0 1430.0 46769.0 1084.0
0.95703125 0.951904833316803 1295.0 1320.0 46879.0 1114.0
0.966796875 0.9518851041793823 1306.0 1332.0 46867.0 1103.0
0.955078125 0.9528533220291138 1273.0 1250.0 46949.0 1136.0
0.951171875 0.9526162147521973 1281.0 1270.0 46929.0 1128.0
0.95703125 0.953880786895752 1293.0 1218.0 46981.0 1116.0
0.955078125 0.952675461769104 1297.0 1283.0 46916.0 1112.0
0.958984375 0.9529520869255066 1230.0 1202.0 46997.0 1179.0
0.953125 0.9519443511962891 1313.0 1336.0 46863.0 1096.0
0.955078125 0.9529125690460205 1292.0 1266.0 46933.0 1117.0
0.955078125 0.9501659870147705 1295.0 1408.0 46791.0 1114.0
0.95703125 0.95087730884552 1284.0 1361.0 46838.0 1125.0
0.9453125 0.9515293836593628 1338.0 1382.0 46817.0 1071.0
0.9375 0.9533473253250122 1275.0 1227.0 46972.0 1134.0
0.951171875 0.9497312903404236 1347.0 1482.0 46717.0 1062.0
0.955078125 0.9523000121116638 1287.0 1292.0 46907.0 1122.0
0.953125 0.953446090221405 1294.0 1241.0 46958.0 1115.0
0.9609375 0.9505019187927246 1321.0 1417.0 46782.0 1088.0
0.9609375 0.9514108300209045 1311.0 1361.0 46838.0 1098.0
0.939453125 0.9521814584732056 1300.0 1311.0 46888.0 1109.0
0.96484375 0.9511539936065674 1334.0 1397.0 46802.0 1075.0
0.955078125 0.9512527585029602 1329.0 1387.0 46812.0 1080.0
0.95703125 0.951608419418335 1322.0 1362.0 46837.0 1087.0
0.958984375 0.9520431756973267 1299.0 1317.0 46882.0 1110.0
0.955078125 0.9519641399383545 1347.0 1369.0 46830.0 1062.0
0.958984375 0.9534856081008911 1274.0 1219.0 46980.0 1135.0
0.96484375 0.9549083113670349 1260.0 1133.0 47066.0 1149.0
0.935546875 0.9510353803634644 1265.0 1334.0 46865.0 1144.0
0.94921875 0.9509366154670715 1299.0 1373.0 46826.0 1110.0
0.958984375 0.951904833316803 1278.0 1303.0 46896.0 1131.0
0.955078125 0.9521024227142334 1296.0 1311.0 46888.0 1113.0
0.953125 0.9520629048347473 1313.0 1330.0 46869.0 1096.0
0.962890625 0.9517664909362793 1315.0 1347.0 46852.0 1094.0
0.94921875 0.9522802829742432 1291.0 1297.0 46902.0 1118.0
0.955078125 0.9529916048049927 1312.0 1282.0 46917.0 1097.0
0.955078125 0.9512527585029602 1322.0 1380.0 46819.0 1087.0
0.958984375 0.9507587552070618 1290.0 1373.0 46826.0 1119.0
0.9453125 0.9497510194778442 1332.0 1466.0 46733.0 1077.0
0.962890625 0.9529520869255066 1288.0 1260.0 46939.0 1121.0
0.958984375 0.9522802829742432 1275.0 1281.0 46918.0 1134.0
0.9609375 0.9517664909362793 1294.0 1326.0 46873.0 1115.0
0.9609375 0.9508970975875854 1290.0 1366.0 46833.0 1119.0
0.958984375 0.9499683976173401 1338.0 1461.0 46738.0 1071.0
0.953125 0.952379047870636 1284.0 1285.0 46914.0 1125.0
0.95703125 0.9520826935768127 1299.0 1315.0 46884.0 1110.0
0.9453125 0.9512330293655396 1318.0 1377.0 46822.0 1091.0
0.9609375 0.9503833651542664 1321.0 1423.0 46776.0 1088.0
0.9609375 0.9511144757270813 1317.0 1382.0 46817.0 1092.0
0.966796875 0.9531299471855164 1302.0 1265.0 46934.0 1107.0
0.96484375 0.9520431756973267 1309.0 1327.0 46872.0 1100.0
0.951171875 0.9523000121116638 1268.0 1273.0 46926.0 1141.0
0.953125 0.9516677260398865 1291.0 1328.0 46871.0 1118.0
0.95703125 0.9503833651542664 1335.0 1437.0 46762.0 1074.0
0.962890625 0.95087730884552 1347.0 1424.0 46775.0 1062.0
0.955078125 0.9545921683311462 1253.0 1142.0 47057.0 1156.0
0.943359375 0.9509958624839783 1309.0 1380.0 46819.0 1100.0
0.95703125 0.9525569081306458 1300.0 1292.0 46907.0 1109.0
0.951171875 0.953149676322937 1319.0 1281.0 46918.0 1090.0
0.958984375 0.9502845406532288 1338.0 1445.0 46754.0 1071.0
0.95703125 0.9507587552070618 1324.0 1407.0 46792.0 1085.0
0.95703125 0.9505019187927246 1321.0 1417.0 46782.0 1088.0
0.95703125 0.9509761333465576 1325.0 1397.0 46802.0 1084.0
0.9765625 0.9539598226547241 1260.0 1181.0 47018.0 1149.0
0.9609375 0.9513515830039978 1319.0 1372.0 46827.0 1090.0
0.951171875 0.9523000121116638 1308.0 1313.0 46886.0 1101.0
0.958984375 0.9538215398788452 1309.0 1237.0 46962.0 1100.0
0.94921875 0.9530509114265442 1285.0 1252.0 46947.0 1124.0
0.95703125 0.9534263610839844 1305.0 1253.0 46946.0 1104.0
0.95703125 0.9525766968727112 1283.0 1274.0 46925.0 1126.0
0.955078125 0.9520629048347473 1279.0 1296.0 46903.0 1130.0
0.94921875 0.9513120651245117 1303.0 1358.0 46841.0 1106.0
0.939453125 0.95087730884552 1323.0 1400.0 46799.0 1086.0
0.953125 0.9509563446044922 1322.0 1395.0 46804.0 1087.0
0.951171875 0.9513911008834839 1308.0 1359.0 46840.0 1101.0
0.966796875 0.9530706405639648 1298.0 1264.0 46935.0 1111.0
0.953125 0.9523000121116638 1328.0 1333.0 46866.0 1081.0
0.94921875 0.95143061876297 1342.0 1391.0 46808.0 1067.0
0.970703125 0.9543747901916504 1271.0 1171.0 47028.0 1138.0
0.947265625 0.9510946869850159 1318.0 1384.0 46815.0 1091.0
0.962890625 0.9531694650650024 1274.0 1235.0 46964.0 1135.0
0.96484375 0.9515689015388489 1306.0 1348.0 46851.0 1103.0
0.96484375 0.950699508190155 1292.0 1378.0 46821.0 1117.0
0.9609375 0.9513911008834839 1309.0 1360.0 46839.0 1100.0
0.958984375 0.9522802829742432 1274.0 1280.0 46919.0 1135.0
0.95703125 0.9538017511367798 1293.0 1222.0 46977.0 1116.0
0.9453125 0.9543352723121643 1270.0 1172.0 47027.0 1139.0
0.966796875 0.9540388584136963 1296.0 1213.0 46986.0 1113.0
0.94140625 0.953446090221405 1294.0 1241.0 46958.0 1115.0
0.953125 0.9527347683906555 1281.0 1264.0 46935.0 1128.0
0.951171875 0.9533670544624329 1290.0 1241.0 46958.0 1119.0
0.9609375 0.9525371193885803 1317.0 1310.0 46889.0 1092.0
0.958984375 0.9516677260398865 1314.0 1351.0 46848.0 1095.0
0.955078125 0.9536831974983215 1290.0 1225.0 46974.0 1119.0
0.958984375 0.9531299471855164 1281.0 1244.0 46955.0 1128.0
0.9609375 0.952675461769104 1275.0 1261.0 46938.0 1134.0
0.958984375 0.9523593187332153 1307.0 1309.0 46890.0 1102.0
0.9609375 0.9520233869552612 1334.0 1353.0 46846.0 1075.0
0.955078125 0.9524185657501221 1308.0 1307.0 46892.0 1101.0
0.96875 0.9535053968429565 1301.0 1245.0 46954.0 1108.0
0.9453125 0.9510156512260437 1325.0 1395.0 46804.0 1084.0
0.96875 0.9492965340614319 1342.0 1499.0 46700.0 1067.0
0.96484375 0.9531101584434509 1324.0 1288.0 46911.0 1085.0
0.947265625 0.953880786895752 1291.0 1216.0 46983.0 1118.0
0.9453125 0.952675461769104 1331.0 1317.0 46882.0 1078.0
0.9609375 0.9526359438896179 1286.0 1274.0 46925.0 1123.0
0.953125 0.9539796113967896 1295.0 1215.0 46984.0 1114.0
0.95703125 0.9529520869255066 1328.0 1300.0 46899.0 1081.0
0.943359375 0.9523000121116638 1305.0 1310.0 46889.0 1104.0
0.9609375 0.9531299471855164 1308.0 1271.0 46928.0 1101.0
0.9453125 0.9519838690757751 1315.0 1336.0 46863.0 1094.0
0.96875 0.9528335332870483 1278.0 1256.0 46943.0 1131.0
0.966796875 0.9524580836296082 1290.0 1287.0 46912.0 1119.0
0.958984375 0.9515886902809143 1313.0 1354.0 46845.0 1096.0
0.939453125 0.9531694650650024 1286.0 1247.0 46952.0 1123.0
0.955078125 0.9524383544921875 1329.0 1327.0 46872.0 1080.0
0.953125 0.9512330293655396 1300.0 1359.0 46840.0 1109.0
0.955078125 0.9510156512260437 1359.0 1429.0 46770.0 1050.0
0.9375 0.9531891942024231 1306.0 1266.0 46933.0 1103.0
0.966796875 0.9511935114860535 1337.0 1398.0 46801.0 1072.0
0.970703125 0.9527149796485901 1319.0 1303.0 46896.0 1090.0
0.951171875 0.9553232789039612 1281.0 1133.0 47066.0 1128.0
0.951171875 0.95143061876297 1344.0 1393.0 46806.0 1065.0
0.9609375 0.9523198008537292 1315.0 1319.0 46880.0 1094.0
0.96484375 0.9507587552070618 1341.0 1424.0 46775.0 1068.0
0.94921875 0.9518851041793823 1324.0 1350.0 46849.0 1085.0
0.943359375 0.9527940154075623 1287.0 1267.0 46932.0 1122.0
0.94140625 0.9524185657501221 1323.0 1322.0 46877.0 1086.0
0.966796875 0.9520036578178406 1309.0 1329.0 46870.0 1100.0
0.951171875 0.9545131325721741 1267.0 1160.0 47039.0 1142.0
0.955078125 0.952379047870636 1306.0 1307.0 46892.0 1103.0
0.953125 0.9546909332275391 1293.0 1177.0 47022.0 1116.0
0.970703125 0.9534856081008911 1312.0 1257.0 46942.0 1097.0
0.9609375 0.9535053968429565 1307.0 1251.0 46948.0 1102.0
0.96875 0.9543747901916504 1283.0 1183.0 47016.0 1126.0
0.958984375 0.9514503479003906 1313.0 1361.0 46838.0 1096.0
0.935546875 0.9530311226844788 1319.0 1287.0 46912.0 1090.0
0.96484375 0.9525173902511597 1323.0 1317.0 46882.0 1086.0
0.95703125 0.9531101584434509 1265.0 1229.0 46970.0 1144.0
0.947265625 0.9530311226844788 1280.0 1248.0 46951.0 1129.0
0.94921875 0.9523593187332153 1297.0 1299.0 46900.0 1112.0
0.94921875 0.9517862796783447 1333.0 1364.0 46835.0 1076.0
0.97265625 0.9531891942024231 1256.0 1216.0 46983.0 1153.0
0.951171875 0.9535844326019287 1286.0 1226.0 46973.0 1123.0
0.96484375 0.955244243144989 1269.0 1125.0 47074.0 1140.0
0.962890625 0.9529916048049927 1318.0 1288.0 46911.0 1091.0
0.94921875 0.9530113935470581 1347.0 1316.0 46883.0 1062.0
0.95703125 0.9526952505111694 1308.0 1293.0 46906.0 1101.0
0.951171875 0.953742504119873 1274.0 1206.0 46993.0 1135.0
0.9609375 0.9533868432044983 1266.0 1216.0 46983.0 1143.0
0.958984375 0.9538610577583313 1281.0 1207.0 46992.0 1128.0
0.96875 0.953880786895752 1294.0 1219.0 46980.0 1115.0
0.962890625 0.9516282081604004 1304.0 1343.0 46856.0 1105.0
0.95703125 0.9548292756080627 1282.0 1159.0 47040.0 1127.0
0.958984375 0.9527742862701416 1277.0 1258.0 46941.0 1132.0
0.947265625 0.9509958624839783 1328.0 1399.0 46800.0 1081.0
0.958984375 0.9536239504814148 1295.0 1233.0 46966.0 1114.0
0.947265625 0.9526557326316833 1327.0 1314.0 46885.0 1082.0
0.958984375 0.9536831974983215 1316.0 1251.0 46948.0 1093.0
0.95703125 0.9500474333763123 1358.0 1477.0 46722.0 1051.0
0.955078125 0.9525371193885803 1300.0 1293.0 46906.0 1109.0
0.95703125 0.9540586471557617 1305.0 1221.0 46978.0 1104.0
0.947265625 0.9514898657798767 1315.0 1361.0 46838.0 1094.0
0.94921875 0.9523988366127014 1302.0 1302.0 46897.0 1107.0
0.95703125 0.9508377909660339 1337.0 1416.0 46783.0 1072.0
0.96875 0.9543155431747437 1247.0 1150.0 47049.0 1162.0
0.94921875 0.9531101584434509 1301.0 1265.0 46934.0 1108.0
0.96484375 0.9528335332870483 1288.0 1266.0 46933.0 1121.0
0.943359375 0.9527940154075623 1311.0 1291.0 46908.0 1098.0
0.94140625 0.9537227153778076 1285.0 1218.0 46981.0 1124.0
0.953125 0.9531101584434509 1298.0 1262.0 46937.0 1111.0
0.9609375 0.9525766968727112 1323.0 1314.0 46885.0 1086.0
0.97265625 0.9518455862998962 1328.0 1356.0 46843.0 1081.0
0.9453125 0.9557974934577942 1249.0 1077.0 47122.0 1160.0
0.951171875 0.9531299471855164 1310.0 1273.0 46926.0 1099.0
0.97265625 0.9538610577583313 1308.0 1234.0 46965.0 1101.0
0.9375 0.9515293836593628 1355.0 1399.0 46800.0 1054.0
0.94140625 0.9543352723121643 1289.0 1191.0 47008.0 1120.0
0.947265625 0.9524976015090942 1297.0 1292.0 46907.0 1112.0
0.958984375 0.9515491724014282 1336.0 1379.0 46820.0 1073.0
0.96875 0.9548687934875488 1265.0 1140.0 47059.0 1144.0
0.953125 0.9540784358978271 1313.0 1228.0 46971.0 1096.0
0.958984375 0.9542562365531921 1270.0 1176.0 47023.0 1139.0
0.94921875 0.9525173902511597 1310.0 1304.0 46895.0 1099.0
0.955078125 0.9528533220291138 1321.0 1298.0 46901.0 1088.0
0.9453125 0.951608419418335 1340.0 1380.0 46819.0 1069.0
0.97265625 0.9494348764419556 1356.0 1506.0 46693.0 1053.0
0.958984375 0.9532880187034607 1296.0 1251.0 46948.0 1113.0
0.939453125 0.9545328617095947 1301.0 1193.0 47006.0 1108.0
0.94140625 0.9530509114265442 1316.0 1283.0 46916.0 1093.0
0.935546875 0.9540191292762756 1327.0 1245.0 46954.0 1082.0
0.935546875 0.95087730884552 1335.0 1412.0 46787.0 1074.0
0.951171875 0.9531101584434509 1338.0 1302.0 46897.0 1071.0
0.947265625 0.9538215398788452 1306.0 1234.0 46965.0 1103.0
0.96484375 0.9530904293060303 1302.0 1267.0 46932.0 1107.0
0.95703125 0.9527940154075623 1275.0 1255.0 46944.0 1134.0
0.953125 0.9534856081008911 1347.0 1292.0 46907.0 1062.0
0.95703125 0.9538610577583313 1290.0 1216.0 46983.0 1119.0
0.962890625 0.952379047870636 1330.0 1331.0 46868.0 1079.0
0.9453125 0.952201247215271 1312.0 1322.0 46877.0 1097.0
0.966796875 0.9545328617095947 1292.0 1184.0 47015.0 1117.0
0.96484375 0.9523988366127014 1317.0 1317.0 46882.0 1092.0
0.947265625 0.9536239504814148 1293.0 1231.0 46968.0 1116.0
0.951171875 0.953920304775238 1295.0 1218.0 46981.0 1114.0
0.966796875 0.9527940154075623 1310.0 1290.0 46909.0 1099.0
0.9453125 0.9515293836593628 1332.0 1376.0 46823.0 1077.0
0.958984375 0.9534658789634705 1282.0 1228.0 46971.0 1127.0
0.9609375 0.9510353803634644 1340.0 1409.0 46790.0 1069.0
0.943359375 0.953920304775238 1322.0 1245.0 46954.0 1087.0
0.955078125 0.9522604942321777 1315.0 1322.0 46877.0 1094.0
0.966796875 0.9525371193885803 1313.0 1306.0 46893.0 1096.0
0.958984375 0.9539993405342102 1281.0 1200.0 46999.0 1128.0
0.947265625 0.9546118974685669 1280.0 1168.0 47031.0 1129.0
0.94921875 0.9537227153778076 1314.0 1247.0 46952.0 1095.0
0.9609375 0.9519641399383545 1311.0 1333.0 46866.0 1098.0
0.966796875 0.9545921683311462 1306.0 1195.0 47004.0 1103.0
0.958984375 0.952201247215271 1357.0 1367.0 46832.0 1052.0
0.955078125 0.9521024227142334 1336.0 1351.0 46848.0 1073.0
0.958984375 0.9528533220291138 1292.0 1269.0 46930.0 1117.0
0.96484375 0.9547107219696045 1298.0 1181.0 47018.0 1111.0
0.947265625 0.9530113935470581 1279.0 1248.0 46951.0 1130.0
0.951171875 0.9520826935768127 1333.0 1349.0 46850.0 1076.0
0.96875 0.9542365074157715 1287.0 1194.0 47005.0 1122.0
0.9453125 0.9488421082496643 1388.0 1568.0 46631.0 1021.0
0.966796875 0.9519443511962891 1340.0 1363.0 46836.0 1069.0
0.943359375 0.9512330293655396 1339.0 1398.0 46801.0 1070.0
0.95703125 0.9523988366127014 1332.0 1332.0 46867.0 1077.0
0.95703125 0.9521617293357849 1310.0 1322.0 46877.0 1099.0
0.96484375 0.9524185657501221 1322.0 1321.0 46878.0 1087.0
0.951171875 0.9537820219993591 1319.0 1249.0 46950.0 1090.0
0.96484375 0.9547304511070251 1304.0 1186.0 47013.0 1105.0
0.970703125 0.9524580836296082 1295.0 1292.0 46907.0 1114.0
0.9609375 0.9551454186439514 1311.0 1172.0 47027.0 1098.0
0.96875 0.9532682299613953 1309.0 1265.0 46934.0 1100.0
0.96875 0.9521814584732056 1343.0 1354.0 46845.0 1066.0
0.9375 0.9525569081306458 1333.0 1325.0 46874.0 1076.0
0.94921875 0.9548687934875488 1299.0 1174.0 47025.0 1110.0
0.970703125 0.953406572341919 1326.0 1275.0 46924.0 1083.0
0.955078125 0.9542957544326782 1308.0 1212.0 46987.0 1101.0
0.94140625 0.9521419405937195 1321.0 1334.0 46865.0 1088.0
0.9453125 0.9535053968429565 1296.0 1240.0 46959.0 1113.0
0.935546875 0.9514503479003906 1316.0 1364.0 46835.0 1093.0
0.958984375 0.9524976015090942 1356.0 1351.0 46848.0 1053.0
0.966796875 0.9540388584136963 1328.0 1245.0 46954.0 1081.0
0.9375 0.9535053968429565 1295.0 1239.0 46960.0 1114.0
0.955078125 0.9522209763526917 1306.0 1315.0 46884.0 1103.0
0.966796875 0.9537820219993591 1323.0 1253.0 46946.0 1086.0
0.9609375 0.9532089829444885 1315.0 1274.0 46925.0 1094.0
0.962890625 0.9539400935173035 1322.0 1244.0 46955.0 1087.0
0.939453125 0.9535844326019287 1314.0 1254.0 46945.0 1095.0
0.9375 0.9539005756378174 1330.0 1254.0 46945.0 1079.0
0.9609375 0.9533868432044983 1335.0 1285.0 46914.0 1074.0
0.958984375 0.9530113935470581 1311.0 1280.0 46919.0 1098.0
0.94921875 0.9525766968727112 1365.0 1356.0 46843.0 1044.0
0.958984375 0.9527544975280762 1323.0 1305.0 46894.0 1086.0
0.95703125 0.9507587552070618 1365.0 1448.0 46751.0 1044.0
0.94921875 0.9526162147521973 1337.0 1326.0 46873.0 1072.0
0.9609375 0.9528730511665344 1357.0 1333.0 46866.0 1052.0
0.95703125 0.9548687934875488 1313.0 1188.0 47011.0 1096.0
0.94140625 0.954473614692688 1316.0 1211.0 46988.0 1093.0
0.970703125 0.9535844326019287 1311.0 1251.0 46948.0 1098.0
0.95703125 0.95417720079422 1332.0 1242.0 46957.0 1077.0
0.95703125 0.9531694650650024 1337.0 1298.0 46901.0 1072.0
0.96484375 0.9557382464408875 1289.0 1120.0 47079.0 1120.0
0.970703125 0.9528335332870483 1324.0 1302.0 46897.0 1085.0
0.96484375 0.9519246220588684 1319.0 1343.0 46856.0 1090.0
0.96484375 0.9535053968429565 1330.0 1274.0 46925.0 1079.0
0.966796875 0.9517467617988586 1365.0 1398.0 46801.0 1044.0
0.9453125 0.952971875667572 1336.0 1307.0 46892.0 1073.0
0.95703125 0.953702986240387 1333.0 1267.0 46932.0 1076.0
0.955078125 0.9540586471557617 1313.0 1229.0 46970.0 1096.0
0.962890625 0.9527544975280762 1311.0 1293.0 46906.0 1098.0
0.96875 0.9541376829147339 1301.0 1213.0 46986.0 1108.0
0.955078125 0.9536041617393494 1300.0 1239.0 46960.0 1109.0
0.95703125 0.9547897577285767 1310.0 1189.0 47010.0 1099.0
0.962890625 0.9548687934875488 1296.0 1171.0 47028.0 1113.0
0.955078125 0.9546118974685669 1285.0 1173.0 47026.0 1124.0
0.9375 0.9546316862106323 1280.0 1167.0 47032.0 1129.0
0.947265625 0.953149676322937 1334.0 1296.0 46903.0 1075.0
0.94921875 0.9541179537773132 1303.0 1216.0 46983.0 1106.0
0.953125 0.9539993405342102 1315.0 1234.0 46965.0 1094.0
0.953125 0.9554023146629333 1307.0 1155.0 47044.0 1102.0
0.943359375 0.9525964260101318 1355.0 1345.0 46854.0 1054.0
0.96484375 0.9537820219993591 1306.0 1236.0 46963.0 1103.0
0.958984375 0.9538215398788452 1318.0 1246.0 46953.0 1091.0
0.951171875 0.9528138041496277 1308.0 1287.0 46912.0 1101.0
0.95703125 0.9528730511665344 1354.0 1330.0 46869.0 1055.0
0.958984375 0.9536041617393494 1322.0 1261.0 46938.0 1087.0
0.947265625 0.9525766968727112 1356.0 1347.0 46852.0 1053.0
0.96484375 0.9527347683906555 1360.0 1343.0 46856.0 1049.0
0.951171875 0.9544143080711365 1331.0 1229.0 46970.0 1078.0
0.943359375 0.9516874551773071 1367.0 1403.0 46796.0 1042.0
0.962890625 0.9511539936065674 1340.0 1403.0 46796.0 1069.0
0.958984375 0.9555208683013916 1294.0 1136.0 47063.0 1115.0
0.970703125 0.9522802829742432 1327.0 1333.0 46866.0 1082.0
0.9609375 0.9536436796188354 1325.0 1262.0 46937.0 1084.0
0.95703125 0.9558370113372803 1288.0 1114.0 47085.0 1121.0
0.955078125 0.9539993405342102 1326.0 1245.0 46954.0 1083.0
0.9375 0.9550268650054932 1323.0 1190.0 47009.0 1086.0
0.95703125 0.9532089829444885 1322.0 1281.0 46918.0 1087.0
0.96875 0.9558172821998596 1327.0 1154.0 47045.0 1082.0
0.943359375 0.9535844326019287 1336.0 1276.0 46923.0 1073.0
0.953125 0.9545131325721741 1355.0 1248.0 46951.0 1054.0
0.9609375 0.955244243144989 1305.0 1161.0 47038.0 1104.0
0.962890625 0.9516874551773071 1350.0 1386.0 46813.0 1059.0
0.947265625 0.9523593187332153 1344.0 1346.0 46853.0 1065.0
0.962890625 0.9535844326019287 1294.0 1234.0 46965.0 1115.0
0.955078125 0.9554418325424194 1302.0 1148.0 47051.0 1107.0
0.958984375 0.9547107219696045 1348.0 1231.0 46968.0 1061.0
0.947265625 0.9550663828849792 1308.0 1173.0 47026.0 1101.0
0.951171875 0.9540586471557617 1330.0 1246.0 46953.0 1079.0
0.951171875 0.9529916048049927 1346.0 1316.0 46883.0 1063.0
0.951171875 0.9542365074157715 1330.0 1237.0 46962.0 1079.0
0.9453125 0.9527347683906555 1343.0 1326.0 46873.0 1066.0
0.943359375 0.9543155431747437 1320.0 1223.0 46976.0 1089.0
0.95703125 0.9520233869552612 1330.0 1349.0 46850.0 1079.0
0.953125 0.9532682299613953 1325.0 1281.0 46918.0 1084.0
0.955078125 0.9553232789039612 1308.0 1160.0 47039.0 1101.0
0.955078125 0.9521222114562988 1343.0 1357.0 46842.0 1066.0
0.94921875 0.9529323577880859 1335.0 1308.0 46891.0 1074.0
0.958984375 0.9513911008834839 1354.0 1405.0 46794.0 1055.0
0.951171875 0.9555010795593262 1294.0 1137.0 47062.0 1115.0
0.955078125 0.9533868432044983 1357.0 1307.0 46892.0 1052.0
0.947265625 0.9518851041793823 1353.0 1379.0 46820.0 1056.0
0.943359375 0.9536436796188354 1322.0 1259.0 46940.0 1087.0
0.96484375 0.9557777643203735 1290.0 1119.0 47080.0 1119.0
0.96484375 0.9565483927726746 1324.0 1114.0 47085.0 1085.0
0.953125 0.9526952505111694 1325.0 1310.0 46889.0 1084.0
0.951171875 0.9539796113967896 1322.0 1242.0 46957.0 1087.0
0.939453125 0.9526359438896179 1357.0 1345.0 46854.0 1052.0
0.955078125 0.9535646438598633 1310.0 1251.0 46948.0 1099.0
0.953125 0.9547304511070251 1305.0 1187.0 47012.0 1104.0
0.962890625 0.9541574716567993 1322.0 1233.0 46966.0 1087.0
0.95703125 0.9539993405342102 1337.0 1256.0 46943.0 1072.0
0.9609375 0.9532682299613953 1321.0 1277.0 46922.0 1088.0
0.966796875 0.954216718673706 1308.0 1216.0 46983.0 1101.0
0.94140625 0.9540981650352478 1320.0 1234.0 46965.0 1089.0
0.9765625 0.953742504119873 1307.0 1239.0 46960.0 1102.0
0.939453125 0.9534263610839844 1301.0 1249.0 46950.0 1108.0
0.958984375 0.9538610577583313 1309.0 1235.0 46964.0 1100.0
0.955078125 0.9560543894767761 1315.0 1130.0 47069.0 1094.0
0.955078125 0.9540586471557617 1275.0 1191.0 47008.0 1134.0
0.962890625 0.9532089829444885 1310.0 1269.0 46930.0 1099.0
0.955078125 0.9535844326019287 1313.0 1253.0 46946.0 1096.0
0.96875 0.9546316862106323 1301.0 1188.0 47011.0 1108.0
0.95703125 0.9534263610839844 1344.0 1292.0 46907.0 1065.0
0.96484375 0.952971875667572 1333.0 1304.0 46895.0 1076.0
0.974609375 0.9543352723121643 1314.0 1216.0 46983.0 1095.0
0.95703125 0.9556196928024292 1281.0 1118.0 47081.0 1128.0
0.955078125 0.9535251259803772 1314.0 1257.0 46942.0 1095.0
